dom 8064 224 66 0 179
dom 8288 224 9 0 179
dom 8480 224 5 0 179
dom 8064 288 62 0 179
dom 8288 352 8 0 179
dom 8512 352 4 0 179
dom 8288 448 7 0 179
dom 8064 480 11 0 179
dom 8544 480 3 0 179
dom 8544 608 2 0 179
dom 8288 640 6 0 179
dom 8064 672 10 0 179
dom 8544 768 1 0 179
dom 8544 960 0 0 179
dom 9184 1824 0 0 179
dom 11392 3136 20 0 179
dom 10944 3232 58 0 179
dom 10432 3264 30 0 179
dom 11168 3264 26 0 179
dom 11392 3264 21 0 179
dom 8320 3296 69 0 179
dom 10688 3296 50 0 179
dom 11648 3328 14 0 179
dom 8672 3360 64 0 179
dom 9152 3360 46 0 179
dom 8128 3392 74 0 179
dom 9888 3392 12 0 179
dom 10240 3392 82 0 179
dom 8320 3424 70 0 179
dom 8896 3424 51 0 179
dom 9408 3424 39 0 179
dom 10048 3424 45 0 179
dom 10432 3424 31 0 179
dom 11136 3424 52 0 179
dom 11392 3424 22 0 179
dom 9632 3456 33 0 179
dom 10688 3456 27 0 179
dom 10944 3456 59 0 179
dom 11648 3456 15 0 179
dom 8640 3520 65 0 179
dom 9152 3520 47 0 179
dom 8096 3552 77 0 179
dom 8928 3552 55 0 179
dom 9888 3552 13 0 179
dom 10048 3552 71 0 179
dom 10432 3552 40 0 179
dom 11392 3552 23 0 179
dom 9440 3584 41 0 179
dom 9664 3584 34 0 179
dom 8352 3616 72 0 179
dom 10240 3616 83 0 179
dom 10656 3616 28 0 179
dom 10912 3616 60 0 179
dom 11616 3616 18 0 179
dom 8640 3648 67 0 179
dom 11136 3648 53 0 179
dom 9152 3680 48 0 179
dom 10048 3680 75 0 179
dom 10208 3680 84 0 179
dom 10432 3680 43 0 179
dom 11328 3680 24 0 179
dom 8064 3712 78 0 179
dom 8928 3712 56 0 179
dom 9888 3712 16 0 179
dom 9408 3744 42 0 179
dom 9632 3744 35 0 179
dom 10208 3808 85 0 179
dom 10432 3808 80 0 179
dom 10656 3808 29 0 179
dom 11328 3808 25 0 179
dom 11584 3808 19 0 179
dom 8064 3840 81 0 179
dom 8320 3840 73 0 179
dom 8608 3840 68 0 179
dom 9152 3840 49 0 179
dom 10048 3840 76 0 179
dom 10912 3840 61 0 179
dom 11136 3840 57 0 179
dom 8928 3872 63 0 179
dom 9376 3872 44 0 179
dom 9600 3872 36 0 179
dom 9888 3872 32 0 179
