dom 7680 224 66 0 179
dom 7904 224 9 0 179
dom 8096 224 5 0 179
dom 7680 288 62 0 179
dom 7904 352 8 0 179
dom 8128 352 4 0 179
dom 7904 448 7 0 179
dom 7680 480 11 0 179
dom 8160 480 3 0 179
dom 8160 608 2 0 179
dom 7904 640 6 0 179
dom 7680 672 10 0 179
dom 8160 768 1 0 179
dom 8160 960 0 0 179
dom 9280 2624 91 0 179
dom 9120 2656 92 0 179
dom 9280 2720 90 0 179
dom 9440 2720 89 0 179
dom 8992 2784 93 0 179
dom 9120 2816 95 0 179
dom 9280 2816 86 0 179
dom 9408 2816 87 0 179
dom 8992 2848 94 0 179
dom 9120 3008 88 0 179
dom 11008 3136 20 0 179
dom 10560 3232 58 0 179
dom 10048 3264 30 0 179
dom 10784 3264 26 0 179
dom 11008 3264 21 0 179
dom 7936 3296 69 0 179
dom 10304 3296 50 0 179
dom 11264 3328 14 0 179
dom 8288 3360 64 0 179
dom 8768 3360 46 0 179
dom 7744 3392 74 0 179
dom 9504 3392 12 0 179
dom 9856 3392 82 0 179
dom 7936 3424 70 0 179
dom 8512 3424 51 0 179
dom 9024 3424 39 0 179
dom 9664 3424 45 0 179
dom 10048 3424 31 0 179
dom 10752 3424 52 0 179
dom 11008 3424 22 0 179
dom 9248 3456 33 0 179
dom 10304 3456 27 0 179
dom 10560 3456 59 0 179
dom 11264 3456 15 0 179
dom 8256 3520 65 0 179
dom 8768 3520 47 0 179
dom 7712 3552 77 0 179
dom 8544 3552 55 0 179
dom 9504 3552 13 0 179
dom 9664 3552 71 0 179
dom 10048 3552 40 0 179
dom 11008 3552 23 0 179
dom 9056 3584 41 0 179
dom 9280 3584 34 0 179
dom 7968 3616 72 0 179
dom 9856 3616 83 0 179
dom 10272 3616 28 0 179
dom 10528 3616 60 0 179
dom 11232 3616 18 0 179
dom 8256 3648 67 0 179
dom 10752 3648 53 0 179
dom 8768 3680 48 0 179
dom 9664 3680 75 0 179
dom 9824 3680 84 0 179
dom 10048 3680 43 0 179
dom 10944 3680 24 0 179
dom 7680 3712 78 0 179
dom 8544 3712 56 0 179
dom 9504 3712 16 0 179
dom 9024 3744 42 0 179
dom 9248 3744 35 0 179
dom 9824 3808 85 0 179
dom 10048 3808 80 0 179
dom 10272 3808 29 0 179
dom 10944 3808 25 0 179
dom 11200 3808 19 0 179
dom 7680 3840 81 0 179
dom 7936 3840 73 0 179
dom 8224 3840 68 0 179
dom 8768 3840 49 0 179
dom 9664 3840 76 0 179
dom 10528 3840 61 0 179
dom 10752 3840 57 0 179
dom 8544 3872 63 0 179
dom 8992 3872 44 0 179
dom 9216 3872 36 0 179
dom 9504 3872 32 0 179
