tree 2248 24 14 0 179
tree 2264 24 35 0 179
tree 2280 24 15 0 179
tree 2360 24 4 0 179
tree 2360 8 35 0 179
tree 2344 8 30 0 179
tree 2344 24 26 0 179
tree 2248 56 21 0 179
tree 2312 40 18 0 179
tree 2328 56 28 0 179
tree 2344 40 38 0 179
lay 2440 40 15 0 179
lay 2440 56 10 0 179
lay 2472 40 17 0 179
tree 3240 56 5 0 179
tree 312 72 11 0 179
tree 2136 88 17 0 179
tree 2168 88 39 0 179
tree 2152 88 41 0 179
tree 2232 88 39 0 179
lay 2408 72 9 0 179
trop 2924 92 205 179 179
tree 3224 72 30 0 179
tree 3208 88 18 0 179
tree 3352 88 18 0 179
tree 3512 88 31 0 179
tree 3496 88 29 0 179
tree 3560 88 7 0 179
tree 3592 88 19 0 179
tree 3624 72 29 0 179
tree 3656 72 29 0 179
lay 472 104 28 0 179
tree 2184 104 4 0 179
tree 2216 120 38 0 179
tree 2280 120 9 0 179
lay 2344 104 10 0 179
lay 2376 104 9 0 179
lay 2424 104 19 0 179
trop 2644 116 206 179 179
trop 2660 124 205 179 179
trop 2908 100 205 179 179
tree 3128 104 31 0 179
tree 3368 104 8 0 179
tree 3400 120 18 0 179
tree 3400 104 3 0 179
tree 3448 104 7 0 179
tree 3480 104 30 0 179
tree 3496 104 19 0 179
tree 3608 104 33 0 179
tree 3592 104 32 0 179
tree 3592 120 19 0 179
tree 3640 120 8 0 179
tree 3672 104 8 0 179
tree 3800 120 30 0 179
tree 3800 104 5 0 179
tree 1114 152 4 0 179
tree 1098 152 5 0 179
tree 1130 152 8 0 179
tree 1178 152 5 0 179
tree 2152 136 20 0 179
tree 2200 152 27 0 179
tree 2216 136 22 0 179
lay 2296 152 9 0 179
tree 2312 152 33 0 179
lay 2408 136 10 0 179
trop 2668 156 205 179 179
tree 3112 152 30 0 179
tree 3416 152 27 0 179
tree 3560 136 28 0 179
tree 3560 152 5 0 179
tree 3592 136 9 0 179
tree 3640 136 9 0 179
tree 3656 152 8 0 179
tree 3672 152 1 0 179
tree 3656 136 7 0 179
tree 3704 136 33 0 179
tree 3816 136 5 0 179
tree 3912 136 4 0 179
tree 2168 168 1 0 179
lay 2264 184 10 0 179
lay 2392 168 18 0 179
lay 2440 168 16 0 179
trop 2628 172 205 179 179
tree 3032 168 33 0 179
tree 3064 168 29 0 179
tree 3048 168 3 0 179
tree 3080 168 1 0 179
tree 3112 184 33 0 179
trop 3260 188 100 179 179
tree 3416 168 1 0 179
tree 3448 184 8 0 179
tree 3432 184 6 0 179
tree 3464 184 28 0 179
tree 3544 184 16 0 179
tree 3528 168 0 0 179
tree 3544 168 8 0 179
tree 3560 184 0 0 179
tree 3608 184 29 0 179
tree 3624 168 3 0 179
tree 3624 184 27 0 179
tree 3656 184 31 0 179
tree 3832 168 19 0 179
tree 3912 168 29 0 179
tree 3912 184 7 0 179
tree 296 216 15 0 179
lay 408 200 28 0 179
trop 596 196 204 179 179
tree 792 216 4 0 0
tree 808 216 4 0 0
tree 936 200 4 0 0
tree 1402 200 4 0 179
tree 1736 216 1 0 0
tree 1752 216 41 0 0
tree 2136 216 5 0 179
tree 2184 216 20 0 179
lay 2184 216 10 0 179
tree 2264 200 31 0 179
lay 2248 216 9 0 179
tree 2312 200 1 0 179
lay 2376 200 10 0 179
lay 2408 200 15 0 179
trop 2828 212 206 179 179
trop 2868 220 205 179 179
tree 3032 200 19 0 179
tree 3032 216 9 0 179
tree 3048 200 27 0 179
tree 3096 200 18 0 179
tree 3432 200 31 0 179
trop 3564 220 206 179 179
tree 3592 216 28 0 179
tree 3640 200 18 0 179
tree 3672 200 5 0 179
trop 3676 212 206 179 179
tree 3688 200 1 0 179
trop 3740 212 206 179 179
tree 3768 216 19 0 179
tree 3752 216 28 0 179
tree 3800 216 1 0 179
tree 3864 216 18 0 179
tree 3944 216 31 0 179
trop 500 228 65 179 179
trop 532 236 65 179 179
tree 936 248 10 0 179
tree 936 232 6 0 179
trop 1086 252 65 179 179
dom 1058 240 196 0 179
dom 1250 240 195 0 179
lay 2152 248 10 0 179
lay 2168 248 8 0 179
tree 2200 232 25 0 179
tree 2296 232 3 0 179
tree 2312 232 16 0 179
trop 2764 236 205 179 179
tree 3768 232 33 0 179
tree 3784 248 19 0 179
tree 3784 232 4 0 179
tree 3896 232 33 0 179
trop 3876 252 206 179 179
tree 3928 248 27 0 179
tree 3960 232 9 0 179
tree 3944 248 6 0 179
tree 152 264 14 0 179
trop 468 284 65 179 179
dom 448 256 176 0 179
zabor 496 272 104 2 8
tree 920 280 5 0 179
tree 904 280 10 0 179
tree 920 264 9 0 179
trop 1230 260 65 179 179
trop 1334 276 65 179 179
stand 1418 264 180 0 179
trop 1526 276 65 179 179
lay 2200 280 8 0 179
lay 2264 280 17 0 179
lay 2248 280 8 0 179
lay 2312 264 8 0 179
trop 2500 260 205 179 179
trop 2612 268 205 179 179
tree 3704 264 18 0 179
tree 3688 280 32 0 179
tree 3880 264 28 0 179
tree 3960 280 31 0 179
lay 264 312 28 0 179
tree 296 312 7 0 179
trop 380 308 205 179 179
stand 392 312 10 0 179
tree 920 296 7 0 179
tree 920 312 10 0 179
trop 1374 308 97 179 179
trop 1534 308 97 179 179
lay 2328 296 16 0 179
trop 2804 292 204 179 179
trop 2852 308 206 179 179
lay 3080 296 5 0 179
trop 3164 300 99 179 179
trop 3244 316 7 179 179
dom 3264 288 196 0 179
trop 3332 308 10 179 179
dom 3424 288 195 0 179
trop 3468 316 7 179 179
trop 3492 292 206 179 179
trop 3588 300 206 179 179
tree 3784 312 19 0 179
tree 136 328 14 0 179
tree 136 344 8 0 179
stand 552 328 147 0 179
tree 920 328 11 0 179
tree 920 344 13 0 179
trop 1086 340 65 179 179
trop 1342 340 101 179 179
lay 2248 328 18 0 179
lay 2264 328 19 0 179
lay 2296 328 17 0 179
trop 2620 348 206 179 179
trop 2932 340 205 179 179
trop 3340 332 65 179 179
stand 3448 344 178 0 179
trop 3556 324 10 179 179
tree 3784 328 8 0 179
tree 3896 344 19 0 179
tree 3912 344 9 0 179
tree 3976 328 31 0 179
tree 3976 344 6 0 179
tree 136 360 9 0 179
tree 360 376 6 0 179
trop 476 364 65 179 179
trop 644 372 204 179 179
tree 920 360 13 0 179
tree 920 376 6 0 179
trop 1214 364 65 179 179
trop 1230 364 100 179 179
stand 1354 360 181 0 179
stand 1370 376 163 0 179
stand 1386 376 161 0 179
trop 1446 356 101 179 179
trop 1470 356 95 179 179
trop 1534 372 100 179 179
lay 2264 360 18 0 179
lay 2392 376 19 0 179
lay 2376 376 8 0 179
trop 3092 372 107 179 179
trop 3244 380 204 179 179
trop 3292 364 9 179 179
stand 3400 376 163 0 179
trop 3452 372 7 179 179
trop 3540 372 10 179 179
tree 3768 360 27 0 179
tree 3784 376 16 0 179
tree 3800 360 27 0 179
tree 3816 376 28 0 179
tree 3896 376 0 0 179
tree 3976 360 5 0 179
tree 632 392 7 0 179
tree 616 408 7 0 179
tree 664 392 15 0 179
trop 1078 388 65 179 179
dom 1058 400 176 0 179
stand 1258 408 147 0 179
tree 1338 392 14 0 179
trop 1510 396 105 179 179
lay 2248 392 9 0 179
tree 2344 408 5 0 179
lay 2392 392 8 0 179
lay 2424 408 18 0 179
lay 2408 408 8 0 179
stand 3384 408 159 0 179
stand 3416 408 163 0 179
stand 3400 392 160 0 179
tree 3768 408 17 0 179
tree 3752 408 15 0 179
tree 3784 392 13 0 179
tree 3800 392 17 0 179
trop 3884 396 206 179 179
tree 3960 392 1 0 179
tree 3976 392 33 0 179
trop 348 428 101 179 179
lay 360 440 28 0 179
trop 396 444 65 179 179
trop 1190 420 99 179 179
tree 1210 440 12 0 179
trop 1414 444 104 179 179
trop 1518 428 105 179 179
tree 2200 440 28 0 179
tree 2216 440 20 0 179
tree 2344 424 27 0 179
lay 2392 424 17 0 179
lay 2376 440 16 0 179
trop 3060 428 94 179 179
trop 3236 428 204 179 179
trop 3276 428 204 179 179
trop 3308 428 65 179 179
stand 3416 424 161 0 179
tree 3752 424 16 0 179
dom 288 448 253 0 179
trop 324 476 65 179 179
dom 512 448 177 0 179
lay 960 464 0 0 179
tree 970 456 6 0 179
trop 1086 452 65 179 179
stand 1194 456 200 1 179
tree 1498 472 14 0 179
tree 2232 456 1 0 179
tree 2264 472 7 0 179
tree 2360 472 14 0 179
tree 2344 456 10 0 179
tree 2456 472 26 0 179
trop 2788 476 206 179 179
dom 3264 448 197 0 179
tree 136 504 4 0 179
tree 152 504 11 0 179
trop 300 492 205 179 179
trop 500 500 65 179 179
trop 548 492 65 179 179
lay 584 504 27 0 179
lay 928 480 2 0 179
stand 1066 488 181 0 179
stand 1098 488 182 0 179
trop 1134 484 96 179 179
trop 1286 508 100 179 179
tree 1418 488 14 0 179
tree 1514 488 9 0 179
tree 2296 488 39 0 179
tree 2456 488 12 0 179
trop 2948 484 205 179 179
trop 3092 484 96 179 179
tree 3144 488 10 0 179
trop 3228 484 7 179 179
trop 3316 484 10 179 179
stand 3352 504 147 0 179
stand 3672 504 153 0 179
tree 3784 488 0 0 179
tree 3784 504 10 0 179
stand 216 520 10 0 179
lay 216 536 9 0 179
lay 200 520 7 0 179
trop 300 524 65 179 179
trop 308 524 205 179 179
trop 380 540 205 179 179
lay 728 520 3 0 179
tree 880 512 11 0 179
lay 912 528 3 0 179
tree 1040 528 13 0 179
trop 1590 516 102 179 179
lay 2328 536 9 0 179
tree 2344 520 41 0 179
lay 2344 536 10 0 179
tree 2376 536 23 0 179
tree 2456 520 10 0 179
trop 2548 516 206 179 179
trop 2916 516 206 179 179
lay 3144 520 2 0 179
tree 3208 520 12 0 179
stand 3256 536 164 0 179
trop 3292 516 9 179 179
dom 3552 512 226 0 179
stand 3720 536 160 0 179
stand 3736 536 159 0 179
dom 3872 512 227 1 179
tree 136 568 17 0 179
tree 552 568 17 0 179
lay 944 544 1 0 179
tree 1008 544 12 0 179
trop 1126 548 103 179 179
trop 1174 572 104 179 179
tree 1242 552 12 0 179
tree 2136 552 20 0 179
tree 2120 568 26 0 179
tree 2136 568 23 0 179
lay 2344 552 10 0 179
lay 2360 568 9 0 179
tree 2408 568 12 0 179
tree 2456 568 9 0 179
trop 3180 564 13 179 179
lay 3208 552 0 0 179
trop 3892 564 65 179 179
trop 3916 548 73 179 179
trop 100 580 83 179 179
tree 136 584 4 0 179
tree 136 600 10 0 179
trop 420 580 103 179 179
trop 908 596 65 179 179
tree 1352 584 14 0 179
tree 1384 600 12 0 179
tree 1562 584 9 0 179
tree 1546 600 8 0 179
tree 2120 584 23 0 179
tree 2152 600 10 0 179
tree 2168 600 0 0 179
tree 2184 600 12 0 179
tree 2216 584 13 0 179
tree 2296 600 15 0 179
trop 2332 588 202 179 179
lay 2424 584 10 0 179
lay 2408 584 5 0 179
tree 2456 584 37 0 179
tree 2440 600 38 0 179
lay 2440 584 9 0 179
trop 2916 580 202 179 179
trop 3100 604 98 179 179
lay 3176 584 1 0 179
trop 3940 588 106 179 179
tree 152 616 4 0 179
trop 300 628 205 179 179
trop 476 620 205 179 179
tree 1400 616 14 0 179
tree 1384 616 6 0 179
tree 1416 616 9 0 179
tree 1480 632 13 0 179
tree 1562 616 16 0 179
trop 2028 636 205 179 179
trop 2204 628 202 179 179
tree 2232 632 12 0 179
tree 2248 632 28 0 179
trop 2300 620 202 179 179
trop 2324 620 202 179 179
tree 2328 632 0 0 179
tree 2776 632 1 0 179
tree 2776 616 1 0 179
tree 2760 616 5 0 179
tree 2760 632 1 0 179
tree 2808 632 5 0 179
tree 3144 616 11 0 179
trop 3156 636 105 179 179
tree 3192 616 12 0 179
tree 3512 632 5 0 179
tree 3512 616 16 0 179
tree 3960 632 12 0 179
tree 3944 616 14 0 179
tree 3960 616 13 0 179
tree 184 648 15 0 179
tree 200 664 15 0 179
tree 216 664 16 0 179
trop 876 668 65 179 179
vor 1772 660 0 0 0
trop 1996 652 202 179 179
tree 2024 664 15 0 179
tree 2056 664 14 0 179
tree 2088 648 12 0 179
trop 2140 668 202 179 179
tree 2168 648 22 0 179
tree 2152 664 13 0 179
tree 2200 664 8 0 179
tree 2280 664 18 0 179
tree 2824 648 1 0 179
trop 3092 668 96 179 179
trop 3268 644 106 179 179
tree 3512 648 17 0 179
tree 3496 648 8 0 179
tree 3544 648 7 0 179
tree 3528 648 14 0 179
tree 3560 664 9 0 179
tree 3768 648 13 0 179
tree 3752 648 14 0 179
tree 3752 664 4 0 179
trop 3876 668 65 179 179
dom 3872 640 227 0 179
trop 3916 660 73 179 179
tree 3960 664 17 0 179
trop 3996 652 96 179 179
trop 372 700 99 179 179
tree 604 688 3 0 179
stand 784 672 178 0 179
trop 1948 684 202 179 179
trop 1980 692 202 179 179
tree 1960 680 16 0 179
tree 2008 696 35 0 179
tree 2136 696 0 0 179
tree 2120 680 35 0 179
tree 2136 680 39 0 179
tree 2120 696 26 0 179
tree 2200 680 4 0 179
trop 2276 684 202 179 179
lay 2824 680 14 0 179
lay 3144 680 4 0 179
trop 3244 700 7 179 179
stand 3368 696 163 0 179
tree 3736 696 13 0 179
tree 3720 696 16 0 179
trop 3884 676 9 179 179
tree 136 728 8 0 179
tree 232 728 7 0 179
tree 316 704 22 0 179
trop 348 708 205 179 179
tree 396 704 3 0 179
tree 444 704 6 0 179
dom 704 704 254 0 179
trop 780 732 93 179 179
trop 772 708 65 179 179
tree 2104 712 3 0 179
tree 2088 728 9 0 179
tree 2152 712 17 0 179
tree 3144 712 21 0 0
stand 3224 712 154 0 179
stand 3304 712 154 0 179
trop 3332 708 10 179 179
stand 3368 712 160 0 179
stand 3384 728 159 0 179
stand 3432 712 154 0 179
tree 3608 712 6 0 179
trop 3940 724 106 179 179
tree 152 744 1 0 179
tree 136 744 6 0 179
tree 136 760 8 0 179
tree 168 760 27 0 179
tree 380 736 20 0 179
tree 412 752 15 0 179
trop 492 740 205 179 179
trop 772 764 65 179 179
lay 832 736 4 0 179
tree 1880 760 13 0 179
tree 2184 744 15 0 179
tree 2184 760 11 0 179
tree 2296 744 15 0 179
tree 2312 744 28 0 179
tree 2312 760 20 0 179
tree 2328 760 24 0 179
tree 2344 744 20 0 179
tree 2344 760 25 0 179
lay 2360 760 9 0 179
lay 2376 760 9 0 179
trop 3212 748 105 179 179
trop 3324 756 106 179 179
trop 3468 764 97 179 179
trop 3596 764 106 179 179
trop 3996 764 103 179 179
tree 152 776 8 0 179
tree 184 776 18 0 179
tree 200 792 8 0 179
trop 308 772 96 179 179
tree 364 768 11 0 179
tree 520 792 7 0 179
tree 588 784 8 0 179
trop 652 788 205 179 179
tree 652 784 4 0 179
trop 1892 796 202 179 179
tree 1896 776 12 0 179
tree 1912 776 13 0 179
tree 1976 792 23 0 179
tree 2104 776 28 0 179
tree 2136 776 30 0 179
tree 2168 776 12 0 179
tree 2184 776 0 0 179
tree 2456 776 23 0 179
tree 2744 792 30 0 179
tree 2728 776 19 0 179
trop 2764 788 202 179 179
tree 2776 792 27 0 179
tree 2760 792 18 0 179
tree 2808 776 27 0 179
tree 2792 776 19 0 179
trop 3684 772 90 179 179
trop 3788 772 80 179 179
trop 3908 772 93 179 179
trop 3996 788 72 179 179
tree 120 808 6 0 179
tree 136 824 27 0 179
tree 380 816 17 0 179
tree 364 816 14 0 179
tree 412 800 21 0 179
tree 520 808 7 0 179
tree 540 816 8 0 179
tree 652 800 8 0 179
lay 1336 808 28 0 179
trop 1892 812 202 179 179
tree 1976 808 25 0 179
tree 2136 808 25 0 179
tree 2152 824 20 0 179
lay 2264 824 28 0 179
stand 2280 808 177 0 179
tree 2872 824 3 0 179
tree 2856 824 29 0 179
stand 3608 824 48 0 179
trop 3764 804 101 179 179
trop 3820 820 101 179 179
lay 3928 824 3 0 179
tree 136 856 32 0 179
tree 380 848 26 0 179
tree 372 832 9 0 179
tree 388 848 6 0 179
tree 460 832 23 0 179
tree 588 848 30 0 179
tree 1144 840 14 0 179
tree 1864 840 10 0 179
tree 1880 840 12 0 179
tree 1896 856 13 0 179
tree 1960 856 0 0 179
tree 1976 840 24 0 179
lay 2040 856 3 0 179
tree 2152 856 22 0 179
trop 2300 860 127 179 179
trop 2276 844 126 179 179
lay 2376 840 28 0 179
tree 2872 840 19 0 179
tree 2888 856 28 0 179
tree 2888 840 5 0 179
tree 3368 856 7 0 179
trop 3956 836 100 179 179
tree 548 872 10 0 179
tree 548 888 7 0 179
trop 648 892 203 179 179
lay 792 872 28 0 179
zabor 816 880 30 0 8
zabor 848 880 29 0 8
lay 840 888 28 0 179
zabor 880 880 30 0 8
zabor 912 880 26 0 8
zabor 944 880 25 0 8
zabor 976 880 25 0 8
zabor 1008 880 31 0 8
lay 1016 888 9 0 179
zabor 1040 880 29 0 8
trop 1884 868 202 179 179
trop 1892 892 202 179 179
tree 1912 872 16 0 179
tree 1944 872 14 0 179
tree 1928 872 15 0 179
lay 2008 888 1 0 179
lay 2088 888 28 0 179
tree 2136 872 26 0 179
lay 2152 888 28 0 179
trop 2260 876 127 179 179
trop 2268 884 127 179 179
trop 2332 884 126 179 179
tree 2488 888 25 0 179
tree 2552 888 30 0 179
tree 2568 888 39 0 179
tree 2888 872 1 0 179
trop 3860 876 107 179 179
tree 152 904 27 0 179
tree 184 904 30 0 179
tree 168 904 18 0 179
tree 216 904 30 0 179
trop 420 916 205 179 179
tree 444 896 20 0 179
tree 524 912 22 0 179
zabor 816 912 31 0 8
lay 1032 904 10 0 179
lay 1048 904 9 0 179
lay 1048 920 8 0 179
lay 1064 904 8 0 179
tree 1320 920 14 0 179
trop 1508 900 109 0 0
tree 1560 920 10 0 179
tree 1912 904 0 0 179
tree 1912 920 14 0 179
tree 1960 920 17 0 179
lay 2040 920 7 0 179
lay 2056 920 8 0 179
trop 2268 900 127 179 179
trop 2260 916 126 179 179
trop 2284 900 127 179 179
trop 2292 924 126 179 179
trop 2340 908 126 179 179
tree 2488 904 26 0 179
tree 2504 920 21 0 179
tree 2504 904 39 0 179
tree 2520 904 23 0 179
tree 2552 904 21 0 179
tree 2568 904 0 0 179
tree 2584 904 24 0 179
tree 2568 920 26 0 179
trop 2772 924 202 179 179
tree 2760 920 29 0 179
tree 2840 920 28 0 179
tree 2824 920 28 0 179
tree 2856 920 28 0 179
tree 3592 920 12 0 179
tree 3800 904 10 0 179
tree 3816 904 10 0 179
tree 152 952 27 0 179
trop 316 932 96 179 179
trop 572 948 205 179 179
zabor 816 944 26 0 8
trop 884 956 200 179 179
trop 916 940 202 179 179
lay 1112 936 28 0 179
tree 1320 936 7 0 179
tree 1448 952 10 0 179
tree 1544 936 7 0 179
tree 1560 936 8 0 179
tree 1800 936 8 0 179
tree 1816 936 11 0 179
tree 1960 936 12 0 179
trop 2284 932 126 179 179
trop 2308 932 126 179 179
tree 2760 936 1 0 179
tree 2872 936 7 0 179
tree 2856 936 9 0 179
tree 136 984 30 0 179
lay 680 984 21 0 0
zabor 816 976 28 0 8
trop 908 988 202 179 179
trop 916 988 202 179 179
trop 924 964 200 179 179
trop 948 964 202 179 179
lay 984 984 34 0 179
lay 1000 984 8 0 179
tree 1000 984 35 0 179
lay 1160 968 17 0 179
trop 1196 972 207 179 179
lay 1240 968 13 0 179
tree 1304 984 39 0 179
tree 1304 968 23 0 179
tree 1432 968 11 0 179
tree 1672 968 9 0 179
tree 1688 968 17 0 179
tree 1816 984 4 0 179
tree 1944 968 24 0 179
tree 2008 968 27 0 179
tree 2024 984 35 0 179
trop 2292 972 103 179 179
lay 2376 968 28 0 179
trop 2764 980 202 179 179
trop 2884 972 202 179 179
tree 3576 984 6 0 179
tree 3608 984 5 0 179
tree 3592 984 4 0 179
tree 120 1000 7 0 179
tree 104 1000 29 0 179
tree 152 1000 32 0 179
tree 136 1000 4 0 179
tree 168 1016 7 0 179
tree 216 1016 3 0 179
tree 200 1016 7 0 179
stand 376 1000 27 0 179
lay 648 1000 19 0 0
lay 696 1016 21 0 0
lay 712 1016 3 0 0
zabor 816 1008 31 0 8
lay 984 1000 29 0 179
lay 968 1000 34 0 179
lay 1016 1016 10 0 179
lay 1016 1000 8 0 179
tree 1160 1016 21 0 179
trop 1228 1004 204 179 179
trop 1268 1020 202 179 179
tree 1304 1016 20 0 179
tree 1320 1016 26 0 179
tree 1320 1000 20 0 179
stand 1512 1016 132 1 179
stand 1544 1016 132 1 179
tree 2040 1000 32 0 179
lay 2152 1016 28 0 179
trop 2268 996 103 179 179
trop 2244 1012 103 179 179
tree 2504 1016 14 0 179
tree 2536 1016 14 0 179
tree 2552 1016 8 0 179
tree 2568 1000 12 0 179
tree 3688 1016 17 0 179
tree 232 1048 19 0 179
zabor 816 1040 31 0 8
tree 1192 1048 22 0 179
tree 1208 1032 23 0 179
trop 1228 1036 207 179 179
tree 1224 1048 24 0 179
tree 1240 1032 22 0 179
tree 1304 1032 23 0 179
tree 1336 1048 23 0 179
tree 1336 1032 22 0 179
tree 1352 1032 39 0 179
tree 1368 1048 16 0 179
tree 1368 1032 9 0 179
tree 1384 1048 14 0 179
stand 1512 1048 133 0 179
trop 1548 1052 65 179 179
trop 1668 1044 72 179 179
dom 1760 1024 164 2 179
tree 2056 1032 33 0 179
tree 2072 1048 26 0 179
tree 2296 1048 31 0 179
tree 2312 1048 17 0 179
fre 2508 1028 1 179 179
tree 2632 1032 28 0 179
tree 3320 1032 4 0 179
tree 184 1080 1 0 179
tree 216 1080 27 0 179
tree 232 1080 33 0 179
tree 232 1064 3 0 179
trop 316 1060 96 179 179
zabor 816 1072 27 0 8
lay 1176 1064 9 0 179
trop 1164 1068 204 179 179
trop 1164 1060 202 179 179
lay 1208 1064 9 0 179
tree 1208 1064 39 0 179
tree 1192 1064 26 0 179
tree 1320 1064 20 0 179
trop 1652 1076 10 179 179
trop 1748 1068 65 179 179
stand 1768 1064 133 0 179
tree 1832 1080 13 0 179
dom 1920 1056 164 2 179
tree 2056 1064 35 0 179
tree 2072 1064 0 0 179
fre 2524 1076 0 179 179
tree 2632 1064 35 0 179
lay 2824 1080 5 0 179
tree 2920 1080 30 0 179
tree 120 1112 5 0 179
tree 104 1112 32 0 179
tree 136 1112 5 0 179
zabor 816 1104 26 0 8
tree 1208 1096 25 0 179
trop 1244 1100 202 179 179
lay 1256 1096 10 0 179
trop 1364 1116 9 179 179
trop 1404 1100 10 179 179
trop 1564 1092 7 179 179
trop 2180 1100 100 179 179
tree 2456 1112 27 0 179
tree 2440 1112 5 0 179
tree 2472 1096 13 0 179
tree 2472 1112 5 0 179
tree 2488 1112 21 0 179
zabor 2608 1104 65 1 8
tree 2616 1112 30 0 179
tree 2600 1112 41 0 179
tree 2632 1096 6 0 179
trop 2868 1116 202 179 179
lay 2936 1112 1 0 179
tree 2936 1112 5 0 179
tree 2936 1096 5 0 179
tree 2920 1096 4 0 179
zabor 816 1136 31 0 8
tree 1208 1128 25 0 179
trop 1220 1132 207 179 179
tree 1224 1128 26 0 179
trop 1348 1124 72 179 179
stand 1400 1144 159 0 179
stand 1384 1144 156 0 179
trop 1428 1132 127 179 179
trop 1516 1132 127 179 179
trop 1612 1148 127 179 179
tree 1928 1128 25 0 179
trop 1956 1124 127 179 179
trop 2132 1132 100 179 179
tree 2424 1128 23 0 179
tree 2504 1144 20 0 179
tree 2536 1144 20 0 179
tree 2584 1144 21 0 179
tree 2664 1128 11 0 0
vor 3716 1140 8 0 0
lay 648 1160 21 0 0
lay 728 1160 18 0 0
zabor 816 1168 27 0 8
tree 952 1160 17 0 179
lay 952 1176 46 0 179
lay 984 1176 9 0 179
tree 1240 1160 22 0 179
trop 1268 1156 204 179 179
tree 1256 1176 24 0 179
tree 1288 1176 23 0 179
trop 1324 1172 207 179 179
stand 1368 1160 159 0 179
stand 1384 1160 159 0 179
trop 1620 1172 146 179 179
trop 2068 1156 104 179 179
tree 2504 1160 20 0 179
tree 2536 1160 26 0 179
zabor 2704 1168 66 1 8
tree 136 1208 11 0 0
tree 136 1192 4 0 0
tree 152 1208 19 0 0
zabor 816 1200 27 0 8
lay 984 1192 8 0 179
trop 1268 1196 202 179 179
tree 1256 1192 20 0 179
tree 1304 1208 23 0 179
tree 1304 1192 21 0 179
stand 1592 1208 147 0 179
tree 1722 1215 3 0 0
tree 1738 1199 9 0 0
tree 1738 1215 5 0 0
lay 1880 1208 64 0 179
fre 2212 1212 1 179 179
tree 2328 1192 38 0 179
tree 2312 1208 2 0 179
tree 2360 1208 32 0 179
tree 2408 1208 18 0 179
tree 2424 1208 0 0 179
tree 2424 1192 2 0 179
tree 2632 1192 35 0 0
tree 88 1240 24 0 179
tree 168 1224 4 0 0
tree 184 1224 4 0 0
trop 316 1220 103 179 179
zabor 816 1232 24 0 8
trop 876 1236 198 179 179
tree 1304 1240 23 0 179
lay 1464 1224 28 0 179
stand 1528 1224 153 0 179
stand 1624 1240 157 0 179
stand 1608 1240 159 0 179
tree 2280 1240 10 0 179
trop 2388 1244 111 0 0
tree 2376 1224 7 0 179
tree 2456 1224 8 0 179
tree 2488 1224 27 0 179
tree 2504 1240 9 0 179
tree 2520 1240 20 0 179
tree 2504 1224 22 0 179
tree 2536 1240 23 0 179
lay 2968 1224 28 0 179
tree 120 1272 25 0 179
tree 104 1256 38 0 179
tree 152 1272 35 0 0
tree 536 1256 41 0 0
tree 536 1272 41 0 0
zabor 816 1264 24 0 8
trop 868 1268 198 179 179
trop 876 1276 198 179 179
trop 900 1276 198 179 179
trop 1252 1252 202 179 179
tree 1304 1256 20 0 179
trop 1508 1268 127 179 179
trop 1596 1276 8 179 179
trop 1572 1276 127 179 179
trop 1620 1260 145 179 179
trop 1604 1268 9 179 179
stand 1608 1256 156 0 179
trop 1668 1276 127 179 179
stand 1720 1256 160 0 179
stand 1736 1272 158 0 179
stand 1736 1256 157 0 179
fre 2268 1268 0 179 179
tree 2328 1256 39 0 179
tree 2328 1272 20 0 179
vor 2452 1252 64 0 0
tree 2520 1256 20 0 179
tree 2776 1256 14 0 179
vor 2852 1276 9 0 0
tree 120 1288 14 0 179
tree 136 1304 14 0 179
tree 600 1304 1 0 0
zabor 816 1296 31 0 8
trop 868 1284 198 179 179
trop 940 1300 198 179 179
stand 1736 1288 159 0 179
tree 1816 1288 23 0 179
tree 1848 1304 26 0 179
tree 1832 1304 39 0 179
tree 1832 1288 24 0 179
lay 2040 1304 64 0 179
tree 2344 1288 24 0 179
trop 2388 1292 111 0 0
tree 2680 1288 19 0 0
tree 504 1336 13 0 0
zabor 816 1328 25 0 8
zabor 848 1328 28 0 8
zabor 880 1328 29 0 8
zabor 912 1328 28 0 8
zabor 944 1328 30 0 8
zabor 976 1328 28 0 8
zabor 1008 1328 30 0 8
lay 1016 1336 28 0 179
zabor 1040 1328 28 0 8
lay 1112 1336 28 0 179
zabor 1360 1328 28 0 8
tree 1880 1320 25 0 179
tree 1864 1320 39 0 179
lay 2104 1336 64 0 179
tree 2168 1320 18 0 179
tree 2200 1320 11 0 179
tree 2200 1336 8 0 179
tree 2184 1320 35 0 179
tree 2440 1320 17 0 179
trop 2548 1340 111 0 0
trop 2868 1316 126 179 179
tree 2936 1336 27 0 179
tree 2920 1336 5 0 179
tree 2952 1336 14 0 179
tree 3192 1336 10 0 179
tree 88 1368 11 0 0
tree 104 1368 30 0 179
tree 104 1352 13 0 0
trop 236 1372 99 179 179
tree 760 1368 14 0 179
tree 744 1352 15 0 179
tree 776 1368 14 0 179
tree 808 1368 16 0 179
tree 840 1368 13 0 179
zabor 1040 1360 30 0 8
zabor 1360 1360 28 0 8
cliff 1664 1344 90 179 179
cliff 1696 1360 97 179 179
tree 1912 1368 26 0 179
tree 1896 1352 24 0 179
lay 2744 1352 28 0 179
trop 2868 1364 126 179 179
tree 2936 1368 8 0 179
tree 2936 1352 33 0 179
tree 2952 1352 7 0 179
tree 3080 1368 10 0 179
tree 3192 1352 8 0 179
tree 3176 1352 7 0 179
tree 3448 1352 11 0 179
tree 3432 1352 8 0 179
dom 3680 1344 194 0 179
trop 3684 1356 65 179 179
trop 3788 1364 195 179 179
trop 3780 1372 194 179 179
trop 3780 1348 194 179 179
tree 104 1400 8 0 179
tree 104 1384 19 0 179
tree 136 1384 35 0 0
tree 472 1400 13 0 0
tree 696 1400 12 0 179
tree 680 1400 12 0 179
tree 712 1384 15 0 179
tree 792 1384 35 0 179
tree 776 1384 35 0 179
tree 776 1400 17 0 179
tree 792 1400 16 0 179
tree 904 1400 10 0 179
tree 904 1384 14 0 179
zabor 1040 1392 30 0 8
lay 1048 1400 28 0 179
lay 1128 1384 28 0 179
trop 1228 1380 202 179 179
trop 1332 1388 202 179 179
zabor 1360 1392 27 0 8
cliff 1584 1392 126 179 179
cliff 1648 1376 74 179 179
cliff 1712 1376 91 179 179
cliff 1728 1376 88 179 179
cliff 1760 1376 90 179 179
cliff 1792 1376 62 179 179
tree 2104 1400 23 0 179
tree 2120 1400 23 0 179
vor 2524 1396 9 0 0
vor 2628 1388 1 0 0
trop 2852 1396 126 179 179
tree 2952 1384 7 0 179
tree 3064 1384 11 0 179
tree 3448 1400 4 0 179
trop 3836 1380 195 179 179
tree 104 1416 23 0 179
tree 136 1416 2 0 0
trop 180 1428 96 179 179
stand 232 1416 27 0 179
tree 376 1416 2 0 0
tree 440 1416 21 0 0
tree 456 1416 21 0 0
tree 488 1416 35 0 0
tree 680 1432 13 0 179
tree 728 1432 14 0 179
tree 920 1416 13 0 179
tree 952 1432 17 0 179
zabor 1040 1424 24 0 8
zabor 1072 1424 31 0 8
zabor 1104 1424 27 0 8
zabor 1136 1424 25 0 8
zabor 1168 1424 29 0 8
zabor 1200 1424 30 0 8
zabor 1232 1424 24 0 8
zabor 1264 1424 30 0 8
zabor 1296 1424 26 0 8
zabor 1328 1424 25 0 8
zabor 1360 1424 27 0 8
cliff 1568 1424 74 179 179
cliff 1632 1408 82 179 179
trop 2044 1436 107 179 179
tree 2136 1416 21 0 179
tree 2120 1416 23 0 179
tree 2152 1432 21 0 179
tree 2536 1432 23 0 179
trop 2740 1420 127 0 0
trop 2860 1428 126 179 179
stand 3144 1432 132 1 179
stand 3176 1432 132 1 179
tree 3560 1416 35 0 179
trop 3796 1428 195 179 179
stand 3832 1432 4 0 179
tree 88 1448 8 0 179
cliff 1552 1456 77 179 179
trop 2044 1444 123 179 179
lay 2056 1464 64 0 179
trop 2084 1444 123 179 179
tree 2184 1448 39 0 179
tree 2200 1448 26 0 179
tree 2440 1464 39 0 179
tree 2552 1448 24 0 179
trop 2868 1468 126 179 179
tree 2984 1448 13 0 179
tree 3000 1448 9 0 179
tree 3000 1464 16 0 179
lay 3000 1448 28 0 179
tree 3016 1464 14 0 179
stand 3144 1464 133 0 179
trop 3180 1468 65 179 179
trop 3300 1460 72 179 179
lay 3896 1464 20 0 179
trop 4044 1444 116 0 0
tree 72 1496 26 0 179
tree 72 1480 21 0 179
cliff 1488 1488 86 179 179
cliff 1520 1472 73 179 179
lay 1992 1480 9 0 179
trop 1996 1484 202 179 179
trop 2028 1492 107 179 179
lay 2024 1480 40 0 179
trop 2028 1500 202 179 179
cliff 2272 1488 61 179 179
tree 2488 1480 39 0 179
tree 2472 1480 39 0 179
lay 2536 1480 20 0 179
tree 2584 1496 22 0 179
tree 2616 1480 22 0 179
tree 2648 1496 25 0 179
tree 2632 1496 39 0 179
tree 2632 1480 21 0 179
stand 2792 1480 131 1 179
trop 2860 1500 96 179 179
trop 2860 1492 126 179 179
trop 2892 1476 126 179 179
dom 2880 1472 163 1 179
trop 3284 1492 10 179 179
trop 3380 1484 65 179 179
stand 3400 1480 133 0 179
tree 3464 1496 13 0 179
dom 3456 1472 241 0 179
lay 3928 1480 18 0 179
tree 88 1528 23 0 179
trop 860 1516 15 179 179
trop 852 1516 65 179 179
trop 916 1524 65 179 179
trop 996 1524 65 179 179
trop 1044 1532 15 179 179
cliff 1488 1520 85 179 179
trop 2044 1532 202 179 179
trop 2084 1508 123 179 179
trop 2100 1532 202 179 179
cliff 2288 1504 92 179 179
cliff 2304 1504 89 179 179
cliff 2336 1504 88 179 179
cliff 2368 1504 90 179 179
cliff 2400 1504 126 179 179
cliff 2432 1504 88 179 179
cliff 2464 1520 97 179 179
lay 2632 1528 38 0 179
trop 2868 1532 126 179 179
trop 2996 1532 9 179 179
trop 3036 1516 10 179 179
trop 3196 1508 7 179 179
trop 3412 1532 65 179 179
trop 3548 1524 65 179 179
trop 3596 1524 204 179 179
dom 3680 1504 225 0 179
trop 3708 1532 73 179 179
trop 3964 1528 73 0 0
dom 832 1536 198 0 179
trop 1084 1540 65 179 179
trop 1076 1540 65 179 179
cliff 1456 1552 89 179 179
trop 2036 1548 202 179 179
trop 2060 1564 202 179 179
trop 2124 1540 202 179 179
cliff 2480 1536 94 179 179
cliff 2496 1536 89 179 179
cliff 2528 1536 90 179 179
cliff 2560 1536 89 179 179
cliff 2592 1552 98 179 179
lay 2680 1560 42 0 179
tree 2696 1544 22 0 179
lay 2696 1560 44 0 179
tree 2744 1560 23 0 179
tree 2744 1544 26 0 179
tree 2728 1544 39 0 179
tree 2760 1560 20 0 179
trop 2860 1556 126 179 179
trop 2868 1548 126 179 179
trop 2876 1556 126 179 179
trop 2980 1540 72 179 179
stand 3016 1560 156 0 179
stand 3032 1560 159 0 179
trop 3060 1548 127 179 179
stand 3080 1560 251 0 179
trop 3076 1556 127 179 179
trop 3148 1548 127 179 179
trop 3244 1564 127 179 179
trop 3380 1564 97 179 179
trop 3452 1548 97 179 179
trop 3700 1548 65 179 179
stand 3720 1560 207 1 179
trop 3868 1552 73 0 0
stand 3880 1560 183 0 179
stand 3880 1544 182 0 179
tree 104 1576 40 0 179
trop 180 1572 96 179 179
dom 1024 1568 193 0 179
dom 1152 1568 183 0 179
cliff 1440 1584 76 179 179
cliff 1504 1568 80 179 179
lay 2040 1576 28 0 179
trop 2076 1580 107 179 179
trop 2156 1572 125 179 179
cliff 2608 1568 93 179 179
cliff 2624 1584 96 179 179
lay 2664 1576 41 0 179
lay 2680 1576 12 0 179
lay 2744 1592 32 0 179
tree 2776 1592 24 0 179
tree 2760 1576 21 0 179
lay 2760 1592 17 0 179
trop 2860 1596 126 179 179
trop 2908 1572 126 179 179
trop 2916 1588 126 179 179
stand 3000 1576 159 0 179
stand 3016 1576 159 0 179
trop 3252 1588 146 179 179
trop 3260 1572 106 179 179
trop 3348 1588 97 179 179
trop 3332 1572 106 179 179
trop 3380 1572 97 179 179
trop 3508 1580 97 179 179
trop 3572 1572 204 179 179
trop 3796 1588 146 179 179
trop 3796 1580 204 179 179
dom 3776 1568 76 0 179
trop 3908 1596 96 179 179
lay 3944 1592 28 0 179
tree 104 1624 32 0 179
trop 188 1612 96 179 179
tree 536 1624 27 0 179
tree 664 1608 11 0 0
trop 964 1620 24 179 179
trop 1036 1628 24 179 179
trop 1092 1628 24 179 179
dom 1248 1600 131 0 179
cliff 1408 1600 85 179 179
cliff 1744 1600 117 179 179
cliff 1760 1600 124 179 179
cliff 1792 1600 122 179 179
cliff 1824 1600 123 179 179
cliff 1856 1600 121 179 179
trop 1972 1628 123 179 179
trop 2004 1620 125 179 179
lay 2008 1624 38 0 179
trop 2044 1628 123 179 179
trop 2036 1604 202 179 179
trop 2052 1604 123 179 179
trop 2076 1604 107 179 179
trop 2116 1604 124 179 179
cliff 2640 1600 93 179 179
cliff 2656 1616 96 179 179
lay 2712 1624 45 0 179
lay 2728 1624 0 0 179
lay 2840 1608 10 0 179
trop 2892 1628 126 179 179
stand 3224 1624 147 0 179
trop 3268 1604 101 179 179
tree 3354 1631 3 0 0
tree 3370 1631 5 0 0
tree 3370 1615 9 0 0
stand 3416 1624 183 0 179
stand 3448 1624 181 0 179
dom 3616 1600 238 0 179
stand 3736 1608 166 0 179
trop 3844 1624 73 0 0
trop 3876 1604 96 179 179
trop 3948 1620 99 179 179
tree 248 1656 11 0 0
tree 552 1640 7 0 179
tree 568 1656 2 0 179
tree 584 1656 34 0 179
tree 648 1656 21 0 0
trop 1188 1636 24 179 179
trop 1212 1652 19 179 179
cliff 1408 1632 86 179 179
cliff 1696 1648 117 179 179
cliff 1728 1632 113 179 179
trop 1956 1644 202 179 179
trop 1996 1636 123 179 179
trop 2028 1644 124 179 179
trop 2028 1644 202 179 179
trop 2076 1660 107 179 179
trop 2076 1644 107 179 179
trop 2084 1660 202 179 179
trop 2116 1652 123 179 179
cliff 2672 1632 95 179 179
cliff 2688 1648 99 179 179
lay 2776 1656 38 0 179
lay 2808 1656 17 0 179
lay 2840 1656 18 0 179
lay 2824 1656 39 0 179
trop 2876 1636 126 179 179
tree 3032 1656 7 0 179
tree 3048 1656 33 0 179
lay 3096 1640 28 0 179
stand 3160 1640 153 0 179
dom 3200 1632 244 0 179
stand 3240 1656 159 0 179
stand 3256 1656 157 0 179
stand 3432 1640 182 0 179
stand 3432 1656 180 0 179
lay 3480 1656 3 0 179
tree 3544 1656 35 0 179
trop 3620 1652 204 179 179
trop 3628 1660 65 179 179
trop 3788 1636 203 179 179
trop 3812 1644 204 179 179
trop 3948 1660 99 179 179
stand 3960 1640 240 0 179
tree 88 1672 7 0 179
tree 88 1688 15 0 179
tree 120 1688 40 0 179
tree 264 1688 21 0 0
tree 568 1688 8 0 179
tree 584 1688 40 0 179
tree 600 1672 21 0 179
tree 616 1672 14 0 179
tree 648 1688 13 0 179
tree 952 1688 17 0 179
tree 1000 1688 12 0 179
trop 1020 1692 24 179 179
tree 1032 1672 14 0 179
trop 1100 1692 24 179 179
trop 1188 1692 24 179 179
trop 1196 1676 100 179 179
cliff 1408 1664 87 179 179
cliff 1680 1680 115 179 179
tree 1768 1688 10 0 179
trop 2084 1668 202 179 179
cliff 2704 1664 92 179 179
tree 2744 1672 21 0 179
cliff 2720 1680 98 179 179
tree 2824 1688 25 0 179
tree 2856 1688 22 0 179
trop 3140 1684 127 179 179
trop 3188 1668 195 179 179
trop 3204 1692 127 179 179
trop 3228 1692 8 179 179
trop 3212 1676 205 179 179
stand 3240 1672 156 0 179
trop 3236 1684 9 179 179
trop 3252 1676 145 179 179
trop 3292 1676 65 179 179
trop 3300 1692 127 179 179
stand 3352 1672 160 0 179
stand 3368 1672 157 0 179
stand 3368 1688 158 0 179
trop 3396 1684 99 179 179
trop 3452 1692 105 179 179
stand 3576 1672 4 0 179
trop 3860 1684 204 179 179
trop 3908 1676 203 179 179
tree 104 1720 41 0 179
tree 136 1704 2 0 179
trop 180 1708 96 179 179
tree 648 1704 21 0 179
dom 736 1696 156 0 179
tree 904 1720 16 0 179
trop 932 1700 24 179 179
dom 1248 1696 186 0 179
cliff 1408 1696 83 179 179
cliff 1648 1696 117 179 179
tree 1688 1720 29 0 179
tree 1704 1720 10 0 179
tree 1752 1704 40 0 179
tree 1736 1704 36 0 179
trop 1884 1716 94 179 179
trop 2012 1716 123 179 179
trop 2036 1716 202 179 179
cliff 2736 1696 91 179 179
cliff 2752 1712 99 179 179
lay 2792 1704 1 0 179
tree 2888 1720 23 0 179
trop 3196 1708 205 179 179
trop 3212 1716 205 179 179
trop 3284 1716 205 179 179
trop 3340 1700 102 179 179
stand 3368 1704 159 0 179
trop 3396 1700 98 179 179
trop 3444 1708 105 179 179
lay 3432 1704 28 0 179
trop 3500 1708 97 179 179
lay 3544 1704 28 0 179
stand 3736 1720 159 0 179
stand 3768 1720 163 0 179
stand 3752 1720 157 0 179
trop 3796 1708 146 179 179
stand 3848 1720 156 0 179
trop 3868 1716 96 179 179
trop 3900 1716 96 179 179
trop 3916 1700 204 179 179
tree 104 1752 24 0 179
dom 832 1728 185 0 179
stand 984 1752 141 0 179
cliff 1408 1728 85 179 179
cliff 1600 1744 116 179 179
cliff 1632 1728 115 179 179
trop 2100 1748 202 179 179
cliff 2272 1728 108 179 179
cliff 2288 1744 124 179 179
cliff 2320 1744 122 179 179
cliff 2352 1744 122 179 179
cliff 2384 1744 124 179 179
cliff 2416 1744 123 179 179
cliff 2448 1744 103 179 179
cliff 2768 1728 118 179 179
tree 2792 1752 23 0 179
lay 2824 1736 0 0 179
tree 2872 1752 22 0 179
tree 2888 1752 24 0 179
trop 3036 1732 204 179 179
trop 3060 1748 205 179 179
tree 3080 1736 40 0 179
tree 3080 1752 38 0 179
tree 3272 1752 15 0 179
trop 3324 1756 204 179 179
stand 3320 1736 4 0 179
lay 3368 1752 28 0 179
tree 3416 1752 14 0 179
stand 3472 1748 61 0 0
stand 3512 1752 157 0 179
stand 3496 1752 159 0 179
trop 3636 1740 101 179 179
lay 3656 1752 28 0 179
stand 3736 1736 178 0 179
stand 3720 1736 184 0 179
stand 3752 1752 179 0 179
stand 3784 1752 205 1 179
stand 3784 1736 178 0 179
stand 3848 1736 156 0 179
tree 104 1768 38 0 179
tree 504 1784 8 0 179
tree 632 1784 29 0 179
tree 648 1768 41 0 179
trop 732 1788 18 179 179
trop 836 1780 20 179 179
tree 904 1768 13 0 179
trop 1020 1788 24 179 179
trop 1108 1788 24 179 179
trop 1196 1780 24 179 179
cliff 1408 1760 83 179 179
cliff 1600 1760 118 179 179
tree 1656 1784 21 0 179
tree 1656 1768 19 0 179
trop 1732 1772 205 179 179
cliff 2464 1760 108 179 179
cliff 2480 1776 122 179 179
cliff 2512 1776 100 179 179
cliff 2768 1760 92 179 179
tree 2808 1768 26 0 179
cliff 2784 1776 99 179 179
lay 2840 1768 20 0 179
lay 2856 1784 38 0 179
tree 3096 1768 34 0 179
trop 3084 1780 204 179 179
trop 3132 1780 126 179 179
trop 3172 1788 205 179 179
trop 3324 1764 65 179 179
trop 3372 1764 94 179 179
trop 3412 1788 98 179 179
trop 3484 1788 8 179 179
trop 3460 1788 127 179 179
trop 3508 1772 145 179 179
trop 3492 1780 9 179 179
stand 3496 1768 156 0 179
stand 3528 1768 181 0 179
trop 3556 1788 127 179 179
stand 3608 1768 160 0 179
stand 3640 1784 156 0 179
stand 3624 1784 158 0 179
stand 3624 1768 157 0 179
stand 3672 1768 184 0 179
stand 3752 1768 179 0 179
stand 3784 1784 188 1 179
lay 3800 1768 28 0 179
stand 3848 1784 4 0 179
tree 120 1800 27 0 179
stand 232 1816 27 0 179
trop 828 1804 20 179 179
tree 904 1800 14 0 179
trop 940 1796 24 179 179
dom 1216 1792 189 0 179
cliff 1408 1792 86 179 179
cliff 1600 1792 120 179 179
trop 1908 1796 98 179 179
dom 1984 1792 162 0 179
trop 2036 1796 94 179 179
trop 2044 1820 98 179 179
dom 2144 1792 159 0 179
dom 2176 1792 131 0 179
cliff 2528 1792 108 179 179
cliff 2544 1808 123 179 179
cliff 2576 1808 104 179 179
cliff 2800 1792 125 179 179
lay 2840 1800 43 0 179
lay 2824 1816 42 0 179
tree 2872 1800 39 0 179
tree 2888 1816 21 0 179
trop 3188 1812 205 179 179
trop 3508 1804 99 179 179
stand 3512 1800 184 0 179
stand 3544 1816 180 0 179
tree 3592 1800 29 0 179
stand 3640 1800 182 0 179
stand 3624 1800 159 0 179
stand 3656 1800 182 0 179
stand 3688 1816 205 1 179
stand 3688 1800 196 1 179
trop 3804 1812 105 179 179
trop 3812 1804 204 179 179
trop 3884 1816 127 0 0
tree 120 1832 8 0 179
trop 172 1836 96 179 179
tree 296 1832 27 0 0
trop 700 1836 21 179 179
dom 832 1824 186 0 179
cliff 1408 1824 85 179 179
cliff 1600 1824 118 179 179
trop 1884 1844 94 179 179
cliff 2592 1824 105 179 179
cliff 2608 1840 100 179 179
cliff 2800 1824 119 179 179
lay 2840 1832 13 0 179
lay 2840 1848 15 0 179
lay 2856 1832 36 0 179
lay 2856 1848 46 0 179
trop 3156 1836 32 179 179
trop 3148 1828 204 179 179
trop 3156 1836 126 179 179
stand 3224 1832 249 0 179
trop 3276 1828 202 179 179
stand 3376 1828 61 0 0
stand 3432 1848 4 0 179
lay 3720 1848 28 0 179
trop 3812 1828 105 179 179
trop 3836 1824 126 0 0
trop 3892 1844 103 179 179
tree 88 1880 6 0 179
tree 104 1864 17 0 179
trop 172 1876 96 179 179
tree 296 1880 11 0 0
tree 296 1864 19 0 0
tree 328 1864 2 0 0
tree 344 1880 35 0 0
trop 748 1884 17 179 179
trop 836 1876 20 179 179
trop 868 1884 24 179 179
trop 948 1884 24 179 179
trop 1036 1884 24 179 179
trop 1116 1876 24 179 179
trop 1204 1876 24 179 179
cliff 1408 1856 83 179 179
cliff 1600 1856 125 179 179
trop 1756 1868 205 179 179
dom 1760 1856 139 0 179
trop 2244 1884 65 179 179
cliff 2624 1856 105 179 179
cliff 2640 1872 103 179 179
cliff 2800 1856 125 179 179
lay 2856 1864 36 0 179
tree 2904 1880 23 0 179
tree 2888 1864 20 0 179
trop 3132 1868 205 179 179
trop 3108 1860 205 179 179
trop 3444 1868 102 179 179
tree 3480 1864 29 0 179
cliff 3456 1856 34 179 179
trop 3540 1876 73 179 179
stand 3544 1864 155 0 179
stand 3704 1880 65 0 0
trop 3828 1884 104 179 179
lay 3816 1880 28 0 179
trop 3860 1868 204 179 179
lay 3896 1864 28 0 179
dom 1056 1888 154 0 179
cliff 1600 1888 118 179 179
trop 1804 1908 93 179 179
trop 1892 1892 94 179 179
trop 1980 1900 105 179 179
trop 2012 1892 103 179 179
trop 2076 1892 65 179 179
trop 2124 1916 105 179 179
stand 2312 1896 165 0 179
cliff 2640 1888 87 179 179
cliff 2800 1888 91 179 179
cliff 2816 1904 99 179 179
lay 2856 1896 44 0 179
lay 2872 1912 13 0 179
dom 3072 1888 242 0 179
trop 3108 1900 204 179 179
trop 3196 1892 204 179 179
trop 3372 1908 204 179 179
trop 3500 1892 98 179 179
stand 3544 1896 155 0 179
lay 3544 1912 28 0 179
cliff 3552 1888 28 179 179
lay 3624 1896 28 0 179
trop 3620 1900 65 179 179
trop 3724 1908 195 179 179
trop 3716 1916 194 179 179
trop 3716 1892 194 179 179
trop 3860 1896 126 0 0
tree 296 1944 27 0 0
dom 640 1920 189 0 179
trop 764 1948 17 179 179
dom 864 1920 159 0 179
dom 1248 1920 185 0 179
trop 1300 1940 18 179 179
trop 1316 1940 72 179 179
trop 1348 1924 127 179 179
trop 1620 1940 127 179 179
trop 1676 1948 72 179 179
trop 1684 1948 127 179 179
trop 1668 1948 127 179 179
trop 1716 1932 127 179 179
trop 1796 1924 101 179 179
trop 1940 1940 95 179 179
trop 2020 1924 101 179 179
trop 2092 1940 95 179 179
trop 2236 1940 95 179 179
cliff 2640 1920 83 179 179
cliff 2832 1920 119 179 179
trop 3100 1940 204 179 179
trop 3148 1948 126 179 179
stand 3208 1944 248 0 179
trop 3244 1932 204 179 179
trop 3428 1940 102 179 179
lay 3464 1928 28 0 179
lay 3512 1944 28 0 179
trop 3532 1940 105 179 179
stand 3544 1928 155 0 179
trop 3540 1932 204 179 179
trop 3636 1948 204 179 179
trop 3636 1932 204 179 179
dom 3648 1920 245 0 179
trop 3764 1924 146 179 179
trop 3772 1924 195 179 179
trop 3828 1924 102 179 179
trop 3820 1940 102 179 179
trop 188 1972 96 179 179
lay 232 1960 3 0 179
tree 504 1960 29 0 179
tree 504 1976 25 0 179
trop 876 1956 48 179 179
trop 940 1972 48 179 179
trop 1028 1980 48 179 179
trop 1116 1972 48 179 179
trop 1204 1972 48 179 179
dom 1248 1952 131 0 179
trop 1364 1956 127 179 179
most 1472 1952 49 0 179
trop 1724 1964 127 179 179
stand 1880 1960 165 0 179
trop 1972 1972 100 179 179
trop 2308 1964 65 179 179
cliff 2640 1952 87 179 179
cliff 2832 1952 119 179 179
tree 2872 1976 25 0 179
tree 2856 1976 39 0 179
tree 2904 1976 25 0 179
tree 2888 1960 22 0 179
trop 3076 1964 32 179 179
trop 3076 1956 205 179 179
trop 3244 1972 205 179 179
trop 3292 1972 205 179 179
trop 3364 1972 205 179 179
trop 3420 1980 204 179 179
trop 3396 1960 73 0 0
trop 3452 1980 94 179 179
stand 3448 1976 161 0 179
tree 3496 1960 35 0 179
trop 3548 1964 105 179 179
trop 3556 1964 105 179 179
trop 3668 1980 146 179 179
trop 3700 1972 65 179 179
trop 3732 1972 195 179 179
trop 3764 1972 99 179 179
trop 3820 1980 96 179 179
tree 3848 1976 14 0 179
tree 3848 1960 35 0 179
tree 3896 1976 21 0 0
tree 88 1992 5 0 179
tree 248 1992 2 0 0
tree 520 1992 1 0 179
tree 520 2008 17 0 179
tree 568 2008 12 0 179
trop 724 2004 17 179 179
trop 1956 2012 99 179 179
dom 2048 1984 156 0 179
trop 2116 1996 102 179 179
trop 2180 2012 99 179 179
trop 2212 1988 100 179 179
cliff 2640 1984 87 179 179
cliff 2816 2000 111 179 179
lay 2872 2008 39 0 179
stand 3480 2008 179 0 179
trop 3596 2012 105 179 179
trop 3668 2004 204 179 179
trop 3700 1988 18 179 179
trop 3772 1996 99 179 179
vor 3756 2012 9 0 0
dom 3776 1984 250 0 179
stand 3864 2008 156 0 179
trop 3884 1988 204 179 179
tree 88 2040 23 0 179
tree 104 2024 9 0 179
tree 584 2024 35 0 179
tree 584 2040 16 0 179
trop 844 2044 20 179 179
stand 872 2040 165 0 179
stand 1224 2040 165 0 179
trop 1244 2036 22 179 179
trop 1292 2020 18 179 179
cliff 1424 2032 86 179 179
tree 1608 2040 25 0 179
tree 1640 2024 13 0 179
trop 1740 2036 205 179 179
trop 1884 2028 102 179 179
trop 2068 2044 65 179 179
trop 2116 2028 102 179 179
tree 2168 2040 5 0 179
trop 2324 2028 92 179 179
tree 2344 2040 8 0 179
cliff 2640 2016 83 179 179
cliff 2784 2032 120 179 179
cliff 2784 2016 117 179 179
lay 2856 2024 12 0 179
trop 3084 2028 204 179 179
trop 3156 2036 32 179 179
trop 3140 2036 204 179 179
trop 3164 2028 126 179 179
trop 3348 2036 65 179 179
dom 3392 2016 241 0 179
stand 3448 2024 156 0 179
stand 3464 2040 179 0 179
stand 3480 2024 161 0 179
trop 3524 2036 204 179 179
trop 3548 2016 126 0 0
trop 3652 2044 146 179 179
trop 3820 2028 96 179 179
tree 3816 2024 19 0 0
stand 3864 2024 156 0 179
lay 3864 2024 28 0 179
trop 3916 2020 204 179 179
tree 88 2072 39 0 179
trop 940 2052 20 179 179
trop 1228 2060 23 179 179
cliff 1424 2064 87 179 179
tree 1608 2072 22 0 179
tree 1608 2056 34 0 179
trop 1740 2052 205 179 179
trop 1788 2060 205 179 179
trop 1804 2052 65 179 179
dom 1824 2048 136 0 179
trop 1932 2052 94 179 179
trop 2020 2060 65 179 179
trop 2188 2052 65 179 179
tree 2296 2056 16 0 179
tree 2424 2072 12 0 179
tree 2408 2056 14 0 179
cliff 2640 2048 86 179 179
tree 2808 2056 23 0 179
cliff 2784 2064 125 179 179
tree 2840 2056 25 0 179
tree 2824 2072 26 0 179
tree 2824 2056 25 0 179
tree 2920 2072 20 0 179
tree 2920 2056 39 0 179
tree 2936 2056 24 0 179
trop 3132 2076 205 179 179
trop 3148 2060 205 179 179
trop 3148 2068 126 179 179
trop 3148 2052 126 179 179
trop 3172 2076 126 179 179
tree 3288 2056 35 0 179
tree 3272 2072 15 0 179
trop 3348 2076 65 179 179
trop 3484 2068 65 179 179
trop 3532 2068 204 179 179
trop 3588 2072 127 0 0
trop 3644 2076 73 179 179
trop 3828 2064 126 0 0
trop 3900 2072 73 0 0
vor 3892 2052 25 0 0
tree 248 2088 4 0 0
tree 248 2104 19 0 0
tree 264 2104 4 0 0
tree 520 2088 2 0 179
trop 708 2100 65 179 179
dom 768 2080 193 0 179
trop 852 2084 18 179 179
trop 892 2108 18 179 179
trop 1036 2100 26 179 179
trop 1124 2092 26 179 179
trop 1244 2108 23 179 179
trop 1284 2084 18 179 179
cliff 1424 2096 86 179 179
cliff 1584 2080 118 179 179
dom 2048 2080 186 0 179
trop 2132 2084 73 179 179
tree 2184 2104 14 0 179
tree 2440 2088 10 0 179
tree 2488 2088 13 0 179
trop 3164 2084 126 179 179
trop 3188 2084 120 179 179
trop 3204 2100 120 179 179
dom 3282 2080 225 0 179
trop 3294 2092 13 179 179
trop 3270 2092 13 179 179
trop 3316 2108 97 179 179
trop 3388 2092 97 179 179
trop 3620 2108 204 179 179
trop 3636 2092 65 179 179
stand 3656 2104 207 1 179
trop 3700 2080 127 0 0
trop 3804 2096 73 0 0
stand 3816 2104 183 0 179
stand 3816 2088 182 0 179
trop 3852 2104 126 0 0
trop 3892 2100 98 179 179
stand 3896 2104 184 0 179
stand 3912 2088 179 0 179
tree 88 2136 21 0 179
trop 180 2132 96 179 179
tree 248 2120 13 0 0
tree 280 2120 13 0 0
tree 264 2120 2 0 0
tree 552 2136 1 0 179
tree 568 2120 29 0 179
trop 772 2116 65 179 179
cliff 1424 2128 86 179 179
cliff 1584 2112 120 179 179
trop 1772 2140 205 179 179
trop 1924 2116 94 179 179
trop 2196 2124 65 179 179
tree 2280 2120 9 0 179
trop 2364 2116 65 179 179
trop 2372 2124 65 179 179
tree 2488 2120 14 0 179
tree 2488 2136 12 0 179
trop 2540 2132 72 179 179
trop 2876 2140 72 179 179
trop 3196 2116 65 179 179
trop 3196 2116 106 179 179
trop 3284 2132 97 179 179
trop 3268 2116 106 179 179
stand 3290 2136 163 0 179
trop 3316 2116 97 179 179
trop 3444 2124 97 179 179
trop 3508 2116 204 179 179
trop 3732 2132 146 179 179
trop 3732 2124 204 179 179
trop 3844 2140 96 179 179
lay 3880 2136 28 0 179
stand 3928 2120 181 0 179
tree 232 2152 19 0 0
tree 536 2168 18 0 179
tree 792 2168 13 0 179
dom 1024 2144 156 0 179
trop 1060 2172 13 179 179
dom 1152 2144 159 0 179
cliff 1424 2160 85 179 179
cliff 1584 2144 118 179 179
dom 2400 2144 154 0 179
tree 2504 2168 15 0 179
most 2688 2144 49 0 179
trop 3068 2164 65 179 179
trop 3204 2148 101 179 179
stand 3274 2152 163 0 179
stand 3306 2168 158 0 179
stand 3352 2168 183 0 179
trop 3348 2156 97 179 179
stand 3384 2168 181 0 179
stand 3450 2152 161 0 179
stand 3434 2152 162 0 179
stand 3434 2168 161 0 179
stand 3672 2152 166 0 179
dom 3680 2144 194 0 179
dom 3776 2144 250 0 179
trop 3780 2168 73 0 0
trop 3812 2148 96 179 179
trop 3900 2148 106 179 179
trop 3884 2164 99 179 179
tree 104 2200 31 0 179
tree 536 2184 16 0 179
tree 536 2200 36 0 179
dom 704 2176 198 0 179
tree 792 2200 7 0 179
trop 908 2204 65 179 179
cliff 1584 2176 94 179 179
cliff 1600 2192 98 179 179
trop 1812 2188 65 179 179
dom 2016 2176 183 0 179
tree 2280 2184 6 0 179
trop 2380 2196 65 179 179
trop 2444 2180 65 179 179
tree 2520 2184 15 0 179
trop 3284 2188 92 179 179
stand 3368 2184 182 0 179
stand 3368 2200 180 0 179
lay 3416 2200 3 0 179
stand 3450 2184 186 0 179
tree 3480 2200 35 0 179
trop 3556 2196 204 179 179
trop 3564 2204 65 179 179
trop 3692 2200 73 0 0
trop 3724 2180 203 179 179
trop 3748 2188 204 179 179
trop 3860 2192 127 0 0
trop 3884 2204 99 179 179
stand 3896 2184 240 0 179
stand 232 2232 27 0 179
trop 604 2236 73 179 179
trop 588 2236 72 179 179
trop 780 2220 65 179 179
trop 1148 2236 65 179 179
dom 1248 2208 158 0 179
trop 1284 2236 73 179 179
cliff 1408 2224 76 179 179
cliff 1440 2208 79 179 179
cliff 1616 2208 92 179 179
cliff 1632 2224 99 179 179
dom 1824 2208 161 0 179
stand 1880 2232 165 0 179
trop 1908 2212 65 179 179
dom 2208 2208 158 0 179
tree 2520 2232 5 0 179
cliff 2624 2208 85 179 179
tree 2840 2232 23 0 179
trop 3124 2212 195 179 179
dom 3104 2208 242 0 179
trop 3148 2220 205 179 179
trop 3140 2236 65 179 179
trop 3228 2220 65 179 179
tree 3272 2232 12 0 179
trop 3332 2228 99 179 179
trop 3356 2228 100 179 179
trop 3388 2236 105 179 179
trop 3374 2236 91 179 179
lay 3546 2232 6 0 179
dom 3680 2208 194 0 179
trop 3796 2228 204 179 179
trop 3844 2220 203 179 179
stand 3896 2216 240 0 179
tree 104 2248 11 0 179
tree 536 2248 20 0 179
tree 536 2264 40 0 179
trop 684 2268 65 179 179
tree 792 2248 8 0 179
trop 828 2260 15 179 179
trop 1012 2244 65 179 179
tree 1080 2248 16 0 179
trop 1100 2260 15 179 179
trop 1188 2244 65 179 179
trop 1268 2260 18 179 179
cliff 1376 2240 84 179 179
cliff 1632 2256 109 179 179
stand 1676 2240 164 0 179
trop 1916 2260 73 179 179
trop 1924 2268 94 179 179
trop 2132 2252 69 179 179
trop 2188 2260 65 179 179
cliff 2624 2240 87 179 179
tree 2824 2264 39 0 179
tree 2856 2248 24 0 179
trop 3132 2252 205 179 179
trop 3148 2260 205 179 179
trop 3220 2260 205 179 179
trop 3276 2244 102 179 179
trop 3332 2244 98 179 179
trop 3380 2252 105 179 179
lay 3368 2248 28 0 179
trop 3436 2252 97 179 179
lay 3480 2248 28 0 179
stand 3672 2264 159 0 179
stand 3704 2264 163 0 179
stand 3688 2264 157 0 179
trop 3732 2252 146 179 179
stand 3784 2264 156 0 179
trop 3804 2260 96 179 179
trop 3836 2260 96 179 179
trop 3852 2244 204 179 179
trop 3876 2244 204 179 179
stand 3896 2264 239 0 179
tree 104 2296 14 0 179
lay 344 2280 0 0 179
tree 504 2280 7 0 179
tree 520 2296 36 0 179
dom 992 2272 191 0 179
trop 1028 2292 13 179 179
lay 1064 2296 5 0 179
cliff 1376 2272 86 179 179
cliff 1600 2288 120 179 179
cliff 1600 2272 117 179 179
trop 1708 2300 195 179 179
trop 1772 2284 205 179 179
trop 1812 2276 65 179 179
dom 1824 2272 159 0 179
trop 1932 2292 65 179 179
trop 2036 2276 65 179 179
trop 2284 2284 65 179 179
trop 2380 2292 65 179 179
stand 2380 2288 141 0 179
trop 2452 2276 65 179 179
cliff 2640 2272 108 179 179
cliff 2656 2288 101 179 179
cliff 2800 2272 118 179 179
tree 2840 2296 23 0 179
tree 2840 2280 25 0 179
tree 2856 2296 25 0 179
tree 2856 2280 24 0 179
tree 2888 2296 25 0 179
dom 2944 2272 197 0 179
trop 3100 2276 65 179 179
tree 3208 2296 15 0 179
trop 3260 2300 204 179 179
stand 3256 2280 4 0 179
trop 3284 2284 103 179 179
lay 3304 2296 28 0 179
tree 3352 2296 14 0 179
stand 3408 2292 61 0 0
stand 3544 2296 4 0 179
trop 3572 2284 101 179 179
lay 3592 2296 28 0 179
stand 3672 2280 178 0 179
stand 3656 2280 184 0 179
stand 3688 2296 179 0 179
stand 3720 2296 205 1 179
stand 3720 2280 178 0 179
stand 3784 2280 156 0 179
tree 536 2328 2 0 179
tree 552 2328 26 0 179
trop 804 2316 65 179 179
trop 956 2332 13 179 179
trop 1068 2332 65 179 179
trop 1188 2324 65 179 179
dom 1216 2304 189 0 179
cliff 1376 2304 83 179 179
cliff 1600 2320 119 179 179
dom 2208 2304 157 0 179
cliff 2672 2320 79 179 179
cliff 2800 2304 93 179 179
cliff 2816 2320 99 179 179
tree 2872 2328 20 0 179
tree 2856 2312 25 0 179
tree 2872 2312 21 0 179
tree 2904 2328 20 0 179
trop 3116 2308 65 179 179
trop 3142 2316 104 179 179
trop 3260 2308 65 179 179
trop 3308 2308 94 179 179
trop 3348 2332 98 179 179
trop 3348 2316 98 179 179
stand 3464 2312 181 0 179
stand 3576 2328 156 0 179
stand 3688 2312 179 0 179
stand 3720 2328 188 1 179
lay 3736 2312 28 0 179
tree 104 2360 33 0 0
tree 264 2360 27 0 0
trop 636 2348 72 179 179
tree 888 2344 17 0 179
trop 884 2356 65 179 179
trop 1116 2348 15 179 179
cliff 1376 2336 83 179 179
tree 1672 2360 7 0 179
tree 1688 2360 27 0 179
tree 1688 2344 5 0 179
trop 1708 2356 198 179 179
trop 1844 2348 68 179 179
trop 2060 2356 65 179 179
trop 2124 2340 65 179 179
tree 2488 2344 11 0 179
tree 2472 2360 8 0 179
cliff 2640 2336 76 179 179
cliff 2832 2336 118 179 179
tree 2888 2344 20 0 179
tree 2888 2360 24 0 179
tree 2920 2360 25 0 179
trop 3076 2348 91 179 179
trop 3108 2340 81 179 179
trop 3142 2340 97 179 179
trop 3212 2348 104 179 179
trop 3374 2340 81 179 179
trop 3444 2348 99 179 179
stand 3448 2344 184 0 179
stand 3480 2360 180 0 179
stand 3576 2344 182 0 179
stand 3592 2344 182 0 179
stand 3624 2360 205 1 179
stand 3624 2344 196 1 179
trop 3740 2356 105 179 179
trop 3748 2348 204 179 179
trop 3820 2360 127 0 0
tree 56 2392 33 0 0
tree 88 2392 41 0 0
tree 88 2376 41 0 0
tree 72 2392 41 0 0
tree 104 2376 41 0 0
tree 104 2392 41 0 0
tree 280 2376 4 0 0
dom 704 2368 189 0 179
trop 828 2388 15 179 179
trop 820 2396 65 179 179
trop 956 2372 15 179 179
trop 1012 2380 65 179 179
dom 1248 2368 131 0 179
cliff 1376 2368 86 179 179
cliff 1552 2384 117 179 179
cliff 1584 2368 111 179 179
tree 1624 2376 5 0 179
tree 1624 2392 37 0 179
tree 1608 2392 10 0 179
tree 1640 2376 38 0 179
tree 1672 2392 28 0 179
tree 1704 2392 31 0 179
tree 1720 2392 25 0 179
trop 2132 2396 62 179 179
trop 2204 2380 65 179 179
tree 2264 2392 12 0 179
lay 2424 2392 3 0 179
cliff 2592 2384 72 179 179
cliff 2624 2368 80 179 179
cliff 2832 2368 119 179 179
tree 2904 2376 26 0 179
tree 2920 2376 26 0 179
tree 2920 2392 25 0 179
trop 3132 2388 92 179 179
trop 3196 2372 93 179 179
trop 3212 2372 202 179 179
trop 3268 2380 97 179 179
stand 3312 2372 61 0 0
stand 3368 2392 4 0 179
tree 3528 2376 10 0 179
lay 3656 2392 28 0 179
trop 3748 2372 105 179 179
trop 3772 2368 126 0 0
trop 3828 2388 103 179 179
tree 72 2424 0 0 179
tree 104 2408 33 0 0
trop 172 2412 96 179 179
tree 536 2424 27 0 179
trop 1140 2428 101 179 179
cliff 1376 2400 83 179 179
cliff 1552 2400 91 179 179
cliff 1568 2416 99 179 179
tree 1688 2408 27 0 179
tree 1720 2424 38 0 179
stand 2024 2408 165 0 179
stand 2168 2424 152 0 179
cliff 2560 2400 85 179 179
cliff 2832 2400 118 179 179
lay 2872 2408 15 0 179
tree 2904 2424 23 0 179
tree 2904 2408 39 0 179
tree 2888 2408 39 0 179
tree 2920 2424 25 0 179
tree 2952 2424 39 0 179
tree 2952 2408 20 0 179
trop 3068 2412 91 179 179
trop 3124 2428 65 179 179
trop 3164 2404 93 179 179
trop 3180 2428 97 179 179
trop 3268 2420 97 179 179
trop 3358 2428 104 179 179
trop 3380 2412 102 179 179
trop 3366 2428 91 179 179
trop 3420 2420 105 179 179
trop 3476 2420 73 179 179
stand 3480 2408 155 0 179
trop 3462 2428 105 179 179
trop 3614 2420 97 179 179
trop 3764 2428 104 179 179
lay 3752 2424 28 0 179
trop 3796 2412 204 179 179
lay 3832 2408 28 0 179
tree 72 2456 1 0 179
tree 72 2440 3 0 179
trop 628 2460 73 179 179
trop 948 2452 65 179 179
trop 1076 2452 65 179 179
cliff 1376 2432 86 179 179
cliff 1584 2432 95 179 179
cliff 1600 2432 126 179 179
cliff 1632 2448 99 179 179
tree 1752 2440 32 0 179
tree 1736 2440 40 0 179
tree 1800 2440 3 0 179
tree 1848 2456 28 0 179
tree 1864 2456 5 0 179
tree 1912 2456 17 0 179
tree 1896 2456 9 0 179
tree 1944 2456 40 0 179
tree 1928 2456 4 0 179
stand 2300 2448 165 0 179
cliff 2576 2448 82 179 179
cliff 2832 2432 118 179 179
lay 2872 2456 43 0 179
tree 2888 2440 39 0 179
trop 3308 2452 204 179 179
trop 3398 2452 95 179 179
trop 3436 2436 98 179 179
stand 3480 2440 155 0 179
lay 3480 2456 28 0 179
trop 3542 2444 101 179 179
lay 3560 2440 28 0 179
trop 3606 2460 96 179 179
trop 3796 2440 126 0 0
tree 72 2488 41 0 179
trop 180 2476 96 179 179
dom 928 2464 159 0 179
dom 1024 2464 183 0 179
cliff 1392 2464 108 179 179
cliff 1408 2480 100 179 179
cliff 1648 2464 94 179 179
cliff 1664 2480 99 179 179
trop 2132 2484 66 179 179
trop 2212 2468 107 179 179
cliff 2512 2480 86 179 179
cliff 2544 2464 73 179 179
cliff 2832 2464 125 179 179
lay 2872 2472 33 0 179
lay 2872 2488 41 0 179
lay 2888 2488 16 0 179
lay 2888 2472 38 0 179
tree 3000 2488 26 0 179
trop 3100 2468 84 179 179
trop 3364 2484 102 179 179
lay 3400 2472 28 0 179
lay 3448 2488 28 0 179
trop 3468 2484 105 179 179
stand 3480 2472 155 0 179
trop 3476 2476 204 179 179
trop 3572 2492 204 179 179
trop 3572 2476 204 179 179
dom 3584 2464 245 0 179
trop 3700 2468 146 179 179
trop 3764 2468 102 179 179
trop 3756 2484 102 179 179
tree 88 2520 34 0 179
trop 676 2516 70 179 179
cliff 1408 2496 84 179 179
cliff 1680 2496 91 179 179
cliff 1696 2496 88 179 179
cliff 1728 2496 90 179 179
cliff 1760 2496 126 179 179
cliff 1792 2496 88 179 179
cliff 1824 2512 96 179 179
trop 2220 2516 107 179 179
trop 2244 2500 107 179 179
cliff 2832 2496 120 179 179
lay 2888 2504 34 0 179
lay 2888 2520 34 0 179
tree 2952 2504 24 0 179
tree 2968 2504 20 0 179
tree 3000 2504 39 0 179
trop 3060 2524 91 179 179
trop 3300 2516 205 179 179
trop 3356 2524 204 179 179
trop 3332 2504 73 0 0
trop 3388 2524 94 179 179
stand 3384 2520 161 0 179
trop 3366 2524 81 179 179
trop 3484 2508 105 179 179
trop 3492 2508 105 179 179
trop 3604 2524 146 179 179
trop 3636 2516 65 179 179
trop 3700 2516 99 179 179
trop 3756 2524 96 179 179
stand 3864 2504 249 0 179
trop 172 2540 96 179 179
trop 788 2548 67 179 179
cliff 1424 2528 106 179 179
cliff 1440 2544 101 179 179
cliff 1840 2528 92 179 179
cliff 1856 2528 90 179 179
cliff 1888 2528 90 179 179
cliff 1920 2528 126 179 179
cliff 1952 2528 62 179 179
trop 2204 2548 96 179 179
trop 2236 2556 107 179 179
cliff 2496 2544 74 179 179
cliff 2528 2528 80 179 179
cliff 2832 2528 120 179 179
lay 2888 2552 35 0 179
lay 2888 2536 0 0 179
lay 2984 2536 40 0 179
tree 3016 2536 22 0 179
dom 3168 2528 245 0 179
dom 3264 2528 245 0 179
stand 3416 2552 179 0 179
trop 3532 2556 105 179 179
trop 3604 2548 204 179 179
trop 3636 2532 18 179 179
trop 3708 2540 99 179 179
dom 3712 2528 250 0 179
stand 3800 2552 156 0 179
trop 3820 2532 204 179 179
tree 856 2584 14 0 179
tree 840 2584 15 0 179
tree 872 2584 10 0 179
trop 1268 2564 102 179 179
cliff 1456 2560 108 179 179
cliff 1472 2576 104 179 179
cliff 2416 2560 63 179 179
cliff 2400 2560 90 179 179
cliff 2432 2560 90 179 179
cliff 2480 2576 80 179 179
cliff 2832 2560 119 179 179
lay 2888 2584 15 0 179
lay 2904 2568 46 0 179
lay 2936 2584 38 0 179
lay 2952 2568 15 0 179
lay 2968 2584 42 0 179
lay 3016 2568 43 0 179
stand 3384 2568 156 0 179
stand 3400 2584 179 0 179
stand 3416 2568 161 0 179
trop 3460 2580 204 179 179
trop 3484 2560 126 0 0
trop 3588 2588 146 179 179
dom 3712 2560 250 0 179
trop 3756 2572 96 179 179
stand 3800 2568 156 0 179
lay 3800 2568 28 0 179
zabor 3792 2576 104 2 8
tree 648 2600 40 0 179
tree 664 2616 5 0 179
tree 824 2600 13 0 179
tree 840 2600 12 0 179
cliff 1472 2592 83 179 179
trop 2172 2596 123 179 179
trop 2220 2612 107 179 179
trop 2212 2596 202 179 179
trop 2284 2612 123 179 179
cliff 2816 2608 115 179 179
trop 3060 2612 81 179 179
trop 3286 2612 19 179 179
trop 3510 2620 47 179 179
trop 3524 2616 127 0 0
trop 3764 2608 126 0 0
tree 88 2648 9 0 179
tree 88 2632 28 0 179
stand 216 2632 27 0 179
tree 760 2648 17 0 179
tree 792 2648 35 0 179
tree 808 2648 0 0 179
cliff 1488 2624 107 179 179
cliff 1504 2640 101 179 179
trop 2188 2652 123 179 179
lay 2232 2632 28 0 179
trop 2220 2652 202 179 179
trop 2244 2644 123 179 179
cliff 2752 2624 116 179 179
cliff 2768 2624 121 179 179
tree 2808 2632 22 0 179
tree 2840 2648 24 0 179
tree 2824 2632 22 0 179
tree 2856 2648 22 0 179
tree 2904 2632 26 0 179
tree 2888 2632 22 0 179
tree 2888 2648 39 0 179
lay 2968 2632 16 0 179
stand 3144 2648 251 0 179
trop 3310 2644 93 179 179
trop 3342 2644 104 179 179
trop 3366 2652 92 179 179
trop 3374 2652 97 179 179
trop 3470 2644 105 179 179
trop 3526 2644 97 179 179
trop 3556 2652 204 179 179
trop 3582 2644 104 179 179
trop 3636 2624 127 0 0
trop 3788 2648 126 0 0
tree 56 2680 28 0 179
tree 72 2664 18 0 179
tree 696 2664 12 0 179
tree 696 2680 34 0 179
tree 824 2664 15 0 179
tree 952 2680 14 0 179
tree 952 2664 35 0 179
trop 1332 2668 98 179 179
cliff 1520 2656 106 179 179
cliff 1536 2672 121 179 179
cliff 1568 2672 101 179 179
trop 2188 2676 125 179 179
trop 2228 2684 202 179 179
cliff 2704 2672 116 179 179
cliff 2736 2656 112 179 179
lay 2744 2680 45 0 179
lay 2760 2680 12 0 179
lay 2808 2664 45 0 179
tree 2856 2680 21 0 179
tree 2872 2680 23 0 179
tree 2872 2664 21 0 179
tree 2952 2680 22 0 179
trop 3478 2676 101 179 179
dom 3712 2656 250 0 179
tree 88 2712 19 0 179
trop 228 2700 98 179 179
tree 696 2712 6 0 179
tree 712 2696 9 0 179
tree 712 2712 19 0 179
tree 824 2696 16 0 179
tree 840 2712 11 0 179
tree 840 2696 16 0 179
lay 920 2712 1 0 179
tree 952 2696 17 0 179
lay 1464 2712 19 0 179
cliff 1584 2688 106 179 179
cliff 1600 2704 104 179 179
trop 2204 2708 202 179 179
trop 2180 2708 202 179 179
trop 2260 2692 123 179 179
trop 2260 2708 202 179 179
trop 2340 2700 125 179 179
cliff 2704 2688 125 179 179
lay 2744 2712 12 0 179
lay 2792 2696 39 0 179
lay 2824 2696 46 0 179
tree 2856 2712 20 0 179
tree 2904 2696 22 0 179
tree 2936 2712 26 0 179
tree 2920 2696 25 0 179
tree 2920 2712 23 0 179
tree 2968 2696 20 0 179
tree 2984 2712 25 0 179
trop 3060 2716 81 179 179
lay 3096 2696 28 0 179
dom 3282 2688 226 0 179
stand 3514 2712 161 0 179
stand 3498 2696 158 0 179
trop 3588 2716 204 179 179
dom 3616 2688 194 0 179
dom 3712 2688 250 0 179
trop 3732 2700 204 179 179
tree 4008 2712 5 0 179
tree 120 2744 1 0 179
tree 712 2728 28 0 179
tree 728 2728 8 0 179
tree 744 2744 20 0 179
lay 1512 2728 20 0 179
lay 1528 2744 18 0 179
tree 1576 2744 39 0 179
tree 1592 2744 22 0 179
cliff 1616 2720 105 179 179
cliff 1632 2736 104 179 179
trop 2196 2748 96 179 179
trop 2236 2732 96 179 179
trop 2372 2740 124 179 179
cliff 2688 2736 114 179 179
tree 2824 2744 10 0 179
tree 2872 2728 24 0 179
tree 2904 2744 26 0 179
tree 2888 2728 20 0 179
tree 2904 2728 14 0 179
tree 2968 2744 22 0 179
tree 2952 2728 20 0 179
tree 3144 2744 5 0 179
tree 3144 2728 8 0 179
tree 3176 2744 15 0 179
tree 3176 2728 14 0 179
trop 3390 2740 99 179 179
trop 3628 2744 73 0 0
trop 3796 2736 127 0 0
tree 4024 2728 14 0 179
tree 744 2760 13 0 179
tree 840 2760 14 0 179
tree 1608 2760 26 0 179
tree 1624 2760 21 0 179
cliff 1648 2752 105 179 179
tree 1640 2776 39 0 179
tree 1656 2776 39 0 179
cliff 1664 2768 124 179 179
cliff 1696 2768 100 179 179
trop 2148 2764 202 179 179
trop 2348 2772 202 179 179
cliff 2656 2752 116 179 179
lay 2696 2776 45 0 179
tree 2744 2776 10 0 179
tree 2808 2776 35 0 179
tree 2808 2760 14 0 179
tree 2824 2760 12 0 179
tree 2872 2776 21 0 179
tree 2904 2760 21 0 179
tree 2888 2760 24 0 179
trop 3116 2764 204 179 179
trop 3220 2780 204 179 179
dom 3616 2752 194 0 179
zabor 3632 2768 105 2 8
trop 3812 2772 204 179 179
tree 4024 2760 5 0 179
tree 152 2808 12 0 179
tree 344 2808 12 0 179
tree 344 2792 15 0 179
lay 744 2808 34 0 179
lay 776 2792 20 0 179
lay 936 2808 18 0 179
tree 1480 2808 24 0 179
tree 1480 2792 34 0 179
lay 1592 2808 40 0 179
cliff 1712 2784 108 179 179
cliff 1728 2800 122 179 179
cliff 1760 2800 122 179 179
cliff 1792 2800 124 179 179
cliff 1824 2800 121 179 179
cliff 1856 2800 124 179 179
cliff 1888 2800 124 179 179
cliff 1920 2800 122 179 179
cliff 1952 2800 121 179 179
cliff 1984 2800 123 179 179
trop 2212 2796 123 179 179
lay 2232 2792 64 0 179
trop 2324 2812 123 179 179
cliff 2528 2800 124 179 179
cliff 2560 2800 121 179 179
cliff 2592 2800 124 179 179
cliff 2640 2784 113 179 179
lay 2680 2808 0 0 179
lay 2696 2792 41 0 179
lay 2696 2808 20 0 179
tree 2760 2792 11 0 179
tree 2776 2792 13 0 179
tree 2808 2792 26 0 179
tree 2792 2808 21 0 179
tree 2792 2792 35 0 179
tree 2824 2792 39 0 179
tree 3080 2808 14 0 179
tree 3320 2808 10 0 179
trop 3326 2812 96 179 179
trop 3388 2812 204 179 179
trop 3404 2812 204 179 179
tree 4024 2792 5 0 179
tree 152 2824 10 0 179
tree 168 2840 17 0 179
tree 168 2824 11 0 179
tree 376 2840 14 0 179
tree 360 2824 0 0 179
lay 760 2840 2 0 179
lay 808 2840 34 0 179
tree 904 2824 16 0 179
lay 936 2824 28 0 179
lay 984 2824 8 0 179
lay 1016 2824 10 0 179
lay 1000 2824 8 0 179
lay 1032 2824 9 0 179
tree 1464 2824 29 0 179
tree 1544 2840 24 0 179
tree 1544 2824 25 0 179
tree 1608 2840 39 0 179
tree 1800 2840 11 0 179
tree 1864 2840 21 0 179
trop 2220 2836 36 179 179
trop 2260 2844 123 179 179
lay 2248 2824 63 0 179
lay 2584 2840 2 0 179
lay 2616 2824 0 0 179
lay 2664 2824 35 0 179
tree 2776 2824 21 0 179
tree 2776 2840 39 0 179
tree 2792 2824 23 0 179
lay 2872 2824 28 0 179
tree 3080 2824 7 0 179
trop 3084 2844 204 179 179
tree 3208 2840 10 0 179
tree 3304 2824 7 0 179
tree 3320 2824 8 0 179
tree 3560 2824 8 0 179
tree 3576 2824 11 0 179
trop 3604 2820 204 179 179
trop 3972 2828 206 179 179
tree 152 2872 15 0 179
tree 168 2856 10 0 179
trop 268 2868 102 179 179
tree 344 2872 35 0 179
tree 344 2856 13 0 179
tree 408 2856 17 0 179
lay 792 2872 35 0 179
zabor 912 2864 29 0 8
zabor 944 2864 26 0 8
zabor 976 2864 32 0 9
zabor 1008 2864 27 0 8
zabor 1040 2864 31 0 8
zabor 1072 2864 29 0 8
zabor 1104 2864 24 0 8
trop 1412 2876 102 179 179
tree 1496 2872 2 0 179
tree 1544 2856 11 0 179
tree 1592 2872 30 0 179
tree 1576 2872 18 0 179
tree 1608 2872 15 0 179
tree 1720 2856 0 0 179
tree 1736 2856 9 0 179
tree 1768 2856 12 0 179
tree 1784 2856 12 0 179
lay 2248 2872 60 0 179
tree 2296 2856 39 0 179
tree 2328 2856 24 0 179
tree 2312 2856 39 0 179
lay 2328 2856 60 0 179
lay 2312 2856 60 0 179
tree 2376 2856 24 0 179
tree 2536 2872 11 0 179
tree 2760 2856 24 0 179
tree 2776 2856 23 0 179
trop 2996 2876 126 179 179
tree 3192 2856 11 0 179
tree 3432 2856 9 0 179
tree 3448 2856 17 0 179
tree 3576 2872 4 0 179
trop 3772 2860 204 179 179
tree 3896 2872 34 0 0
tree 136 2904 14 0 179
tree 152 2888 16 0 179
tree 184 2904 12 0 179
tree 168 2904 14 0 179
tree 168 2888 0 0 179
tree 344 2904 14 0 179
zabor 912 2896 27 0 8
lay 952 2888 20 0 179
trop 940 2908 195 179 179
zabor 944 2896 39 0 9
lay 984 2888 4 0 179
tree 984 2888 17 0 179
zabor 1104 2896 28 0 8
zabor 1136 2896 24 0 8
zabor 1168 2896 29 0 8
zabor 1200 2896 27 0 8
zabor 1232 2896 34 0 9
zabor 1264 2896 34 0 9
zabor 1296 2896 37 0 9
zabor 1328 2896 29 0 8
zabor 1360 2896 26 0 8
zabor 1392 2896 30 0 8
tree 1528 2904 35 0 179
tree 1544 2904 6 0 179
tree 1544 2888 19 0 179
tree 1592 2888 6 0 179
tree 1608 2888 11 0 179
lay 1640 2888 46 0 179
tree 2136 2904 25 0 179
tree 2136 2888 39 0 179
tree 2152 2888 22 0 179
lay 2312 2904 63 0 179
lay 2360 2904 60 0 179
lay 2344 2888 64 0 179
lay 2424 2904 60 0 179
lay 2568 2888 3 0 179
lay 2600 2904 1 0 179
tree 2664 2904 12 0 179
trop 3004 2900 204 179 179
stand 3272 2904 132 1 179
stand 3304 2904 132 1 179
trop 3660 2900 204 179 179
tree 3912 2904 34 0 0
tree 120 2936 11 0 179
tree 136 2920 0 0 179
tree 168 2920 16 0 179
zabor 912 2928 27 0 8
trop 956 2932 195 179 179
trop 972 2916 202 179 179
trop 996 2924 195 179 179
trop 1004 2940 202 179 179
zabor 1104 2928 26 0 8
lay 1144 2936 7 0 179
lay 1128 2920 9 0 179
lay 1160 2920 8 0 179
lay 1160 2936 9 0 179
trop 1308 2940 195 179 179
zabor 1392 2928 26 0 8
trop 1412 2932 96 179 179
tree 1496 2920 38 0 179
tree 1512 2936 1 0 179
tree 1560 2936 8 0 179
tree 1560 2920 5 0 179
tree 1544 2920 41 0 179
tree 1592 2936 20 0 179
tree 2136 2936 24 0 179
lay 2328 2920 63 0 179
dom 2336 2912 175 3 179
lay 2664 2936 3 0 179
tree 2760 2920 15 0 179
tree 2760 2936 13 0 179
trop 3100 2916 204 179 179
tree 3128 2936 16 0 179
tree 3128 2920 9 0 179
tree 3112 2920 13 0 179
tree 3144 2936 14 0 179
stand 3272 2936 133 0 179
trop 3308 2940 65 179 179
trop 3428 2932 72 179 179
dom 3520 2912 164 2 179
tree 3608 2920 4 0 0
trop 3636 2940 204 179 179
trop 3668 2940 204 179 179
trop 3860 2924 205 179 179
trop 3900 2924 204 179 179
trop 3900 2940 205 179 179
tree 184 2952 15 0 179
zabor 912 2960 26 0 8
trop 980 2948 195 179 179
trop 1004 2972 202 179 179
zabor 1104 2960 26 0 8
tree 1112 2952 39 0 179
lay 1128 2952 38 0 179
lay 1144 2952 8 0 179
lay 1144 2968 9 0 179
trop 1300 2972 202 179 179
trop 1348 2972 202 179 179
zabor 1392 2960 30 0 8
tree 1576 2952 11 0 179
tree 1656 2968 10 0 179
tree 1640 2968 8 0 179
tree 2136 2952 21 0 179
tree 2152 2968 26 0 179
trop 2220 2972 30 179 179
trop 2564 2956 65 179 179
tree 2696 2968 12 0 179
tree 2712 2968 11 0 179
tree 2776 2968 10 0 179
tree 2760 2952 39 0 179
lay 2872 2952 5 0 179
stand 2920 2952 131 1 179
dom 3008 2944 163 1 179
trop 3124 2972 204 179 179
trop 3412 2964 10 179 179
trop 3508 2956 65 179 179
stand 3528 2952 133 0 179
tree 3592 2968 13 0 179
trop 3916 2964 206 179 179
tree 376 3000 17 0 179
lay 680 3000 28 0 179
tree 856 3000 34 0 179
zabor 912 2992 30 0 8
trop 948 2996 195 179 179
trop 972 2996 202 179 179
zabor 1104 2992 26 0 8
lay 1128 2984 10 0 179
lay 1128 3000 8 0 179
trop 1244 2988 204 179 179
trop 1276 3004 204 179 179
zabor 1392 2992 31 0 8
tree 1544 3000 16 0 179
tree 1656 2984 8 0 179
tree 1672 3000 21 0 179
tree 1912 3000 20 0 179
tree 1928 3000 25 0 179
tree 2328 3000 21 0 179
tree 2312 3000 23 0 179
lay 2312 3000 60 0 179
lay 2632 3000 49 0 179
tree 2728 3000 35 0 179
lay 2904 3000 44 0 179
trop 2908 2988 127 179 179
trop 2972 2980 204 179 179
trop 2964 2996 127 179 179
trop 2988 2980 204 179 179
trop 3004 2996 126 179 179
trop 2980 2996 126 179 179
trop 3020 3004 204 179 179
trop 3052 2988 127 179 179
trop 3124 3004 9 179 179
trop 3116 2996 127 179 179
trop 3164 2988 10 179 179
trop 3324 2980 7 179 179
trop 3388 2980 204 179 179
tree 3560 2984 11 0 0
trop 3564 2996 205 179 179
tree 3592 3000 11 0 0
tree 3896 2984 41 0 0
trop 3892 3004 205 179 179
tree 3912 3000 33 0 0
tree 184 3032 13 0 179
trop 268 3028 197 179 179
trop 292 3012 198 179 179
tree 344 3016 39 0 179
trop 324 3028 195 179 179
tree 360 3016 10 0 179
tree 360 3032 26 0 179
tree 408 3008 30 0 179
tree 856 3016 28 0 179
zabor 912 3024 24 0 8
zabor 1104 3024 28 0 8
lay 1128 3032 34 0 179
zabor 1136 3024 39 0 9
trop 1236 3028 204 179 179
trop 1300 3020 202 179 179
zabor 1392 3024 31 0 8
tree 1512 3032 4 0 179
tree 1544 3032 0 0 179
tree 1544 3016 33 0 179
tree 1592 3032 23 0 179
tree 1608 3016 23 0 179
tree 1672 3032 39 0 179
tree 1912 3016 25 0 179
tree 1976 3016 26 0 179
tree 1992 3016 25 0 179
lay 2360 3016 60 0 179
trop 2412 3036 204 179 179
stand 2440 3032 178 0 179
dom 2528 3008 177 0 179
trop 2532 3028 65 179 179
stand 2632 3032 166 0 179
lay 2632 3032 49 0 179
lay 2872 3016 46 0 179
trop 2972 3028 126 179 179
trop 2996 3028 126 179 179
trop 3108 3012 72 179 179
stand 3160 3032 159 0 179
stand 3144 3032 156 0 179
trop 3164 3020 204 179 179
trop 3188 3020 127 179 179
trop 3204 3036 204 179 179
trop 3276 3020 127 179 179
trop 3372 3036 127 179 179
dom 3392 3008 195 0 179
trop 3636 3012 205 179 179
tree 3816 3016 16 0 179
tree 3832 3032 15 0 179
tree 3832 3016 15 0 179
tree 3864 3032 13 0 179
tree 184 3048 13 0 179
tree 232 3064 21 0 179
trop 300 3052 195 179 179
trop 324 3052 98 179 179
trop 332 3052 98 179 179
tree 376 3048 20 0 179
tree 392 3064 39 0 179
tree 408 3064 39 0 179
tree 856 3064 17 0 179
tree 856 3048 13 0 179
zabor 912 3056 35 0 9
zabor 944 3056 34 0 9
lay 1112 3048 7 0 179
zabor 1104 3056 34 0 9
lay 1128 3064 10 0 179
zabor 1136 3056 37 0 9
trop 1308 3044 204 179 179
zabor 1392 3056 29 0 8
tree 1528 3048 17 0 179
tree 1560 3048 21 0 179
tree 1560 3064 0 0 179
tree 1544 3048 16 0 179
tree 1624 3064 25 0 179
tree 1656 3048 21 0 179
tree 1640 3064 26 0 179
tree 1800 3064 24 0 179
tree 1848 3064 20 0 179
tree 1848 3048 25 0 179
tree 1880 3064 20 0 179
tree 1864 3048 26 0 179
tree 1880 3048 25 0 179
trop 2436 3052 195 179 179
lay 2632 3064 49 0 179
tree 2696 3064 0 0 179
tree 2712 3064 13 0 179
tree 2744 3048 14 0 179
tree 2776 3048 12 0 179
tree 2760 3048 12 0 179
lay 3064 3064 46 0 179
lay 3096 3064 38 0 179
stand 3128 3048 159 0 179
stand 3144 3048 159 0 179
tree 3224 3064 15 0 179
trop 3380 3060 146 179 179
tree 3592 3064 35 0 0
tree 3880 3064 35 0 179
tree 232 3096 20 0 179
trop 308 3084 195 179 179
tree 728 3080 20 0 179
tree 760 3096 21 0 179
tree 824 3096 35 0 179
tree 808 3096 19 0 179
tree 856 3096 23 0 179
tree 840 3080 4 0 179
tree 840 3096 24 0 179
zabor 912 3088 36 0 9
zabor 1104 3088 34 0 9
lay 1128 3080 8 0 179
trop 1340 3092 202 179 179
zabor 1392 3088 29 0 8
trop 1420 3076 96 179 179
tree 1496 3080 31 0 179
tree 1512 3096 18 0 179
tree 1640 3080 21 0 179
tree 1688 3080 12 0 179
tree 1800 3096 5 0 179
tree 1800 3080 20 0 179
tree 1848 3080 39 0 179
tree 1832 3080 26 0 179
tree 1880 3080 23 0 179
tree 1864 3080 39 0 179
tree 2104 3080 39 0 179
tree 2120 3096 21 0 179
trop 2332 3100 204 179 179
trop 2388 3076 195 179 179
trop 2436 3084 204 179 179
lay 2488 3096 4 0 179
trop 2604 3092 207 179 179
tree 2712 3080 17 0 179
trop 2988 3100 126 179 179
trop 3020 3084 204 179 179
trop 3012 3076 126 179 179
lay 3096 3080 16 0 179
lay 3144 3080 35 0 179
tree 3176 3080 20 0 179
tree 3192 3080 26 0 179
tree 3176 3096 20 0 179
stand 3352 3096 147 0 179
tree 3482 3103 3 0 0
tree 3498 3087 9 0 0
tree 3498 3103 5 0 0
trop 3676 3084 204 179 179
dom 3680 3072 197 0 179
tree 3880 3080 14 0 179
tree 3880 3096 10 0 179
trop 3932 3092 206 179 179
trop 3956 3100 204 179 179
trop 372 3108 198 179 179
tree 792 3112 9 0 179
tree 840 3128 26 0 179
tree 872 3112 31 0 179
zabor 912 3120 29 0 8
zabor 1104 3120 31 0 8
tree 1128 3128 31 0 179
lay 1128 3112 8 0 179
zabor 1392 3120 26 0 8
tree 1512 3128 14 0 179
stand 1688 3128 159 0 179
lay 1816 3128 26 0 179
lay 1992 3112 26 0 179
dom 1984 3104 195 0 179
trop 2220 3132 30 179 179
trop 2356 3124 195 179 179
trop 2356 3116 124 179 179
trop 2388 3108 207 179 179
tree 2728 3112 16 0 179
tree 2792 3112 24 0 179
trop 3132 3124 205 179 179
tree 3112 3112 25 0 179
tree 3128 3112 23 0 179
tree 3160 3112 0 0 179
tree 3144 3112 20 0 179
lay 3224 3112 28 0 179
stand 3288 3112 153 0 179
stand 3384 3128 157 0 179
stand 3368 3128 159 0 179
trop 3564 3116 205 179 179
trop 3636 3116 205 179 179
tree 3880 3112 11 0 179
tree 168 3160 4 0 0
tree 232 3144 25 0 179
trop 348 3140 197 179 179
trop 372 3164 197 179 179
tree 472 3152 29 0 179
lay 488 3160 15 0 179
tree 792 3160 26 0 179
tree 872 3160 39 0 179
tree 872 3144 15 0 179
zabor 912 3152 26 0 8
zabor 1104 3152 26 0 8
lay 1128 3144 40 0 179
lay 1144 3160 10 0 179
trop 1348 3164 204 179 179
zabor 1392 3152 25 0 8
tree 1528 3144 6 0 179
stand 1688 3160 157 0 179
tree 1880 3144 26 0 179
tree 1880 3160 23 0 179
tree 1896 3144 23 0 179
lay 1928 3160 26 0 179
trop 2324 3164 124 179 179
trop 2372 3140 207 179 179
trop 2428 3164 65 179 179
tree 2680 3144 17 0 179
tree 2760 3160 14 0 179
trop 2852 3164 204 179 179
trop 3012 3140 126 179 179
tree 3176 3144 35 0 179
tree 3192 3144 16 0 179
trop 3268 3156 127 179 179
trop 3356 3164 8 179 179
trop 3332 3164 127 179 179
trop 3380 3148 145 179 179
trop 3364 3156 9 179 179
stand 3368 3144 156 0 179
trop 3428 3164 127 179 179
stand 3480 3144 160 0 179
stand 3496 3160 158 0 179
stand 3496 3144 157 0 179
tree 184 3176 2 0 0
tree 216 3176 2 0 0
tree 200 3176 11 0 0
tree 232 3168 11 0 179
tree 264 3176 22 0 179
tree 856 3192 41 0 179
tree 840 3192 19 0 179
tree 872 3176 6 0 179
zabor 912 3184 27 0 8
trop 1012 3196 204 179 179
zabor 1104 3184 27 0 8
lay 1128 3176 8 0 179
zabor 1392 3184 25 0 8
trop 1420 3172 96 179 179
stand 1688 3192 158 0 179
stand 1736 3192 9 0 179
stand 1800 3192 154 0 179
lay 2040 3192 26 0 179
trop 2540 3188 99 179 179
tree 2632 3192 22 0 179
tree 2648 3192 24 0 179
tree 2696 3192 20 0 179
tree 2728 3192 12 0 179
trop 3004 3172 126 179 179
trop 3164 3188 205 179 179
trop 3308 3172 205 179 179
vor 3444 3196 56 0 0
stand 3496 3176 159 0 179
tree 3608 3176 27 0 0
trop 3588 3180 206 179 179
tree 3640 3176 27 0 0
tree 3640 3192 2 0 0
tree 3624 3176 21 0 0
tree 3656 3176 39 0 179
lay 136 3200 60 0 179
tree 168 3216 20 0 179
tree 280 3216 23 0 179
tree 312 3200 11 0 179
trop 444 3228 197 179 179
tree 840 3208 11 0 179
tree 856 3208 33 0 179
zabor 912 3216 24 0 8
zabor 1104 3216 31 0 8
zabor 1392 3216 25 0 8
tree 1496 3224 37 0 179
tree 1512 3224 23 0 179
tree 1576 3224 8 0 179
stand 1848 3208 178 0 179
trop 2388 3228 15 179 179
lay 2584 3208 28 0 179
tree 2712 3208 39 0 179
tree 2728 3208 35 0 179
tree 2744 3208 12 0 179
tree 2728 3224 25 0 179
trop 3316 3204 204 179 179
trop 3308 3204 205 179 179
trop 3548 3212 206 179 179
tree 152 3240 16 0 179
tree 136 3256 15 0 179
tree 200 3232 12 0 179
tree 248 3232 39 0 179
stand 376 3256 27 0 179
tree 632 3240 16 0 179
tree 664 3256 10 0 179
tree 648 3240 0 0 179
tree 680 3256 20 0 179
tree 696 3256 36 0 179
tree 696 3240 10 0 179
tree 680 3240 18 0 179
zabor 912 3248 25 0 8
zabor 1104 3248 26 0 8
trop 1332 3260 204 179 179
zabor 1392 3248 29 0 8
tree 1512 3240 24 0 179
tree 1560 3240 18 0 179
tree 1544 3240 8 0 179
tree 1560 3256 40 0 179
stand 1800 3256 154 0 179
stand 1848 3240 179 0 179
stand 1864 3240 179 0 179
trop 2172 3244 96 179 179
trop 2332 3252 124 179 179
dom 2400 3232 197 0 179
trop 2428 3236 65 179 179
trop 2404 3236 204 179 179
trop 2436 3244 207 179 179
trop 2500 3236 94 179 179
tree 2968 3256 12 0 179
tree 2984 3256 14 0 179
trop 3004 3260 126 179 179
trop 3516 3260 204 179 179
trop 3532 3244 124 0 0
trop 3700 3244 205 179 179
trop 412 3268 102 179 179
lay 760 3288 12 0 179
tree 856 3288 18 0 179
tree 856 3272 10 0 179
tree 872 3288 7 0 179
zabor 912 3280 26 0 8
zabor 944 3280 33 0 9
zabor 976 3280 36 0 9
zabor 1008 3280 25 0 8
zabor 1040 3280 30 0 8
zabor 1072 3280 28 0 8
zabor 1104 3280 30 0 8
trop 1332 3292 204 179 179
zabor 1360 3280 33 0 9
zabor 1392 3280 25 0 8
tree 1544 3272 27 0 179
tree 1560 3272 13 0 179
tree 1704 3272 6 0 179
trop 1844 3268 65 179 179
trop 2220 3284 30 179 179
tree 2280 3272 23 0 179
tree 2280 3288 24 0 179
vor 2852 3276 0 0 0
trop 2940 3268 126 179 179
trop 2956 3292 204 179 179
tree 2952 3272 22 0 179
tree 2968 3288 23 0 179
tree 2984 3272 11 0 179
trop 3004 3284 126 179 179
tree 3016 3272 10 0 179
tree 3032 3272 16 0 179
tree 3048 3272 13 0 179
trop 3676 3284 203 179 179
trop 3708 3284 204 179 179
lay 3944 3272 3 0 179
lay 184 3304 3 0 179
stand 392 3304 254 0 179
tree 568 3296 11 0 179
tree 568 3312 0 0 179
tree 680 3304 32 0 179
tree 856 3304 5 0 179
tree 840 3304 28 0 179
tree 888 3320 4 0 179
zabor 1392 3312 25 0 8
trop 1412 3308 96 179 179
dom 1984 3296 231 0 179
trop 2068 3300 106 179 179
trop 2068 3316 106 179 179
trop 2140 3300 104 179 179
tree 2296 3304 22 0 179
tree 2312 3320 21 0 179
trop 2364 3316 204 179 179
trop 2412 3308 207 179 179
trop 2876 3316 204 179 179
stand 2872 3320 151 0 179
trop 2972 3300 126 179 179
tree 3000 3304 20 0 179
lay 3368 3320 4 0 179
trop 3516 3308 204 179 179
tree 120 3336 13 0 179
trop 100 3332 195 179 179
stand 344 3352 253 0 179
lay 328 3352 3 0 179
tree 344 3336 35 0 179
tree 536 3352 20 0 179
lay 712 3352 34 0 179
tree 920 3336 34 0 179
tree 952 3352 20 0 179
tree 1016 3352 27 0 179
tree 1048 3352 37 0 179
tree 1032 3352 26 0 179
zabor 1392 3344 27 0 8
tree 1688 3352 8 0 179
trop 1988 3340 65 179 179
trop 2124 3332 101 179 179
tree 2280 3352 24 0 179
tree 2312 3352 25 0 179
tree 2328 3352 23 0 179
trop 2364 3340 124 179 179
tree 2376 3352 23 0 179
tree 2408 3352 5 0 179
tree 2936 3336 14 0 179
tree 2920 3352 39 0 179
trop 2964 3348 125 179 179
trop 3036 3340 125 179 179
trop 3668 3356 203 179 179
trop 76 3380 202 179 179
trop 100 3368 126 0 0
stand 344 3384 71 1 179
trop 372 3380 126 179 179
lay 584 3384 16 0 179
lay 712 3368 43 0 179
tree 920 3384 41 0 179
tree 920 3368 29 0 179
zabor 976 3376 39 0 9
tree 1016 3384 26 0 179
zabor 1008 3376 36 0 9
tree 1032 3368 6 0 179
tree 1080 3368 41 0 179
tree 1080 3384 6 0 179
tree 1064 3368 4 0 179
tree 1064 3384 13 0 179
zabor 1072 3376 36 0 9
zabor 1168 3376 29 0 8
zabor 1200 3376 24 0 8
zabor 1232 3376 26 0 8
zabor 1264 3376 29 0 8
zabor 1296 3376 31 0 8
zabor 1328 3376 33 0 9
zabor 1360 3376 37 0 9
zabor 1392 3376 24 0 8
lay 1464 3384 6 0 179
stand 1752 3384 9 0 179
lay 1816 3384 2 0 179
dom 1920 3360 226 0 179
trop 1972 3372 65 179 179
trop 2068 3388 106 179 179
trop 2076 3388 124 179 179
trop 2124 3388 124 179 179
tree 2296 3368 22 0 179
tree 2328 3368 39 0 179
tree 2376 3368 26 0 179
tree 2392 3368 20 0 179
tree 2392 3384 21 0 179
tree 2408 3384 23 0 179
tree 2504 3384 12 0 179
tree 2520 3384 13 0 179
tree 2520 3368 16 0 179
trop 2500 3364 94 179 179
tree 2536 3368 17 0 179
lay 2808 3384 6 0 179
trop 3028 3380 101 179 179
trop 3092 3372 124 179 179
trop 3156 3364 204 179 179
lay 3208 3368 28 0 179
trop 3972 3388 204 179 179
trop 4068 3388 205 179 179
trop 100 3416 126 0 0
tree 168 3416 35 0 179
tree 168 3400 11 0 179
tree 176 3396 0 0 0
tree 264 3416 15 0 179
tree 280 3400 10 0 179
trop 492 3420 204 179 179
tree 552 3408 21 0 179
tree 874 3416 5 0 179
tree 890 3416 4 0 179
tree 906 3416 8 0 179
zabor 1008 3408 39 0 9
zabor 1040 3408 34 0 9
zabor 1072 3408 39 0 9
trop 1516 3404 106 179 179
trop 1532 3396 106 179 179
trop 1556 3420 106 179 179
lay 1800 3416 1 0 179
trop 1884 3404 65 179 179
stand 2008 3416 177 0 179
trop 2028 3420 90 179 179
trop 2124 3420 104 179 179
trop 2156 3420 93 179 179
trop 2252 3412 41 179 179
trop 2620 3412 205 179 179
trop 2732 3420 97 179 179
trop 2860 3404 106 179 179
trop 2876 3396 106 179 179
trop 2900 3420 106 179 179
fre 2924 3404 0 179 179
tree 3224 3400 5 0 179
tree 3224 3416 12 0 179
tree 3240 3400 16 0 179
trop 3996 3412 205 179 179
trop 92 3440 126 0 0
trop 132 3436 195 179 179
tree 160 3428 0 0 0
tree 160 3444 7 0 0
tree 280 3432 16 0 179
trop 380 3444 126 179 179
stand 488 3448 254 0 179
tree 600 3440 14 0 179
tree 1080 3432 20 0 179
tree 1064 3448 14 0 179
trop 1500 3428 97 179 179
trop 1628 3428 101 179 179
trop 1628 3444 106 179 179
lay 1832 3448 0 0 179
trop 1844 3452 72 179 179
trop 2436 3428 124 179 179
trop 2508 3452 94 179 179
trop 2548 3428 97 179 179
trop 2588 3428 97 179 179
trop 2844 3428 97 179 179
trop 2972 3428 101 179 179
trop 2972 3444 106 179 179
trop 3188 3436 125 179 179
tree 3304 3432 7 0 179
cliff 3344 3424 34 179 179
lay 3480 3432 21 0 179
trop 3652 3452 204 179 179
trop 3908 3428 204 179 179
trop 3956 3452 204 179 179
tree 8 3480 26 0 179
tree 8 3464 21 0 179
trop 116 3460 202 179 179
tree 152 3464 16 0 179
tree 168 3480 16 0 179
stand 216 3480 71 1 179
stand 232 3480 71 1 179
lay 440 3480 5 0 179
tree 632 3472 21 0 179
lay 760 3480 20 0 179
tree 1178 3464 4 0 179
trop 2348 3476 42 179 179
trop 2524 3476 205 179 179
trop 2572 3468 206 179 179
trop 2644 3468 101 179 179
fre 3052 3476 5 179 179
tree 3080 3464 6 0 179
tree 3096 3480 13 0 179
trop 3172 3468 124 179 179
tree 3352 3464 7 0 179
tree 3352 3480 17 0 179
trop 3420 3484 204 179 179
trop 3812 3468 204 179 179
trop 4004 3484 205 179 179
trop 116 3488 126 0 0
trop 124 3508 195 179 179
tree 184 3512 16 0 179
tree 160 3508 8 0 0
tree 200 3512 12 0 179
dom 320 3488 170 3 179
trop 380 3492 126 179 179
trop 500 3516 126 179 179
tree 712 3496 6 0 179
tree 712 3512 10 0 179
dom 834 3504 196 0 179
trop 862 3516 65 179 179
dom 1026 3504 195 0 179
trop 1444 3492 94 179 179
trop 1484 3508 98 179 179
trop 1500 3508 99 179 179
stand 1528 3496 160 0 179
stand 1544 3512 163 0 179
tree 1704 3496 8 0 179
tree 1960 3512 7 0 179
trop 2460 3492 100 179 179
trop 2476 3516 124 179 179
trop 2788 3492 94 179 179
trop 2828 3508 98 179 179
trop 2844 3508 99 179 179
stand 2872 3496 160 0 179
stand 2888 3512 163 0 179
trop 3036 3492 204 179 179
trop 3036 3516 205 179 179
tree 3096 3512 21 0 179
trop 3140 3508 204 179 179
trop 3228 3492 105 179 179
trop 3292 3500 125 179 179
trop 3380 3508 204 179 179
trop 3812 3492 205 179 179
tree 64 3540 7 0 0
trop 124 3528 126 0 0
trop 108 3524 202 179 179
trop 132 3548 195 179 179
tree 184 3528 16 0 179
tree 208 3540 7 0 0
tree 200 3544 15 0 179
trop 356 3540 126 179 179
lay 456 3544 32 0 179
tree 648 3520 22 0 179
tree 696 3528 9 0 179
tree 680 3544 10 0 179
tree 696 3544 5 0 179
lay 856 3544 39 0 179
trop 1006 3524 65 179 179
trop 1110 3540 65 179 179
stand 1194 3528 180 0 179
trop 1302 3540 65 179 179
trop 1644 3532 100 179 179
tree 1816 3544 7 0 179
trop 2212 3548 204 179 179
tree 2264 3528 20 0 179
tree 2280 3544 23 0 179
tree 2296 3544 25 0 179
trop 2308 3548 124 179 179
trop 2484 3524 99 179 179
trop 2988 3532 100 179 179
trop 3108 3524 124 179 179
trop 3196 3548 124 179 179
trop 3372 3532 101 179 179
trop 3364 3524 124 179 179
trop 3476 3532 204 179 179
tree 3496 3544 12 0 179
trop 3572 3548 103 179 179
tree 3640 3528 13 0 179
stand 3704 3544 195 0 179
stand 3736 3544 196 0 179
tree 136 3576 0 0 0
tree 184 3560 17 0 179
tree 200 3560 12 0 179
tree 200 3576 0 0 179
trop 372 3572 126 179 179
trop 404 3564 126 179 179
tree 440 3560 13 0 179
trop 508 3580 126 179 179
lay 648 3552 60 0 179
tree 680 3568 20 0 179
tree 696 3576 10 0 179
tree 696 3560 7 0 179
lay 712 3576 40 0 179
lay 760 3560 42 0 179
trop 1150 3572 97 179 179
trop 1310 3572 97 179 179
tree 1800 3560 5 0 179
tree 1848 3560 9 0 179
tree 1832 3560 9 0 179
tree 1864 3560 6 0 179
trop 2012 3572 204 179 179
trop 2020 3564 207 179 179
trop 2116 3556 204 179 179
trop 2148 3580 124 179 179
trop 2220 3556 204 179 179
trop 2268 3580 124 179 179
tree 2472 3560 23 0 179
trop 3204 3556 101 179 179
trop 3204 3564 205 179 179
trop 3252 3564 204 179 179
tree 3304 3560 16 0 179
trop 3508 3580 105 179 179
stand 3688 3576 194 0 179
trop 3684 3572 205 179 179
trop 3732 3572 205 179 179
stand 3752 3576 193 0 179
trop 3852 3572 204 179 179
trop 3860 3572 205 179 179
trop 4044 3564 206 179 179
trop 140 3604 195 179 179
tree 184 3592 11 0 179
tree 184 3608 16 0 179
dom 320 3584 176 3 179
lay 456 3608 4 0 179
tree 696 3608 13 0 179
tree 696 3592 11 0 179
trop 862 3604 65 179 179
trop 1118 3604 101 179 179
tree 1336 3608 15 0 179
stand 1592 3608 162 0 179
stand 1608 3592 159 0 179
tree 2160 3604 7 0 0
trop 2172 3588 207 179 179
tree 2216 3608 26 0 179
tree 2232 3608 39 0 179
tree 2296 3608 24 0 179
trop 2380 3604 30 179 179
tree 2440 3592 20 0 179
tree 2440 3608 21 0 179
tree 2472 3608 23 0 179
tree 2680 3608 15 0 179
trop 2860 3588 205 179 179
stand 2936 3608 162 0 179
stand 2952 3592 159 0 179
tree 3224 3608 14 0 179
trop 3404 3612 204 179 179
trop 3556 3604 204 179 179
stand 3656 3592 195 0 179
stand 3832 3608 210 0 179
tree 4024 3592 33 0 0
trop 60 3636 195 179 179
trop 92 3636 202 179 179
tree 184 3624 5 0 179
tree 248 3624 32 0 179
tree 264 3640 38 0 179
tree 696 3640 6 0 179
tree 696 3624 13 0 179
trop 990 3628 65 179 179
trop 1006 3628 100 179 179
stand 1146 3640 163 0 179
stand 1130 3624 181 0 179
stand 1162 3640 161 0 179
trop 1246 3620 95 179 179
trop 1222 3620 101 179 179
trop 1310 3636 100 179 179
tree 1320 3624 10 0 179
trop 1420 3636 96 179 179
tree 1496 3640 14 0 179
stand 1608 3640 160 0 179
stand 1608 3624 156 0 179
stand 1624 3624 159 0 179
tree 2160 3620 0 0 0
trop 2204 3644 207 179 179
tree 2200 3624 21 0 179
tree 2216 3624 23 0 179
tree 2264 3624 22 0 179
tree 2280 3624 21 0 179
tree 2280 3640 39 0 179
tree 2440 3624 21 0 179
tree 2456 3640 26 0 179
trop 2468 3644 98 179 179
tree 2488 3624 20 0 179
tree 2664 3624 10 0 179
trop 2764 3636 96 179 179
tree 2840 3640 14 0 179
stand 2952 3640 160 0 179
stand 2952 3624 156 0 179
stand 2968 3624 159 0 179
tree 3000 3640 21 0 179
tree 3224 3624 35 0 179
trop 3404 3628 204 179 179
fre 3444 3628 1 179 179
trop 3500 3620 204 179 179
trop 3636 3636 98 179 179
trop 3660 3620 205 179 179
lay 3688 3640 28 0 179
trop 3756 3644 65 179 179
tree 3896 3624 25 0 179
tree 3928 3624 39 0 179
tree 3944 3640 24 0 179
tree 3944 3624 21 0 179
trop 3956 3620 204 179 179
tree 136 3656 19 0 179
trop 140 3652 195 179 179
tree 152 3672 16 0 0
tree 184 3656 28 0 179
tree 200 3656 39 0 179
trop 220 3676 195 179 179
tree 264 3656 23 0 179
trop 340 3668 127 179 179
trop 380 3676 127 179 179
stand 504 3672 11 0 179
trop 508 3668 127 179 179
trop 516 3652 126 179 179
tree 600 3656 8 0 179
tree 616 3656 11 0 179
tree 632 3656 6 0 179
tree 664 3672 7 0 179
tree 680 3672 12 0 179
tree 696 3672 12 0 179
dom 834 3664 176 0 179
trop 854 3652 65 179 179
stand 1034 3672 147 0 179
tree 1114 3656 14 0 179
trop 1286 3660 105 179 179
trop 1412 3676 104 179 179
stand 1528 3656 179 0 179
stand 1512 3672 178 1 179
tree 1576 3656 16 0 179
stand 1640 3672 185 0 179
dom 1888 3648 175 0 179
dom 1984 3648 175 0 179
trop 1988 3652 207 179 179
stand 2024 3656 9 0 179
tree 2264 3656 23 0 179
trop 2460 3676 98 179 179
tree 2456 3656 20 0 179
tree 2472 3656 25 0 179
tree 2488 3672 39 0 179
tree 2520 3672 22 0 179
trop 2756 3676 104 179 179
stand 2872 3656 179 0 179
stand 2856 3672 178 1 179
tree 2920 3656 16 0 179
stand 2984 3672 185 0 179
trop 3164 3660 205 179 179
trop 3340 3652 204 179 179
trop 3356 3668 205 179 179
trop 3404 3660 105 179 179
trop 3452 3676 101 179 179
trop 3500 3668 97 179 179
trop 3492 3660 102 179 179
trop 3540 3660 104 179 179
trop 3572 3676 103 179 179
stand 3656 3656 209 0 179
tree 3960 3656 22 0 179
trop 3972 3676 206 179 179
trop 188 3684 195 179 179
trop 308 3692 127 179 179
trop 452 3700 127 179 179
trop 556 3684 127 179 179
tree 986 3704 12 0 179
trop 966 3684 99 179 179
trop 1190 3708 104 179 179
trop 1294 3692 105 179 179
trop 1532 3700 105 179 179
stand 1672 3704 184 0 179
stand 1688 3688 180 0 179
stand 1704 3704 179 0 179
trop 2028 3700 127 179 179
tree 2536 3688 21 0 179
trop 2876 3700 105 179 179
stand 3016 3704 184 0 179
stand 3032 3688 180 0 179
stand 3048 3704 179 0 179
lay 3624 3688 28 0 179
trop 3780 3708 94 179 179
lay 3864 3704 28 0 179
trop 100 3716 80 179 179
trop 212 3716 80 179 179
tree 216 3720 8 0 0
trop 340 3716 93 179 179
trop 428 3740 97 179 179
trop 476 3716 90 179 179
trop 492 3716 127 179 179
trop 596 3732 85 179 179
trop 604 3716 93 179 179
trop 724 3724 93 179 179
trop 756 3716 90 179 179
tree 746 3720 6 0 179
lay 736 3728 0 0 179
trop 862 3716 65 179 179
stand 970 3720 200 1 179
tree 1274 3736 14 0 179
trop 1348 3740 104 179 179
trop 1412 3732 73 179 179
stand 1672 3720 183 0 179
stand 1704 3720 178 0 179
trop 1844 3724 7 179 179
trop 1908 3716 65 179 179
trop 1924 3716 10 179 179
trop 2052 3716 127 179 179
tree 2176 3732 8 0 0
tree 2192 3716 7 0 0
lay 2264 3720 1 0 179
trop 2532 3732 97 179 179
trop 2620 3732 97 179 179
trop 2692 3740 104 179 179
trop 2756 3732 73 179 179
stand 3016 3720 183 0 179
stand 3048 3720 178 0 179
trop 3372 3716 127 179 179
stand 3400 3720 153 0 179
trop 3404 3740 195 179 179
trop 3404 3724 198 179 179
trop 3516 3732 204 179 179
trop 3724 3732 104 179 179
trop 3852 3716 105 179 179
trop 196 3756 101 179 179
trop 260 3764 86 179 179
trop 316 3764 105 179 179
trop 364 3748 97 179 179
trop 388 3748 97 179 179
lay 704 3744 2 0 179
stand 842 3752 181 0 179
stand 874 3752 182 0 179
trop 910 3748 96 179 179
trop 1062 3772 100 179 179
tree 1194 3752 14 0 179
tree 1290 3752 9 0 179
trop 1396 3756 94 179 179
trop 1460 3756 97 179 179
trop 1556 3748 95 179 179
trop 1612 3756 97 179 179
trop 1700 3748 105 179 179
dom 1792 3744 176 0 179
trop 1828 3748 97 179 179
trop 1860 3756 65 179 179
trop 1876 3764 104 179 179
trop 2012 3748 127 179 179
trop 2020 3772 207 179 179
trop 2044 3764 127 179 179
stand 2056 3752 153 0 179
trop 2108 3772 127 179 179
lay 2264 3768 0 0 179
trop 2380 3756 30 179 179
trop 2652 3748 97 179 179
trop 2740 3756 94 179 179
trop 2804 3756 97 179 179
trop 2900 3748 95 179 179
trop 2956 3756 97 179 179
trop 3044 3748 105 179 179
trop 3172 3748 97 179 179
trop 3220 3764 104 179 179
trop 3404 3756 127 179 179
trop 3492 3756 104 179 179
trop 3636 3764 105 179 179
trop 3684 3756 104 179 179
trop 3740 3764 105 179 179
lay 3864 3752 28 0 179
trop 3860 3764 47 179 179
trop 332 3788 127 179 179
trop 388 3796 127 179 179
trop 500 3780 100 179 179
trop 484 3788 104 179 179
tree 536 3800 15 0 179
tree 520 3800 2 0 179
tree 568 3800 24 0 179
tree 552 3800 13 0 179
tree 584 3800 32 0 179
tree 656 3776 11 0 179
lay 688 3792 3 0 179
tree 816 3792 13 0 179
trop 1366 3780 102 179 179
trop 1428 3804 107 179 179
trop 1708 3804 97 179 179
trop 1732 3804 72 179 179
trop 1788 3804 9 179 179
trop 1796 3780 101 179 179
trop 1860 3804 207 179 179
trop 1860 3788 126 179 179
trop 1908 3796 99 179 179
trop 1900 3796 100 179 179
trop 1924 3796 100 179 179
tree 1964 3805 3 0 0
tree 2192 3780 0 0 0
trop 2228 3804 204 179 179
trop 2284 3788 124 179 179
trop 2492 3796 100 179 179
trop 2604 3780 101 179 179
trop 2772 3804 107 179 179
trop 3052 3804 97 179 179
trop 3076 3804 72 179 179
trop 3140 3780 101 179 179
trop 3260 3804 205 179 179
trop 3580 3796 95 179 179
trop 3780 3796 101 179 179
trop 3916 3796 95 179 179
tree 120 3832 17 0 179
tree 152 3832 10 0 179
tree 136 3832 14 0 179
tree 264 3816 8 0 179
trop 364 3820 105 179 179
trop 356 3828 105 179 179
lay 720 3808 1 0 179
tree 784 3808 12 0 179
trop 902 3812 103 179 179
trop 950 3836 104 179 179
tree 1018 3816 12 0 179
trop 1484 3828 98 179 179
trop 1500 3820 99 179 179
trop 1548 3812 97 179 179
tree 1968 3819 8 0 0
trop 1972 3812 204 179 179
tree 1984 3819 0 0 0
trop 2084 3820 204 179 179
tree 2224 3819 8 0 0
tree 2240 3835 8 0 0
trop 2508 3812 100 179 179
trop 2828 3828 98 179 179
trop 2844 3820 99 179 179
trop 2892 3812 97 179 179
trop 3420 3820 205 179 179
stand 3448 3832 154 0 179
stand 3496 3832 154 0 179
tree 3704 3816 16 0 179
lay 3720 3832 10 0 179
tree 3720 3816 16 0 179
lay 3752 3816 28 0 179
tree 3896 3832 15 0 179
tree 3928 3832 39 0 179
tree 3912 3832 22 0 179
trop 3924 3828 206 179 179
tree 3960 3832 26 0 179
tree 3944 3832 26 0 179
tree 3976 3832 23 0 179
tree 3976 3816 24 0 179
tree 88 3848 35 0 179
tree 152 3848 35 0 179
tree 184 3848 10 0 179
tree 200 3864 17 0 179
tree 264 3840 1 0 179
tree 280 3840 27 0 179
tree 568 3856 8 0 179
trop 684 3860 65 179 179
lay 728 3848 19 0 179
lay 856 3864 1 0 179
tree 1128 3848 14 0 179
tree 1160 3864 12 0 179
tree 1322 3864 8 0 179
tree 1338 3848 9 0 179
trop 1500 3868 100 179 179
trop 1668 3868 100 179 179
trop 1724 3844 101 179 179
lay 1816 3848 5 0 179
trop 1844 3860 91 179 179
trop 1852 3860 102 179 179
trop 1860 3860 126 179 179
trop 1900 3844 124 179 179
lay 2040 3864 3 0 179
trop 2116 3852 124 179 179
tree 2264 3864 20 0 179
trop 2244 3852 124 179 179
tree 2456 3848 39 0 179
tree 2456 3864 39 0 179
trop 2844 3868 100 179 179
trop 3012 3868 100 179 179
trop 3068 3844 101 179 179
lay 3160 3848 5 0 179
trop 3196 3860 102 179 179
stand 3448 3864 157 0 179
stand 3528 3864 162 0 179
stand 3528 3848 162 0 179
trop 3692 3844 206 179 179
trop 3892 3860 195 179 179
tree 3928 3848 23 0 179
trop 3908 3860 195 179 179
tree 3960 3848 26 0 179
tree 3944 3848 22 0 179
tree 168 3880 11 0 179
dom 416 3872 79 3 179
tree 1160 3880 6 0 179
tree 1176 3880 14 0 179
tree 1192 3880 9 0 179
tree 1256 3896 13 0 179
tree 1338 3880 16 0 179
trop 1372 3892 96 179 179
stand 1624 3896 160 0 179
stand 1608 3896 161 0 179
stand 1640 3896 181 1 179
stand 1688 3880 160 0 179
trop 1876 3892 126 179 179
trop 1916 3876 103 179 179
trop 1980 3892 124 179 179
tree 2264 3880 39 0 179
tree 2264 3896 20 0 179
tree 2456 3880 26 0 179
tree 2472 3880 21 0 179
tree 2472 3896 26 0 179
tree 2504 3896 26 0 179
tree 2520 3896 22 0 179
tree 2520 3880 20 0 179
trop 2716 3892 96 179 179
stand 2968 3896 160 0 179
stand 2952 3896 161 0 179
stand 2984 3896 181 1 179
stand 3032 3880 160 0 179
trop 3260 3876 103 179 179
tree 3416 3880 39 0 179
tree 3400 3896 21 0 179
tree 3432 3880 39 0 179
stand 3464 3880 156 0 179
stand 3544 3880 163 0 179
tree 584 3920 16 0 179
trop 652 3932 65 179 179
dom 648 3912 177 0 179
trop 1428 3916 96 179 179
trop 1412 3932 73 179 179
trop 1516 3908 100 179 179
trop 1532 3916 106 179 179
stand 1608 3912 156 0 179
trop 1668 3932 106 179 179
trop 1780 3908 106 179 179
trop 1860 3924 126 179 179
trop 1860 3932 126 179 179
tree 2128 3931 8 0 0
trop 2220 3916 204 179 179
trop 2380 3908 30 179 179
tree 2456 3928 24 0 179
tree 2504 3912 20 0 179
trop 2772 3916 96 179 179
trop 2756 3932 73 179 179
trop 2860 3908 100 179 179
trop 2876 3916 106 179 179
stand 2952 3912 156 0 179
trop 3012 3932 106 179 179
trop 3124 3908 106 179 179
stand 560 3936 178 0 179
trop 1532 3964 105 179 179
trop 1844 3940 124 179 179
trop 1892 3948 126 179 179
trop 1980 3948 124 179 179
tree 2472 3960 21 0 179
trop 2876 3964 105 179 179
trop 4004 3956 206 179 179
tree 392 3984 6 0 179
trop 1636 3980 106 179 179
trop 1764 3972 97 179 179
trop 1820 3972 104 179 179
trop 2380 3980 30 179 179
tree 2472 3992 39 0 179
trop 2980 3980 106 179 179
trop 3108 3972 97 179 179
trop 3164 3972 104 179 179
lay 608 4000 4 0 179
stand 1544 4024 161 0 179
trop 1844 4004 101 179 179
tree 1952 4020 0 0 0
tree 2096 4027 8 0 0
tree 2440 4024 23 0 179
tree 2456 4024 25 0 179
tree 2472 4008 22 0 179
tree 2488 4024 25 0 179
stand 2888 4024 161 0 179
trop 3188 4004 101 179 179
trop 1516 4036 100 179 179
stand 1528 4056 162 0 179
stand 1512 4056 156 0 179
stand 1544 4040 156 0 179
stand 1544 4056 161 0 179
stand 1576 4056 157 0 179
stand 1576 4040 158 0 179
tree 2440 4040 23 0 179
tree 2488 4040 25 0 179
tree 2504 4040 39 0 179
trop 2860 4036 100 179 179
stand 2872 4056 162 0 179
stand 2856 4056 156 0 179
stand 2888 4040 156 0 179
stand 2888 4056 161 0 179
stand 2920 4056 157 0 179
stand 2920 4040 158 0 179
