trop 952 12 112 179 179
trop 1048 12 112 179 179
tree 4000 4 15 0 179
tree 4000 20 9 0 179
trop 952 44 112 179 179
trop 1048 44 112 179 179
tree 4000 36 12 0 179
tree 776 88 15 0 179
tree 792 88 14 0 179
tree 808 88 8 0 179
tree 824 88 8 0 179
trop 952 76 112 179 179
trop 1048 76 112 179 179
tree 4016 68 11 0 179
tree 168 104 8 0 179
tree 184 104 7 0 179
tree 184 120 14 0 179
tree 824 104 4 0 179
trop 952 108 112 179 179
trop 1048 108 112 179 179
tree 1168 100 9 0 179
trop 1302 120 104 179 179
trop 1310 120 91 179 179
trop 1406 120 105 179 179
trop 1558 112 97 179 179
tree 3792 100 10 0 179
tree 3952 100 10 0 179
tree 3968 100 15 0 179
tree 3968 116 12 0 179
tree 4000 100 16 0 179
tree 72 136 4 0 179
tree 88 136 5 0 179
tree 120 152 15 0 179
tree 104 152 4 0 179
tree 136 152 12 0 179
tree 168 152 11 0 179
tree 184 152 13 0 179
tree 760 136 14 0 179
trop 952 140 112 179 179
trop 1048 140 112 179 179
tree 1168 132 4 0 179
trop 1342 144 95 179 179
trop 1486 136 101 179 179
trop 1550 152 96 179 179
trop 1606 152 96 179 179
stand 1682 132 182 0 179
stand 1666 148 179 0 179
stand 1698 148 187 0 179
tree 2200 152 13 0 179
tree 2232 152 9 0 179
tree 2216 152 6 0 179
tree 3984 132 6 0 179
tree 136 184 12 0 179
tree 136 168 12 0 179
tree 776 168 6 0 179
tree 792 168 16 0 179
tree 792 184 12 0 179
tree 856 168 7 0 179
tree 856 184 11 0 179
trop 952 172 112 179 179
trop 1048 172 112 179 179
tree 1152 164 4 0 179
dom 1240 188 245 0 179
stand 1666 180 162 0 179
stand 1698 164 185 0 179
tree 2008 184 4 0 179
tree 1992 184 6 0 179
tree 1992 168 10 0 179
tree 2184 168 12 0 179
tree 2184 184 5 0 179
tree 2296 184 12 0 179
tree 2280 184 12 0 179
tree 2392 184 6 0 179
trop 3348 160 62 179 179
tree 3480 168 41 0 179
tree 3480 184 6 0 179
tree 3496 184 26 0 179
tree 4000 180 9 0 179
tree 4032 180 13 0 179
tree 4048 164 13 0 179
tree 152 200 6 0 179
tree 168 216 14 0 179
trop 952 204 112 179 179
trop 1048 204 112 179 179
trop 1310 216 81 179 179
dom 1432 220 241 0 179
trop 1484 208 14 179 179
stand 1682 196 187 0 179
tree 1992 200 16 0 179
tree 2264 200 10 0 179
tree 2280 200 16 0 179
tree 2328 216 8 0 179
tree 2312 216 9 0 179
tree 2392 200 9 0 179
tree 3512 200 38 0 179
tree 3496 216 27 0 179
tree 4016 196 10 0 179
tree 136 232 14 0 179
trop 952 236 112 179 179
trop 1048 236 112 179 179
trop 1484 248 14 179 179
trop 1614 248 103 179 179
tree 1976 248 4 0 179
tree 1960 232 14 0 179
trop 2180 224 144 179 179
tree 2408 232 11 0 179
tree 3400 232 8 0 179
tree 3432 248 18 0 179
tree 3448 248 3 0 179
tree 3464 248 12 0 179
tree 3480 248 13 0 179
tree 3512 232 32 0 179
tree 104 280 15 0 179
trop 952 268 112 179 179
trop 1048 268 112 179 179
trop 1428 272 14 179 179
trop 1614 272 102 179 179
trop 1670 264 98 179 179
tree 1976 280 11 0 179
tree 1976 264 13 0 179
tree 2160 260 7 0 179
tree 2240 260 11 0 179
tree 3448 280 33 0 179
tree 3528 280 26 0 179
tree 760 312 4 0 179
tree 792 296 5 0 179
trop 952 300 112 179 179
trop 1048 300 112 179 179
trop 1230 304 19 179 179
trop 1454 312 47 179 179
stand 1666 292 159 0 179
tree 1880 312 9 0 179
tree 1896 312 8 0 179
tree 1976 312 9 0 179
tree 1976 296 13 0 179
tree 3416 312 7 0 179
tree 3432 296 37 0 179
tree 104 344 15 0 179
tree 744 328 8 0 179
tree 824 344 12 0 179
tree 912 340 8 0 179
trop 952 332 112 179 179
trop 1048 332 112 179 179
trop 1140 332 90 179 179
trop 1254 336 93 179 179
trop 1286 336 104 179 179
trop 1310 344 92 179 179
trop 1318 344 97 179 179
trop 1414 336 105 179 179
trop 1470 336 97 179 179
trop 1526 336 104 179 179
trop 1558 336 96 179 179
stand 1714 324 187 0 179
tree 1768 344 7 0 179
tree 1912 344 4 0 179
tree 1912 328 14 0 179
tree 1928 344 8 0 179
tree 1928 328 10 0 179
tree 1944 328 11 0 179
tree 1944 344 14 0 179
tree 1960 344 5 0 179
dom 2104 348 196 0 179
trop 2188 344 65 179 179
dom 2328 348 195 0 179
trop 3348 336 62 179 179
tree 3432 328 31 0 179
tree 3432 344 31 0 179
tree 3544 328 26 0 179
tree 3648 324 14 0 179
tree 120 360 8 0 179
tree 120 376 4 0 179
tree 792 376 15 0 179
tree 808 376 9 0 179
tree 824 376 8 0 179
tree 840 360 14 0 179
trop 952 364 112 179 179
trop 1048 364 112 179 179
stand 1120 372 150 0 179
dom 1226 380 226 0 179
trop 1422 368 101 179 179
trop 1646 360 101 179 179
tree 1784 360 7 0 179
tree 1816 360 13 0 179
tree 1800 360 11 0 179
trop 2380 368 65 179 179
stand 2544 372 162 0 179
tree 3544 376 3 0 179
tree 72 408 11 0 179
tree 120 392 5 0 179
tree 360 408 16 0 179
tree 392 408 12 0 179
tree 616 408 6 0 179
tree 792 392 4 0 179
tree 808 392 13 0 179
trop 900 396 69 179 179
trop 952 396 112 179 179
trop 1048 396 112 179 179
stand 1378 404 155 0 179
stand 1458 404 161 0 179
stand 1442 388 158 0 179
stand 1650 388 159 0 179
stand 1650 404 162 0 179
stand 1634 404 160 0 179
trop 1678 408 102 179 179
trop 2228 400 97 179 179
stand 2528 388 158 0 179
stand 2560 404 163 0 179
stand 2608 404 4 0 179
tree 3448 408 19 0 179
tree 3464 408 38 0 179
tree 3512 392 18 0 179
tree 72 424 10 0 179
tree 88 424 9 0 179
tree 88 440 5 0 179
tree 152 440 15 0 179
tree 376 440 9 0 179
tree 376 424 14 0 179
tree 392 440 8 0 179
tree 392 424 7 0 179
tree 488 440 8 0 179
tree 488 424 5 0 179
tree 504 440 9 0 179
tree 520 440 4 0 179
tree 552 440 16 0 179
tree 568 440 15 0 179
tree 632 424 5 0 179
tree 648 424 14 0 179
tree 664 440 8 0 179
tree 680 424 15 0 179
tree 744 424 15 0 179
tree 744 440 6 0 179
trop 952 428 112 179 179
trop 1048 428 112 179 179
trop 1334 432 99 179 179
stand 1376 436 155 0 179
trop 1566 424 105 179 179
trop 1622 440 99 179 179
trop 1798 416 105 179 179
trop 1948 440 7 179 179
trop 2036 440 10 179 179
trop 2124 432 65 179 179
trop 2324 424 95 179 179
stand 2512 436 161 0 179
stand 2512 420 162 0 179
stand 2528 420 159 0 179
stand 2544 420 163 0 179
stand 2528 436 162 0 179
stand 2560 420 158 0 179
trop 3348 440 62 179 179
tree 3464 424 6 0 179
tree 3480 440 27 0 179
trop 3668 440 75 179 179
trop 3796 440 67 179 179
tree 88 456 9 0 179
tree 104 456 6 0 179
tree 152 456 15 0 179
tree 152 472 15 0 179
tree 168 456 16 0 179
tree 328 456 6 0 179
tree 344 472 12 0 179
tree 344 456 7 0 179
tree 360 472 7 0 179
tree 360 456 6 0 179
tree 472 456 12 0 179
tree 488 456 10 0 179
tree 760 456 5 0 179
tree 792 472 16 0 179
tree 808 472 12 0 179
tree 824 472 13 0 179
trop 952 460 112 179 179
trop 1048 460 112 179 179
trop 1372 448 14 179 179
stand 1506 468 187 0 179
trop 1574 472 107 179 179
trop 1718 464 100 179 179
stand 2208 452 147 0 179
trop 2244 456 65 179 179
stand 2336 468 163 0 179
dom 2816 448 253 0 179
tree 3496 456 10 0 179
tree 3512 472 19 0 179
trop 3836 448 65 179 179
trop 952 492 112 179 179
trop 1048 492 112 179 179
trop 1270 504 96 179 179
stand 1490 500 163 0 179
stand 1504 500 159 0 179
stand 1506 500 163 0 179
trop 1550 496 102 179 179
trop 2236 504 102 179 179
stand 2240 500 161 0 179
trop 2300 504 99 179 179
stand 2352 500 163 0 179
tree 2392 488 15 0 179
stand 2368 500 162 0 179
tree 2632 504 10 0 179
tree 3448 504 29 0 179
tree 3512 488 14 0 179
trop 84 540 67 179 179
trop 268 540 68 179 179
trop 396 540 67 179 179
trop 860 516 74 179 179
trop 952 524 112 179 179
trop 1048 524 112 179 179
stand 1376 516 155 0 179
stand 1522 516 161 0 179
stand 1522 532 160 0 179
stand 2240 516 162 0 179
stand 2240 532 160 0 179
stand 2320 516 155 0 179
tree 2552 520 15 0 179
tree 2536 520 10 0 179
tree 2584 536 7 0 179
tree 2568 520 9 0 179
tree 2616 520 13 0 179
tree 2600 520 8 0 179
tree 2600 536 14 0 179
tree 3416 520 11 0 179
tree 3416 536 37 0 179
tree 3448 520 15 0 179
tree 3432 520 29 0 179
tree 3480 536 28 0 179
tree 3496 536 35 0 179
trop 596 548 72 179 179
trop 748 548 68 179 179
trop 772 556 72 179 179
trop 952 556 112 179 179
trop 1048 556 112 179 179
trop 1270 560 102 179 179
trop 1380 560 14 179 179
stand 1376 548 155 0 179
stand 1488 564 160 0 179
stand 1504 564 159 0 179
trop 1614 568 107 179 179
trop 2204 560 65 179 179
stand 2320 548 155 0 179
trop 2892 552 65 179 179
trop 3308 560 74 179 179
tree 3432 552 23 0 179
tree 3448 568 27 0 179
tree 3464 552 27 0 179
tree 3480 552 37 0 179
tree 488 600 10 0 179
tree 504 600 6 0 179
trop 868 588 71 179 179
trop 952 588 112 179 179
trop 1048 588 112 179 179
dom 1226 604 197 0 179
stand 1504 580 163 0 179
tree 1880 600 10 0 179
tree 1864 584 9 0 179
stand 2256 580 162 0 179
stand 2320 580 155 0 179
tree 2800 580 16 0 179
trop 2876 576 96 179 179
trop 2900 576 72 179 179
trop 3012 584 72 179 179
trop 3180 592 68 179 179
trop 3388 584 70 179 179
trop 3628 576 74 179 179
tree 296 616 6 0 179
tree 328 616 13 0 179
tree 344 616 13 0 179
tree 376 632 4 0 179
tree 488 616 8 0 179
tree 600 632 15 0 179
tree 616 632 13 0 179
tree 632 632 16 0 179
fre 656 629 19 0 0
trop 952 620 112 179 179
trop 1048 620 112 179 179
dom 1368 636 225 0 179
dom 2136 636 252 0 179
trop 2244 624 103 179 179
tree 2432 612 15 0 179
tree 2448 612 15 0 179
stand 2576 628 159 0 179
stand 2560 612 163 0 179
stand 2576 612 163 0 179
stand 2608 612 161 0 179
stand 2592 628 160 0 179
stand 2624 612 161 0 179
stand 2656 612 153 0 179
trop 2868 608 103 179 179
trop 3500 616 67 179 179
tree 728 648 11 0 179
trop 952 652 112 179 179
trop 1048 652 112 179 179
trop 1220 656 69 179 179
trop 1334 648 98 179 179
trop 1364 640 14 179 179
tree 1912 664 11 0 179
trop 2220 656 65 179 179
trop 2332 664 72 179 179
trop 2388 656 97 179 179
trop 2500 656 97 179 179
trop 2644 656 97 179 179
trop 2780 656 104 179 179
trop 2876 656 103 179 179
trop 3596 648 71 179 179
tree 792 680 16 0 179
tree 776 696 15 0 179
trop 952 684 112 179 179
trop 1048 684 112 179 179
tree 1120 692 10 0 179
dom 1610 700 229 0 179
stand 1634 676 180 0 179
trop 1638 688 8 179 179
tree 1912 696 11 0 179
tree 1912 680 11 0 179
trop 2252 688 95 179 179
trop 2612 696 101 179 179
trop 2604 672 72 179 179
trop 2828 672 104 179 179
tree 3440 692 4 0 179
tree 3552 692 5 0 179
stand 472 728 160 0 179
stand 504 712 160 0 179
stand 504 728 162 0 179
stand 520 728 163 0 179
tree 760 712 4 0 179
trop 892 708 66 179 179
trop 952 716 112 179 179
trop 1048 716 112 179 179
tree 1120 724 15 0 179
trop 1270 704 96 179 179
trop 1382 728 101 179 179
tree 1488 724 4 0 179
tree 1504 724 4 0 179
tree 1728 708 13 0 179
tree 1728 724 12 0 179
tree 1944 712 5 0 179
tree 1928 712 9 0 179
tree 1976 728 7 0 179
tree 1992 728 11 0 179
dom 2488 732 250 0 179
dom 2552 732 250 0 179
dom 2616 732 250 0 179
stand 2704 708 178 0 179
stand 2736 724 179 0 179
tree 2920 712 21 0 179
tree 3320 728 33 0 179
tree 3336 712 31 0 179
tree 3368 712 31 0 179
tree 3400 712 5 0 179
tree 3416 712 40 0 179
tree 3432 728 20 0 179
tree 3432 712 28 0 179
tree 3448 712 40 0 179
tree 3464 728 25 0 179
tree 3480 728 0 0 179
tree 3496 728 6 0 179
tree 3512 728 17 0 179
tree 3552 708 14 0 179
stand 520 744 158 0 179
trop 524 764 65 179 179
trop 952 748 112 179 179
trop 1048 748 112 179 179
tree 1120 740 7 0 179
tree 1120 756 12 0 179
tree 1504 740 11 0 179
trop 1572 740 69 179 179
stand 1634 756 181 0 179
stand 2128 756 185 0 179
stand 2160 756 162 0 179
stand 2176 756 162 0 179
stand 2192 740 160 0 179
stand 2256 756 4 0 179
trop 2476 760 72 179 179
trop 2540 752 19 179 179
trop 2852 760 99 179 179
tree 3512 744 30 0 179
tree 3528 760 3 0 179
dom 320 768 194 0 179
trop 364 788 65 179 179
trop 952 780 112 179 179
trop 1048 780 112 179 179
trop 1462 768 101 179 179
trop 1630 776 9 179 179
stand 1634 772 183 0 179
stand 2128 772 186 0 179
stand 2192 772 159 0 179
stand 2176 788 184 0 179
stand 2224 772 159 0 179
tree 2328 792 10 0 179
tree 2344 792 11 0 179
tree 2344 776 6 0 179
trop 2580 776 65 179 179
trop 2788 776 102 179 179
tree 3416 776 10 0 179
tree 3416 792 13 0 179
tree 3400 792 4 0 179
tree 3512 792 11 0 179
tree 3528 792 41 0 179
trop 3620 768 66 179 179
trop 468 812 65 179 179
stand 648 808 155 0 179
trop 952 812 112 179 179
trop 1048 812 112 179 179
trop 1212 800 62 179 179
tree 1424 820 6 0 179
tree 1408 804 10 0 179
tree 1456 820 9 0 179
tree 1440 820 7 0 179
stand 1634 804 184 0 179
tree 1728 804 7 0 179
tree 2328 808 9 0 179
stand 2720 820 11 0 179
tree 3200 804 9 0 179
trop 308 852 65 179 179
dom 320 832 194 0 179
trop 364 852 65 179 179
stand 552 840 1 0 179
stand 648 840 155 0 179
trop 668 844 65 179 179
trop 876 860 103 179 179
trop 952 844 112 179 179
trop 1048 844 112 179 179
tree 1296 852 9 0 179
tree 1360 836 15 0 179
tree 1344 852 10 0 179
tree 1472 852 7 0 179
tree 1472 836 8 0 179
trop 1572 832 69 179 179
tree 3040 852 11 0 179
tree 3216 852 13 0 179
stand 648 872 155 0 179
trop 952 876 112 179 179
trop 1048 876 112 179 179
tree 1296 868 16 0 179
tree 1328 868 7 0 179
tree 1312 868 15 0 179
tree 1312 884 5 0 179
tree 1392 868 5 0 179
tree 1424 884 16 0 179
tree 1408 884 12 0 179
tree 1456 868 16 0 179
tree 1456 884 6 0 179
tree 1440 884 16 0 179
tree 1472 868 11 0 179
tree 1648 884 13 0 179
trop 1662 872 105 179 179
tree 2440 888 9 0 179
tree 2456 872 4 0 179
tree 2472 888 4 0 179
tree 2472 872 7 0 179
trop 2780 864 102 179 179
tree 2968 888 24 0 179
tree 2968 872 26 0 179
tree 2952 888 20 0 179
tree 2944 884 16 0 179
tree 2960 884 15 0 179
tree 2984 888 23 0 179
tree 3024 884 10 0 179
tree 3448 872 36 0 179
tree 3464 872 31 0 179
tree 3512 872 2 0 179
tree 3496 888 9 0 179
trop 3636 872 65 179 179
trop 404 900 65 179 179
trop 436 924 94 179 179
tree 864 916 6 0 179
trop 952 908 112 179 179
trop 1048 908 112 179 179
tree 1136 916 16 0 179
tree 1136 900 7 0 179
tree 1456 916 4 0 179
tree 2248 920 8 0 179
tree 2456 904 4 0 179
tree 2872 920 39 0 179
tree 2856 920 24 0 179
tree 2888 920 22 0 179
tree 2896 900 11 0 179
tree 2880 900 9 0 179
tree 2920 904 26 0 179
tree 3008 900 12 0 179
stand 328 952 3 0 179
trop 476 940 105 179 179
trop 580 956 105 179 179
tree 864 948 15 0 179
tree 864 932 7 0 179
trop 952 940 112 179 179
trop 1048 940 112 179 179
trop 1252 952 70 179 179
trop 1532 940 74 179 179
tree 1848 952 12 0 179
tree 1832 936 5 0 179
tree 1880 952 15 0 179
tree 2264 952 4 0 179
tree 2264 936 13 0 179
tree 2280 952 10 0 179
trop 2820 944 94 179 179
tree 2952 936 22 0 179
tree 2968 936 23 0 179
trop 596 988 101 179 179
trop 628 980 95 179 179
trop 716 988 104 179 179
trop 748 964 104 179 179
trop 952 972 112 179 179
trop 1048 972 112 179 179
trop 1396 984 63 179 179
trop 1572 980 62 179 179
tree 1816 968 14 0 179
tree 1800 968 6 0 179
tree 1880 968 10 0 179
tree 2088 984 14 0 179
tree 2104 984 13 0 179
tree 2296 984 4 0 179
tree 2280 968 5 0 179
stand 2752 980 17 0 179
tree 3160 984 20 0 179
tree 3176 968 20 0 179
tree 3480 984 21 0 179
tree 3464 984 36 0 179
tree 4064 980 7 0 179
trop 484 1020 100 179 179
trop 564 1012 100 179 179
trop 812 996 99 179 179
trop 952 1004 112 179 179
trop 1048 1004 112 179 179
tree 1136 1012 10 0 179
tree 1136 996 13 0 179
trop 1548 1012 71 179 179
tree 1832 1000 14 0 179
tree 1880 1016 13 0 179
tree 1864 1000 14 0 179
tree 2360 1000 8 0 179
tree 2344 1000 10 0 179
tree 2344 1016 11 0 179
tree 2376 1000 10 0 179
tree 3096 1000 21 0 179
tree 3144 1016 20 0 179
dom 3264 992 230 0 179
tree 3448 1000 36 0 179
trop 340 1044 65 179 179
trop 460 1028 98 179 179
tree 880 1044 6 0 179
trop 952 1036 112 179 179
trop 1048 1036 112 179 179
tree 1456 1044 11 0 179
tree 1976 1048 11 0 179
tree 2056 1048 6 0 179
tree 2296 1032 5 0 179
tree 2328 1032 11 0 179
tree 2312 1032 16 0 179
trop 2692 1040 72 179 179
trop 2764 1048 101 179 179
trop 3132 1052 65 179 179
tree 3144 1032 23 0 179
trop 3252 1052 65 179 179
trop 3300 1028 65 179 179
tree 3544 1048 19 0 179
tree 3576 1048 32 0 179
tree 4000 1044 8 0 179
dom 288 1056 245 0 179
trop 436 1060 94 179 179
trop 476 1060 100 179 179
trop 952 1068 112 179 179
trop 1048 1068 112 179 179
tree 1136 1076 7 0 179
tree 1424 1060 7 0 179
tree 1456 1060 6 0 179
tree 1440 1060 7 0 179
tree 1472 1076 16 0 179
tree 1488 1076 8 0 179
tree 1488 1060 6 0 179
tree 1472 1060 9 0 179
tree 2072 1080 11 0 179
tree 2072 1064 6 0 179
tree 2056 1080 5 0 179
tree 2408 1064 12 0 179
tree 2424 1080 6 0 179
trop 2660 1072 97 179 179
trop 2756 1072 104 179 179
tree 4048 1076 15 0 179
trop 316 1116 65 179 179
stand 664 1096 4 0 179
trop 748 1092 103 179 179
stand 776 1096 160 0 179
stand 776 1112 161 0 179
trop 952 1100 112 179 179
trop 1048 1100 112 179 179
tree 1440 1108 10 0 179
tree 1472 1108 10 0 179
tree 1680 1092 7 0 179
tree 1664 1108 16 0 179
tree 1664 1092 13 0 179
tree 1944 1112 16 0 179
tree 2040 1096 5 0 179
tree 2104 1112 9 0 179
tree 2424 1096 12 0 179
tree 3448 1096 33 0 179
tree 3432 1096 26 0 179
tree 3480 1096 29 0 179
tree 3464 1096 20 0 179
tree 3496 1096 30 0 179
tree 3696 1092 13 0 179
tree 4064 1092 11 0 179
trop 404 1132 103 179 179
stand 536 1128 154 0 179
stand 600 1128 154 0 179
trop 732 1132 102 179 179
stand 792 1128 158 0 179
stand 824 1128 162 0 179
stand 896 1124 163 0 179
stand 896 1140 161 0 179
stand 928 1140 163 0 179
trop 952 1132 112 179 179
trop 1048 1132 112 179 179
tree 1200 1124 7 0 179
tree 1200 1140 4 0 179
tree 1184 1140 8 0 179
tree 1456 1124 8 0 179
tree 1648 1140 4 0 179
tree 1912 1128 5 0 179
tree 1960 1144 7 0 179
tree 1960 1128 12 0 179
tree 2104 1144 10 0 179
trop 2692 1136 100 179 179
trop 3100 1132 65 179 179
dom 3072 1120 231 0 179
tree 3664 1124 7 0 179
trop 564 1164 105 179 179
dom 736 1152 247 0 179
trop 788 1164 65 179 179
stand 896 1156 159 0 179
stand 912 1156 162 0 179
trop 952 1164 112 179 179
trop 1048 1164 112 179 179
tree 1184 1156 4 0 179
tree 1456 1172 14 0 179
tree 1472 1172 16 0 179
trop 1572 1160 62 179 179
tree 1648 1156 14 0 179
tree 2104 1176 10 0 179
tree 2104 1160 10 0 179
tree 2136 1176 9 0 179
tree 2168 1176 14 0 179
tree 2152 1176 9 0 179
stand 2784 1172 161 0 179
stand 2848 1172 155 0 179
trop 3108 1180 65 179 179
tree 3680 1172 13 0 179
tree 3800 1162 36 0 179
trop 420 1196 95 179 179
trop 564 1196 95 179 179
trop 636 1196 95 179 179
trop 772 1212 65 179 179
stand 912 1188 163 0 179
trop 952 1196 112 179 179
trop 1048 1196 112 179 179
tree 1472 1188 9 0 179
tree 1696 1204 8 0 179
tree 1696 1188 6 0 179
tree 2168 1208 4 0 179
tree 2200 1208 14 0 179
tree 2200 1192 7 0 179
tree 2184 1192 9 0 179
tree 2232 1208 5 0 179
tree 2216 1192 15 0 179
stand 2784 1204 160 0 179
stand 2800 1188 156 0 179
stand 2848 1204 155 0 179
trop 2892 1184 102 179 179
tree 3008 1204 12 0 179
trop 952 1228 112 179 179
trop 1048 1228 112 179 179
tree 1712 1220 14 0 179
tree 1976 1240 11 0 179
tree 2200 1240 4 0 179
tree 2200 1224 15 0 179
tree 2216 1224 14 0 179
trop 2476 1240 101 179 179
trop 2492 1240 95 179 179
trop 2572 1216 104 179 179
stand 2784 1220 158 0 179
stand 2800 1220 156 0 179
stand 2784 1236 160 0 179
stand 2800 1236 157 0 179
stand 2832 1236 156 0 179
tree 3320 1224 39 0 179
tree 3352 1224 26 0 179
tree 3336 1240 24 0 179
tree 3336 1224 22 0 179
tree 3368 1224 23 0 179
tree 3752 1226 29 0 179
tree 3768 1226 3 0 179
stand 696 1272 160 0 179
stand 728 1256 159 0 179
stand 744 1272 163 0 179
trop 952 1260 112 179 179
trop 1048 1260 112 179 179
tree 1200 1252 7 0 179
tree 1232 1268 4 0 179
tree 1232 1252 13 0 179
tree 1216 1252 7 0 179
tree 1928 1272 6 0 179
tree 2008 1256 4 0 179
tree 2040 1256 15 0 179
trop 2412 1272 14 179 179
stand 2864 1252 155 0 179
tree 2992 1268 13 0 179
tree 3024 1252 9 0 179
tree 3056 1268 15 0 179
tree 3040 1252 8 0 179
trop 952 1292 112 179 179
trop 1048 1292 112 179 179
tree 1664 1284 5 0 179
tree 1928 1288 7 0 179
tree 1944 1304 7 0 179
tree 1944 1288 11 0 179
tree 1960 1288 15 0 179
tree 2000 1284 16 0 179
tree 2032 1300 5 0 179
tree 2016 1300 12 0 179
lay 3464 1306 28 0 179
tree 880 1332 16 0 179
trop 952 1324 112 179 179
trop 1048 1324 112 179 179
tree 1216 1332 15 0 179
tree 1248 1332 13 0 179
tree 1264 1316 10 0 179
trop 1572 1336 62 179 179
tree 1696 1316 9 0 179
trop 2618 1326 94 179 179
trop 2658 1342 98 179 179
trop 2674 1342 99 179 179
stand 2702 1330 160 0 179
tree 2768 1332 16 0 179
tree 2960 1332 16 0 179
lay 3528 1322 28 0 179
tree 3800 1338 38 0 179
tree 3816 1338 40 0 179
tree 216 1368 15 0 179
tree 232 1368 13 0 179
tree 280 1352 10 0 179
tree 880 1364 5 0 179
tree 880 1348 11 0 179
trop 952 1356 112 179 179
trop 1048 1356 112 179 179
tree 1200 1348 8 0 179
tree 1184 1348 14 0 179
tree 1184 1364 14 0 179
tree 1216 1348 10 0 179
tree 1264 1364 16 0 179
tree 1264 1348 6 0 179
tree 1248 1348 15 0 179
tree 1648 1348 9 0 179
tree 1680 1348 16 0 179
tree 1664 1348 16 0 179
tree 1712 1364 4 0 179
trop 2596 1368 102 179 179
stand 2718 1346 163 0 179
tree 2960 1364 12 0 179
tree 3184 1364 6 0 179
tree 3184 1348 6 0 179
tree 3576 1354 2 0 179
lay 3704 1354 26 0 179
tree 3800 1354 2 0 179
tree 3816 1370 2 0 179
tree 3848 1370 40 0 179
tree 104 1400 10 0 179
tree 264 1384 16 0 179
tree 296 1400 11 0 179
trop 952 1388 112 179 179
trop 1048 1388 112 179 179
tree 1200 1380 9 0 179
tree 1216 1396 8 0 179
tree 1248 1396 5 0 179
tree 1264 1396 4 0 179
tree 1264 1380 8 0 179
stand 1960 1392 11 1 0
stand 1976 1376 11 1 0
dom 2520 1404 194 0 179
tree 2672 1380 11 0 179
tree 2720 1380 9 0 179
tree 3256 1400 22 0 179
tree 3256 1384 25 0 179
tree 3232 1396 10 0 179
tree 3736 1386 21 0 179
tree 3752 1386 24 0 179
tree 3768 1402 20 0 179
tree 3768 1386 22 0 179
tree 3800 1386 21 0 179
tree 3816 1386 2 0 179
tree 3832 1386 37 0 179
tree 3848 1386 2 0 179
tree 104 1416 8 0 179
tree 104 1432 5 0 179
tree 264 1432 4 0 179
tree 312 1432 10 0 179
trop 952 1420 112 179 179
trop 1048 1420 112 179 179
stand 2782 1426 159 0 179
tree 3288 1416 16 0 179
tree 3320 1432 23 0 179
tree 3304 1416 6 0 179
tree 3304 1432 16 0 179
tree 3624 1434 2 0 179
tree 3640 1434 38 0 179
lay 3672 1418 17 0 179
lay 3912 1434 28 0 179
tree 104 1464 16 0 179
tree 168 1464 9 0 179
tree 248 1448 7 0 179
tree 280 1448 13 0 179
tree 296 1448 15 0 179
tree 312 1448 7 0 179
tree 328 1448 12 0 179
tree 504 1464 15 0 179
trop 952 1452 112 179 179
trop 1048 1452 112 179 179
trop 1156 1460 94 179 179
tree 2494 1458 10 0 179
trop 2532 1448 65 179 179
trop 2548 1448 65 179 179
trop 2594 1470 96 179 179
stand 2766 1442 162 0 179
stand 2782 1458 156 0 179
stand 2798 1458 159 0 179
dom 2912 1440 243 0 179
tree 3120 1444 12 0 179
tree 3104 1460 15 0 179
tree 3120 1460 17 0 179
tree 3152 1460 13 0 179
tree 3256 1464 21 0 179
tree 3240 1464 20 0 179
tree 3288 1448 21 0 179
tree 3320 1448 21 0 179
tree 3304 1448 20 0 179
tree 3592 1466 2 0 179
tree 3608 1466 36 0 179
tree 3624 1450 2 0 179
tree 3640 1450 40 0 179
lay 3912 1466 37 0 179
tree 120 1480 7 0 179
tree 120 1496 9 0 179
tree 136 1496 6 0 179
tree 248 1480 12 0 179
tree 504 1480 5 0 179
tree 520 1480 12 0 179
trop 952 1484 112 179 179
trop 1048 1484 112 179 179
tree 1200 1492 13 0 179
tree 1200 1476 4 0 179
tree 1496 1496 10 0 179
tree 1496 1480 10 0 179
trop 1572 1492 66 179 179
trop 2516 1496 65 179 179
tree 2670 1474 14 0 179
trop 2676 1480 65 179 179
stand 2702 1490 179 0 179
tree 2750 1490 16 0 179
stand 2782 1474 160 0 179
trop 2836 1496 65 179 179
trop 2940 1496 65 179 179
tree 3104 1476 6 0 179
tree 3120 1476 16 0 179
tree 3152 1492 5 0 179
tree 3168 1492 16 0 179
lay 3640 1482 28 0 179
lay 3832 1498 37 0 179
tree 248 1528 16 0 179
stand 896 1524 161 0 179
stand 896 1508 162 0 179
trop 952 1516 112 179 179
trop 1048 1516 112 179 179
tree 1480 1528 15 0 179
tree 1480 1512 4 0 179
tree 1496 1512 16 0 179
tree 1656 1528 14 0 179
tree 1640 1512 13 0 179
dom 2456 1532 225 0 179
trop 2586 1510 104 179 179
stand 2686 1506 178 1 179
trop 2706 1534 105 179 179
trop 2788 1512 65 179 179
stand 2814 1506 185 0 179
stand 2862 1522 180 0 179
tree 3136 1508 8 0 179
tree 3152 1508 10 0 179
lay 3592 1514 7 0 179
lay 3624 1514 9 0 179
lay 3672 1514 5 0 179
lay 3944 1514 27 0 179
tree 200 1560 16 0 179
stand 880 1540 161 0 179
stand 896 1540 161 0 179
trop 952 1548 112 179 179
trop 1048 1548 112 179 179
tree 1168 1556 13 0 179
tree 1496 1560 14 0 179
tree 1496 1544 8 0 179
tree 1640 1560 11 0 179
tree 1656 1544 4 0 179
stand 2512 1556 157 0 179
stand 2544 1556 156 0 179
stand 2528 1540 159 0 179
stand 2528 1556 159 0 179
trop 2586 1566 73 179 179
stand 2846 1554 183 0 179
stand 2846 1538 184 0 179
stand 2878 1554 178 0 179
stand 2878 1538 179 0 179
dom 2904 1564 244 0 179
trop 3100 1560 101 179 179
lay 3624 1546 9 0 179
lay 3800 1560 28 0 179
tree 200 1592 7 0 179
tree 232 1592 11 0 179
tree 584 1592 7 0 179
trop 952 1580 112 179 179
trop 1048 1580 112 179 179
tree 1496 1592 6 0 179
tree 1496 1576 15 0 179
trop 2450 1590 97 179 179
stand 2512 1588 156 0 179
trop 2522 1574 104 179 179
trop 2570 1590 94 179 179
trop 2634 1590 97 179 179
trop 2730 1582 95 179 179
trop 2786 1590 97 179 179
trop 2874 1582 105 179 179
trop 2996 1592 65 179 179
trop 3002 1582 97 179 179
trop 3050 1598 104 179 179
lay 3672 1592 28 0 179
tree 216 1608 10 0 179
tree 232 1608 7 0 179
tree 600 1624 12 0 179
tree 896 1620 8 0 179
trop 952 1612 112 179 179
trop 1048 1612 112 179 179
tree 1200 1620 7 0 179
tree 1184 1620 9 0 179
tree 1640 1624 4 0 179
trop 2490 1630 101 179 179
stand 2496 1604 157 0 179
trop 2970 1614 101 179 179
tree 3736 1626 26 0 179
tree 3768 1626 11 0 179
tree 3784 1626 12 0 179
tree 3880 1626 13 0 179
tree 896 1636 5 0 179
trop 952 1644 112 179 179
trop 1048 1644 112 179 179
trop 1148 1660 94 179 179
tree 1200 1636 4 0 179
tree 1640 1640 8 0 179
tree 2296 1656 14 0 179
tree 2446 1650 13 0 179
trop 2602 1638 107 179 179
trop 2674 1654 99 179 179
trop 2658 1662 98 179 179
trop 2722 1646 97 179 179
trop 2882 1638 97 179 179
trop 2906 1638 72 179 179
trop 2924 1632 65 179 179
tree 3736 1658 25 0 179
tree 3736 1642 22 0 179
tree 632 1688 9 0 179
trop 952 1676 112 179 179
trop 1048 1676 112 179 179
tree 1640 1672 12 0 179
tree 2296 1672 14 0 179
tree 2296 1688 6 0 179
tree 2280 1672 5 0 179
tree 2446 1666 12 0 179
lay 2510 1666 3 0 179
trop 2898 1678 101 179 179
lay 2990 1682 5 0 179
trop 3026 1694 102 179 179
tree 3608 1690 20 0 179
tree 3768 1690 22 0 179
tree 3784 1674 20 0 179
tree 664 1720 22 0 179
tree 648 1704 24 0 179
trop 952 1708 112 179 179
trop 1048 1708 112 179 179
trop 1580 1700 73 179 179
trop 2546 1726 96 179 179
trop 2674 1702 100 179 179
trop 2842 1702 100 179 179
stand 2862 1714 160 0 179
trop 3090 1710 103 179 179
trop 3236 1704 102 179 179
tree 3624 1706 39 0 179
lay 3864 1706 3 0 179
trop 3900 1726 14 179 179
tree 216 1752 5 0 179
tree 200 1752 26 0 179
tree 232 1752 30 0 179
tree 264 1752 29 0 179
tree 296 1736 26 0 179
tree 616 1736 10 0 179
tree 632 1752 16 0 179
tree 648 1752 1 0 179
tree 664 1736 27 0 179
trop 952 1740 112 179 179
trop 1048 1740 112 179 179
trop 2228 1752 65 179 179
dom 2232 1756 227 0 179
dom 2392 1756 227 0 179
dom 2488 1756 227 0 179
trop 2602 1750 96 179 179
trop 2690 1742 100 179 179
trop 2706 1750 106 179 179
trop 2764 1736 104 179 179
stand 2782 1746 156 0 179
stand 2782 1730 161 0 179
dom 2776 1756 246 0 179
stand 2798 1730 160 0 179
stand 2814 1730 181 1 179
trop 2820 1736 65 179 179
dom 2872 1756 245 0 179
trop 3044 1736 105 179 179
fre 3052 1756 26 0 0
stand 3312 1732 190 0 179
lay 3624 1752 28 0 179
trop 952 1772 112 179 179
trop 1048 1772 112 179 179
tree 1752 1768 12 0 179
tree 2072 1768 11 0 179
trop 2524 1768 65 179 179
trop 2586 1766 73 179 179
stand 2704 1764 189 0 179
stand 2736 1764 188 0 179
stand 2992 1764 189 0 179
tree 488 1800 21 0 179
tree 552 1816 17 0 179
tree 912 1812 16 0 179
trop 952 1804 112 179 179
trop 1048 1804 112 179 179
trop 1148 1804 94 179 179
tree 1464 1816 7 0 179
tree 1480 1816 13 0 179
tree 1656 1816 12 0 179
tree 1752 1816 10 0 179
tree 1752 1800 5 0 179
tree 2056 1800 11 0 179
tree 2072 1816 7 0 179
tree 2056 1816 5 0 179
trop 2404 1808 65 179 179
trop 2444 1800 65 179 179
trop 2706 1798 105 179 179
trop 2908 1816 65 179 179
trop 3300 1816 98 179 179
tree 3352 1816 23 0 179
tree 3368 1816 28 0 179
tree 3368 1800 39 0 179
tree 3992 1802 21 0 179
trop 952 1836 112 179 179
trop 1048 1836 112 179 179
trop 1156 1844 127 0 0
trop 1196 1828 127 0 0
tree 1264 1844 5 0 179
tree 1248 1844 5 0 179
tree 1280 1844 8 0 179
tree 1480 1848 12 0 179
tree 1480 1832 14 0 179
tree 1656 1848 8 0 179
tree 1656 1832 6 0 179
tree 1672 1848 16 0 179
tree 1688 1848 14 0 179
tree 1752 1832 6 0 179
tree 1800 1848 9 0 179
tree 2024 1848 7 0 179
tree 2056 1832 8 0 179
trop 2228 1832 107 179 179
trop 2260 1848 97 179 179
trop 2252 1824 65 179 179
trop 2388 1848 97 179 179
trop 2380 1824 107 179 179
trop 2388 1824 107 179 179
trop 2468 1848 97 179 179
trop 2484 1832 107 179 179
trop 2492 1840 107 179 179
trop 2556 1848 104 179 179
trop 2780 1832 101 179 179
trop 2820 1832 65 179 179
stand 2832 1844 156 0 179
stand 2832 1828 156 0 179
tree 3368 1832 31 0 179
lay 3496 1826 28 0 179
tree 3704 1834 22 0 179
trop 952 1868 112 179 179
trop 1048 1868 112 179 179
tree 1480 1864 12 0 179
tree 1656 1864 14 0 179
tree 1688 1864 15 0 179
tree 1704 1880 5 0 179
tree 1704 1864 16 0 179
tree 1784 1864 7 0 179
tree 1768 1864 16 0 179
tree 1816 1864 4 0 179
tree 1800 1880 8 0 179
tree 1816 1880 7 0 179
tree 1832 1880 10 0 179
tree 1896 1872 6 0 0
tree 1960 1872 8 0 0
tree 2008 1880 9 0 179
tree 2024 1880 15 0 179
tree 2024 1864 10 0 179
trop 2476 1880 101 179 179
trop 2602 1886 96 179 179
trop 2690 1870 100 179 179
stand 2718 1874 156 0 179
stand 2718 1858 161 0 179
stand 2750 1874 158 0 179
trop 2900 1872 105 179 179
trop 2916 1856 65 179 179
tree 3544 1874 32 0 179
stand 3592 1874 153 0 179
lay 3752 1880 28 0 179
tree 3816 1882 6 0 179
tree 3928 1866 9 0 179
tree 3944 1866 8 0 179
trop 952 1900 112 179 179
trop 1048 1900 112 179 179
trop 1580 1900 73 179 179
tree 1720 1896 14 0 179
tree 1736 1896 6 0 179
tree 1736 1912 6 0 179
tree 1768 1896 16 0 179
trop 1916 1908 127 0 0
trop 1956 1900 127 0 0
tree 2008 1896 11 0 179
trop 2124 1916 65 179 179
trop 2554 1910 96 179 179
stand 2672 1908 184 0 179
stand 2686 1890 156 0 179
stand 2702 1890 162 0 179
stand 2718 1890 161 0 179
stand 2734 1906 162 0 179
stand 2750 1906 185 1 179
stand 2750 1890 157 0 179
dom 2904 1916 238 0 179
lay 3992 1914 37 0 179
trop 952 1932 112 179 179
trop 1048 1932 112 179 179
trop 2396 1920 65 179 179
stand 2464 1940 160 0 179
stand 2464 1924 161 0 179
stand 2480 1924 157 0 179
stand 2496 1924 159 0 179
stand 2702 1938 160 0 179
stand 2718 1938 161 0 179
tree 2776 1944 9 0 179
tree 2792 1944 9 0 179
trop 2844 1928 102 179 179
tree 3976 1930 8 0 179
trop 952 1964 112 179 179
trop 1048 1964 112 179 179
trop 1572 1980 73 179 179
dom 1920 1952 248 0 179
trop 2180 1968 65 179 179
dom 2200 1980 242 0 179
dom 2360 1980 242 0 179
trop 2380 1952 65 179 179
stand 2480 1956 160 0 179
stand 2464 1972 161 0 179
tree 2680 1976 11 0 179
tree 2664 1960 14 0 179
lay 2888 1978 28 0 179
trop 3420 1960 105 179 179
tree 3832 1970 39 0 179
tree 3848 1970 21 0 179
trop 952 1996 112 179 179
trop 1048 1996 112 179 179
trop 1284 1988 126 0 0
dom 1792 1984 244 0 179
trop 1972 2012 73 0 0
trop 2572 1992 102 179 179
tree 2648 2008 16 0 179
tree 2664 1992 7 0 179
tree 2808 2010 19 0 179
lay 2952 1994 28 0 179
tree 3112 2008 17 0 179
lay 3464 2008 28 0 179
trop 3516 2008 101 179 179
trop 3532 2000 101 179 179
lay 3688 2002 28 0 179
tree 3800 1986 23 0 179
tree 3832 1986 22 0 179
trop 952 2028 112 179 179
trop 1048 2028 112 179 179
trop 1172 2044 98 179 179
trop 1348 2044 126 0 0
trop 1820 2036 65 179 179
trop 1868 2028 65 179 179
stand 2480 2036 158 0 179
tree 2680 2024 7 0 179
tree 2664 2040 13 0 179
tree 3128 2024 37 0 179
tree 3112 2024 3 0 179
tree 3160 2024 24 0 179
tree 3144 2024 39 0 179
tree 3416 2040 16 0 179
tree 3432 2040 9 0 179
lay 3592 2040 28 0 179
trop 3740 2038 203 179 179
tree 3768 2018 23 0 179
tree 3768 2034 21 0 179
trop 952 2060 112 179 179
trop 1048 2060 112 179 179
trop 1348 2076 127 0 0
dom 1440 2048 240 0 179
trop 1540 2060 74 0 0
dom 1600 2048 240 0 179
trop 1660 2060 73 0 0
trop 2164 2076 65 179 179
trop 2228 2072 65 179 179
trop 2298 2062 94 179 179
trop 2338 2078 98 179 179
trop 2354 2078 99 179 179
trop 2396 2064 65 179 179
stand 2464 2068 158 0 179
stand 2464 2052 158 0 179
stand 2480 2068 161 0 179
stand 2496 2068 156 0 179
tree 2648 2056 4 0 179
tree 3416 2056 13 0 179
tree 3928 2072 25 0 179
trop 952 2092 112 179 179
trop 1048 2092 112 179 179
tree 1200 2100 10 0 179
tree 1200 2084 7 0 179
tree 1296 2100 9 0 179
trop 1340 2100 126 0 0
trop 1460 2108 127 0 0
trop 1548 2084 65 179 179
trop 1564 2100 126 0 0
trop 1692 2092 73 0 0
trop 1740 2088 10 179 179
dom 1792 2080 244 0 179
trop 1964 2100 73 0 0
trop 1980 2092 73 0 0
tree 3944 2088 39 0 179
trop 952 2124 112 179 179
trop 1048 2124 112 179 179
tree 1296 2116 6 0 179
trop 1444 2116 65 179 179
trop 1564 2124 127 0 0
trop 1668 2124 65 179 179
trop 1836 2140 65 179 179
trop 1916 2124 73 0 0
trop 1940 2124 73 0 0
trop 1948 2116 73 0 0
trop 2204 2136 92 179 179
trop 2292 2140 65 179 179
stand 2288 2132 186 0 179
trop 2372 2136 96 179 179
stand 2432 2116 185 0 179
stand 2432 2132 185 0 179
tree 2888 2122 40 0 179
tree 3560 2136 16 0 179
tree 3912 2136 25 0 179
tree 3944 2120 24 0 179
trop 952 2156 112 179 179
trop 1048 2156 112 179 179
trop 1140 2144 94 179 179
trop 1628 2164 65 179 179
trop 1668 2164 127 0 0
trop 1708 2164 127 0 0
tree 1784 2160 0 0 0
stand 2288 2164 186 0 179
stand 2320 2164 184 0 179
stand 2320 2148 184 0 179
trop 2412 2168 102 179 179
trop 2428 2152 98 179 179
tree 2872 2152 22 0 179
lay 3064 2154 28 0 179
tree 3384 2168 40 0 179
cliff 3528 2156 98 179 179
cliff 3544 2172 119 179 179
tree 3576 2168 10 0 179
tree 3576 2152 8 0 179
tree 3560 2152 16 0 179
lay 3592 2152 28 0 179
trop 3676 2160 102 179 179
tree 3928 2152 20 0 179
tree 3944 2152 26 0 179
trop 952 2188 112 179 179
trop 1048 2188 112 179 179
trop 1508 2180 65 179 179
trop 1764 2180 127 0 0
tree 2174 2194 10 0 179
stand 2288 2196 181 0 179
trop 2274 2206 96 179 179
stand 2336 2180 160 0 179
stand 2336 2196 157 0 179
tree 2584 2200 5 0 179
tree 2584 2184 6 0 179
lay 2808 2202 16 0 179
lay 2920 2202 27 0 179
lay 3016 2186 7 0 179
lay 3048 2186 9 0 179
lay 3096 2186 5 0 179
tree 3384 2184 33 0 179
lay 3368 2186 27 0 179
tree 3416 2200 40 0 179
tree 3400 2184 28 0 179
trop 3660 2176 102 179 179
tree 384 2212 4 0 179
tree 400 2212 15 0 179
tree 576 2212 13 0 179
tree 576 2228 13 0 179
tree 592 2228 7 0 179
trop 796 2216 8 179 179
stand 896 2212 187 0 179
trop 952 2220 112 179 179
trop 1048 2220 112 179 179
trop 1220 2216 102 179 179
stand 2128 2228 157 0 179
trop 2204 2208 91 179 179
stand 2336 2212 157 0 179
stand 2336 2228 158 0 179
tree 2568 2216 16 0 179
tree 2600 2232 5 0 179
tree 2840 2216 7 0 179
tree 2872 2216 11 0 179
tree 2856 2216 5 0 179
lay 3048 2218 9 0 179
cliff 3544 2236 120 179 179
tree 3584 2212 12 0 179
tree 416 2244 11 0 179
tree 560 2260 10 0 179
tree 576 2244 15 0 179
stand 864 2244 189 0 179
fre 892 2268 62 0 0
stand 896 2244 189 0 179
trop 952 2252 112 179 179
trop 1048 2252 112 179 179
tree 1680 2244 13 0 179
tree 1696 2260 16 0 179
tree 1712 2260 8 0 179
tree 1792 2260 14 0 179
tree 1808 2244 10 0 179
tree 1792 2244 12 0 179
dom 2016 2240 236 0 179
stand 2096 2260 159 0 179
stand 2128 2260 157 0 179
stand 2128 2244 158 0 179
trop 2266 2246 104 179 179
trop 2364 2260 65 179 179
trop 2380 2248 96 179 179
trop 2386 2270 105 179 179
tree 2416 2244 15 0 179
tree 2600 2248 14 0 179
tree 2680 2248 6 0 179
tree 2696 2264 8 0 179
tree 2840 2264 16 0 179
lay 3080 2250 28 0 179
lay 3240 2250 27 0 179
tree 432 2292 15 0 179
tree 416 2292 13 0 179
fre 916 2292 62 0 0
fre 908 2292 62 0 0
trop 952 2284 112 179 179
trop 1048 2284 112 179 179
trop 1140 2288 94 179 179
stand 1168 2292 185 0 179
trop 1668 2280 98 179 179
dom 1920 2272 225 0 179
stand 2112 2292 161 0 179
stand 2112 2276 160 0 179
stand 2128 2276 161 0 179
trop 2266 2302 73 179 179
tree 2840 2282 3 0 179
tree 2856 2296 8 0 179
lay 2984 2298 37 0 179
tree 3160 2298 26 0 179
tree 3192 2298 11 0 179
tree 3208 2298 12 0 179
tree 3304 2298 13 0 179
lay 3320 2282 14 0 179
lay 3352 2298 27 0 179
tree 3416 2296 35 0 179
tree 3400 2280 27 0 179
tree 3600 2292 4 0 179
tree 3728 2276 12 0 179
tree 3744 2292 14 0 179
tree 432 2308 9 0 179
tree 432 2324 8 0 179
tree 464 2308 12 0 179
fre 604 2332 63 0 0
dom 856 2332 194 0 179
trop 868 2304 65 179 179
trop 952 2316 112 179 179
trop 1048 2316 112 179 179
stand 1168 2308 185 0 179
tree 1744 2324 12 0 179
tree 1792 2308 9 0 179
tree 1792 2324 9 0 179
trop 1900 2324 73 0 0
trop 2130 2326 97 179 179
trop 2204 2312 81 179 179
trop 2202 2318 94 179 179
trop 2202 2310 104 179 179
trop 2250 2326 94 179 179
trop 2242 2334 98 179 179
trop 2258 2334 99 179 179
trop 2314 2326 97 179 179
trop 2410 2318 95 179 179
trop 2466 2326 97 179 179
trop 2554 2318 105 179 179
trop 2682 2318 97 179 179
trop 2730 2334 104 179 179
tree 2872 2328 5 0 179
tree 2872 2312 14 0 179
tree 2856 2312 10 0 179
tree 3160 2330 25 0 179
tree 3160 2314 22 0 179
lay 3272 2330 13 0 179
tree 3584 2324 13 0 179
tree 3600 2308 6 0 179
trop 3732 2328 98 179 179
tree 3760 2324 15 0 179
tree 3744 2324 12 0 179
tree 3744 2308 15 0 179
lay 3800 2328 28 0 179
tree 3776 2324 14 0 179
tree 592 2356 16 0 179
stand 600 2336 28 1 0
tree 608 2340 7 0 179
tree 608 2356 6 0 179
trop 724 2364 126 0 0
trop 952 2348 112 179 179
trop 1048 2348 112 179 179
stand 1168 2340 186 0 179
trop 1532 2364 65 179 179
trop 1900 2364 72 0 0
trop 1948 2364 73 0 0
trop 2170 2366 101 179 179
trop 2650 2350 101 179 179
tree 2736 2356 10 0 179
tree 2888 2360 10 0 179
tree 3032 2362 20 0 179
tree 3128 2362 36 0 179
tree 3144 2362 40 0 179
tree 3160 2346 36 0 179
tree 3192 2362 22 0 179
tree 3208 2346 20 0 179
lay 3320 2346 46 0 179
tree 3568 2340 5 0 179
tree 3584 2340 12 0 179
tree 3792 2340 10 0 179
tree 3776 2356 8 0 179
tree 3776 2340 7 0 179
tree 3824 2340 6 0 179
tree 304 2372 13 0 179
tree 320 2388 7 0 179
tree 592 2372 16 0 179
tree 592 2388 7 0 179
trop 876 2384 65 179 179
trop 952 2380 112 179 179
trop 1048 2380 112 179 179
trop 1276 2376 98 179 179
trop 1572 2388 65 179 179
trop 1676 2368 98 179 179
tree 2126 2386 13 0 179
trop 2282 2374 107 179 179
trop 2354 2390 99 179 179
trop 2338 2398 98 179 179
trop 2402 2382 97 179 179
trop 2562 2374 97 179 179
trop 2586 2374 72 179 179
tree 2808 2376 11 0 179
tree 2856 2376 14 0 179
tree 2872 2376 6 0 179
tree 2936 2378 34 0 179
lay 2920 2378 27 0 179
tree 2952 2378 40 0 179
tree 2968 2394 37 0 179
tree 3048 2378 39 0 179
tree 3128 2392 22 0 179
tree 3128 2378 40 0 179
lay 3112 2394 36 0 179
tree 3176 2392 23 0 179
tree 3192 2392 22 0 179
lay 3288 2378 3 0 179
trop 3324 2398 14 179 179
tree 3568 2372 4 0 179
tree 3552 2372 13 0 179
trop 3676 2384 103 179 179
tree 4080 2388 13 0 179
tree 4064 2388 11 0 179
tree 336 2420 5 0 179
tree 592 2420 4 0 179
tree 592 2404 15 0 179
tree 608 2404 11 0 179
dom 856 2428 194 0 179
trop 952 2412 112 179 179
trop 1048 2412 112 179 179
tree 1128 2416 7 0 0
trop 1404 2428 65 179 179
dom 1408 2400 251 0 179
dom 1536 2400 251 0 179
trop 1596 2428 65 179 179
trop 1668 2400 102 179 179
stand 2080 2420 166 0 179
tree 2126 2402 12 0 179
lay 2190 2402 3 0 179
trop 2578 2414 101 179 179
lay 2670 2418 5 0 179
trop 2706 2430 102 179 179
tree 2984 2410 40 0 179
tree 3000 2426 2 0 179
tree 3048 2426 2 0 179
lay 3080 2426 27 0 179
tree 3128 2410 3 0 179
tree 3144 2408 23 0 179
tree 3160 2408 20 0 179
tree 3160 2426 36 0 179
tree 3176 2408 23 0 179
lay 3288 2410 27 0 179
tree 3552 2404 8 0 179
tree 3896 2424 6 0 179
tree 528 2452 11 0 179
tree 560 2452 13 0 179
tree 544 2452 12 0 179
fre 556 2460 63 0 0
trop 952 2444 112 179 179
trop 1048 2444 112 179 179
stand 1216 2452 155 0 179
trop 1404 2436 65 179 179
tree 1904 2436 10 0 179
tree 2078 2450 10 0 179
stand 2112 2452 160 0 179
stand 2128 2436 156 0 179
stand 2128 2452 160 0 179
trop 2178 2462 96 179 179
trop 2226 2462 96 179 179
trop 2354 2438 100 179 179
trop 2522 2438 100 179 179
trop 2564 2444 65 179 179
trop 2770 2446 103 179 179
tree 2968 2440 25 0 179
tree 2952 2458 34 0 179
tree 2984 2456 21 0 179
tree 3000 2440 39 0 179
tree 3032 2440 26 0 179
tree 3032 2442 37 0 179
lay 3112 2442 37 0 179
lay 3160 2440 28 0 179
tree 3144 2440 39 0 179
tree 3144 2456 21 0 179
tree 3160 2458 38 0 179
tree 3160 2442 37 0 179
tree 3896 2440 12 0 179
tree 3912 2440 5 0 179
tree 352 2484 11 0 179
tree 384 2484 4 0 179
fre 532 2476 63 0 0
fre 556 2476 63 0 0
fre 564 2468 63 0 0
fre 548 2468 63 0 0
trop 844 2464 65 179 179
trop 952 2476 112 179 179
trop 952 2492 112 179 179
trop 1004 2472 96 179 179
trop 1048 2476 112 179 179
stand 1264 2484 161 0 179
trop 1276 2488 102 179 179
trop 1516 2480 7 179 179
trop 1604 2480 10 179 179
trop 1796 2488 105 179 179
trop 1948 2480 97 179 179
tree 2048 2468 4 0 179
stand 2128 2468 159 0 179
stand 2112 2468 161 0 179
tree 2254 2466 14 0 179
stand 2286 2482 179 0 179
trop 2282 2486 96 179 179
tree 2334 2482 16 0 179
trop 2370 2478 100 179 179
trop 2386 2486 106 179 179
dom 2488 2492 241 0 179
trop 2634 2478 106 179 179
trop 2628 2472 102 179 179
lay 2824 2490 28 0 179
tree 3144 2474 34 0 179
tree 3416 2474 21 0 179
tree 3768 2488 14 0 179
tree 3784 2488 8 0 179
tree 416 2500 8 0 179
tree 416 2516 11 0 179
stand 640 2516 190 0 179
trop 740 2524 126 0 0
trop 952 2524 112 179 179
trop 1048 2508 112 179 179
stand 1216 2500 155 0 179
stand 1280 2516 160 0 179
trop 1340 2524 126 0 0
trop 1372 2512 97 179 179
trop 1396 2496 105 179 179
trop 1524 2504 97 179 179
trop 1620 2512 97 179 179
trop 1636 2504 104 179 179
trop 1716 2504 97 179 179
trop 1764 2496 97 179 179
trop 1876 2504 97 179 179
trop 1860 2496 105 179 179
trop 2036 2512 97 179 179
trop 2170 2502 104 179 179
stand 2270 2498 178 1 179
trop 2266 2502 73 179 179
trop 2290 2526 105 179 179
trop 2436 2512 65 179 179
trop 2522 2502 106 179 179
trop 2532 2520 65 179 179
trop 2564 2512 65 179 179
tree 2744 2522 19 0 179
tree 2744 2506 31 0 179
tree 2888 2514 4 0 179
lay 2920 2498 28 0 179
lay 3304 2506 27 0 179
tree 3784 2504 7 0 179
tree 520 2544 7 0 0
trop 952 2556 112 179 179
trop 1048 2540 112 179 179
stand 1216 2548 155 0 179
trop 1340 2556 127 0 0
trop 2170 2558 73 179 179
trop 2386 2534 105 179 179
trop 2490 2550 106 179 179
tree 2936 2538 2 0 179
tree 2952 2530 5 0 179
tree 2968 2546 32 0 179
stand 3016 2546 153 0 179
lay 3064 2538 26 0 179
tree 3160 2538 2 0 179
tree 3240 2554 6 0 179
tree 3352 2538 9 0 179
tree 3368 2538 8 0 179
lay 3752 2552 5 0 179
lay 3848 2536 4 0 179
tree 888 2584 33 0 179
trop 952 2588 112 179 179
trop 1048 2572 112 179 179
trop 1172 2580 126 0 0
trop 1180 2564 126 0 0
trop 1292 2572 127 0 0
trop 1284 2572 127 0 0
trop 1316 2588 126 0 0
trop 1564 2588 65 179 179
tree 1712 2580 5 0 179
tree 1728 2580 15 0 179
trop 2034 2582 97 179 179
trop 2106 2566 104 179 179
trop 2154 2582 94 179 179
trop 2218 2582 97 179 179
trop 2314 2574 95 179 179
trop 2370 2582 97 179 179
trop 2458 2574 105 179 179
trop 2586 2574 97 179 179
trop 2620 2576 104 179 179
tree 2840 2586 34 0 179
tree 2856 2586 38 0 179
tree 3096 2570 21 0 179
tree 3112 2570 24 0 179
tree 3128 2586 20 0 179
tree 3128 2570 22 0 179
tree 3160 2570 21 0 179
lay 3416 2586 37 0 179
tree 3592 2584 5 0 179
tree 3592 2568 15 0 179
tree 3688 2584 15 0 179
lay 3832 2568 1 0 179
stand 520 2608 53 1 0
vor 548 2612 48 0 0
tree 904 2600 19 0 179
trop 952 2620 112 179 179
trop 1048 2604 112 179 179
trop 1268 2604 126 0 0
trop 1284 2596 126 0 0
trop 1324 2604 72 0 0
trop 1316 2600 99 179 179
trop 1580 2612 127 0 0
trop 1612 2612 127 0 0
tree 1680 2596 7 0 179
tree 1664 2612 10 0 179
tree 1680 2612 9 0 179
tree 1696 2612 13 0 179
tree 1712 2612 7 0 179
tree 1712 2596 10 0 179
trop 2074 2622 101 179 179
trop 2282 2622 96 179 179
trop 2370 2606 100 179 179
stand 2398 2610 156 0 179
stand 2398 2594 161 0 179
stand 2430 2610 158 0 179
trop 2554 2606 101 179 179
tree 2824 2618 2 0 179
tree 2824 2602 40 0 179
tree 2984 2618 2 0 179
tree 3000 2618 38 0 179
lay 3096 2600 28 0 179
lay 3272 2618 28 0 179
tree 3400 2602 8 0 179
tree 3544 2616 12 0 179
tree 3544 2600 15 0 179
tree 3528 2600 15 0 179
tree 3592 2600 13 0 179
trop 952 2636 112 179 179
trop 952 2652 112 179 179
trop 1048 2636 112 179 179
trop 1188 2628 126 0 0
trop 1276 2652 126 0 0
trop 1524 2636 74 0 0
tree 1680 2628 11 0 179
tree 2030 2642 13 0 179
trop 2186 2630 107 179 179
trop 2234 2646 96 179 179
trop 2258 2646 99 179 179
trop 2242 2654 98 179 179
trop 2306 2638 97 179 179
tree 2320 2628 16 0 179
stand 2366 2626 156 0 179
stand 2382 2626 162 0 179
stand 2398 2626 161 0 179
stand 2414 2642 162 0 179
stand 2430 2642 185 1 179
stand 2430 2626 157 0 179
trop 2490 2630 72 179 179
tree 2728 2632 6 0 179
tree 2760 2634 8 0 179
tree 2760 2632 6 0 179
tree 2808 2650 34 0 179
tree 2824 2650 38 0 179
tree 2824 2634 40 0 179
tree 2840 2634 36 0 179
tree 2952 2650 2 0 179
tree 2968 2650 36 0 179
tree 2984 2634 2 0 179
tree 3000 2634 40 0 179
tree 3256 2642 39 0 179
tree 3272 2642 21 0 179
tree 3464 2648 32 0 179
tree 3544 2648 12 0 179
trop 952 2668 112 179 179
trop 1048 2668 112 179 179
tree 1464 2656 6 0 0
tree 2030 2658 12 0 179
lay 2094 2658 3 0 179
stand 2382 2674 160 0 179
stand 2398 2674 161 0 179
stand 2480 2676 153 0 179
lay 2574 2674 5 0 179
trop 2610 2686 102 179 179
tree 2760 2682 27 0 179
lay 2840 2680 28 0 179
stand 3080 2674 147 0 179
lay 3192 2682 37 0 179
tree 3224 2658 23 0 179
tree 3256 2658 22 0 179
lay 3416 2680 28 0 179
tree 3480 2680 5 0 179
tree 3560 2664 10 0 179
tree 592 2708 13 0 179
tree 608 2708 13 0 179
trop 952 2700 112 179 179
trop 1048 2700 112 179 179
trop 1148 2712 94 179 179
trop 1180 2708 126 0 0
stand 1216 2708 155 0 179
tree 1336 2688 7 0 0
trop 1596 2708 73 0 0
dom 1592 2716 197 1 179
trop 1644 2692 126 0 0
tree 1848 2712 6 0 179
tree 1896 2712 10 0 179
tree 1944 2712 9 0 179
tree 1928 2712 8 0 179
tree 1960 2712 16 0 179
tree 2112 2708 16 0 179
trop 2258 2694 100 179 179
trop 2426 2694 100 179 179
stand 2446 2706 160 0 179
trop 2674 2702 103 179 179
lay 3000 2712 28 0 179
trop 3164 2710 203 179 179
tree 3192 2690 23 0 179
tree 3192 2706 21 0 179
lay 3288 2712 28 0 179
vor 588 2748 72 0 0
trop 952 2732 112 179 179
trop 1004 2720 96 179 179
trop 1048 2732 112 179 179
trop 1172 2740 126 0 0
trop 1524 2740 126 0 0
tree 1864 2728 7 0 179
tree 1976 2728 4 0 179
tree 1960 2728 15 0 179
trop 2274 2734 100 179 179
trop 2290 2742 106 179 179
stand 2366 2738 156 0 179
stand 2366 2722 161 0 179
stand 2382 2722 160 0 179
stand 2398 2722 181 1 179
tree 2712 2728 4 0 179
tree 2744 2728 11 0 179
tree 2728 2728 4 0 179
trop 2740 2728 108 179 179
tree 2776 2744 11 0 179
tree 2760 2744 10 0 179
lay 2920 2744 28 0 179
lay 3096 2728 28 0 179
tree 3448 2728 37 0 179
tree 3432 2744 31 0 179
tree 3480 2728 29 0 179
trop 3716 2724 150 179 179
trop 3836 2748 150 179 179
vor 572 2772 72 0 0
vor 564 2780 72 0 0
vor 588 2764 74 0 0
vor 580 2772 72 0 0
trop 952 2764 112 179 179
trop 1048 2764 112 179 179
stand 1216 2756 155 0 179
trop 1268 2772 126 0 0
tree 1336 2768 0 0 0
fre 1364 2764 68 0 0
tree 1432 2768 0 0 0
tree 1432 2752 7 0 0
tree 1464 2752 8 0 0
trop 1524 2764 126 0 0
trop 1620 2756 126 0 0
trop 1628 2764 126 0 0
tree 1976 2760 10 0 179
trop 2170 2758 73 179 179
trop 2426 2758 106 179 179
tree 2792 2776 16 0 179
tree 2792 2760 15 0 179
tree 3416 2760 12 0 179
tree 3496 2760 34 0 179
tree 3576 2760 8 0 179
fre 876 2812 65 0 0
dom 920 2812 142 0 179
trop 952 2796 112 179 179
trop 1048 2796 112 179 179
trop 1188 2796 126 0 0
stand 1232 2804 156 0 179
stand 1248 2788 157 0 179
stand 1264 2804 158 0 179
trop 1540 2804 126 0 0
trop 1556 2796 74 0 0
tree 1680 2788 13 0 179
tree 1696 2804 10 0 179
trop 2290 2790 105 179 179
trop 2394 2806 106 179 179
tree 2776 2794 3 0 179
tree 2824 2808 12 0 179
lay 2888 2792 28 0 179
lay 3000 2808 28 0 179
tree 3096 2810 26 0 179
tree 3128 2810 11 0 179
tree 3144 2810 12 0 179
tree 3240 2810 13 0 179
lay 3256 2794 14 0 179
lay 3288 2810 27 0 179
tree 3528 2792 6 0 179
cliff 3560 2796 94 179 179
tree 3592 2808 9 0 179
trop 3652 2812 148 179 179
trop 3764 2796 148 179 179
tree 3944 2808 11 0 179
fre 804 2844 65 0 0
trop 952 2828 112 179 179
trop 1004 2840 96 179 179
trop 1048 2828 112 179 179
trop 1636 2836 126 0 0
tree 1712 2820 13 0 179
tree 1744 2836 6 0 179
tree 1728 2836 13 0 179
trop 2676 2816 118 179 179
tree 2824 2824 15 0 179
tree 3096 2842 25 0 179
tree 3096 2826 22 0 179
lay 3384 2824 28 0 179
tree 3592 2840 5 0 179
tree 3608 2824 10 0 179
tree 3592 2824 14 0 179
trop 3708 2828 150 179 179
trop 3836 2844 150 179 179
tree 3944 2824 14 0 179
tree 3944 2840 11 0 179
trop 952 2860 112 179 179
trop 1048 2860 112 179 179
trop 1148 2856 94 179 179
fre 1356 2860 68 0 0
tree 1400 2848 7 0 0
fre 1388 2876 5 0 0
fre 1452 2860 65 0 0
dom 1528 2876 244 0 179
tree 1744 2852 11 0 179
tree 1808 2868 7 0 179
tree 1824 2868 10 0 179
dom 2112 2848 252 0 179
trop 2180 2860 65 179 179
trop 2244 2876 96 179 179
trop 2274 2862 100 179 179
stand 2302 2866 156 0 179
stand 2302 2850 161 0 179
stand 2334 2866 158 0 179
tree 2360 2856 5 0 179
tree 2376 2856 10 0 179
trop 2660 2848 115 179 179
trop 2788 2848 110 179 179
tree 2872 2872 11 0 179
lay 2968 2872 28 0 179
tree 2968 2874 20 0 179
lay 3000 2872 28 0 179
tree 3128 2874 22 0 179
tree 3144 2858 20 0 179
lay 3256 2858 46 0 179
trop 3812 2852 96 179 179
trop 3892 2876 148 179 179
tree 3928 2872 5 0 179
tree 3944 2856 4 0 179
vor 508 2892 33 0 0
vor 556 2892 65 0 0
vor 812 2900 24 0 0
trop 952 2892 112 179 179
trop 1048 2892 112 179 179
trop 1348 2900 127 0 0
fre 1364 2908 26 0 0
fre 1396 2892 26 0 0
fre 1380 2884 26 0 0
tree 1840 2884 6 0 179
trop 2148 2900 65 179 179
stand 2270 2882 156 0 179
stand 2286 2882 162 0 179
stand 2302 2882 161 0 179
stand 2318 2898 162 0 179
stand 2334 2898 185 1 179
stand 2334 2882 157 0 179
tree 2584 2888 5 0 179
tree 2616 2904 7 0 179
tree 2648 2904 10 0 179
tree 2632 2904 10 0 179
tree 2888 2888 13 0 179
tree 2984 2890 39 0 179
trop 3260 2910 14 179 179
tree 3480 2904 24 0 179
tree 3512 2904 32 0 179
tree 3496 2904 1 0 179
tree 3576 2888 24 0 179
dom 696 2940 227 0 179
dom 824 2940 227 0 179
trop 868 2936 65 179 179
trop 952 2924 112 179 179
trop 1048 2924 112 179 179
stand 1328 2932 153 0 179
trop 1628 2932 127 0 0
stand 2286 2930 160 0 179
stand 2302 2930 161 0 179
tree 2696 2920 10 0 179
tree 3576 2936 29 0 179
tree 3560 2936 2 0 179
tree 3560 2920 2 0 179
trop 3708 2932 150 179 179
trop 276 2960 101 179 179
trop 740 2968 65 179 179
trop 952 2956 112 179 179
stand 1056 2964 22 0 179
trop 1556 2944 14 179 179
trop 1572 2956 72 0 0
trop 1604 2964 127 0 0
trop 1684 2956 127 0 0
trop 1828 2972 127 0 0
tree 1872 2964 9 0 179
lay 2664 2968 28 0 179
tree 2664 2968 26 0 179
trop 2836 2968 123 179 179
tree 2936 2968 11 0 179
tree 2920 2968 9 0 179
tree 2920 2952 11 0 179
tree 3440 2964 8 0 179
tree 3424 2948 15 0 179
tree 3472 2964 14 0 179
tree 3456 2964 14 0 179
tree 3576 2952 33 0 179
trop 3836 2948 150 179 179
tree 3944 2952 6 0 179
vor 636 2996 41 0 0
trop 860 2992 65 179 179
trop 952 2988 112 179 179
stand 1408 2980 164 0 179
dom 1432 3004 238 0 179
trop 1708 3004 127 0 0
tree 1872 2980 7 0 179
tree 1888 2980 7 0 179
tree 1888 2996 7 0 179
trop 2244 2996 96 179 179
lay 2392 3000 28 0 179
tree 2664 2984 8 0 179
tree 3288 2984 19 0 179
tree 3304 3000 41 0 179
tree 3304 2984 34 0 179
tree 3352 2986 21 0 179
trop 3412 2980 65 179 179
tree 3424 2980 9 0 179
tree 3440 2996 10 0 179
trop 3644 2980 148 179 179
trop 3692 2980 96 179 179
tree 3928 3000 6 0 179
tree 3944 2984 15 0 179
trop 772 3032 97 179 179
trop 952 3020 112 179 179
dom 1336 3036 225 0 179
trop 1652 3020 127 0 0
trop 1708 3012 127 0 0
trop 1724 3012 127 0 0
trop 1772 3012 127 0 0
tree 1888 3028 12 0 179
tree 2552 3018 34 0 179
tree 2568 3018 40 0 179
tree 2584 3034 37 0 179
tree 2632 3034 40 0 179
tree 2664 3016 26 0 179
dom 2784 3008 81 0 179
lay 2856 3010 28 0 179
tree 2928 3012 9 0 179
tree 3064 3018 22 0 179
tree 3224 3016 0 0 179
tree 3440 3012 12 0 179
stand 3544 3032 153 0 179
trop 3540 3028 65 179 179
trop 3708 3036 150 179 179
cliff 8 3068 120 179 179
trop 452 3040 105 179 179
trop 588 3056 101 179 179
trop 636 3064 95 179 179
trop 952 3052 112 179 179
trop 1876 3068 126 0 0
trop 1892 3060 126 0 0
tree 1904 3044 12 0 179
trop 1900 3068 126 0 0
tree 2136 3048 12 0 179
tree 2120 3048 8 0 179
tree 2328 3064 4 0 179
tree 2328 3048 14 0 179
tree 2344 3064 7 0 179
tree 2600 3050 40 0 179
tree 2616 3066 2 0 179
lay 2728 3064 28 0 179
trop 2852 3040 116 179 179
tree 2904 3058 32 0 179
trop 2908 3064 110 179 179
tree 2928 3044 12 0 179
stand 2952 3058 153 0 179
tree 3176 3066 6 0 179
trop 3580 3060 168 179 179
trop 3756 3044 148 179 179
trop 3796 3044 96 179 179
trop 3836 3044 150 179 179
cliff 8 3100 119 179 179
trop 952 3084 112 179 179
trop 1316 3072 14 179 179
trop 1460 3080 14 179 179
trop 1924 3084 126 0 0
tree 1920 3076 5 0 179
tree 1920 3092 5 0 179
tree 2328 3096 5 0 179
tree 2344 3096 13 0 179
lay 2440 3080 28 0 179
tree 2568 3098 34 0 179
tree 2696 3080 16 0 179
tree 2712 3080 28 0 179
tree 2928 3076 16 0 179
tree 3128 3096 23 0 179
tree 3144 3080 3 0 179
tree 3144 3096 32 0 179
lay 3352 3098 37 0 179
trop 3612 3092 162 179 179
tree 216 3112 12 0 179
tree 232 3128 7 0 179
tree 440 3112 17 0 179
tree 424 3128 6 0 179
trop 724 3128 96 179 179
trop 780 3128 99 179 179
trop 952 3116 112 179 179
dom 1080 3132 229 0 179
trop 1316 3112 7 179 179
trop 1404 3112 10 179 179
trop 1916 3108 126 0 0
tree 1920 3108 14 0 179
tree 2152 3128 11 0 179
tree 2152 3112 5 0 179
trop 2244 3116 96 179 179
lay 2440 3130 28 0 179
lay 2584 3128 28 0 179
lay 2888 3112 28 0 179
tree 2944 3108 7 0 179
tree 3128 3112 24 0 179
trop 3284 3116 65 179 179
trop 3684 3116 96 179 179
trop 3884 3132 148 179 179
tree 232 3160 19 0 179
tree 440 3160 6 0 179
tree 552 3144 11 0 179
tree 568 3144 39 0 179
tree 600 3144 38 0 179
tree 616 3144 21 0 179
tree 648 3160 32 0 179
tree 664 3160 6 0 179
trop 952 3148 112 179 179
trop 1044 3144 73 179 179
tree 1904 3156 6 0 179
trop 1908 3164 126 0 0
tree 1968 3156 10 0 179
tree 2136 3160 10 0 179
tree 2120 3160 9 0 179
tree 2136 3144 7 0 179
tree 2168 3144 16 0 179
tree 2152 3144 11 0 179
tree 2360 3162 19 0 179
tree 2360 3146 31 0 179
tree 2376 3160 12 0 179
lay 2664 3144 28 0 179
tree 2944 3140 15 0 179
cliff 3080 3148 100 179 179
tree 3208 3154 21 0 179
dom 3296 3136 252 0 179
trop 3492 3148 97 179 179
trop 3676 3164 103 179 179
trop 3652 3156 104 179 179
trop 3708 3140 150 179 179
trop 3828 3148 150 179 179
tree 32 3172 8 0 179
tree 104 3192 41 0 179
tree 232 3192 6 0 179
tree 664 3176 1 0 179
tree 680 3192 17 0 179
trop 716 3192 102 179 179
tree 864 3188 7 0 179
trop 952 3180 112 179 179
tree 1584 3172 7 0 179
tree 1904 3172 9 0 179
tree 1920 3172 5 0 179
tree 1936 3172 14 0 179
tree 1936 3188 4 0 179
tree 1968 3172 10 0 179
tree 1952 3188 6 0 179
tree 1984 3188 11 0 179
tree 2344 3192 14 0 179
tree 2344 3176 11 0 179
tree 2360 3176 6 0 179
tree 2552 3178 2 0 179
lay 2840 3176 28 0 179
lay 2936 3192 28 0 179
trop 2916 3192 110 179 179
trop 2932 3184 110 179 179
trop 2940 3168 122 179 179
tree 2976 3188 9 0 179
stand 3016 3186 147 0 179
tree 3008 3188 12 0 179
tree 3024 3188 14 0 179
tree 3040 3188 12 0 179
tree 3072 3188 4 0 179
tree 3128 3192 8 0 179
tree 3144 3192 16 0 179
trop 3444 3172 146 179 179
trop 3492 3172 97 179 179
trop 3508 3180 146 179 179
trop 3524 3172 144 179 179
trop 3596 3180 146 179 179
trop 3628 3196 146 179 179
tree 3944 3192 10 0 179
tree 48 3204 11 0 179
tree 48 3220 11 0 179
tree 104 3224 10 0 179
tree 120 3208 27 0 179
tree 168 3224 22 0 179
tree 296 3224 3 0 179
tree 312 3224 7 0 179
tree 456 3208 41 0 179
tree 472 3224 12 0 179
vor 540 3212 74 0 0
tree 520 3224 33 0 179
tree 520 3208 21 0 179
tree 536 3224 27 0 179
tree 568 3224 20 0 179
lay 624 3204 1 0 179
tree 616 3224 0 0 179
tree 696 3208 23 0 179
trop 952 3212 112 179 179
trop 1108 3208 8 179 179
tree 1704 3200 0 1 0
tree 1968 3204 7 0 179
tree 2000 3220 16 0 179
tree 1984 3220 5 0 179
tree 1984 3204 13 0 179
tree 2344 3208 14 0 179
lay 2408 3208 28 0 179
tree 2456 3226 34 0 179
tree 2472 3226 38 0 179
tree 2712 3210 21 0 179
tree 2728 3210 24 0 179
tree 2744 3226 20 0 179
tree 2744 3210 22 0 179
tree 2776 3210 21 0 179
tree 2792 3210 2 0 179
tree 2824 3224 13 0 179
tree 2824 3208 36 0 179
trop 2932 3200 123 179 179
tree 2992 3204 4 0 179
tree 3024 3220 12 0 179
tree 3008 3220 16 0 179
tree 3008 3204 11 0 179
tree 3024 3204 8 0 179
tree 3056 3204 9 0 179
trop 3100 3222 203 179 179
tree 3128 3202 23 0 179
tree 3128 3218 21 0 179
tree 3128 3224 8 0 179
tree 3160 3208 36 0 179
tree 3144 3224 5 0 179
tree 3192 3208 36 0 179
tree 3176 3208 29 0 179
trop 3292 3228 65 179 179
tree 3944 3208 16 0 179
tree 120 3256 0 0 179
tree 152 3256 26 0 179
tree 200 3256 10 0 179
tree 216 3240 15 0 179
tree 264 3240 12 0 179
tree 312 3240 12 0 179
tree 440 3240 24 0 179
tree 424 3256 33 0 179
tree 472 3256 10 0 179
tree 776 3256 22 0 179
lay 832 3252 5 0 179
tree 904 3256 26 0 179
trop 952 3244 112 179 179
tree 1264 3236 14 0 179
tree 1528 3256 12 0 179
tree 1512 3240 7 0 179
tree 1544 3256 11 0 179
vor 1676 3252 33 0 0
trop 1900 3252 126 0 0
trop 2244 3236 96 179 179
tree 2360 3240 7 0 179
tree 2440 3258 2 0 179
tree 2440 3242 40 0 179
tree 2600 3258 2 0 179
tree 2616 3258 38 0 179
tree 2824 3240 16 0 179
tree 3112 3256 4 0 179
tree 3160 3240 8 0 179
tree 3192 3256 5 0 179
tree 3176 3256 13 0 179
trop 3708 3252 150 179 179
tree 120 3272 24 0 179
tree 168 3272 23 0 179
tree 184 3288 31 0 179
tree 200 3272 13 0 179
tree 344 3288 1 0 179
tree 328 3272 21 0 179
tree 408 3272 22 0 179
tree 392 3288 30 0 179
tree 456 3272 11 0 179
tree 488 3272 13 0 179
tree 520 3288 30 0 179
tree 536 3288 25 0 179
tree 664 3288 28 0 179
tree 776 3272 28 0 179
tree 888 3272 13 0 179
tree 888 3288 13 0 179
tree 904 3272 38 0 179
trop 952 3276 112 179 179
trop 1108 3288 9 179 179
tree 1168 3284 4 0 179
tree 1656 3272 10 0 179
tree 1640 3272 13 0 179
tree 1640 3288 8 0 179
vor 1660 3268 33 0 0
tree 1752 3288 9 0 179
tree 2344 3272 5 0 179
tree 2424 3290 34 0 179
tree 2440 3290 38 0 179
tree 2440 3274 40 0 179
tree 2456 3274 36 0 179
tree 2568 3290 2 0 179
tree 2584 3290 36 0 179
tree 2600 3274 2 0 179
tree 2616 3274 40 0 179
lay 2632 3272 28 0 179
lay 2840 3288 28 0 179
tree 2824 3288 11 0 179
tree 3128 3272 12 0 179
tree 3112 3272 12 0 179
tree 3144 3288 9 0 179
tree 3192 3272 16 0 179
tree 3208 3288 4 0 179
tree 3208 3272 15 0 179
tree 3240 3272 13 0 179
trop 3612 3276 160 179 179
trop 3828 3268 150 179 179
tree 3912 3288 16 0 179
trop 3980 3268 65 179 179
tree 328 3304 9 0 179
tree 376 3304 36 0 179
tree 360 3304 8 0 179
tree 536 3304 27 0 179
tree 584 3320 0 0 179
tree 616 3320 22 0 179
tree 632 3320 2 0 179
tree 664 3304 8 0 179
tree 680 3304 10 0 179
tree 680 3320 32 0 179
tree 696 3320 23 0 179
trop 780 3296 98 179 179
trop 952 3308 112 179 179
dom 1080 3324 229 0 179
tree 1168 3300 15 0 179
tree 1200 3316 10 0 179
tree 1720 3320 13 0 179
tree 1736 3320 13 0 179
tree 1752 3304 9 0 179
tree 1784 3304 5 0 179
tree 1768 3304 11 0 179
tree 1768 3320 5 0 179
lay 2504 3304 28 0 179
tree 2824 3320 10 0 179
tree 2824 3304 14 0 179
lay 3032 3320 28 0 179
tree 3208 3320 6 0 179
tree 3208 3304 14 0 179
stand 3368 3304 154 0 179
stand 3416 3304 154 0 179
stand 3448 3304 161 0 179
trop 3428 3316 65 179 179
stand 3464 3304 163 0 179
stand 3496 3304 160 0 179
stand 3496 3320 160 0 179
trop 3532 3324 65 179 179
trop 3572 3300 154 179 179
trop 3692 3324 102 179 179
trop 3884 3316 148 179 179
tree 3928 3320 11 0 179
tree 328 3352 10 0 179
tree 344 3336 17 0 179
tree 376 3336 9 0 179
tree 440 3336 38 0 179
tree 488 3336 30 0 179
tree 552 3336 11 0 179
tree 584 3352 6 0 179
tree 680 3336 0 0 179
stand 896 3332 210 0 179
trop 952 3340 112 179 179
tree 1200 3332 4 0 179
tree 1432 3336 5 0 179
tree 1464 3352 12 0 179
tree 1448 3352 7 0 179
fre 1892 3332 26 0 0
trop 2276 3344 123 179 179
lay 2360 3354 16 0 179
tree 2824 3352 13 0 179
tree 2824 3336 6 0 179
tree 2912 3348 13 0 179
trop 3036 3336 121 179 179
trop 3052 3328 121 179 179
trop 3044 3352 115 179 179
tree 3208 3336 5 0 179
trop 3572 3340 168 179 179
trop 3708 3348 150 179 179
tree 3928 3336 10 0 179
tree 3928 3352 9 0 179
tree 328 3384 30 0 179
trop 952 3372 112 179 179
trop 1156 3388 120 0 0
vor 1292 3380 48 0 0
tree 1784 3384 14 0 179
fre 1868 3364 26 0 0
trop 2244 3376 96 179 179
tree 2928 3380 13 0 179
lay 3048 3368 28 0 179
lay 3080 3384 28 0 179
trop 3124 3368 115 179 179
trop 3612 3372 162 179 179
trop 3828 3364 150 179 179
tree 344 3400 8 0 179
tree 568 3416 36 0 179
tree 600 3400 19 0 179
stand 752 3412 198 0 179
trop 836 3392 65 179 179
stand 912 3412 198 0 179
stand 912 3396 198 0 179
trop 952 3404 112 179 179
vor 1788 3420 33 0 0
lay 2472 3416 28 0 179
lay 2584 3416 28 0 179
lay 2728 3400 28 0 179
tree 2928 3412 13 0 179
trop 3132 3400 116 179 179
trop 3316 3420 65 179 179
trop 3716 3404 103 179 179
trop 3996 3412 65 179 179
tree 600 3448 30 0 179
tree 688 3428 8 0 179
stand 752 3428 198 0 179
trop 836 3440 65 179 179
stand 912 3444 199 0 179
stand 912 3428 198 0 179
trop 952 3436 112 179 179
trop 1060 3432 73 179 179
tree 1368 3448 11 0 179
tree 1368 3432 13 0 179
trop 1364 3452 120 0 0
trop 1372 3452 120 0 0
tree 1384 3432 14 0 179
tree 1416 3432 6 0 179
tree 1432 3448 8 0 179
tree 2328 3448 14 0 179
tree 2312 3448 12 0 179
tree 2312 3432 16 0 179
tree 2392 3434 3 0 179
tree 2712 3450 26 0 179
tree 2744 3450 11 0 179
tree 2760 3450 12 0 179
tree 2856 3450 13 0 179
tree 2944 3428 14 0 179
tree 3024 3444 14 0 179
dom 3296 3424 252 0 179
trop 3460 3452 146 179 179
trop 3548 3436 97 179 179
tree 600 3464 7 0 179
stand 752 3476 209 0 179
stand 896 3476 194 0 179
stand 912 3460 199 0 179
trop 952 3468 112 179 179
trop 1356 3468 120 0 0
tree 1384 3464 6 0 179
trop 2244 3456 96 179 179
tree 2312 3464 7 0 179
tree 2712 3482 25 0 179
tree 2712 3466 22 0 179
tree 2960 3460 9 0 179
tree 2944 3460 4 0 179
tree 3024 3460 15 0 179
tree 3040 3476 4 0 179
trop 3516 3460 146 179 179
trop 3524 3460 97 179 179
trop 3548 3460 144 179 179
trop 3556 3468 95 179 179
trop 3580 3476 101 179 179
trop 3588 3468 146 179 179
trop 3628 3468 146 179 179
trop 3708 3484 103 179 179
trop 3708 3468 150 179 179
trop 3836 3468 150 179 179
trop 708 3492 127 0 0
stand 800 3492 200 0 179
stand 816 3492 200 0 179
stand 832 3492 200 0 179
stand 848 3492 201 0 179
stand 880 3492 201 0 179
stand 864 3492 201 0 179
trop 952 3500 112 179 179
trop 1068 3496 69 179 179
fre 1548 3508 26 0 0
tree 2584 3514 20 0 179
tree 2744 3514 22 0 179
tree 2760 3498 20 0 179
tree 3040 3492 6 0 179
tree 3056 3492 5 0 179
trop 3204 3496 110 179 179
trop 3316 3500 65 179 179
tree 3944 3512 9 0 179
trop 952 3532 112 179 179
fre 1580 3532 26 0 0
tree 2088 3536 8 0 0
tree 2600 3530 39 0 179
trop 2876 3550 14 179 179
lay 3128 3544 28 0 179
stand 3256 3544 162 0 179
stand 3240 3528 159 0 179
trop 3276 3536 116 179 179
trop 3724 3548 96 179 179
trop 3892 3540 148 179 179
tree 3944 3544 9 0 179
trop 3996 3548 65 179 179
trop 952 3564 112 179 179
tree 1976 3560 15 0 179
lay 2392 3560 28 0 179
tree 2376 3576 9 0 179
stand 3256 3560 163 0 179
stand 3272 3560 162 0 179
stand 3464 3576 160 0 179
trop 3612 3564 160 179 179
trop 3708 3580 150 179 179
trop 3836 3564 150 179 179
tree 3928 3560 13 0 179
trop 952 3596 112 179 179
tree 2160 3588 5 0 179
tree 2360 3592 4 0 179
tree 3104 3604 9 0 179
trop 3260 3584 123 179 179
stand 3272 3592 184 0 179
trop 3268 3592 116 179 179
stand 3352 3592 181 0 179
stand 3352 3608 181 0 179
trop 3332 3612 65 179 179
stand 3416 3608 162 0 179
stand 3432 3592 154 0 179
stand 3480 3608 159 0 179
stand 3496 3592 163 0 179
trop 3492 3604 65 179 179
trop 3572 3596 154 179 179
trop 3692 3596 102 179 179
trop 952 3628 112 179 179
trop 1068 3640 62 179 179
fre 1372 3620 26 0 0
fre 1372 3644 26 0 0
tree 2176 3620 8 0 179
tree 2392 3640 4 0 179
tree 2376 3640 6 0 179
tree 2376 3624 15 0 179
tree 2968 3626 21 0 179
tree 3120 3636 14 0 179
trop 3396 3620 65 179 179
stand 3480 3624 183 0 179
stand 3512 3624 162 0 179
trop 3516 3636 65 179 179
trop 952 3660 112 179 179
fre 1372 3652 26 0 0
lay 1768 3656 6 0 179
tree 2160 3652 11 0 179
tree 2176 3652 14 0 179
tree 2192 3668 10 0 179
tree 2192 3652 8 0 179
trop 2244 3672 96 179 179
tree 2392 3656 12 0 179
tree 2408 3672 16 0 179
tree 2440 3666 4 0 179
lay 2552 3656 28 0 179
tree 2680 3658 22 0 179
tree 3120 3668 12 0 179
tree 3120 3652 11 0 179
trop 3564 3652 168 179 179
trop 3612 3668 162 179 179
trop 3708 3676 150 179 179
trop 3836 3668 150 179 179
trop 3988 3668 65 179 179
trop 508 3704 96 179 179
trop 952 3692 112 179 179
tree 1256 3704 10 0 179
lay 1992 3704 0 0 179
tree 2176 3684 4 0 179
tree 2208 3700 12 0 179
tree 2208 3684 16 0 179
tree 2424 3688 11 0 179
tree 2456 3704 15 0 179
tree 2440 3704 11 0 179
tree 2440 3688 14 0 179
tree 2504 3682 5 0 179
tree 2520 3698 32 0 179
stand 2568 3698 153 0 179
tree 2792 3706 6 0 179
tree 2904 3690 9 0 179
tree 2920 3690 8 0 179
tree 3120 3700 12 0 179
tree 3120 3684 5 0 179
tree 3152 3700 4 0 179
tree 3168 3700 7 0 179
trop 3276 3704 116 179 179
trop 3308 3704 108 179 179
trop 3724 3692 103 179 179
trop 3892 3708 148 179 179
trop 952 3724 112 179 179
tree 1320 3736 14 0 179
tree 2024 3736 11 0 179
tree 2160 3732 8 0 179
tree 2176 3732 5 0 179
tree 2176 3716 8 0 179
tree 2192 3716 14 0 179
tree 2208 3716 8 0 179
tree 3096 3720 8 0 179
tree 3184 3732 13 0 179
tree 3168 3716 15 0 179
trop 3572 3732 97 179 179
trop 3676 3716 104 179 179
tree 3928 3720 15 0 179
tree 3928 3736 8 0 179
stand 912 3748 150 0 179
trop 952 3756 112 179 179
tree 1320 3752 14 0 179
tree 1688 3768 13 0 179
tree 1832 3768 14 0 179
tree 2192 3748 7 0 179
tree 2192 3764 6 0 179
tree 2392 3768 15 0 179
tree 2376 3768 12 0 179
tree 2488 3768 5 0 179
tree 2760 3768 10 0 179
tree 2760 3752 4 0 179
tree 2792 3768 13 0 179
tree 2952 3754 8 0 179
dom 3296 3744 197 0 179
trop 3332 3764 65 179 179
trop 3452 3764 146 179 179
trop 3516 3772 146 179 179
trop 3548 3772 144 179 179
trop 3612 3764 146 179 179
trop 3708 3764 150 179 179
trop 3828 3764 150 179 179
trop 572 3800 98 179 179
trop 952 3788 112 179 179
lay 1560 3800 5 0 179
tree 2192 3780 9 0 179
trop 2244 3784 96 179 179
tree 2504 3784 11 0 179
tree 2536 3800 5 0 179
tree 2776 3784 5 0 179
tree 2808 3794 39 0 179
tree 2792 3784 10 0 179
tree 2824 3794 21 0 179
tree 2864 3796 9 0 179
trop 3980 3804 65 179 179
trop 620 3832 105 179 179
trop 952 3820 112 179 179
trop 1068 3816 62 179 179
tree 1288 3832 10 0 179
tree 2464 3828 8 0 179
stand 2632 3826 147 0 179
lay 2664 3826 28 0 179
tree 2776 3810 23 0 179
tree 2808 3810 22 0 179
tree 2864 3812 5 0 179
lay 3208 3816 3 0 179
trop 500 3848 103 179 179
trop 952 3852 112 179 179
tree 1240 3864 12 0 179
lay 1480 3848 1 0 179
lay 1912 3848 3 0 179
stand 2104 3856 24 0 0
tree 2208 3860 16 0 179
tree 2224 3860 9 0 179
tree 2616 3864 10 0 179
tree 2648 3864 13 0 179
tree 2664 3864 15 0 179
tree 2664 3848 13 0 179
trop 2716 3862 203 179 179
tree 2744 3842 23 0 179
tree 2744 3858 21 0 179
lay 512 3876 3 0 179
trop 952 3884 112 179 179
tree 2040 3896 15 0 179
tree 2192 3892 15 0 179
tree 2208 3876 5 0 179
tree 2928 3876 5 0 179
trop 3292 3888 108 179 179
trop 3308 3872 108 179 179
trop 3364 3876 65 179 179
stand 3400 3896 162 0 179
stand 3608 3896 180 0 179
stand 3624 3896 180 0 179
trop 3644 3900 65 179 179
stand 3688 3896 183 0 179
trop 612 3912 99 179 179
trop 952 3916 112 179 179
fre 1476 3924 26 0 0
tree 2192 3908 14 0 179
stand 3384 3912 160 0 179
stand 3448 3912 159 0 179
trop 3508 3908 65 179 179
tree 3544 3928 5 0 179
tree 3544 3912 15 0 179
tree 3576 3928 16 0 179
tree 3560 3928 14 0 179
stand 3736 3912 181 0 179
trop 3764 3908 65 179 179
tree 3832 3912 14 0 179
tree 3864 3928 9 0 179
tree 3880 3928 9 0 179
trop 3924 3924 65 179 179
tree 3928 3912 10 0 179
tree 3912 3928 14 0 179
tree 656 3940 12 0 179
tree 656 3956 13 0 179
tree 688 3940 16 0 179
tree 688 3956 7 0 179
tree 704 3956 15 0 179
tree 720 3940 13 0 179
tree 704 3940 14 0 179
trop 952 3948 112 179 179
trop 1060 3956 66 179 179
tree 2192 3956 13 0 179
tree 3320 3936 7 0 0
tree 144 3972 16 0 179
trop 564 3976 96 179 179
tree 656 3972 14 0 179
trop 952 3980 112 179 179
tree 112 4020 6 0 179
tree 128 4004 6 0 179
trop 548 4000 103 179 179
trop 952 4012 112 179 179
trop 3300 4024 108 179 179
tree 112 4052 16 0 179
trop 436 4032 104 179 179
trop 460 4048 97 179 179
trop 500 4032 97 179 179
trop 952 4044 112 179 179
tree 112 4068 14 0 179
