trop 1204 68 73 0 0
trop 244 116 40 0 0
tree 2904 120 10 0 0
tree 3480 104 9 0 0
tree 3480 120 49 0 0
stand 472 152 96 0 0
stand 504 136 113 0 0
tree 3480 152 40 0 0
dom 352 160 36 0 0
dom 416 160 36 0 0
stand 520 184 113 0 0
stand 520 168 113 0 0
stand 568 184 113 0 0
tree 792 184 41 0 0
trop 1204 180 73 0 0
trop 2212 188 74 0 0
cliff 2656 160 26 179 179
dom 352 192 36 0 0
dom 416 192 36 0 0
stand 536 200 45 0 0
tree 760 200 48 0 0
tree 1624 200 26 0 0
tree 1624 216 10 0 0
tree 1640 200 26 0 0
cliff 1664 192 17 179 179
trop 2268 204 64 0 0
dom 2368 192 34 0 0
dom 2496 192 41 0 0
cliff 2656 192 26 179 179
tree 2760 216 40 0 0
tree 3144 216 56 0 0
tree 3160 216 41 0 0
tree 3496 216 9 0 0
stand 3608 200 45 0 0
dom 3776 192 44 0 0
trop 276 228 43 0 0
tree 728 232 48 0 0
tree 744 232 48 0 0
tree 760 232 1 0 0
tree 1464 248 18 0 0
tree 1480 248 18 0 0
tree 1624 232 18 0 0
tree 1624 248 18 0 0
dom 1888 224 50 0 0
tree 2760 248 26 0 0
stand 3624 248 113 0 0
stand 3624 232 113 0 0
tree 760 280 1 0 0
tree 744 264 56 0 0
tree 824 280 56 0 0
tree 856 264 41 0 0
tree 840 280 56 0 0
tree 1272 280 56 0 0
tree 1384 264 9 0 0
tree 1400 280 40 0 0
tree 1480 264 9 0 0
tree 1496 280 40 0 0
tree 1480 280 18 0 0
cliff 1664 256 17 179 179
cliff 2656 256 28 179 179
tree 2712 280 18 0 0
tree 2760 264 26 0 0
tree 2776 280 40 0 0
tree 3400 264 24 0 0
tree 3496 264 2 0 0
stand 3640 280 113 0 0
stand 3624 280 113 0 0
stand 3656 264 45 0 0
dom 3904 256 50 0 0
trop 212 316 42 0 0
tree 472 312 10 0 0
tree 760 296 33 0 0
tree 792 312 48 0 0
tree 776 296 1 0 0
tree 808 296 1 0 0
tree 888 296 48 0 0
tree 904 296 1 0 0
trop 1204 292 73 0 0
tree 1240 296 48 0 0
tree 1256 312 33 0 0
tree 1336 296 49 0 0
tree 1320 296 49 0 0
tree 1400 296 40 0 0
tree 1384 296 49 0 0
tree 1496 296 18 0 0
tree 1480 296 9 0 0
dom 2176 288 37 0 0
trop 2228 292 74 0 0
trop 2420 308 65 0 0
tree 2792 296 40 0 0
tree 2808 312 40 0 0
tree 3112 312 41 0 0
tree 3432 296 2 0 0
stand 3640 312 113 0 0
tree 616 344 41 0 0
tree 632 344 41 0 0
tree 728 344 41 0 0
tree 728 328 56 0 0
tree 856 344 9 0 0
tree 1256 328 48 0 0
tree 1272 344 1 0 0
tree 1432 328 10 0 0
cliff 1664 320 17 179 179
dom 1696 320 43 0 179
trop 1828 340 72 0 0
dom 2560 320 31 0 0
cliff 2656 320 27 179 179
tree 2808 344 49 0 0
tree 2792 344 9 0 0
tree 2824 328 49 0 0
tree 3080 344 1 0 0
tree 3080 328 33 0 0
tree 3096 328 56 0 0
tree 3448 344 2 0 0
tree 3448 328 57 0 0
tree 3464 328 2 0 0
tree 3512 328 26 0 0
tree 3496 344 56 0 0
dom 3776 320 41 0 0
tree 584 376 41 0 0
tree 616 360 33 0 0
tree 648 360 1 0 0
tree 664 360 56 0 0
tree 696 360 1 0 0
tree 728 376 1 0 0
tree 712 376 33 0 0
tree 728 360 33 0 0
tree 760 360 56 0 0
tree 760 376 48 0 0
tree 808 360 1 0 0
tree 808 376 48 0 0
tree 856 360 10 0 0
stand 1160 360 51 0 0
tree 1464 360 9 0 0
trop 1868 364 73 0 0
tree 2040 360 24 0 0
trop 2220 372 74 0 0
trop 2468 372 74 0 0
stand 3208 376 0 0 0
tree 3448 360 24 0 0
tree 3496 360 41 0 0
tree 3608 376 57 0 0
stand 3736 376 116 0 0
trop 212 396 48 0 0
trop 276 396 48 0 0
dom 384 384 11 0 0
tree 584 392 33 0 0
tree 728 408 48 0 0
tree 744 392 33 0 0
tree 792 392 56 0 0
tree 776 408 33 0 0
trop 1028 412 72 0 0
trop 1132 412 72 0 0
trop 1204 404 73 0 0
trop 1228 412 75 0 0
trop 1340 412 75 0 0
cliff 1664 384 17 179 179
zabor 2128 400 104 2 8
cliff 2656 384 25 179 179
tree 2760 392 18 0 0
stand 3032 392 0 0 0
tree 3368 392 56 0 0
tree 3576 408 2 0 0
tree 3592 392 24 0 0
tree 760 440 41 0 0
tree 744 424 56 0 0
tree 808 424 33 0 0
dom 1664 416 27 0 0
zabor 2064 432 112 2 9
zabor 2288 432 104 2 8
trop 2468 436 74 0 0
tree 3144 424 41 0 0
tree 3144 440 48 0 0
dom 3680 416 51 0 0
trop 3788 428 75 0 0
trop 3828 436 75 0 0
trop 3932 444 75 0 0
trop 3956 436 75 0 0
trop 3972 428 64 0 0
trop 212 476 48 0 0
tree 760 456 48 0 0
tree 760 472 33 0 0
tree 744 472 48 0 0
tree 744 456 41 0 0
tree 1240 456 56 0 0
cliff 1664 448 17 179 179
zabor 1776 464 104 2 8
zabor 1808 464 104 2 8
zabor 1840 464 113 2 9
tree 1992 456 24 0 0
zabor 2064 464 112 2 9
dom 2176 448 37 0 0
tree 3448 472 57 0 0
tree 3464 472 57 0 0
tree 3496 472 2 0 0
trop 276 484 51 0 0
tree 440 504 24 0 0
tree 664 504 40 0 0
tree 680 504 18 0 0
tree 792 488 40 0 0
tree 1160 504 32 0 0
tree 1256 504 41 0 0
tree 1416 504 40 0 0
zabor 1744 496 113 2 9
zabor 1776 496 112 2 9
zabor 1840 496 105 2 8
tree 2312 504 24 0 0
cliff 2656 480 33 179 179
stand 3032 488 0 0 0
tree 3128 504 48 0 0
tree 3144 488 33 0 0
tree 3160 488 1 0 0
tree 3368 504 57 0 0
tree 3656 488 57 0 0
stand 264 520 22 0 0
dom 384 512 11 1 0
tree 712 520 10 0 0
trop 892 540 74 0 0
tree 1000 520 0 0 0
tree 1032 536 16 0 0
dom 1088 512 15 0 0
trop 1204 516 73 0 0
tree 1256 520 33 0 0
tree 1304 536 16 0 0
tree 1320 520 0 0 0
tree 1400 536 26 0 0
tree 1416 520 40 0 0
tree 1416 536 40 0 0
cliff 1632 512 19 179 179
zabor 1744 528 104 2 8
zabor 1776 528 112 2 9
zabor 1808 528 104 2 8
zabor 1840 528 105 2 8
zabor 2096 528 112 2 9
zabor 2160 528 105 2 8
zabor 2192 528 104 2 8
dom 2560 512 27 0 0
tree 3560 520 2 0 0
trop 164 572 13 0 0
trop 212 556 48 0 0
tree 440 568 1 0 0
tree 488 568 41 0 0
tree 616 552 49 0 0
trop 1468 556 73 0 0
zabor 1744 560 104 2 8
zabor 1808 560 105 2 8
dom 1920 544 50 0 0
tree 1992 552 2 0 0
tree 2008 552 24 0 0
zabor 2064 560 104 2 8
zabor 2096 560 113 2 9
zabor 2128 560 104 2 8
zabor 2160 560 104 2 8
zabor 2224 560 112 2 9
stand 2344 552 113 0 0
zabor 2384 560 24 0 8
cliff 2624 544 29 179 179
tree 2728 552 57 0 0
tree 2856 552 24 0 0
tree 3208 568 56 0 0
tree 3208 552 1 0 0
tree 3400 568 2 0 0
stand 360 600 41 0 0
trop 636 588 75 0 0
trop 724 596 72 0 0
trop 836 596 75 0 0
trop 924 596 75 0 0
trop 1012 596 75 0 0
trop 1100 596 75 0 0
trop 1204 596 75 0 0
trop 1316 596 75 0 0
trop 1404 596 75 0 0
trop 1524 596 75 0 0
trop 1652 596 72 0 0
trop 1732 596 75 0 0
zabor 1744 592 112 2 9
zabor 1808 592 104 2 8
zabor 2384 592 28 0 8
trop 2460 580 73 0 0
tree 3208 600 48 0 0
tree 3224 600 1 0 0
trop 212 636 48 0 0
tree 328 616 48 0 0
tree 392 632 48 0 0
trop 1204 620 73 0 0
zabor 1712 624 112 2 9
zabor 1744 624 113 2 9
zabor 1808 624 104 2 8
dom 2176 608 35 1 0
dom 2304 608 10 1 0
stand 2520 632 36 0 0
tree 3208 616 41 0 0
tree 3336 616 18 0 0
trop 164 644 14 0 0
tree 360 664 48 0 0
trop 892 644 73 0 0
stand 1144 648 57 0 0
tree 1240 664 56 0 0
tree 1256 648 1 0 0
tree 1400 648 26 0 0
tree 1416 648 18 0 0
trop 1468 644 73 0 0
tree 1608 664 10 0 0
trop 1812 644 65 0 0
zabor 1808 656 112 2 9
trop 1892 644 75 0 0
tree 2152 664 8 0 0
stand 2248 648 72 0 0
cliff 2656 640 33 179 179
tree 3064 664 9 0 0
tree 344 696 33 0 0
tree 648 696 48 0 0
tree 696 680 56 0 0
tree 776 696 56 0 0
dom 1024 672 22 0 0
tree 1240 680 56 0 0
stand 1320 680 16 0 0
tree 1384 696 1 0 0
zabor 2384 688 30 0 8
tree 3064 696 10 0 0
tree 3176 680 41 0 0
stand 3240 680 0 0 0
trop 212 716 48 0 0
dom 288 704 16 0 0
tree 360 712 56 0 0
tree 392 712 56 0 0
tree 584 728 41 0 0
tree 616 712 56 0 0
tree 792 712 48 0 0
tree 792 728 56 0 0
tree 984 712 1 0 0
trop 1204 716 73 0 0
tree 1240 728 1 0 0
tree 1256 728 48 0 0
stand 1288 728 0 0 0
tree 1528 712 9 0 0
tree 1544 712 40 0 0
cliff 1632 704 13 179 179
tree 2008 728 1 0 0
tree 2008 712 41 0 0
zabor 2160 720 36 0 9
tree 2360 712 18 0 0
zabor 2384 720 24 0 8
tree 3016 728 41 0 0
dom 3392 704 23 0 0
tree 3464 728 57 0 0
stand 136 760 63 0 0
stand 168 760 63 0 0
stand 168 744 31 0 0
trop 164 740 13 0 0
stand 264 744 62 0 0
stand 264 760 63 0 0
stand 296 760 63 0 0
trop 316 740 111 0 0
stand 328 760 63 0 0
stand 360 760 63 0 0
tree 792 760 41 0 0
tree 1144 744 0 0 0
dom 1696 736 30 0 0
tree 1976 760 33 0 0
tree 2104 760 10 0 0
zabor 2160 752 25 0 8
dom 2240 736 5 0 0
zabor 2384 752 32 0 9
trop 2516 748 64 0 0
tree 3000 744 1 0 0
tree 3032 744 1 0 0
tree 3112 760 9 0 0
tree 3224 760 10 0 0
tree 3480 744 24 0 0
tree 3480 760 2 0 0
trop 124 796 72 0 0
trop 212 796 48 0 0
trop 204 796 72 0 0
trop 236 796 72 0 0
trop 324 796 72 0 0
tree 680 776 41 0 0
tree 680 792 41 0 0
tree 744 792 48 0 0
tree 792 776 1 0 0
tree 808 792 1 0 0
trop 1052 796 75 0 0
trop 1156 796 75 0 0
trop 1260 796 75 0 0
trop 1340 796 72 0 0
trop 1868 796 74 0 0
tree 1928 792 1 0 0
tree 2040 776 40 0 0
zabor 2160 784 27 0 8
stand 2200 792 14 0 0
trop 2244 780 112 0 0
trop 2268 796 109 0 0
zabor 2384 784 38 0 9
zabor 2544 784 113 2 9
trop 2588 788 16 0 0
zabor 2576 784 112 2 9
zabor 2608 784 113 2 9
trop 2676 788 15 0 0
tree 3096 776 9 0 0
tree 3080 776 18 0 0
tree 3144 776 33 0 0
tree 3160 776 48 0 0
tree 3192 776 41 0 0
tree 3224 776 48 0 0
trop 3300 788 74 0 0
stand 136 824 63 0 0
stand 168 824 63 0 0
stand 264 824 63 0 0
stand 296 824 63 0 0
stand 328 824 63 0 0
stand 360 824 63 0 0
tree 696 808 56 0 0
tree 744 808 56 0 0
tree 792 808 48 0 0
tree 792 824 41 0 0
tree 824 808 33 0 0
tree 856 824 56 0 0
tree 840 808 1 0 0
trop 1196 828 73 0 0
zabor 2160 816 26 0 8
zabor 2192 816 28 0 8
zabor 2224 816 28 0 8
trop 2276 804 74 0 0
zabor 2352 816 30 0 8
zabor 2384 816 25 0 8
trop 2508 828 16 0 0
zabor 2544 816 105 2 8
trop 2604 828 15 0 0
trop 2732 812 16 0 0
trop 2828 812 15 0 0
trop 2820 804 16 0 0
trop 2908 828 75 0 0
trop 2916 804 15 0 0
trop 3004 828 75 0 0
trop 3100 828 75 0 0
trop 3844 828 75 0 0
trop 3932 828 72 0 0
stand 264 840 39 0 0
stand 328 856 114 0 0
stand 360 840 41 0 0
tree 456 856 33 0 0
tree 552 856 1 0 0
tree 808 840 41 0 0
tree 872 856 41 0 0
cliff 1696 832 18 179 179
trop 2156 860 16 0 0
trop 2244 860 7 0 0
trop 2332 860 7 0 0
trop 2420 860 15 0 0
trop 2484 860 16 0 0
zabor 2512 848 113 2 9
zabor 2544 848 105 2 8
trop 2572 860 15 0 0
trop 2700 836 16 0 0
trop 2788 836 15 0 0
trop 2900 844 16 0 0
trop 2988 844 15 0 0
trop 3116 836 16 0 0
trop 3212 836 15 0 0
trop 3276 836 75 0 0
trop 3380 836 75 0 0
trop 3468 836 75 0 0
trop 3564 836 75 0 0
trop 3652 836 72 0 0
trop 3740 836 72 0 0
trop 212 876 48 0 0
stand 264 888 46 0 0
tree 456 872 1 0 0
tree 472 872 33 0 0
tree 536 872 41 0 0
tree 840 872 33 0 0
tree 888 872 56 0 0
tree 872 888 41 0 0
tree 1272 888 33 0 0
tree 1304 872 41 0 0
tree 1288 872 33 0 0
dom 1728 864 27 0 0
trop 2004 876 72 0 0
trop 2084 876 75 0 0
trop 2332 868 74 0 0
zabor 2512 880 113 2 9
zabor 2544 880 104 2 8
tree 2872 888 1 0 0
tree 2904 872 56 0 0
tree 2888 888 1 0 0
tree 2936 888 33 0 0
tree 744 920 48 0 0
tree 792 904 24 0 0
tree 904 920 48 0 0
tree 904 904 1 0 0
tree 936 920 48 0 0
stand 1096 904 26 0 0
tree 1400 920 10 0 0
stand 1384 920 48 0 0
tree 1528 904 9 0 0
tree 1528 920 9 0 0
tree 1544 920 40 0 0
cliff 1696 896 18 179 179
trop 1868 900 74 0 0
trop 2260 900 16 0 0
trop 2340 924 64 0 0
trop 2340 900 4 0 0
trop 2436 900 15 0 0
stand 2488 920 40 0 0
tree 2824 920 56 0 0
tree 2840 920 56 0 0
tree 2856 904 41 0 0
tree 2872 904 56 0 0
tree 2968 904 56 0 0
tree 2984 920 1 0 0
tree 3000 920 41 0 0
tree 3128 920 24 0 0
tree 3128 904 57 0 0
dom 3200 896 22 0 0
trop 212 956 48 0 0
trop 276 948 50 0 0
tree 840 936 56 0 0
tree 872 936 41 0 0
tree 888 936 1 0 0
tree 968 936 33 0 0
tree 1000 936 41 0 0
tree 1032 952 1 0 0
trop 1196 940 73 0 0
trop 1252 932 73 0 0
tree 1304 952 41 0 0
tree 1320 936 48 0 0
tree 1400 952 40 0 0
tree 1448 952 10 0 0
tree 1592 936 10 0 0
tree 1576 936 40 0 0
tree 1608 952 26 0 0
cliff 1728 928 13 179 179
stand 1976 952 48 0 0
tree 2136 936 0 0 0
stand 2216 936 59 0 0
tree 3112 952 41 0 0
tree 3416 952 1 0 0
tree 888 968 48 0 0
tree 1400 984 49 0 0
tree 1432 968 40 0 0
tree 1432 984 26 0 0
tree 1416 984 18 0 0
tree 1448 968 18 0 0
tree 1496 984 40 0 0
tree 1480 968 18 0 0
tree 1496 968 26 0 0
tree 1512 968 26 0 0
tree 1592 968 26 0 0
tree 1784 984 2 0 0
dom 2080 960 27 0 0
dom 2432 960 43 0 179
cliff 2624 960 33 179 179
tree 3032 984 41 0 0
tree 3176 984 48 0 0
trop 3300 964 74 0 0
dom 3520 960 40 3 0
tree 1368 1016 49 0 0
tree 1432 1016 18 0 0
tree 1416 1016 49 0 0
tree 1464 1016 18 0 0
tree 1448 1016 26 0 0
tree 1448 1000 49 0 0
tree 1480 1000 10 0 0
cliff 1792 992 13 179 179
trop 1868 1004 74 0 0
tree 2008 1000 49 0 0
tree 2024 1000 9 0 0
tree 3144 1000 33 0 0
tree 3144 1016 33 0 0
trop 212 1036 48 0 0
trop 276 1036 48 0 0
tree 760 1048 33 0 0
tree 872 1048 1 0 179
tree 920 1048 41 0 179
tree 1080 1048 33 0 0
tree 1080 1032 56 0 0
tree 1096 1048 1 0 0
trop 1196 1044 73 0 0
trop 1260 1036 74 0 0
tree 1368 1048 18 0 0
tree 1384 1032 10 0 0
tree 1400 1048 18 0 0
tree 1416 1048 40 0 0
tree 1432 1032 40 0 0
tree 1464 1032 9 0 0
tree 1480 1048 26 0 0
tree 1480 1032 40 0 0
tree 1528 1048 9 0 0
tree 1528 1032 26 0 0
tree 2056 1048 18 0 0
cliff 2560 1024 36 179 179
tree 3016 1032 48 0 0
tree 3128 1032 1 0 0
tree 3208 1048 10 0 0
tree 3224 1048 26 0 0
tree 3224 1032 10 0 0
tree 3240 1032 9 0 0
stand 376 1064 35 0 0
tree 696 1064 33 0 0
tree 680 1064 41 0 0
tree 776 1080 1 0 0
tree 776 1064 56 0 0
tree 872 1080 1 0 179
tree 1048 1080 41 0 0
tree 1064 1080 48 0 0
tree 1080 1064 48 0 0
tree 1336 1064 40 0 0
tree 1368 1064 26 0 0
tree 1416 1064 49 0 0
tree 1496 1080 18 0 0
tree 1496 1064 40 0 0
tree 1560 1064 49 0 0
tree 2008 1064 26 0 0
cliff 2112 1056 48 179 179
cliff 2176 1056 46 179 179
cliff 2240 1056 42 179 179
cliff 2304 1056 46 179 179
cliff 2368 1056 44 179 179
cliff 2432 1056 44 179 179
cliff 2496 1056 47 179 179
tree 2712 1080 48 0 0
trop 3300 1060 73 0 0
dom 3776 1056 50 0 0
trop 212 1116 48 0 0
trop 276 1116 48 0 0
tree 600 1112 56 0 0
tree 664 1112 48 0 0
tree 760 1096 57 0 0
tree 808 1112 1 0 0
tree 968 1112 48 0 179
tree 1032 1096 41 0 0
tree 1320 1112 40 0 0
tree 1352 1096 40 0 0
tree 1368 1096 40 0 0
tree 1576 1096 49 0 0
trop 1868 1092 73 0 0
cliff 2080 1088 35 179 179
tree 3032 1096 56 0 0
dom 3072 1088 40 0 0
tree 3192 1112 33 0 0
zabor 3440 1104 113 2 9
tree 3480 1096 40 0 0
dom 3616 1088 63 0 0
tree 664 1128 33 0 0
tree 824 1128 48 0 0
tree 840 1128 48 0 0
trop 1196 1124 73 0 0
tree 1496 1144 10 0 0
tree 1480 1144 9 0 0
tree 1480 1128 18 0 0
tree 1512 1144 9 0 0
tree 2632 1144 1 0 0
tree 2936 1128 41 0 0
tree 2936 1144 1 0 0
tree 3032 1144 33 0 0
tree 3192 1128 33 0 0
stand 184 1160 7 0 0
tree 600 1176 56 0 0
tree 616 1160 33 0 0
tree 680 1160 41 0 0
tree 792 1176 56 0 0
tree 856 1176 56 0 0
tree 888 1160 48 0 0
tree 904 1160 48 0 0
tree 1048 1176 48 0 0
trop 1204 1164 74 0 0
trop 1268 1156 74 0 0
tree 1336 1176 9 0 0
tree 1352 1176 9 0 0
dom 1632 1152 40 1 0
tree 2936 1176 48 0 0
tree 2952 1160 41 0 0
tree 3048 1176 1 0 0
tree 3176 1160 48 0 0
trop 3300 1180 73 0 0
zabor 3440 1168 113 2 9
stand 3528 1160 39 0 0
trop 3636 1180 52 0 0
trop 3708 1180 52 0 0
trop 3780 1180 52 0 0
trop 3852 1180 52 0 0
trop 3924 1180 52 0 0
trop 3996 1180 52 0 0
trop 276 1212 43 0 0
tree 696 1192 41 0 0
tree 744 1192 41 0 0
tree 920 1208 56 0 0
tree 1064 1192 48 0 0
tree 1784 1192 57 0 0
tree 3000 1208 56 0 0
tree 3080 1208 48 0 0
zabor 3440 1200 104 2 8
stand 3512 1192 30 0 0
trop 3564 1188 54 0 0
dom 416 1216 27 0 179
tree 760 1240 48 0 0
tree 888 1224 33 0 0
tree 904 1240 56 0 0
tree 952 1240 1 0 0
tree 1032 1224 1 0 0
tree 3032 1240 33 0 0
tree 3016 1240 48 0 0
tree 3096 1224 56 0 0
tree 3096 1240 56 0 0
zabor 3440 1232 104 2 8
trop 3636 1244 52 0 0
trop 3708 1244 52 0 0
trop 3780 1244 52 0 0
stand 3944 1224 7 0 0
tree 728 1272 1 0 0
tree 744 1256 56 0 0
tree 968 1256 56 0 0
trop 1260 1268 73 0 0
tree 2824 1256 41 0 0
tree 3048 1256 1 0 0
tree 3080 1256 41 0 0
tree 3176 1272 41 0 0
zabor 3440 1264 104 2 8
stand 3512 1256 30 0 0
trop 3564 1252 54 0 0
trop 3964 1252 47 0 0
trop 212 1300 42 0 0
stand 376 1304 27 0 0
tree 696 1304 56 0 0
tree 712 1288 41 0 0
tree 904 1288 41 0 0
trop 1204 1284 74 0 0
cliff 1824 1280 36 179 179
tree 2232 1304 24 0 0
tree 2744 1304 48 0 0
tree 2920 1304 48 0 0
tree 2936 1304 1 0 0
tree 2968 1288 56 0 0
trop 3300 1292 73 0 0
zabor 3440 1296 112 2 9
trop 3636 1308 52 0 0
trop 3708 1308 52 0 0
trop 3780 1308 52 0 0
tree 680 1320 48 0 0
tree 904 1320 56 0 0
cliff 1376 1312 14 179 179
cliff 1792 1312 48 179 179
tree 1928 1320 10 0 0
tree 2168 1336 2 0 0
tree 2744 1320 33 0 0
tree 2760 1320 48 0 0
tree 2776 1336 56 0 0
tree 2792 1336 41 0 0
tree 2808 1336 41 0 0
tree 2904 1336 56 0 0
stand 3512 1320 30 0 0
trop 3564 1316 54 0 0
trop 3868 1316 46 0 0
stand 312 1352 7 0 0
tree 920 1352 1 0 0
cliff 1088 1344 36 179 179
cliff 1408 1344 42 179 179
cliff 1472 1344 40 179 179
cliff 1536 1344 42 179 179
cliff 1600 1344 44 179 179
cliff 1696 1344 47 179 179
tree 1864 1368 57 0 0
tree 1928 1368 40 0 0
tree 2088 1352 9 0 0
tree 2584 1368 0 0 179
stand 3528 1352 39 0 0
stand 3832 1352 7 0 0
trop 212 1380 48 0 0
trop 276 1380 48 0 0
cliff 640 1376 16 179 179
dom 768 1376 40 0 0
cliff 1056 1376 30 179 179
tree 1912 1400 26 0 0
tree 2456 1384 40 0 0
tree 2728 1400 56 0 0
dom 3488 1376 27 0 0
zabor 3600 1392 112 2 9
zabor 3632 1392 105 2 8
zabor 3664 1392 105 2 8
zabor 3696 1392 104 2 8
zabor 3728 1392 113 2 9
zabor 3792 1392 112 2 9
zabor 3824 1392 105 2 8
zabor 3856 1392 105 2 8
zabor 3888 1392 113 2 9
zabor 3920 1392 112 2 9
cliff 672 1408 14 179 179
cliff 1024 1408 37 179 179
tree 2328 1416 2 0 0
tree 2344 1432 57 0 0
trop 3300 1428 73 0 0
tree 3768 1432 18 0 0
trop 212 1460 48 0 0
trop 276 1460 48 0 0
dom 448 1440 41 0 0
cliff 736 1440 46 179 179
cliff 800 1440 44 179 179
cliff 864 1440 42 179 179
cliff 960 1440 41 179 179
trop 1220 1468 74 0 0
tree 1464 1448 41 0 179
tree 1608 1448 48 0 0
tree 1880 1448 18 0 0
tree 2344 1448 2 0 0
tree 1496 1480 40 0 179
tree 1576 1480 33 0 0
tree 1624 1496 33 0 0
tree 2136 1496 24 0 0
tree 2152 1496 2 0 0
trop 3292 1476 74 0 0
trop 3308 1484 74 0 0
stand 184 1528 31 0 0
stand 360 1528 24 0 0
trop 2220 1532 73 0 0
cliff 2624 1504 47 179 179
trop 212 1548 51 0 0
trop 276 1540 48 0 0
cliff 2528 1536 49 179 179
cliff 2720 1536 46 179 179
cliff 2784 1536 46 179 179
cliff 2848 1536 44 179 179
cliff 3424 1536 72 179 179
cliff 3776 1536 89 179 179
cliff 3808 1536 85 179 179
cliff 3872 1536 70 179 179
cliff 3936 1536 71 179 179
cliff 2432 1568 35 179 179
cliff 2944 1568 65 179 179
cliff 3040 1568 67 179 179
cliff 3104 1568 66 179 179
cliff 3488 1568 66 179 179
cliff 3520 1568 68 179 179
cliff 3584 1568 67 179 179
cliff 3648 1568 65 179 179
cliff 3712 1568 71 179 179
stand 200 1608 22 0 0
trop 276 1620 48 0 0
trop 2220 1628 73 0 0
cliff 2368 1600 36 179 179
cliff 3168 1600 73 179 179
cliff 1120 1632 47 179 179
cliff 1408 1632 43 179 179
cliff 1504 1632 46 179 179
cliff 1600 1632 47 179 179
cliff 2048 1632 46 179 179
cliff 2112 1632 48 179 179
cliff 2336 1632 48 179 179
most 3296 1632 33 0 179
cliff 1024 1664 30 179 179
cliff 1952 1664 49 179 179
cliff 2304 1664 35 179 179
tree 200 1720 9 0 0
trop 276 1700 48 0 0
most 1216 1696 3 0 179
tree 216 1752 0 0 179
tree 200 1752 33 0 0
tree 136 1784 49 0 179
tree 168 1768 40 0 0
trop 276 1780 48 0 0
tree 312 1784 1 0 179
tree 328 1784 41 0 179
stand 344 1768 11 0 0
cliff 992 1760 73 179 179
tree 216 1800 1 0 179
tree 216 1816 0 0 179
stand 216 1800 10 0 0
tree 248 1800 26 0 179
tree 344 1816 1 0 179
tree 328 1816 0 0 179
tree 360 1816 0 0 179
tree 376 1816 0 0 179
tree 152 1832 41 0 179
tree 200 1832 41 0 179
tree 392 1832 48 0 179
cliff 800 1824 49 179 179
cliff 160 1856 41 179 179
cliff 448 1856 41 179 179
cliff 544 1856 47 179 179
cliff 672 1856 49 179 179
cliff 736 1856 48 179 179
cliff 3136 1856 47 179 179
cliff 3200 1856 43 179 179
cliff 3488 1856 49 179 179
most 288 1888 29 0 179
most 1216 1920 7 0 179
most 3296 1952 33 0 179
tree 2808 2072 33 0 0
tree 2840 2072 41 0 0
tree 2824 2072 56 0 0
tree 2856 2056 48 0 0
tree 2888 2056 56 0 0
tree 2920 2056 41 0 0
tree 3000 2072 41 0 0
trop 3300 2076 73 0 0
tree 3032 2088 1 0 0
tree 3016 2088 56 0 0
tree 3064 2104 1 0 0
most 320 2112 30 1 179
most 1216 2112 5 0 179
trop 3292 2124 73 0 0
zabor 3440 2160 113 2 9
trop 3292 2188 73 0 0
zabor 3440 2192 104 2 8
zabor 3504 2192 113 2 9
dom 3584 2176 40 0 0
tree 2504 2232 56 0 0
tree 3224 2232 16 0 0
tree 3368 2232 16 0 0
tree 3368 2216 8 0 0
zabor 3440 2224 105 2 8
zabor 3504 2224 104 2 8
tree 3224 2264 0 0 0
trop 3292 2260 73 0 0
zabor 3440 2256 112 2 9
zabor 3504 2256 104 2 8
most 320 2272 28 1 179
trop 1212 2292 73 0 0
tree 3240 2296 32 0 0
zabor 3440 2288 104 2 8
zabor 3504 2288 104 2 8
stand 1448 2328 65 0 0
tree 2488 2312 56 0 0
tree 2472 2312 56 0 0
zabor 3504 2320 105 2 8
tree 2232 2360 41 0 0
tree 2216 2360 1 0 0
tree 2584 2360 41 0 0
tree 2568 2344 56 0 0
tree 3144 2360 26 0 0
trop 3292 2356 73 0 0
cliff 3424 2336 18 179 179
tree 3800 2360 57 0 0
trop 276 2372 48 0 0
stand 360 2392 27 0 0
zabor 1136 2384 104 2 8
stand 1384 2376 65 0 0
tree 2216 2376 41 0 0
tree 2616 2392 48 0 0
tree 2600 2376 41 0 0
tree 2776 2392 56 0 0
tree 2760 2392 41 0 0
tree 2792 2376 33 0 0
tree 3080 2392 9 0 0
tree 3208 2392 2 0 0
tree 3416 2392 41 0 0
dom 3584 2368 27 0 0
tree 3800 2376 57 0 0
stand 1080 2408 104 0 0
zabor 1136 2416 105 2 8
trop 1212 2404 73 0 0
stand 1288 2424 104 0 0
tree 2232 2408 56 0 0
cliff 2624 2400 13 179 179
tree 3176 2408 24 0 0
trop 3292 2428 73 0 0
tree 3352 2424 56 0 0
tree 3416 2408 56 0 0
zabor 3408 2416 113 2 9
tree 3432 2424 33 0 0
cliff 3424 2400 18 179 179
tree 3496 2424 16 0 0
tree 3512 2408 0 0 0
tree 3688 2424 2 0 0
trop 276 2452 48 0 0
zabor 1136 2448 105 2 8
stand 1416 2440 65 0 0
tree 2216 2440 33 0 0
tree 2232 2440 48 0 0
tree 2232 2456 41 0 0
tree 2264 2440 1 0 0
tree 2248 2440 33 0 0
trop 3228 2460 85 0 0
cliff 3456 2432 13 179 179
tree 4008 2456 57 0 0
zabor 1136 2480 112 2 9
trop 1212 2492 73 0 0
stand 1352 2472 65 0 0
tree 1976 2488 41 0 0
tree 1960 2472 1 0 0
cliff 2688 2464 13 179 179
tree 2920 2472 18 0 0
trop 3068 2476 93 0 0
trop 3284 2492 73 0 0
trop 3284 2492 72 0 0
cliff 3488 2464 42 179 179
tree 3736 2488 24 0 0
tree 3720 2488 24 0 0
tree 3752 2488 57 0 0
tree 3816 2488 57 0 0
tree 3848 2472 57 0 0
tree 3960 2488 2 0 0
zabor 176 2512 64 1 8
zabor 208 2512 66 1 8
stand 984 2504 65 0 0
dom 1056 2496 40 0 0
zabor 1136 2512 104 2 8
tree 1352 2520 9 0 0
tree 1992 2504 1 0 0
cliff 2080 2496 3 179 179
cliff 2720 2496 42 179 179
trop 3140 2500 84 0 0
trop 3372 2500 72 0 0
tree 3672 2520 2 0 0
tree 3656 2504 24 0 0
tree 3688 2520 57 0 0
tree 3736 2504 2 0 0
tree 3752 2504 24 0 0
zabor 176 2544 66 1 8
trop 276 2532 48 0 0
tree 696 2552 33 0 0
tree 728 2536 0 0 0
dom 928 2528 27 0 0
tree 1336 2536 49 0 0
tree 1320 2536 26 0 0
tree 1320 2552 18 0 0
tree 1352 2536 9 0 0
tree 1400 2552 9 0 0
tree 1384 2552 40 0 0
tree 1432 2552 10 0 0
tree 1432 2536 10 0 0
tree 1416 2536 9 0 0
trop 2476 2540 14 0 0
trop 2620 2548 14 0 0
tree 2904 2552 33 0 0
trop 2988 2556 92 0 0
tree 3368 2552 41 0 0
trop 3420 2540 65 0 0
tree 3608 2536 24 0 0
trop 236 2572 14 0 0
tree 632 2568 48 0 0
zabor 1136 2576 104 2 8
tree 1384 2584 40 0 0
tree 1448 2568 9 0 0
tree 2520 2584 40 0 0
tree 2712 2584 1 0 0
tree 2872 2584 33 0 0
tree 2856 2568 41 0 0
tree 3160 2584 1 0 0
tree 3208 2568 57 0 0
tree 3208 2584 57 0 0
trop 3284 2572 73 0 0
tree 3416 2584 1 0 0
tree 3400 2568 41 0 0
zabor 176 2608 64 1 8
trop 276 2612 48 0 0
stand 360 2600 41 0 0
tree 648 2616 26 0 0
tree 856 2616 57 0 0
tree 872 2600 2 0 0
tree 904 2616 49 0 0
tree 904 2600 9 0 0
tree 1064 2600 40 0 0
zabor 1136 2608 105 2 8
trop 1212 2596 74 0 0
tree 1400 2600 40 0 0
tree 1400 2616 40 0 0
tree 1720 2616 18 0 0
tree 2424 2616 49 0 0
tree 2824 2600 41 0 0
trop 2996 2612 91 0 0
tree 3128 2616 33 0 0
zabor 3568 2608 112 2 9
zabor 3600 2608 112 2 9
dom 3808 2592 78 0 0
zabor 176 2640 66 1 8
stand 200 2632 64 0 0
stand 504 2648 8 0 0
tree 616 2632 26 0 0
tree 680 2648 0 0 0
tree 1000 2632 18 0 0
tree 1080 2632 49 0 0
tree 1064 2632 9 0 0
tree 1096 2632 49 0 0
tree 1336 2632 26 0 0
tree 1352 2648 49 0 0
tree 1496 2648 49 0 0
tree 1496 2632 49 0 0
tree 1512 2648 40 0 0
tree 1608 2648 49 0 0
stand 1976 2648 113 1 0
tree 2088 2648 1 0 0
cliff 2144 2624 28 179 179
trop 2468 2636 13 0 0
trop 2612 2628 13 0 0
tree 2776 2632 56 0 0
tree 2760 2632 41 0 0
tree 2792 2632 48 0 0
tree 2824 2648 33 0 0
tree 3128 2648 24 0 0
tree 3176 2632 33 0 0
zabor 3568 2640 104 2 8
dom 224 2656 12 0 0
tree 696 2664 40 0 0
tree 728 2664 9 0 0
stand 1288 2680 104 0 0
tree 1336 2664 18 0 0
tree 1368 2664 9 0 0
tree 1400 2664 49 0 0
tree 1432 2664 18 0 0
tree 1432 2680 26 0 0
tree 1416 2664 10 0 0
tree 1528 2664 40 0 0
tree 1512 2664 26 0 0
tree 1688 2680 10 0 0
tree 2072 2664 33 0 0
trop 2532 2684 93 0 0
trop 2684 2660 78 0 0
trop 2844 2660 78 0 0
trop 3284 2668 73 0 0
tree 3400 2680 24 0 0
zabor 3440 2672 112 2 9
zabor 3568 2672 104 2 8
trop 276 2692 48 0 0
stand 408 2712 16 0 0
tree 664 2712 9 0 0
tree 696 2696 40 0 0
tree 680 2712 10 0 0
tree 712 2696 10 0 0
tree 1784 2696 40 0 0
stand 1944 2712 113 0 0
stand 1976 2712 113 1 0
tree 2072 2696 33 0 0
cliff 2144 2688 26 179 179
trop 2604 2716 79 0 0
trop 2764 2716 79 0 0
trop 2916 2692 90 0 0
tree 3416 2696 57 0 0
zabor 3440 2704 105 2 8
dom 3520 2688 80 0 0
zabor 3568 2704 104 2 8
tree 664 2728 49 0 0
tree 696 2728 8 0 0
trop 884 2740 72 0 0
trop 1020 2740 75 0 0
trop 1116 2740 75 0 0
trop 1212 2740 75 0 0
trop 1300 2740 75 0 0
trop 1404 2740 75 0 0
trop 1500 2740 75 0 0
tree 1672 2744 40 0 0
tree 1816 2744 26 0 0
stand 1928 2744 113 1 0
stand 1944 2744 113 0 0
stand 1960 2728 113 0 0
tree 3096 2728 41 0 0
tree 3224 2744 24 0 0
tree 3240 2744 2 0 0
tree 3240 2728 2 0 0
tree 3368 2728 40 0 0
tree 3400 2728 2 0 0
zabor 3440 2736 104 2 8
zabor 3568 2736 104 2 8
dom 3648 2720 40 0 0
dom 192 2752 13 0 0
trop 276 2772 48 0 0
tree 600 2760 8 0 0
tree 1688 2760 9 0 0
cliff 2144 2752 33 179 179
tree 2264 2776 40 0 0
tree 2248 2776 26 0 0
tree 2280 2776 9 0 0
trop 2452 2764 92 0 0
stand 3192 2760 66 0 0
tree 3384 2760 49 0 0
tree 3368 2776 18 0 0
zabor 3440 2768 105 2 8
zabor 3568 2768 104 2 8
tree 600 2808 8 0 0
tree 632 2792 0 0 0
zabor 1136 2800 104 2 8
tree 1720 2808 10 0 0
tree 1784 2808 40 0 0
tree 1816 2792 9 0 0
tree 1800 2808 26 0 0
tree 1832 2792 40 0 0
tree 2216 2808 40 0 0
tree 2280 2792 49 0 0
tree 2344 2792 26 0 0
tree 2600 2792 9 0 0
tree 2712 2808 40 0 0
tree 3160 2808 24 0 0
stand 3224 2792 66 0 0
stand 3208 2808 66 0 0
zabor 3440 2800 104 2 8
zabor 3536 2800 104 2 8
zabor 3568 2800 113 2 9
stand 344 2824 24 0 0
tree 600 2824 0 0 0
tree 584 2824 8 0 0
tree 632 2824 1 0 0
tree 968 2840 32 0 0
zabor 1136 2832 105 2 8
tree 1320 2840 40 0 0
tree 1464 2840 9 0 0
tree 1496 2840 10 0 0
tree 1480 2840 49 0 0
tree 1528 2824 18 0 0
tree 1512 2840 10 0 0
tree 1704 2840 18 0 0
tree 1720 2840 40 0 0
tree 1800 2824 26 0 0
tree 1816 2824 26 0 0
tree 1816 2840 18 0 0
trop 1988 2836 73 0 0
tree 2232 2840 18 0 0
tree 2232 2824 10 0 0
tree 2216 2824 40 0 0
tree 2584 2824 18 0 0
tree 2600 2824 18 0 0
tree 2680 2840 18 0 0
tree 2696 2824 40 0 0
tree 2712 2824 9 0 0
tree 2808 2840 10 0 0
tree 2792 2824 10 0 0
tree 2824 2840 18 0 0
tree 2856 2840 49 0 0
tree 2904 2840 49 0 0
tree 3080 2824 8 0 0
tree 3176 2824 24 0 0
stand 3224 2840 66 0 0
trop 3284 2828 73 0 0
tree 3352 2824 10 0 0
zabor 3440 2832 104 2 8
zabor 3536 2832 105 2 8
zabor 176 2864 66 1 8
zabor 208 2864 64 1 8
trop 228 2876 13 0 0
trop 276 2852 48 0 0
trop 732 2876 73 0 0
tree 1128 2872 0 0 0
zabor 1136 2864 104 2 8
tree 1160 2872 8 0 0
tree 1224 2872 10 0 0
tree 1528 2856 26 0 0
tree 1704 2872 26 0 0
tree 1704 2856 10 0 0
tree 1752 2872 18 0 0
tree 1736 2872 18 0 0
tree 1816 2856 10 0 0
tree 1816 2872 49 0 0
tree 1960 2856 24 0 0
tree 2088 2872 40 0 0
tree 2232 2872 9 0 0
tree 2232 2856 18 0 0
dom 2304 2848 20 0 0
trop 2468 2852 77 0 0
tree 2760 2872 26 0 0
tree 2776 2856 10 0 0
tree 2776 2872 10 0 0
tree 2792 2872 9 0 0
tree 2840 2856 9 0 0
tree 2872 2856 26 0 0
tree 2856 2856 40 0 0
tree 2856 2872 40 0 0
tree 2920 2856 26 0 0
tree 2984 2856 26 0 0
tree 3160 2872 57 0 0
stand 3192 2856 66 0 0
zabor 3440 2864 113 2 9
zabor 3536 2864 105 2 8
tree 3896 2872 16 0 0
tree 3912 2872 32 0 0
zabor 176 2896 66 1 8
stand 328 2888 114 0 0
tree 616 2888 0 0 0
trop 1020 2900 74 0 0
zabor 1104 2896 104 2 8
zabor 1136 2896 105 2 8
tree 1304 2904 49 0 0
tree 1320 2904 49 0 0
tree 1352 2904 9 0 0
tree 1400 2904 49 0 0
tree 1448 2904 49 0 0
tree 1720 2888 9 0 0
tree 1704 2904 9 0 0
tree 1736 2888 10 0 0
tree 1816 2904 26 0 0
tree 1800 2904 49 0 0
tree 1832 2904 26 0 0
tree 2136 2904 10 0 0
tree 2216 2904 40 0 0
tree 2216 2888 26 0 0
tree 2232 2888 9 0 0
tree 2264 2904 2 0 0
trop 2444 2908 76 0 0
tree 2616 2904 49 0 0
tree 2600 2904 9 0 0
tree 2680 2888 40 0 0
tree 2712 2904 10 0 0
tree 2696 2904 49 0 0
tree 2744 2888 18 0 0
tree 2744 2904 18 0 0
tree 2728 2904 18 0 0
tree 2792 2888 26 0 0
tree 2872 2888 9 0 0
tree 3160 2888 24 0 0
stand 3208 2888 66 0 0
zabor 3536 2896 105 2 8
zabor 176 2928 66 1 8
trop 276 2932 48 0 0
dom 256 2912 82 0 179
stand 344 2936 62 0 0
cliff 864 2912 33 179 179
zabor 1104 2928 104 2 8
tree 1320 2936 49 0 0
tree 1400 2936 40 0 0
tree 1384 2920 26 0 0
tree 1432 2936 18 0 0
tree 1448 2936 26 0 0
tree 1480 2920 26 0 0
tree 1528 2936 26 0 0
tree 1512 2936 40 0 0
tree 1512 2920 9 0 0
tree 1688 2920 49 0 0
tree 1704 2920 18 0 0
tree 1896 2920 24 0 0
tree 1928 2920 24 0 0
stand 2248 2936 60 0 0
trop 2340 2932 112 0 0
stand 2392 2936 44 0 0
tree 2600 2936 10 0 0
tree 2600 2920 9 0 0
tree 2648 2920 40 0 0
tree 2664 2936 40 0 0
tree 2744 2936 10 0 0
trop 3284 2916 73 0 0
zabor 3536 2928 104 2 8
zabor 176 2960 64 1 8
stand 168 2968 63 0 0
stand 216 2968 63 0 0
stand 328 2968 63 0 0
stand 376 2968 63 0 0
stand 424 2968 63 0 0
stand 472 2968 63 0 0
zabor 1104 2960 113 2 9
tree 1192 2952 26 0 0
tree 1240 2952 49 0 0
tree 1224 2952 49 0 0
tree 1272 2952 40 0 0
tree 1304 2968 10 0 0
tree 1288 2968 49 0 0
tree 1320 2968 9 0 0
tree 1320 2952 9 0 0
tree 1448 2968 10 0 0
tree 1448 2952 49 0 0
tree 1528 2968 10 0 0
tree 1528 2952 9 0 0
trop 1988 2972 75 0 0
trop 2380 2964 78 0 0
tree 2616 2968 49 0 0
tree 2600 2952 26 0 0
tree 2632 2968 26 0 0
tree 2680 2952 26 0 0
tree 2664 2952 10 0 0
tree 2712 2968 18 0 0
tree 2696 2968 18 0 0
tree 2728 2952 40 0 0
tree 2728 2968 49 0 0
zabor 3152 2960 112 2 9
zabor 3184 2960 104 2 8
zabor 3536 2960 104 2 8
zabor 3568 2960 113 2 9
tree 3736 2968 0 0 0
tree 1112 2984 10 0 0
zabor 1104 2992 104 2 8
tree 1144 2984 40 0 0
tree 1272 3000 10 0 0
tree 1304 3000 49 0 0
tree 1304 2984 40 0 0
tree 1288 2984 49 0 0
tree 1288 3000 10 0 0
tree 1320 2984 26 0 0
tree 1432 3000 26 0 0
tree 1448 3000 9 0 0
tree 1448 2984 26 0 0
trop 1756 2988 75 0 0
trop 1868 2988 75 0 0
trop 1980 2996 73 0 0
trop 2084 2996 75 0 0
trop 2228 2980 86 0 0
trop 2468 2996 103 0 0
tree 2584 2984 49 0 0
tree 2632 2984 18 0 0
tree 3032 2984 16 0 0
tree 3096 2984 24 0 0
zabor 3184 2992 105 2 8
zabor 3568 2992 104 2 8
tree 3736 2984 16 0 0
tree 3752 2984 16 0 0
tree 3800 3000 0 0 0
trop 172 3020 75 0 0
trop 276 3020 49 0 0
trop 276 3020 75 0 0
trop 316 3020 75 0 0
trop 396 3020 75 0 0
trop 484 3020 75 0 0
trop 580 3020 72 0 0
cliff 864 3008 26 179 179
zabor 1104 3024 104 2 8
tree 1288 3016 49 0 0
tree 1304 3016 18 0 0
trop 2140 3020 87 0 0
trop 2300 3020 79 0 0
tree 2568 3016 40 0 0
zabor 2608 3024 65 1 8
zabor 2640 3024 73 1 9
zabor 2672 3024 65 1 8
zabor 2704 3024 64 1 8
zabor 2736 3024 64 1 8
zabor 2768 3024 64 1 8
zabor 2800 3024 72 1 9
zabor 2832 3024 65 1 8
zabor 2864 3024 64 1 8
zabor 2896 3024 65 1 8
zabor 2928 3024 74 1 9
tree 3048 3016 57 0 0
zabor 3184 3024 105 2 8
cliff 3392 3008 18 179 179
tree 3784 3016 0 0 0
stand 168 3064 63 0 0
stand 216 3064 63 0 0
stand 328 3064 63 0 0
stand 376 3064 63 0 0
stand 424 3064 63 0 0
stand 472 3064 63 0 0
zabor 1104 3056 105 2 8
tree 1320 3064 10 0 0
tree 1416 3064 26 0 0
tree 1480 3064 40 0 0
tree 1512 3048 9 0 0
tree 1560 3064 18 0 0
tree 1576 3048 49 0 0
tree 1896 3064 40 0 0
tree 2088 3064 24 0 0
stand 2392 3064 44 0 0
tree 2520 3048 41 0 0
tree 2520 3064 33 0 0
zabor 2608 3056 64 1 8
tree 3000 3048 2 0 0
tree 2984 3064 57 0 0
tree 3016 3048 24 0 0
tree 3032 3048 24 0 0
zabor 3152 3056 105 2 8
zabor 3184 3056 104 2 8
cliff 3392 3040 18 179 179
stand 632 3096 112 0 0
zabor 656 3088 104 2 8
stand 680 3080 65 0 0
cliff 864 3072 34 179 179
zabor 1104 3088 104 2 8
tree 1400 3080 40 0 0
tree 1400 3096 49 0 0
tree 1416 3096 49 0 0
tree 1480 3096 40 0 0
tree 1480 3080 26 0 0
tree 1528 3096 26 0 0
tree 1544 3096 18 0 0
tree 1656 3096 10 0 0
tree 1704 3080 2 0 0
tree 1896 3080 18 0 0
tree 2168 3096 24 0 0
tree 2152 3080 2 0 0
tree 2280 3080 24 0 0
tree 2360 3096 1 0 0
tree 2376 3096 48 0 0
trop 2468 3084 77 0 0
tree 2520 3096 41 0 0
zabor 2608 3088 64 1 8
tree 2792 3096 2 0 0
tree 2936 3096 56 0 0
tree 3000 3096 24 0 0
zabor 3152 3088 105 2 8
tree 3640 3096 32 0 0
tree 3656 3096 16 0 0
tree 3752 3080 0 0 0
trop 276 3108 48 0 0
stand 376 3112 40 0 0
stand 616 3128 112 0 0
zabor 656 3120 105 2 8
dom 832 3104 27 0 0
tree 1048 3112 49 0 0
tree 1048 3128 26 0 0
zabor 1104 3120 104 2 8
tree 1176 3128 24 0 0
tree 1304 3128 9 0 0
tree 1304 3112 49 0 0
tree 1352 3112 9 0 0
tree 1416 3128 26 0 0
tree 1480 3128 18 0 0
tree 1480 3112 40 0 0
tree 1560 3128 10 0 0
tree 1592 3128 57 0 0
tree 1816 3128 24 0 0
tree 1864 3128 24 0 0
tree 1880 3112 2 0 0
trop 1972 3124 73 0 0
tree 2120 3128 57 0 0
tree 2184 3112 2 0 0
tree 2360 3112 33 0 0
tree 2392 3128 56 0 0
tree 2520 3112 48 0 0
tree 2536 3128 41 0 0
tree 2680 3112 24 0 0
tree 2920 3128 2 0 0
tree 2936 3112 57 0 0
tree 2968 3112 57 0 0
tree 2984 3112 57 0 0
tree 3048 3112 2 0 0
zabor 3152 3120 105 2 8
cliff 3392 3104 17 179 179
tree 3560 3128 16 0 0
tree 3576 3128 16 0 0
tree 3672 3112 32 0 0
tree 3656 3112 16 0 0
zabor 624 3152 113 2 9
zabor 656 3152 112 2 9
tree 1160 3144 9 0 0
tree 1368 3160 9 0 0
tree 1384 3160 18 0 0
tree 1400 3160 18 0 0
tree 1432 3144 18 0 0
tree 1432 3160 49 0 0
tree 1448 3160 10 0 0
tree 1464 3144 9 0 0
tree 1496 3160 9 0 0
tree 1656 3160 26 0 0
tree 1640 3160 18 0 0
tree 1800 3160 24 0 0
tree 1800 3144 57 0 0
trop 1988 3164 83 0 0
trop 2444 3140 76 0 0
tree 2536 3144 41 0 0
zabor 2608 3152 64 1 8
tree 2776 3160 1 0 0
tree 2808 3160 2 0 0
tree 2824 3160 57 0 0
tree 2888 3144 33 0 0
tree 2920 3144 48 0 0
tree 3016 3160 56 0 0
zabor 3152 3152 104 2 8
zabor 3184 3152 105 2 8
tree 3544 3144 32 0 0
tree 3560 3144 0 0 0
tree 3640 3160 32 0 0
trop 276 3188 48 0 0
zabor 592 3184 104 2 8
zabor 624 3184 113 2 9
stand 648 3176 112 0 0
cliff 896 3168 39 179 179
trop 1212 3180 75 0 0
trop 1228 3188 73 0 0
tree 1352 3192 9 0 0
tree 1400 3176 9 0 0
tree 1576 3192 48 0 0
tree 1656 3176 40 0 0
tree 1688 3176 57 0 0
zabor 1712 3184 66 1 8
zabor 1744 3184 65 1 8
zabor 1776 3184 65 1 8
tree 1816 3192 2 0 0
zabor 1840 3184 65 1 8
zabor 1872 3184 64 1 8
zabor 1904 3184 73 1 9
tree 2072 3176 32 0 0
tree 2104 3176 26 0 0
tree 2120 3192 32 0 0
tree 2152 3176 32 0 0
tree 2184 3192 32 0 0
stand 2392 3176 44 0 0
stand 2536 3192 5 0 0
zabor 2608 3184 65 1 8
tree 2792 3192 57 0 0
tree 2888 3176 57 0 0
tree 3000 3192 48 0 0
stand 3128 3192 66 0 0
zabor 3184 3184 104 2 8
dom 3424 3168 80 0 0
stand 328 3208 46 0 0
zabor 592 3216 113 2 9
stand 616 3208 104 0 0
dom 1120 3200 11 0 0
tree 1512 3208 49 0 0
tree 1560 3224 2 0 0
tree 1656 3224 2 0 0
tree 1656 3208 24 0 0
zabor 1904 3216 66 1 8
tree 2104 3208 8 0 0
tree 2120 3208 32 0 0
dom 2304 3200 21 0 0
tree 2392 3224 8 0 0
zabor 2608 3216 66 1 8
tree 2744 3208 24 0 0
tree 2808 3208 48 0 0
tree 2824 3208 41 0 0
tree 2840 3208 41 0 0
tree 2856 3224 2 0 0
tree 2968 3224 2 0 0
zabor 3184 3216 104 2 8
cliff 3392 3200 18 179 179
tree 3528 3224 0 0 0
zabor 592 3248 104 2 8
stand 1208 3256 96 0 0
trop 1236 3244 73 0 0
stand 1320 3240 115 0 0
tree 1624 3240 2 0 0
tree 1688 3256 2 0 0
tree 1704 3256 2 0 0
zabor 1904 3248 65 1 8
trop 1956 3260 82 0 0
tree 2104 3240 8 0 0
tree 2168 3240 0 0 0
trop 2468 3244 77 0 0
zabor 2608 3248 64 1 8
tree 2712 3256 33 0 0
tree 2744 3240 24 0 0
tree 2952 3256 24 0 0
stand 3096 3256 66 0 0
stand 3144 3240 66 0 0
zabor 3184 3248 105 2 8
trop 276 3268 48 0 0
trop 340 3268 50 0 0
zabor 592 3280 105 2 8
zabor 624 3280 113 2 9
dom 800 3264 31 0 0
cliff 928 3264 33 179 179
tree 1096 3288 16 0 0
lay 1144 3288 16 0 0
stand 1192 3288 113 1 0
stand 1224 3272 96 1 0
trop 1260 3292 75 0 0
tree 1688 3272 2 0 0
tree 1672 3288 24 0 0
tree 1736 3288 57 0 0
tree 1832 3272 24 0 0
zabor 1904 3280 66 1 8
tree 2072 3272 32 0 0
tree 2120 3288 2 0 0
tree 2264 3272 8 0 0
trop 2348 3268 112 0 0
trop 2380 3284 109 0 0
zabor 2608 3280 64 1 8
tree 2680 3272 2 0 0
zabor 3184 3280 104 2 8
cliff 3392 3264 18 179 179
stand 248 3304 7 0 0
zabor 624 3312 105 2 8
tree 680 3304 40 0 0
tree 1096 3320 8 0 0
lay 1128 3304 17 0 0
stand 1176 3304 113 0 0
trop 1204 3316 73 0 0
tree 1640 3304 57 0 0
tree 1688 3320 2 0 0
stand 1848 3304 14 0 0
zabor 1904 3312 66 1 8
trop 2444 3300 76 0 0
zabor 2608 3312 65 1 8
stand 3112 3320 66 0 0
stand 3144 3304 66 0 0
zabor 3184 3312 105 2 8
cliff 3424 3296 13 179 179
zabor 624 3344 105 2 8
zabor 1104 3344 104 2 8
tree 1560 3336 57 0 0
tree 1608 3336 57 0 0
tree 1656 3352 33 0 0
zabor 1680 3344 64 1 8
tree 1720 3336 2 0 0
dom 1792 3328 24 0 0
trop 1980 3348 77 0 0
dom 2240 3328 23 0 0
stand 2328 3336 72 0 0
stand 2392 3336 60 0 0
trop 2396 3356 97 0 0
stand 2536 3352 60 0 0
dom 2656 3328 18 0 0
dom 2816 3328 23 0 0
dom 2944 3328 24 0 0
tree 3080 3336 33 0 0
zabor 3184 3344 104 2 8
cliff 3456 3328 42 179 179
cliff 3552 3328 49 179 179
trop 340 3364 43 0 0
zabor 624 3376 112 2 9
cliff 896 3360 32 179 179
stand 1080 3384 115 1 0
zabor 1104 3376 105 2 8
zabor 1680 3376 64 1 8
tree 1752 3368 24 0 0
zabor 1904 3376 64 1 8
dom 2112 3360 15 0 0
zabor 2608 3376 66 1 8
tree 2616 3368 1 0 0
stand 3112 3368 66 0 0
stand 3160 3368 66 0 0
zabor 3184 3376 104 2 8
trop 3284 3380 73 0 0
tree 424 3400 26 0 0
zabor 1008 3408 105 2 8
zabor 1040 3408 104 2 8
zabor 1072 3408 105 2 8
zabor 1104 3408 104 2 8
stand 1240 3416 73 0 0
zabor 1680 3408 66 1 8
stand 1736 3416 60 0 0
tree 1768 3400 33 0 0
trop 1804 3420 111 0 0
zabor 1904 3408 66 1 8
stand 1896 3416 52 0 0
trop 1956 3404 76 0 0
tree 2056 3400 0 0 0
trop 2092 3420 111 0 0
trop 2260 3420 111 0 0
stand 2312 3416 60 0 0
trop 2332 3420 96 0 0
trop 2460 3412 106 0 0
trop 2556 3404 99 0 0
zabor 2608 3408 64 1 8
trop 2676 3420 111 0 0
stand 2760 3416 60 0 0
trop 2836 3420 111 0 0
stand 2920 3416 60 0 0
trop 2956 3412 111 0 0
stand 3000 3400 14 0 0
stand 3080 3416 60 0 0
stand 3144 3416 66 0 0
zabor 3184 3408 104 2 8
zabor 3216 3408 113 2 9
trop 276 3452 42 0 0
zabor 624 3440 112 2 9
zabor 1104 3440 104 2 8
stand 1160 3432 97 0 0
tree 1432 3432 10 0 0
zabor 1680 3440 66 1 8
zabor 1712 3440 66 1 8
zabor 1744 3440 64 1 8
zabor 1776 3440 65 1 8
zabor 1840 3440 64 1 8
zabor 1872 3440 65 1 8
zabor 1904 3440 66 1 8
stand 2056 3432 5 0 0
stand 2184 3432 60 0 0
zabor 2608 3440 65 1 8
stand 2616 3432 60 0 0
zabor 2640 3440 66 1 8
zabor 2704 3440 64 1 8
zabor 2736 3440 64 1 8
zabor 2768 3440 66 1 8
zabor 2800 3440 66 1 8
zabor 2864 3440 64 1 8
zabor 2896 3440 66 1 8
zabor 2928 3440 65 1 8
zabor 2992 3440 65 1 8
zabor 3024 3440 66 1 8
zabor 3056 3440 64 1 8
zabor 3184 3440 104 2 8
zabor 3216 3440 113 2 9
zabor 624 3472 104 2 8
cliff 832 3456 36 179 179
stand 1000 3480 115 0 0
zabor 1104 3472 112 2 9
tree 1336 3464 2 0 0
trop 1740 3476 86 0 0
trop 1892 3460 78 0 0
trop 2124 3460 78 0 0
trop 2284 3460 78 0 0
trop 2716 3460 78 0 0
trop 2876 3460 78 0 0
trop 3052 3468 85 0 0
trop 3300 3476 86 0 0
trop 3452 3460 78 0 0
trop 3612 3460 78 0 0
trop 3780 3468 85 0 0
stand 360 3512 7 0 0
zabor 624 3504 104 2 8
cliff 800 3488 35 179 179
stand 1240 3496 97 0 0
trop 1620 3500 72 0 0
trop 1652 3516 87 0 0
trop 1684 3500 72 0 0
trop 1684 3500 14 0 0
trop 1812 3516 79 0 0
trop 1972 3492 100 0 0
trop 2044 3516 79 0 0
trop 2204 3516 79 0 0
trop 2388 3492 105 0 0
trop 2540 3492 107 0 0
trop 2636 3516 79 0 0
trop 2796 3516 79 0 0
trop 2964 3508 84 0 0
trop 3212 3516 87 0 0
trop 3372 3516 79 0 0
trop 3532 3516 79 0 0
trop 3692 3508 84 0 0
trop 3948 3508 87 0 0
trop 340 3548 41 0 0
zabor 624 3536 113 2 9
zabor 1072 3536 113 2 9
trop 1684 3540 73 0 0
zabor 3344 3536 113 2 9
zabor 3376 3536 112 2 9
zabor 1072 3568 105 2 8
stand 1272 3560 105 0 0
stand 1736 3576 44 0 0
stand 1896 3560 52 0 0
trop 1980 3580 77 0 0
stand 2040 3560 5 0 0
zabor 2032 3568 66 1 8
zabor 2064 3568 66 1 8
zabor 2096 3568 66 1 8
zabor 2128 3568 66 1 8
trop 2172 3572 111 0 0
zabor 2224 3568 64 1 8
zabor 2256 3568 66 1 8
zabor 2288 3568 65 1 8
stand 2328 3560 44 0 0
zabor 2320 3568 65 1 8
trop 2372 3580 98 0 0
trop 2468 3572 108 0 0
trop 2596 3556 94 0 0
stand 2632 3576 44 0 0
zabor 3248 3568 104 2 8
zabor 3280 3568 104 2 8
zabor 3312 3568 104 2 8
zabor 3344 3568 105 2 8
zabor 3376 3568 112 2 9
zabor 624 3600 113 2 9
stand 872 3608 117 0 0
zabor 1008 3600 105 2 8
zabor 1040 3600 104 2 8
zabor 1072 3600 105 2 8
tree 1448 3608 24 0 0
trop 1668 3596 8 0 0
tree 1880 3592 41 0 0
tree 1880 3608 33 0 0
zabor 2032 3600 65 1 8
tree 2248 3608 9 0 0
tree 2328 3608 41 0 0
zabor 3248 3600 104 2 8
zabor 3376 3600 112 2 9
trop 308 3628 40 0 0
dom 960 3616 27 0 0
zabor 1072 3632 105 2 8
stand 1192 3640 73 0 0
tree 1432 3624 40 0 0
trop 1588 3644 9 0 0
tree 1896 3640 48 0 0
trop 1956 3636 76 0 0
zabor 2032 3632 65 1 8
tree 2088 3624 33 0 0
tree 2104 3640 56 0 0
tree 2136 3624 41 0 0
trop 2172 3636 111 0 0
tree 2296 3624 48 0 0
tree 2312 3640 48 0 0
zabor 2384 3632 64 1 8
stand 2408 3640 44 0 0
trop 2532 3620 95 0 0
tree 2600 3624 56 0 0
tree 2616 3624 33 0 0
dom 2752 3616 11 0 0
dom 2944 3616 11 0 0
zabor 3248 3632 104 2 8
zabor 624 3664 112 2 9
zabor 1072 3664 105 2 8
tree 1896 3656 1 0 0
zabor 2032 3664 66 1 8
tree 2104 3672 33 0 0
tree 2264 3672 41 0 0
tree 2360 3672 48 0 0
zabor 2384 3664 65 1 8
trop 2476 3676 77 0 0
stand 2552 3672 44 0 0
dom 3136 3648 11 0 0
zabor 3248 3664 113 2 9
dom 3328 3648 80 0 0
stand 248 3688 7 0 0
zabor 1072 3696 104 2 8
zabor 1104 3696 105 2 8
zabor 1136 3696 105 2 8
tree 1512 3704 18 0 0
cliff 1760 3680 4 179 179
zabor 2032 3696 66 1 8
tree 2072 3688 1 0 0
trop 2172 3700 111 0 0
zabor 2384 3696 66 1 8
tree 2680 3688 33 0 0
tree 2664 3704 41 0 0
dom 2752 3680 11 0 0
zabor 3248 3696 113 2 9
trop 276 3724 48 0 0
trop 340 3724 48 0 0
stand 376 3720 39 0 0
tree 520 3736 32 0 0
stand 808 3736 115 0 0
zabor 1136 3728 105 2 8
stand 1368 3736 105 0 0
tree 1448 3736 49 0 0
trop 1564 3732 13 0 0
tree 1544 3720 49 0 0
tree 1816 3720 57 0 0
trop 1980 3740 77 0 0
tree 2120 3720 9 0 0
trop 2132 3724 110 0 0
trop 2164 3724 110 0 0
tree 2280 3736 33 0 0
tree 2328 3720 33 0 0
zabor 2384 3728 66 1 8
trop 2452 3732 76 0 0
tree 2648 3736 48 0 0
tree 2632 3736 56 0 0
tree 2664 3720 41 0 0
dom 2944 3712 11 0 0
zabor 3248 3728 105 2 8
tree 3592 3720 2 0 0
dom 1056 3744 40 0 0
zabor 1136 3760 104 2 8
zabor 1168 3760 104 2 8
tree 1448 3752 10 0 0
tree 1464 3752 40 0 0
tree 1832 3752 33 0 0
trop 2052 3748 109 0 0
trop 2116 3748 109 0 0
dom 2208 3744 14 0 0
trop 2316 3772 109 0 0
trop 2380 3772 109 0 0
dom 3136 3744 11 0 0
zabor 3248 3760 104 2 8
trop 276 3804 48 0 0
trop 340 3804 48 0 0
tree 1176 3784 2 0 0
zabor 1168 3792 104 2 8
tree 1304 3784 26 0 0
cliff 1792 3776 26 179 179
tree 1832 3784 0 0 0
trop 1956 3796 76 0 0
zabor 2032 3792 64 1 8
trop 2140 3788 111 0 0
tree 2184 3800 40 0 0
trop 2228 3804 112 0 0
trop 2292 3796 111 0 0
dom 2752 3776 11 0 0
zabor 3248 3792 104 2 8
tree 3352 3784 2 0 0
zabor 1168 3824 104 2 8
tree 1288 3816 49 0 0
tree 1320 3832 10 0 0
zabor 2032 3824 66 1 8
tree 2104 3832 1 0 0
tree 2120 3832 56 0 0
trop 2148 3820 110 0 0
trop 2188 3820 109 0 0
trop 2252 3820 109 0 0
tree 2360 3832 40 0 0
zabor 2384 3824 64 1 8
stand 2408 3832 52 0 0
trop 2476 3836 77 0 0
tree 2616 3816 56 0 0
tree 2600 3816 1 0 0
dom 2944 3808 11 0 0
zabor 3248 3824 104 2 8
tree 3608 3832 1 0 0
tree 536 3848 0 0 0
tree 520 3864 32 0 0
zabor 1168 3856 104 2 8
tree 1304 3848 18 0 0
trop 1564 3852 14 0 0
tree 1720 3864 41 0 0
tree 1736 3848 48 0 0
cliff 1792 3840 34 179 179
zabor 2032 3856 64 1 8
tree 2104 3848 41 0 0
zabor 2384 3856 66 1 8
stand 2536 3848 5 0 0
tree 2616 3848 33 0 0
tree 2616 3864 41 0 0
tree 2600 3848 33 0 0
dom 3136 3840 11 0 0
zabor 3248 3856 104 2 8
tree 3352 3848 24 0 0
trop 276 3884 48 0 0
trop 340 3884 48 0 0
tree 424 3880 9 0 0
tree 504 3880 16 0 0
tree 488 3880 8 0 0
zabor 1168 3888 104 2 8
tree 1192 3880 10 0 0
tree 1224 3880 40 0 0
tree 1256 3896 18 0 0
tree 1720 3880 41 0 0
tree 1864 3896 8 0 0
trop 1980 3900 77 0 0
zabor 2032 3888 64 1 8
tree 2104 3896 33 0 0
tree 2120 3896 56 0 0
tree 2232 3896 48 0 0
tree 2360 3880 33 0 0
zabor 2384 3888 64 1 8
trop 2452 3892 76 0 0
tree 2616 3880 48 0 0
tree 2600 3880 48 0 0
zabor 3248 3888 105 2 8
tree 3528 3880 57 0 0
tree 3688 3896 33 0 0
tree 200 3928 32 0 0
tree 488 3912 57 0 0
stand 824 3928 115 0 0
tree 1176 3912 49 0 0
tree 1176 3928 18 0 0
zabor 1168 3920 105 2 8
tree 1192 3928 18 0 0
tree 1256 3928 26 0 0
tree 1480 3928 49 0 0
cliff 1792 3904 33 179 179
zabor 2032 3920 64 1 8
tree 2104 3912 1 0 0
tree 2184 3928 41 0 0
tree 2312 3928 41 0 0
zabor 2384 3920 64 1 8
tree 2616 3928 33 0 0
tree 2616 3912 33 0 0
zabor 3248 3920 105 2 8
tree 3384 3928 24 0 0
tree 3368 3928 57 0 0
tree 3544 3928 48 0 0
tree 3544 3912 1 0 0
tree 3656 3928 1 0 0
tree 3672 3912 56 0 0
tree 152 3944 0 0 0
tree 184 3944 8 0 0
trop 276 3964 48 0 0
trop 340 3964 48 0 0
tree 488 3960 2 0 0
tree 552 3944 8 0 0
zabor 1168 3952 104 2 8
tree 1288 3960 9 0 0
tree 1400 3960 26 0 0
trop 1564 3940 13 0 0
trop 1956 3956 76 0 0
zabor 2032 3952 66 1 8
tree 2104 3960 41 0 0
tree 2104 3944 56 0 0
tree 2120 3960 48 0 0
tree 2248 3960 48 0 0
tree 2312 3944 41 0 0
tree 2360 3960 33 0 0
zabor 2384 3952 64 1 8
tree 2616 3944 1 0 0
zabor 3248 3952 104 2 8
tree 3352 3960 2 0 0
tree 3368 3960 24 0 0
tree 3768 3944 57 0 0
tree 168 3992 0 0 0
tree 216 3992 32 0 0
tree 456 3976 24 0 0
tree 1128 3976 18 0 0
zabor 1168 3984 104 2 8
tree 1208 3976 40 0 0
zabor 2032 3984 64 1 8
tree 2072 3992 40 0 0
tree 2200 3976 33 0 0
zabor 2384 3984 66 1 8
trop 2476 3996 77 0 0
zabor 3248 3984 113 2 9
tree 3304 3976 24 0 0
tree 3352 3976 24 0 0
tree 3368 3976 57 0 0
tree 3768 3976 24 0 0
zabor 1168 4016 104 2 8
tree 2296 4008 1 0 0
zabor 1168 4048 105 2 8
