trop 2284 52 104 0 0
trop 2300 36 103 0 0
trop 2300 92 103 0 0
trop 2284 100 104 0 0
trop 4012 108 69 0 0
tree 248 152 4 0 0
tree 264 152 13 0 0
tree 296 136 27 0 0
tree 728 152 21 0 0
trop 2300 156 103 0 0
tree 2856 152 59 0 0
tree 2888 136 21 0 0
tree 2920 152 27 0 0
trop 3940 148 70 0 0
tree 168 184 21 0 0
tree 168 168 43 0 0
tree 232 168 4 0 0
tree 696 184 50 0 0
tree 728 168 11 0 0
tree 712 168 57 0 0
trop 2284 164 104 0 0
tree 2840 184 21 0 0
tree 2840 168 27 0 0
tree 2856 184 50 0 0
tree 2872 168 13 0 0
tree 2888 168 35 0 0
tree 2936 168 21 0 0
tree 2936 184 35 0 0
tree 3000 168 58 0 0
tree 3032 168 35 0 0
tree 3448 168 51 0 0
tree 3464 184 11 0 0
tree 3464 168 50 0 0
tree 3480 168 27 0 0
tree 3496 168 44 0 0
tree 3528 168 58 0 0
tree 3560 184 19 0 0
tree 3704 184 51 0 0
tree 168 216 13 0 0
tree 728 200 50 0 0
tree 712 200 21 0 0
tree 744 200 35 0 0
tree 792 216 59 0 0
dom 2112 192 49 0 0
trop 2284 220 104 0 0
trop 2300 220 103 0 0
tree 3032 216 58 0 0
tree 3048 216 57 0 0
tree 3080 200 11 0 0
tree 3512 200 50 0 0
tree 3544 200 44 0 0
tree 3560 200 11 0 0
tree 3576 216 11 0 0
tree 3624 216 27 0 0
tree 3704 200 21 0 0
tree 3688 216 59 0 0
tree 3736 200 44 0 0
tree 3752 200 50 0 0
tree 3768 200 27 0 0
tree 3784 200 50 0 0
tree 152 232 57 0 0
tree 712 232 57 0 0
tree 808 232 58 0 0
tree 808 248 50 0 0
tree 2968 232 51 0 0
tree 2984 232 21 0 0
tree 3000 232 2 0 0
tree 3032 232 35 0 0
tree 3576 248 27 0 0
tree 3592 248 4 0 0
trop 3900 228 69 0 0
tree 1448 264 51 0 0
stand 2216 264 32 0 0
trop 2284 284 104 0 0
trop 2300 276 103 0 0
tree 3032 280 19 0 0
tree 3048 264 57 0 0
tree 3048 280 27 0 0
tree 3576 264 50 0 0
trop 3828 268 70 0 0
tree 1528 296 51 0 0
tree 1592 312 13 0 0
tree 1576 296 58 0 0
tree 1624 312 2 0 0
tree 1608 312 2 0 0
tree 3128 296 19 0 0
stand 3768 296 11 0 0
tree 3288 344 0 0 0
tree 3432 344 51 0 0
trop 3788 348 69 0 0
tree 168 376 35 0 0
zabor 240 368 105 2 8
zabor 272 368 105 2 8
zabor 304 368 105 2 8
zabor 336 368 105 2 8
zabor 368 368 105 2 8
zabor 400 368 105 2 8
zabor 432 368 104 2 8
zabor 464 368 104 2 8
zabor 496 368 104 2 8
zabor 528 368 104 2 8
zabor 560 368 104 2 8
zabor 592 368 104 2 8
trop 2284 356 91 0 0
tree 3192 376 24 0 0
tree 3320 360 8 0 0
tree 3960 376 11 0 0
tree 3944 376 51 0 0
tree 152 408 51 0 0
zabor 240 400 104 2 8
zabor 592 400 105 2 8
tree 712 392 59 0 0
tree 712 408 35 0 0
trop 3708 388 70 0 0
tree 3960 408 2 0 0
tree 120 440 44 0 0
zabor 240 432 105 2 8
zabor 592 432 105 2 8
tree 1720 440 4 0 0
tree 1720 424 4 0 0
tree 1736 424 59 0 0
trop 2228 436 92 0 0
tree 3480 440 13 0 0
tree 3496 424 21 0 0
tree 136 456 11 0 0
zabor 240 464 105 2 8
zabor 592 464 104 2 8
tree 1720 472 21 0 0
tree 1704 456 11 0 0
tree 1768 472 51 0 0
tree 1912 472 19 0 0
tree 1928 456 59 0 0
stand 2312 472 32 0 0
trop 3692 476 66 0 0
tree 3800 456 59 0 0
tree 3832 456 11 0 0
tree 3928 472 4 0 0
tree 3944 456 59 0 0
zabor 240 496 105 2 8
zabor 592 496 105 2 8
tree 1752 504 58 0 0
tree 1752 488 11 0 0
tree 1736 488 21 0 0
tree 1768 488 43 0 0
tree 1832 504 27 0 0
tree 3848 504 35 0 0
tree 3912 504 19 0 0
tree 136 536 19 0 0
zabor 240 528 104 2 8
trop 380 516 25 0 0
trop 380 540 25 0 0
stand 472 520 32 0 0
zabor 592 528 104 2 8
tree 1112 536 4 0 0
tree 1112 520 35 0 0
tree 1752 520 58 0 0
tree 1768 520 27 0 0
tree 1816 520 43 0 0
trop 2268 532 89 0 0
dom 3328 512 55 0 0
stand 3736 536 11 0 0
tree 3800 520 51 0 0
tree 3816 520 2 0 0
tree 3848 536 44 0 0
tree 3928 536 58 0 0
tree 3912 520 59 0 0
zabor 240 560 104 2 8
dom 320 544 37 0 0
trop 436 572 28 0 0
trop 460 564 28 0 0
zabor 592 560 104 2 8
tree 1144 552 43 0 0
tree 1160 568 35 0 0
trop 3692 564 66 0 0
tree 3880 552 57 0 0
tree 3928 552 35 0 0
tree 3944 552 11 0 0
zabor 240 592 105 2 8
trop 484 596 26 0 0
zabor 592 592 105 2 8
tree 1176 600 21 0 0
tree 1176 584 11 0 0
tree 1368 584 50 0 0
tree 1416 584 44 0 0
tree 1432 600 59 0 0
trop 2428 604 88 0 0
trop 3380 604 0 0 0
dom 3616 576 54 0 0
tree 3896 584 44 0 0
tree 3880 584 43 0 0
tree 3912 600 35 0 0
tree 3912 584 58 0 0
zabor 240 624 105 2 8
zabor 368 624 105 2 8
zabor 400 624 104 2 8
zabor 432 624 105 2 8
trop 484 620 26 0 0
zabor 528 624 104 2 8
zabor 560 624 104 2 8
zabor 592 624 105 2 8
tree 1128 632 58 0 0
tree 1144 616 43 0 0
tree 1160 616 11 0 0
tree 1176 616 13 0 0
tree 1288 632 2 0 0
dom 2528 608 40 0 0
tree 3272 632 21 0 0
tree 3864 632 35 0 0
tree 3880 632 13 0 0
tree 3880 616 2 0 0
tree 3912 632 50 0 0
tree 3912 616 43 0 0
zabor 240 656 104 2 8
trop 396 660 25 0 0
trop 460 660 36 0 0
trop 484 668 36 0 0
zabor 528 656 105 2 8
tree 1096 664 21 0 0
tree 1096 648 50 0 0
tree 1112 648 58 0 0
tree 1288 648 27 0 0
dom 2272 640 40 0 0
tree 2808 664 57 0 0
tree 2808 648 2 0 0
tree 2824 664 13 0 0
tree 2856 664 19 0 0
trop 3668 652 69 0 0
tree 3864 664 51 0 0
tree 3864 648 21 0 0
tree 3912 664 57 0 0
tree 3912 648 13 0 0
tree 136 696 4 0 0
zabor 240 688 104 2 8
trop 388 684 25 0 0
zabor 528 688 105 2 8
tree 2184 696 59 0 0
tree 2888 680 35 0 0
tree 2920 696 44 0 0
trop 3460 676 0 0 0
trop 3596 692 70 0 0
tree 3848 680 35 0 0
tree 3928 680 27 0 0
zabor 240 720 105 2 8
trop 444 708 31 0 0
trop 460 732 26 0 0
zabor 528 720 104 2 8
tree 1016 728 57 0 0
trop 1300 732 93 0 0
trop 1364 724 101 0 0
trop 1428 724 101 0 0
stand 1576 712 65 0 0
tree 2040 728 11 0 0
tree 2168 712 58 0 0
tree 2152 728 59 0 0
tree 2936 728 50 0 0
tree 2936 712 44 0 0
trop 3516 724 0 0 0
stand 3544 712 11 0 0
tree 152 744 21 0 0
zabor 240 752 104 2 8
trop 460 756 26 0 0
trop 468 740 22 0 0
zabor 528 752 105 2 8
stand 1448 744 65 0 0
cliff 2272 736 71 179 179
cliff 2304 736 85 179 179
cliff 2336 736 73 179 179
cliff 2368 736 73 179 179
cliff 2624 736 64 179 179
cliff 2688 736 72 179 179
cliff 2720 736 73 179 179
cliff 2752 736 72 179 179
cliff 2784 736 70 179 179
tree 2920 744 57 0 0
tree 2920 760 43 0 0
tree 136 776 58 0 0
zabor 240 784 104 2 8
zabor 528 784 105 2 8
trop 1364 772 109 0 0
trop 1412 772 109 0 0
stand 1448 776 65 0 0
trop 1444 772 109 0 0
stand 1480 792 65 0 0
trop 1556 772 88 0 0
tree 2968 792 19 0 0
dom 3456 768 49 0 0
trop 3572 780 67 0 0
tree 3928 776 11 0 0
tree 3944 792 35 0 0
zabor 240 816 105 2 8
zabor 272 816 105 2 8
zabor 304 816 105 2 8
zabor 336 816 104 2 8
zabor 400 816 104 2 8
zabor 432 816 105 2 8
trop 460 828 17 0 0
zabor 496 816 104 2 8
trop 484 804 17 0 0
zabor 528 816 104 2 8
cliff 704 800 85 179 179
dom 960 800 40 0 0
trop 1220 812 92 0 0
cliff 2048 800 70 179 179
cliff 2112 800 72 179 179
cliff 2208 800 65 179 179
most 2432 800 33 0 179
tree 3928 824 13 0 0
tree 3928 808 51 0 0
tree 3944 808 4 0 0
tree 136 856 43 0 0
tree 136 840 58 0 0
trop 364 852 17 0 0
cliff 672 832 79 179 179
tree 1336 840 4 0 0
tree 3912 840 51 0 0
tree 152 888 2 0 0
tree 152 872 50 0 0
tree 168 888 19 0 0
trop 484 876 17 0 0
dom 1056 864 54 3 0
trop 1220 884 91 0 0
dom 1440 864 50 2 0
tree 3096 872 44 0 0
tree 3096 888 27 0 0
tree 3144 888 2 0 0
tree 3160 888 43 0 0
tree 3160 872 13 0 0
trop 3572 876 67 0 0
tree 3928 888 58 0 0
tree 3928 872 43 0 0
trop 132 924 88 0 0
tree 184 904 4 0 0
tree 200 920 35 0 0
trop 460 908 17 0 0
cliff 704 896 84 179 179
trop 1596 908 89 0 0
tree 3128 904 27 0 0
tree 3928 904 57 0 0
tree 200 952 19 0 0
tree 200 936 57 0 0
trop 1164 956 92 0 0
zabor 1232 944 104 2 8
trop 1468 956 111 0 0
trop 1700 932 101 0 0
tree 216 968 4 0 0
tree 200 984 13 0 0
tree 200 968 58 0 0
tree 344 968 44 0 0
trop 364 988 17 0 0
trop 364 964 17 0 0
trop 460 988 17 0 0
trop 484 988 17 0 0
cliff 704 960 84 179 179
dom 1024 960 53 1 0
zabor 1232 976 105 2 8
dom 1344 960 47 0 0
trop 1588 980 111 0 0
trop 1692 980 109 0 0
trop 1732 980 109 0 0
trop 1828 980 88 0 0
dom 2272 960 40 0 0
trop 2396 980 112 0 0
trop 2436 980 100 0 0
trop 3572 964 67 0 0
tree 296 1000 50 0 0
stand 392 1000 32 0 0
stand 952 1016 32 0 0
trop 1132 996 111 0 0
trop 1132 1020 111 0 0
trop 1180 1012 103 0 0
zabor 1232 1008 105 2 8
trop 1332 1012 111 0 0
trop 1476 1004 111 0 0
trop 1588 1012 111 0 0
stand 1768 1016 21 0 0
dom 2560 992 40 0 0
tree 264 1032 27 0 0
stand 1176 1048 65 0 0
stand 1192 1032 65 0 0
zabor 1232 1040 105 2 8
stand 1224 1048 65 0 0
zabor 1264 1040 104 2 8
zabor 1296 1040 104 2 8
zabor 1328 1040 104 2 8
zabor 1360 1040 105 2 8
tree 1416 1048 13 0 0
trop 1476 1052 111 0 0
tree 1544 1032 59 0 0
dom 1664 1024 49 0 0
trop 2428 1028 91 0 0
tree 3464 1048 2 1 0
tree 3496 1048 11 0 0
trop 172 1060 89 0 0
trop 268 1084 101 0 0
trop 324 1084 101 0 0
trop 388 1084 101 0 0
trop 452 1084 101 0 0
trop 468 1084 101 0 0
trop 524 1084 101 0 0
trop 588 1084 101 0 0
trop 980 1084 101 0 0
trop 1044 1084 101 0 0
trop 1108 1084 101 0 0
trop 1180 1084 100 0 0
trop 1244 1076 101 0 0
trop 1308 1076 101 0 0
tree 1528 1080 59 0 0
trop 1588 1060 111 0 0
trop 1844 1060 103 0 0
trop 1828 1076 104 0 0
stand 1896 1080 13 0 0
trop 2300 1084 93 0 0
trop 2380 1084 90 0 0
tree 3464 1064 57 1 0
tree 3496 1064 51 0 0
trop 3572 1060 67 0 0
stand 3624 1080 11 0 0
trop 268 1092 102 0 0
trop 332 1092 102 0 0
trop 396 1092 102 0 0
trop 468 1092 102 0 0
trop 452 1092 102 0 0
trop 524 1092 102 0 0
trop 588 1092 102 0 0
most 768 1088 32 0 179
stand 952 1112 104 0 0
stand 968 1096 104 0 0
trop 1172 1092 100 0 0
trop 1476 1100 111 0 0
trop 1764 1092 110 0 0
trop 1780 1092 110 0 0
trop 1948 1100 109 0 0
trop 1964 1108 109 0 0
trop 1988 1100 109 0 0
trop 2028 1100 109 0 0
trop 2020 1108 109 0 0
trop 2076 1100 109 0 0
trop 2076 1108 109 0 0
trop 2124 1100 109 0 0
trop 2164 1100 109 0 0
trop 2164 1108 109 0 0
zabor 2480 1104 66 1 8
zabor 2512 1104 65 1 8
tree 2536 1112 57 0 0
zabor 2544 1104 64 1 8
zabor 2576 1104 65 1 8
zabor 2608 1104 66 1 8
zabor 2640 1104 66 1 8
zabor 2672 1104 64 1 8
zabor 2704 1104 64 1 8
tree 3496 1096 2 0 0
tree 152 1144 19 0 0
tree 168 1144 50 0 0
stand 968 1144 104 0 0
trop 972 1132 109 0 0
trop 1036 1132 109 0 0
trop 1108 1132 109 0 0
trop 1100 1132 109 0 0
stand 1144 1144 65 0 0
trop 1180 1140 103 0 0
zabor 1232 1136 105 2 8
trop 1244 1124 109 0 0
zabor 1264 1136 104 2 8
zabor 1296 1136 104 2 8
trop 1300 1124 109 0 0
zabor 1328 1136 104 2 8
zabor 1360 1136 105 2 8
trop 1428 1124 88 0 0
trop 1588 1124 111 0 0
dom 1728 1120 53 0 0
trop 1828 1140 104 0 0
trop 1908 1132 101 0 0
trop 1908 1148 102 0 0
trop 1964 1148 102 0 0
trop 2012 1148 100 0 0
trop 2028 1148 100 0 0
trop 2068 1148 100 0 0
trop 2092 1148 102 0 0
trop 2156 1148 102 0 0
trop 2236 1140 90 0 0
zabor 2480 1136 65 1 8
tree 2504 1128 58 0 0
tree 2552 1128 35 0 0
tree 2568 1144 59 0 0
tree 2584 1144 11 0 0
tree 2584 1128 44 0 0
tree 2680 1144 59 0 0
tree 2664 1144 51 0 0
tree 2664 1128 11 0 0
zabor 2704 1136 66 1 8
cliff 2784 1120 16 179 179
cliff 2848 1120 16 179 179
tree 3480 1144 50 1 0
tree 3464 1144 4 1 0
tree 3496 1128 44 0 0
vor 3644 1124 1 0 0
vor 3716 1140 8 0 0
tree 168 1160 21 0 0
tree 216 1176 19 0 0
tree 200 1160 43 0 0
stand 616 1176 32 0 0
stand 1128 1176 65 0 0
trop 1132 1156 111 0 0
stand 1176 1176 65 0 0
zabor 1232 1168 105 2 8
stand 1224 1176 65 0 0
stand 1256 1176 69 0 0
stand 1272 1160 70 0 0
stand 1256 1160 85 0 0
stand 1304 1160 70 0 0
stand 1288 1160 70 0 0
stand 1336 1160 70 0 0
stand 1320 1160 70 0 0
zabor 1360 1168 105 2 8
stand 1352 1176 69 0 0
stand 1352 1160 82 0 0
stand 1368 1160 21 0 0
trop 1588 1172 111 0 0
tree 1640 1160 21 0 0
trop 1772 1180 110 0 0
trop 2036 1180 100 0 0
zabor 2480 1168 65 1 8
tree 2552 1160 58 0 0
tree 2536 1176 43 0 0
zabor 2704 1168 66 1 8
tree 3480 1160 21 1 0
tree 3480 1176 35 1 0
tree 3496 1160 44 1 0
trop 3572 1156 67 0 0
tree 136 1208 11 0 0
tree 136 1192 4 0 0
tree 152 1208 19 0 0
tree 200 1208 35 0 0
tree 216 1192 11 0 0
dom 1024 1184 53 1 0
trop 1132 1204 111 0 0
trop 1180 1196 103 0 0
zabor 1232 1200 105 2 8
stand 1256 1208 69 0 0
stand 1256 1192 69 0 0
dom 1280 1184 27 0 0
zabor 1360 1200 105 2 8
stand 1352 1208 69 0 0
stand 1352 1192 69 0 0
trop 1444 1212 103 0 0
dom 1536 1184 63 0 0
dom 1728 1184 55 0 0
trop 1852 1204 103 0 0
trop 1828 1204 104 0 0
stand 2104 1208 29 0 0
dom 2336 1184 54 0 0
zabor 2480 1200 64 1 8
tree 2632 1192 35 0 0
zabor 2704 1200 65 1 8
tree 3448 1208 59 1 0
tree 3432 1208 50 0 0
tree 3464 1192 43 1 0
tree 3464 1208 50 1 0
tree 3512 1192 35 1 0
tree 3528 1192 58 1 0
tree 136 1240 57 0 0
tree 168 1224 4 0 0
tree 184 1224 4 0 0
tree 264 1224 50 0 0
tree 344 1224 50 0 0
zabor 1232 1232 104 2 8
stand 1256 1224 69 0 0
stand 1256 1240 69 0 0
zabor 1360 1232 105 2 8
stand 1352 1240 77 0 0
stand 1352 1224 69 0 0
trop 1428 1220 104 0 0
trop 1548 1244 111 0 0
trop 1580 1220 111 0 0
trop 1588 1244 111 0 0
trop 1772 1228 110 0 0
trop 1852 1220 103 0 0
dom 1920 1216 52 0 0
trop 2388 1244 111 0 0
zabor 2480 1232 64 1 8
zabor 2704 1232 64 1 8
tree 3416 1240 21 1 0
tree 3416 1224 2 0 0
tree 3432 1240 50 1 0
tree 3432 1224 59 1 0
vor 3652 1220 40 0 0
vor 3652 1220 1 0 0
tree 3736 1240 51 1 0
tree 3752 1224 59 1 0
tree 152 1272 35 0 0
tree 152 1256 44 0 0
tree 168 1272 44 0 0
cliff 672 1248 80 179 179
stand 888 1256 53 0 0
trop 1164 1276 91 0 0
zabor 1232 1264 105 2 8
stand 1272 1256 71 0 0
stand 1256 1256 79 0 0
trop 1292 1268 17 0 0
stand 1336 1256 71 0 0
stand 1320 1256 71 0 0
zabor 1360 1264 105 2 8
stand 1352 1256 84 0 0
trop 1444 1276 103 0 0
dom 1504 1248 24 0 0
tree 1640 1272 35 0 0
trop 1852 1268 103 0 0
trop 1828 1268 104 0 0
trop 2068 1252 89 0 0
zabor 2480 1264 66 1 8
dom 2528 1248 50 0 0
zabor 2704 1264 66 1 8
vor 3428 1268 56 0 0
vor 3460 1252 56 0 0
vor 3516 1276 1 0 0
trop 3572 1252 67 0 0
tree 3672 1272 21 1 0
tree 3736 1272 4 1 0
tree 3736 1256 35 1 0
tree 152 1304 59 0 0
tree 168 1288 43 0 0
zabor 1232 1296 104 2 8
trop 1428 1284 104 0 0
dom 1728 1280 54 0 0
trop 1924 1292 109 0 0
tree 1976 1304 44 0 0
trop 2388 1292 111 0 0
zabor 2480 1296 64 1 8
tree 2680 1288 19 0 0
zabor 2704 1296 64 1 8
vor 3396 1300 8 0 0
vor 3460 1284 1 0 0
tree 3672 1288 21 1 0
tree 3704 1288 21 1 0
vor 3748 1300 1 0 0
tree 120 1336 59 0 0
tree 136 1320 59 0 0
tree 232 1320 44 0 0
cliff 640 1312 81 179 179
trop 1036 1332 93 0 0
trop 1116 1332 90 0 0
zabor 1200 1328 104 2 8
zabor 1232 1328 105 2 8
dom 1280 1312 7 0 0
trop 1444 1340 103 0 0
trop 1580 1332 111 0 0
trop 1780 1324 110 0 0
trop 1852 1332 103 0 0
trop 1828 1332 104 0 0
tree 2024 1320 35 0 0
trop 2228 1324 88 0 0
trop 2388 1340 111 0 0
zabor 2480 1328 64 1 8
zabor 2512 1328 66 1 8
trop 2548 1340 111 0 0
zabor 2576 1328 64 1 8
zabor 2608 1328 65 1 8
zabor 2640 1328 66 1 8
zabor 2672 1328 64 1 8
zabor 2704 1328 65 1 8
vor 3532 1324 41 0 0
trop 3572 1340 67 0 0
vor 3676 1316 40 0 0
tree 3672 1336 13 0 0
tree 3656 1336 50 0 0
tree 3704 1320 13 1 0
tree 3704 1336 35 1 0
tree 3736 1336 50 1 0
tree 3752 1336 44 1 0
vor 3844 1316 1 0 0
tree 88 1368 11 0 0
tree 104 1352 13 0 0
trop 1428 1348 104 0 0
dom 1536 1344 23 0 0
tree 1640 1352 44 0 0
tree 1640 1368 50 0 0
trop 1780 1372 110 0 0
dom 1952 1344 53 0 0
dom 2272 1344 17 0 0
dom 2432 1344 23 0 0
trop 2548 1372 111 0 0
dom 2656 1344 40 0 0
dom 2848 1344 40 0 0
vor 3364 1364 0 0 0
stand 3368 1368 65 0 0
vor 3404 1356 1 0 0
tree 3512 1352 50 1 0
tree 3528 1368 59 1 0
tree 3688 1352 19 1 0
tree 3704 1352 2 0 0
tree 3720 1352 43 0 0
tree 3736 1352 51 0 0
tree 3752 1368 59 0 0
tree 3752 1352 50 0 0
tree 3784 1352 58 1 0
tree 3832 1368 51 1 0
tree 3848 1352 51 1 0
tree 3848 1368 11 1 0
tree 3864 1368 11 0 0
tree 3928 1352 35 0 0
tree 3912 1368 59 0 0
tree 3992 1368 50 1 0
tree 3976 1368 44 1 0
tree 120 1400 58 0 0
tree 136 1384 35 0 0
dom 1216 1376 43 0 0
trop 1428 1404 104 0 0
trop 1444 1404 103 0 0
trop 1580 1388 111 0 0
dom 1728 1376 53 0 0
trop 1852 1396 103 0 0
trop 1828 1396 104 0 0
trop 1940 1404 109 0 0
trop 1964 1404 109 0 0
trop 2276 1396 112 0 0
trop 2380 1388 111 0 0
trop 2548 1388 111 0 0
stand 2712 1400 34 0 0
stand 3448 1384 64 1 0
trop 3540 1404 62 0 0
stand 3608 1400 11 0 0
tree 3624 1384 44 1 0
tree 3928 1384 2 1 0
tree 3928 1400 4 1 0
tree 3944 1384 11 1 0
tree 136 1416 2 0 0
dom 832 1408 55 0 0
trop 956 1412 92 0 0
stand 1080 1432 65 0 0
stand 1144 1416 64 1 0
trop 1308 1428 25 0 0
trop 1340 1420 6 0 0
trop 1364 1428 25 0 0
trop 1580 1436 111 0 0
tree 1624 1432 59 0 0
trop 1996 1428 111 0 0
tree 2040 1416 19 0 0
dom 2112 1408 51 0 0
trop 2164 1428 109 0 0
trop 2228 1420 104 0 0
trop 2740 1420 127 0 0
trop 3484 1436 127 0 0
stand 1128 1448 65 0 0
trop 1284 1452 34 0 0
trop 1340 1468 35 0 0
trop 1428 1468 104 0 0
trop 1444 1468 103 0 0
dom 1504 1440 18 0 0
trop 1852 1460 103 0 0
trop 1828 1460 104 0 0
dom 1920 1440 50 0 0
tree 2088 1464 35 0 0
trop 2316 1460 79 0 0
trop 2332 1460 79 0 0
trop 2404 1460 78 0 0
trop 2484 1460 79 0 0
trop 2556 1460 78 0 0
trop 2620 1460 84 0 0
trop 2708 1452 74 0 0
trop 2700 1452 85 0 0
most 3008 1440 10 3 179
most 3200 1440 4 2 179
trop 3508 1444 125 0 0
trop 3604 1444 114 0 0
trop 3692 1444 114 0 0
trop 3780 1444 115 0 0
trop 3868 1444 116 0 0
trop 3956 1444 116 0 0
trop 4044 1444 116 0 0
tree 696 1496 58 0 0
tree 712 1496 44 0 0
tree 712 1480 21 0 0
trop 956 1476 91 0 0
tree 1208 1480 43 0 0
trop 1356 1500 34 0 0
trop 1580 1492 111 0 0
dom 1728 1472 50 0 0
trop 1996 1476 111 0 0
tree 2040 1496 11 0 0
trop 2228 1476 104 0 0
stand 3400 1496 65 0 0
stand 3448 1480 61 1 0
tree 664 1528 43 0 0
trop 828 1532 93 0 0
trop 908 1532 90 0 0
cliff 1216 1504 19 179 179
dom 1280 1504 40 0 0
trop 1380 1524 23 0 0
trop 1428 1532 104 0 0
trop 1444 1532 103 0 0
trop 1780 1516 110 0 0
trop 1852 1524 103 0 0
trop 1828 1524 104 0 0
trop 1948 1516 111 0 0
trop 1988 1516 111 0 0
trop 2244 1532 103 0 0
zabor 2576 1520 66 1 8
tree 2632 1528 43 0 0
trop 2708 1516 83 0 0
dom 2880 1504 40 0 0
vor 3444 1516 25 0 0
tree 3496 1528 13 1 0
tree 3512 1528 58 1 0
tree 3672 1528 44 0 0
tree 3752 1528 35 0 0
tree 1176 1544 11 0 0
cliff 1152 1536 43 179 179
tree 1192 1544 2 0 0
cliff 1184 1536 15 179 179
stand 1368 1544 21 0 0
dom 1504 1536 17 0 0
dom 1728 1536 20 0 0
dom 1888 1536 49 0 0
trop 1988 1564 111 0 0
dom 2112 1536 50 0 0
trop 2228 1540 104 0 0
tree 2520 1560 13 0 0
tree 2568 1544 27 0 0
tree 2616 1544 59 0 0
tree 2600 1560 27 0 0
vor 3404 1540 24 0 0
tree 3528 1560 4 0 0
tree 3656 1560 13 0 0
tree 3672 1544 11 0 0
tree 3688 1560 59 0 0
tree 3736 1544 51 0 0
tree 3720 1560 19 0 0
tree 3848 1560 57 0 0
tree 648 1576 21 0 0
tree 1064 1592 19 0 0
tree 1096 1592 35 0 0
cliff 1120 1568 45 179 179
trop 1428 1580 104 0 0
trop 1444 1572 103 0 0
trop 1828 1580 104 0 0
trop 1852 1588 103 0 0
trop 1948 1596 111 0 0
trop 2028 1596 111 0 0
dom 2048 1568 47 0 0
trop 2228 1596 104 0 0
trop 2244 1588 103 0 0
tree 2328 1576 19 0 0
tree 2344 1576 11 0 0
tree 2360 1592 19 0 0
tree 2344 1592 27 0 0
tree 2424 1576 59 0 0
tree 2456 1576 44 0 0
tree 2488 1592 27 0 0
tree 2472 1576 51 0 0
tree 2504 1592 59 0 0
zabor 2640 1584 65 1 8
trop 2708 1596 82 0 0
tree 3544 1576 19 1 0
tree 3544 1592 59 1 0
tree 3560 1592 57 0 0
tree 3592 1592 44 0 0
tree 3640 1576 21 0 0
tree 3704 1592 4 1 0
vor 3732 1596 24 0 0
tree 3736 1592 51 1 0
tree 3736 1576 50 0 0
tree 3752 1592 27 0 0
tree 3752 1576 59 0 0
tree 3768 1592 27 0 0
tree 3896 1576 4 0 0
tree 3880 1576 11 0 0
tree 3912 1576 58 0 0
tree 616 1624 13 0 0
tree 632 1624 50 0 0
tree 648 1624 13 0 0
trop 748 1612 92 0 0
tree 1048 1608 57 0 0
tree 1080 1624 21 0 0
tree 1080 1608 51 0 0
tree 1064 1608 35 0 0
cliff 1088 1600 45 179 179
stand 1896 1608 13 0 0
trop 2132 1604 112 0 0
stand 2184 1608 13 0 0
tree 2344 1608 4 0 0
tree 2344 1624 58 0 0
tree 2488 1608 27 0 0
tree 2504 1624 59 0 0
tree 2504 1608 21 0 0
tree 2632 1624 2 0 0
tree 2792 1624 19 0 0
vor 3548 1628 8 0 0
tree 3544 1608 4 1 0
tree 3528 1624 4 1 0
tree 3576 1608 4 0 0
tree 3688 1608 57 1 0
tree 3736 1608 4 1 0
tree 3768 1608 59 1 0
tree 3800 1624 13 1 0
tree 3784 1608 59 0 0
tree 3816 1624 43 1 0
tree 3832 1624 21 0 0
tree 3880 1608 11 0 0
tree 3896 1624 4 0 0
tree 3912 1608 57 0 0
tree 3928 1608 13 0 0
tree 536 1656 51 0 0
tree 552 1656 51 0 0
tree 600 1640 59 0 0
trop 748 1660 104 0 0
trop 764 1660 103 0 0
cliff 1280 1632 10 179 179
trop 1428 1644 104 0 0
trop 1508 1644 101 0 0
trop 1516 1660 102 0 0
trop 1572 1644 101 0 0
trop 1580 1660 102 0 0
trop 1636 1644 101 0 0
trop 1644 1660 102 0 0
trop 1700 1644 101 0 0
trop 1708 1660 102 0 0
trop 1780 1644 101 0 0
trop 1764 1644 101 0 0
trop 1772 1660 102 0 0
trop 1852 1644 100 0 0
trop 1828 1660 100 0 0
trop 1916 1660 101 0 0
trop 1980 1660 101 0 0
trop 2044 1660 101 0 0
trop 2108 1660 101 0 0
trop 2172 1660 101 0 0
trop 2244 1644 103 0 0
tree 2504 1640 43 0 0
tree 3576 1640 35 1 0
tree 3640 1640 58 1 0
tree 3656 1640 21 1 0
tree 568 1672 35 0 0
tree 552 1688 44 0 0
trop 748 1692 104 0 0
trop 796 1684 111 0 0
cliff 1088 1664 39 179 179
cliff 1280 1664 8 179 179
tree 1320 1688 2 0 0
trop 1428 1692 104 0 0
trop 1844 1692 100 0 0
trop 1884 1668 100 0 0
tree 2344 1688 58 0 0
tree 2472 1672 43 0 0
tree 2616 1688 11 0 0
tree 2632 1672 51 0 0
trop 2708 1668 77 0 0
tree 2856 1688 57 0 0
tree 3544 1672 43 1 0
vor 3684 1684 17 0 0
vor 3892 1684 1 0 0
trop 764 1724 103 0 0
tree 1048 1704 44 0 0
tree 1112 1720 13 0 0
cliff 1248 1696 7 179 179
stand 1304 1720 65 0 0
trop 1444 1716 103 0 0
trop 1916 1708 109 0 0
trop 1972 1708 109 0 0
trop 2028 1708 109 0 0
trop 2092 1708 109 0 0
trop 2164 1708 109 0 0
trop 2148 1708 109 0 0
trop 2244 1708 103 0 0
tree 2312 1720 21 0 0
tree 2392 1704 58 0 0
vor 3748 1708 40 0 0
vor 3788 1724 1 0 0
vor 3852 1716 0 0 0
trop 748 1748 104 0 0
trop 796 1732 111 0 0
tree 984 1752 21 0 0
tree 1048 1752 44 0 0
tree 1032 1752 13 0 0
cliff 1024 1728 46 179 179
stand 1272 1736 65 0 0
stand 1304 1752 65 0 0
stand 1336 1752 65 0 0
trop 1428 1756 104 0 0
trop 1516 1756 100 0 0
dom 1504 1728 17 0 0
trop 1564 1748 100 0 0
trop 1708 1748 100 0 0
dom 1728 1728 19 0 0
trop 1804 1740 111 0 0
trop 1852 1732 103 0 0
dom 1888 1728 18 0 0
zabor 1968 1744 64 1 8
zabor 2000 1744 65 1 8
zabor 2032 1744 66 1 8
zabor 2064 1744 65 1 8
trop 2108 1756 112 0 0
zabor 2096 1744 65 1 8
dom 2144 1728 63 0 0
trop 2196 1732 111 0 0
tree 2392 1752 21 0 0
trop 2708 1740 76 0 0
dom 2784 1728 17 1 0
vor 3676 1732 24 0 0
dom 640 1760 50 0 0
trop 764 1788 103 0 0
tree 840 1784 11 0 0
tree 984 1768 50 0 0
cliff 1024 1760 38 179 179
cliff 1216 1760 47 179 179
stand 1352 1784 65 0 0
stand 1384 1784 65 0 0
trop 1444 1780 103 0 0
dom 1664 1760 22 0 0
trop 1716 1788 100 0 0
trop 1804 1780 111 0 0
trop 1948 1780 111 0 0
trop 1956 1772 111 0 0
zabor 1968 1776 65 1 8
tree 1992 1768 35 0 0
tree 2040 1768 57 0 0
tree 2056 1768 58 0 0
zabor 2096 1776 65 1 8
trop 2140 1764 109 0 0
zabor 2128 1776 64 1 8
trop 2164 1764 109 0 0
zabor 2160 1776 65 1 8
trop 2196 1788 111 0 0
trop 2244 1772 103 0 0
tree 2392 1768 13 0 0
tree 2376 1768 58 0 0
tree 2408 1768 13 0 0
tree 2424 1784 44 0 0
tree 2520 1768 35 0 0
tree 2632 1768 21 0 0
vor 3748 1788 33 0 0
trop 748 1812 104 0 0
trop 796 1796 111 0 0
tree 824 1816 50 0 0
cliff 1024 1792 38 179 179
stand 1384 1816 65 0 0
trop 1428 1812 104 0 0
stand 1416 1816 65 0 0
trop 1516 1812 100 0 0
trop 1572 1812 100 0 0
trop 1716 1804 100 0 0
trop 1852 1796 103 0 0
trop 1924 1804 109 0 0
zabor 1968 1808 65 1 8
tree 2008 1816 51 0 0
tree 2040 1800 11 0 0
tree 2088 1800 51 0 0
tree 2136 1800 35 0 0
zabor 2160 1808 66 1 8
tree 2600 1800 27 0 0
tree 2648 1816 4 0 0
stand 2776 1816 29 0 0
trop 2916 1820 93 0 0
vor 3844 1820 16 0 0
tree 632 1848 11 0 0
tree 648 1848 51 0 0
trop 692 1828 109 0 0
trop 764 1852 103 0 0
tree 1048 1832 21 0 0
cliff 1024 1824 36 179 179
tree 1080 1832 21 0 0
cliff 1152 1824 1 179 179
trop 1444 1844 103 0 0
trop 1588 1844 100 0 0
trop 1612 1852 100 0 0
trop 1612 1828 100 0 0
trop 1692 1852 100 0 0
trop 1708 1836 100 0 0
trop 1764 1836 100 0 0
trop 1804 1836 111 0 0
tree 1912 1848 11 0 0
zabor 1968 1840 65 1 8
zabor 2000 1840 66 1 8
zabor 2032 1840 66 1 8
zabor 2064 1840 65 1 8
zabor 2096 1840 64 1 8
zabor 2128 1840 64 1 8
zabor 2160 1840 65 1 8
trop 2196 1836 111 0 0
trop 2244 1836 103 0 0
dom 2336 1824 53 0 0
trop 2396 1844 111 0 0
trop 2436 1828 111 0 0
trop 2500 1844 93 0 0
trop 2740 1852 89 0 0
vor 2948 1828 89 179 179
stand 3656 1832 65 0 0
stand 3752 1848 65 0 0
stand 3848 1848 65 0 0
tree 648 1864 19 0 0
trop 748 1876 104 0 0
trop 796 1860 111 0 0
cliff 1056 1856 32 179 179
cliff 1120 1856 0 179 179
trop 1428 1876 104 0 0
trop 1516 1876 100 0 0
trop 1660 1868 100 0 0
trop 1764 1876 100 0 0
trop 1852 1860 103 0 0
trop 2308 1884 110 0 0
trop 2324 1884 110 0 0
trop 2340 1884 110 0 0
trop 2364 1884 110 0 0
trop 2388 1884 110 0 0
trop 2628 1884 88 0 0
tree 2680 1880 19 0 0
trop 2852 1876 90 0 0
trop 3044 1860 88 0 0
stand 3704 1880 65 0 0
stand 3816 1880 65 0 0
stand 3896 1880 65 0 0
tree 680 1896 59 0 0
trop 764 1916 103 0 0
trop 1428 1916 104 0 0
trop 1444 1908 103 0 0
dom 1536 1888 18 0 0
dom 1632 1888 24 0 0
dom 1728 1888 20 0 0
trop 1804 1892 111 0 0
trop 2196 1892 111 0 0
trop 2244 1900 103 0 0
tree 2552 1912 11 0 0
tree 3160 1912 57 0 0
tree 472 1944 13 0 0
tree 552 1944 59 0 0
tree 648 1928 50 0 0
trop 764 1940 103 0 0
trop 748 1940 104 0 0
trop 796 1924 111 0 0
dom 800 1920 52 0 0
tree 952 1944 21 0 0
tree 968 1944 44 0 0
tree 1080 1944 57 0 0
tree 1064 1944 43 0 0
tree 1256 1944 11 0 0
tree 1336 1944 58 0 0
tree 1352 1944 44 0 0
trop 1428 1948 104 0 0
trop 1444 1948 103 0 0
trop 1516 1940 100 0 0
trop 1532 1940 100 0 0
trop 1588 1940 100 0 0
trop 1644 1940 100 0 0
trop 1708 1940 100 0 0
trop 1764 1940 100 0 0
trop 1852 1948 103 0 0
trop 1852 1924 103 0 0
dom 1888 1920 17 0 0
dom 1984 1920 18 0 0
dom 2048 1920 20 0 0
dom 2112 1920 19 0 0
dom 2304 1920 52 0 0
trop 2420 1924 92 0 0
dom 2912 1920 48 0 0
trop 3092 1940 111 0 0
tree 3160 1944 13 0 0
tree 3160 1928 59 0 0
zabor 3664 1936 105 2 8
zabor 3696 1936 104 2 8
zabor 3728 1936 104 2 8
zabor 3760 1936 104 2 8
zabor 3792 1936 104 2 8
zabor 3824 1936 105 2 8
zabor 3856 1936 105 2 8
zabor 3888 1936 104 2 8
zabor 3920 1936 105 2 8
zabor 3952 1936 104 2 8
tree 472 1960 11 0 0
tree 488 1976 43 0 0
fre 612 1980 12 0 0
stand 808 1976 13 0 0
tree 1352 1960 58 0 0
stand 1384 1960 21 0 0
stand 1480 1960 13 0 0
stand 1624 1960 13 0 0
trop 1804 1956 111 0 0
stand 1800 1976 13 0 0
trop 1844 1956 104 0 0
trop 2196 1956 111 0 0
trop 2244 1964 103 0 0
dom 2528 1952 46 0 0
trop 2596 1956 111 0 0
trop 2596 1980 111 0 0
trop 2644 1972 103 0 0
tree 2728 1960 19 0 0
tree 2808 1976 50 0 0
trop 3044 1956 104 0 0
trop 3092 1956 111 0 0
tree 3160 1976 51 0 0
tree 3144 1976 11 0 0
tree 3192 1976 2 0 0
tree 3224 1976 58 0 0
tree 488 1992 59 0 0
fre 588 1988 12 0 0
fre 636 2004 12 0 0
fre 660 1996 12 0 0
trop 748 2004 104 0 0
trop 828 2012 101 0 0
trop 852 2012 101 0 0
trop 916 2012 101 0 0
trop 980 2012 101 0 0
trop 1044 2012 101 0 0
trop 1108 2012 101 0 0
trop 1172 2012 101 0 0
trop 1236 2012 101 0 0
trop 1300 2012 101 0 0
trop 1364 2012 101 0 0
trop 1428 2012 100 0 0
trop 1516 2012 101 0 0
trop 1580 2012 101 0 0
trop 1644 2012 101 0 0
trop 1708 2012 101 0 0
trop 1772 2012 101 0 0
trop 1852 2012 100 0 0
dom 2304 1984 52 0 0
trop 2380 1988 110 0 0
stand 2504 1992 13 0 0
trop 2556 2012 109 0 0
trop 2572 2012 109 0 0
trop 2924 2012 111 0 0
stand 3000 2008 21 0 0
dom 3136 1984 40 0 0
tree 3272 1992 51 0 0
vor 3756 2012 9 0 0
trop 820 2028 102 0 0
trop 852 2028 102 0 0
trop 916 2028 102 0 0
trop 980 2028 102 0 0
trop 1044 2028 102 0 0
trop 1108 2028 102 0 0
trop 1172 2028 102 0 0
trop 1236 2028 102 0 0
trop 1300 2028 102 0 0
trop 1364 2028 102 0 0
trop 1412 2036 100 0 0
trop 1452 2036 100 0 0
trop 1460 2020 100 0 0
trop 1516 2028 102 0 0
trop 1580 2028 102 0 0
trop 1644 2028 102 0 0
trop 1708 2028 102 0 0
trop 1772 2028 102 0 0
trop 1852 2044 100 0 0
trop 1828 2028 100 0 0
trop 1892 2020 100 0 0
trop 1892 2036 100 0 0
trop 1932 2020 101 0 0
trop 1996 2020 101 0 0
trop 2052 2020 101 0 0
trop 2108 2020 101 0 0
trop 2172 2020 101 0 0
trop 2244 2028 103 0 0
trop 2396 2044 110 0 0
trop 2380 2044 110 0 0
trop 2420 2044 110 0 0
trop 2460 2020 89 0 0
trop 2644 2036 103 0 0
tree 2712 2024 51 0 0
vor 3764 2020 8 0 0
tree 488 2056 50 0 0
dom 576 2048 49 0 0
trop 748 2060 104 0 0
trop 1444 2052 100 0 0
stand 1784 2072 21 0 0
trop 1932 2068 109 0 0
trop 1972 2068 109 0 0
trop 2028 2068 109 0 0
trop 2068 2068 109 0 0
trop 2124 2068 109 0 0
trop 2172 2068 109 0 0
stand 2184 2072 21 0 0
tree 2424 2072 33 0 0
trop 2564 2052 102 0 0
trop 2612 2052 100 0 0
tree 2712 2072 4 0 0
dom 2784 2048 49 0 0
trop 2924 2068 111 0 0
tree 2952 2056 21 0 0
trop 3084 2060 89 0 0
vor 3892 2052 25 0 0
trop 764 2092 103 0 0
trop 764 2108 103 0 0
zabor 816 2096 64 1 8
zabor 848 2096 72 1 9
zabor 880 2096 64 1 8
zabor 912 2096 64 1 8
zabor 944 2096 72 1 9
zabor 976 2096 65 1 8
zabor 1008 2096 66 1 8
zabor 1040 2096 64 1 8
zabor 1072 2096 64 1 8
zabor 1104 2096 66 1 8
zabor 1136 2096 65 1 8
zabor 1168 2096 66 1 8
zabor 1200 2096 72 1 9
zabor 1232 2096 64 1 8
zabor 1264 2096 73 1 9
zabor 1296 2096 66 1 8
zabor 1328 2096 64 1 8
zabor 1360 2096 66 1 8
trop 1428 2100 104 0 0
trop 1452 2092 103 0 0
trop 1844 2100 104 0 0
trop 1860 2092 103 0 0
dom 1920 2080 52 0 0
trop 1996 2100 111 0 0
dom 2080 2080 49 0 0
trop 2228 2092 104 0 0
trop 2244 2092 103 0 0
dom 2304 2080 51 0 0
trop 2380 2092 110 0 0
trop 2428 2092 110 0 0
trop 2404 2092 110 0 0
trop 2444 2092 110 0 0
trop 2476 2092 110 0 0
dom 2496 2080 48 0 0
trop 2500 2100 110 0 0
trop 2644 2092 103 0 0
trop 3188 2084 101 0 0
trop 3244 2084 101 0 0
trop 3292 2084 101 0 0
tree 3432 2088 44 0 0
zabor 528 2128 65 1 8
trop 660 2116 109 0 0
trop 684 2116 109 0 0
trop 748 2124 104 0 0
zabor 816 2128 66 1 8
dom 896 2112 27 0 0
vor 980 2132 1 0 0
zabor 1360 2128 65 1 8
trop 1428 2140 104 0 0
dom 1536 2112 63 0 0
dom 1632 2112 54 0 0
dom 1728 2112 53 0 0
trop 1996 2124 111 0 0
dom 2016 2112 18 0 0
tree 2424 2136 33 0 0
trop 2532 2140 110 0 0
trop 2596 2116 111 0 0
tree 2712 2120 57 0 0
trop 2924 2132 111 0 0
tree 2968 2120 21 0 0
tree 3016 2136 21 0 0
tree 3080 2136 58 0 0
trop 3180 2132 109 0 0
trop 3236 2132 109 0 0
trop 3284 2132 109 0 0
trop 3404 2132 88 0 0
tree 536 2168 19 0 0
tree 568 2168 59 0 0
tree 600 2152 44 0 0
tree 632 2152 27 0 0
tree 616 2152 51 0 0
trop 764 2172 103 0 0
zabor 816 2160 64 1 8
zabor 1360 2160 65 1 8
trop 1452 2156 103 0 0
trop 1516 2148 109 0 0
trop 1788 2172 109 0 0
trop 1844 2164 104 0 0
trop 1860 2148 103 0 0
trop 1924 2148 109 0 0
trop 1964 2148 109 0 0
trop 2108 2164 109 0 0
trop 2124 2156 109 0 0
trop 2164 2156 109 0 0
trop 2156 2172 109 0 0
trop 2228 2156 104 0 0
trop 2244 2156 103 0 0
zabor 2288 2160 66 1 8
zabor 2320 2160 66 1 8
zabor 2352 2160 65 1 8
zabor 2384 2160 65 1 8
zabor 2416 2160 66 1 8
zabor 2448 2160 66 1 8
zabor 2480 2160 66 1 8
trop 2516 2148 110 0 0
zabor 2512 2160 64 1 8
trop 2556 2148 110 0 0
tree 2552 2168 27 0 0
zabor 2544 2160 65 1 8
trop 2580 2148 110 0 0
zabor 2576 2160 66 1 8
tree 2728 2168 2 0 0
tree 2776 2152 27 0 0
trop 2844 2148 111 0 0
tree 3288 2168 44 0 0
tree 3336 2168 58 0 0
fre 3588 2148 6 179 179
tree 536 2200 50 0 0
trop 748 2188 104 0 0
zabor 816 2192 72 1 9
dom 1088 2176 37 0 0
trop 1164 2204 27 0 0
dom 1216 2176 34 0 0
vor 1356 2196 9 0 0
zabor 1360 2192 74 1 9
trop 1428 2204 104 0 0
dom 1504 2176 52 0 0
trop 1860 2204 103 0 0
trop 1996 2188 111 0 0
tree 2024 2200 11 0 0
trop 2036 2180 109 0 0
trop 2084 2180 109 0 0
trop 2116 2180 109 0 0
zabor 2288 2192 65 1 8
tree 2536 2200 27 0 0
zabor 2576 2192 66 1 8
trop 2668 2196 89 0 0
trop 2844 2196 111 0 0
tree 2888 2184 13 0 0
trop 2924 2188 111 0 0
tree 2952 2184 2 0 0
tree 3160 2184 27 0 0
trop 3372 2196 111 0 0
tree 3496 2200 59 0 0
fre 652 2212 2 0 0
fre 644 2236 2 0 0
trop 764 2236 103 0 0
zabor 816 2224 66 1 8
trop 1052 2220 5 0 0
trop 1092 2220 5 0 0
trop 1124 2220 5 0 0
trop 1228 2228 5 0 0
trop 1220 2228 23 0 0
trop 1284 2236 24 0 0
trop 1292 2220 29 0 0
zabor 1360 2224 66 1 8
trop 1452 2212 103 0 0
trop 1844 2228 104 0 0
dom 1920 2208 51 0 0
trop 1996 2236 111 0 0
tree 2072 2216 11 0 0
dom 2144 2208 47 0 0
trop 2228 2220 104 0 0
trop 2244 2220 103 0 0
zabor 2288 2224 64 1 8
tree 2344 2232 43 0 0
tree 2504 2232 19 0 0
zabor 2576 2224 66 1 8
trop 2844 2212 111 0 0
trop 2924 2236 111 0 0
trop 3420 2220 103 0 0
fre 3572 2212 22 179 179
fre 3620 2212 14 179 179
tree 520 2248 50 0 0
trop 748 2252 104 0 0
zabor 816 2256 65 1 8
dom 960 2240 35 0 0
dom 992 2240 35 0 0
trop 1220 2260 0 0 0
zabor 1360 2256 65 1 8
trop 1428 2260 104 0 0
trop 1452 2268 103 0 0
trop 1516 2244 109 0 0
tree 1624 2248 43 0 0
tree 1656 2264 13 0 0
trop 1860 2268 103 0 0
tree 2040 2264 13 0 0
trop 2164 2244 109 0 0
tree 2296 2264 59 0 0
tree 2296 2248 51 0 0
zabor 2288 2256 65 1 8
tree 2312 2248 57 0 0
tree 2456 2264 27 0 0
tree 2440 2264 59 0 0
tree 2488 2264 59 0 0
tree 2504 2248 57 0 0
tree 2504 2264 43 0 0
zabor 2576 2256 66 1 8
trop 2828 2268 88 0 0
tree 2888 2248 50 0 0
tree 2968 2264 19 0 0
dom 3040 2240 55 0 0
dom 3136 2240 53 0 0
dom 3264 2240 54 0 0
trop 3372 2244 111 0 0
tree 88 2280 56 0 0
tree 88 2296 56 0 0
tree 520 2296 4 0 0
trop 764 2300 103 0 0
zabor 816 2288 65 1 8
dom 864 2272 45 0 0
trop 1244 2276 22 0 0
trop 1276 2300 24 0 0
zabor 1360 2288 74 1 9
dom 1536 2272 23 0 0
dom 1728 2272 54 0 0
trop 1844 2292 104 0 0
trop 1996 2292 111 0 0
dom 2016 2272 17 0 0
dom 2112 2272 48 0 0
trop 2228 2276 104 0 0
trop 2244 2300 103 0 0
trop 2244 2284 103 0 0
tree 2296 2296 51 0 0
tree 2296 2280 13 0 0
zabor 2288 2288 64 1 8
tree 2312 2296 43 0 0
tree 2344 2296 51 0 0
tree 2408 2280 57 0 0
zabor 2576 2288 65 1 8
dom 2592 2272 50 0 0
trop 2924 2300 111 0 0
trop 2924 2284 111 0 0
trop 3060 2300 111 0 0
trop 3172 2300 111 0 0
trop 3332 2276 109 0 0
trop 3372 2300 111 0 0
trop 3420 2284 103 0 0
fre 3628 2292 17 179 179
tree 504 2312 43 0 0
tree 536 2328 19 0 0
dom 640 2304 54 0 0
trop 748 2308 104 0 0
zabor 816 2320 64 1 8
dom 1184 2304 33 0 0
dom 1216 2304 33 0 0
zabor 1360 2320 65 1 8
stand 1384 2328 21 0 0
trop 1428 2324 104 0 0
trop 1452 2332 103 0 0
tree 1608 2328 13 0 0
tree 1624 2312 51 0 0
stand 1656 2328 29 0 0
trop 1772 2308 109 0 0
trop 1844 2332 104 0 0
trop 1860 2324 103 0 0
dom 1920 2304 22 0 0
trop 1972 2324 111 0 0
trop 1996 2332 111 0 0
trop 2076 2332 111 0 0
trop 2124 2332 111 0 0
zabor 2288 2320 66 1 8
zabor 2320 2320 64 1 8
zabor 2352 2320 64 1 8
zabor 2384 2320 66 1 8
zabor 2416 2320 66 1 8
zabor 2448 2320 64 1 8
zabor 2480 2320 65 1 8
zabor 2512 2320 66 1 8
zabor 2544 2320 65 1 8
zabor 2576 2320 64 1 8
dom 2720 2304 63 0 0
trop 2780 2316 111 0 0
trop 2788 2308 111 0 0
trop 2796 2332 112 0 0
stand 2792 2328 21 0 0
stand 2888 2312 13 0 0
tree 2984 2312 57 0 0
tree 3224 2312 4 0 0
stand 3352 2328 21 0 0
tree 3496 2328 51 0 0
tree 3512 2328 27 0 0
tree 3512 2312 35 0 0
dom 3840 2304 53 0 0
tree 104 2360 33 0 0
trop 684 2348 109 0 0
trop 748 2364 104 0 0
trop 764 2364 103 0 0
zabor 816 2352 64 1 8
trop 964 2356 0 0 0
dom 960 2336 36 0 0
dom 1024 2336 36 0 0
dom 1184 2336 33 0 0
dom 1216 2336 33 0 0
dom 1280 2336 36 0 0
zabor 1360 2352 64 1 8
trop 1540 2348 109 0 0
stand 1576 2360 21 0 0
tree 1704 2344 59 0 0
stand 2184 2360 21 0 0
trop 2228 2348 104 0 0
trop 2228 2340 104 0 0
stand 2568 2360 66 0 0
stand 2568 2344 66 0 0
trop 2836 2356 100 0 0
trop 3420 2348 103 0 0
tree 3496 2360 2 0 0
tree 3496 2344 59 0 0
fre 3692 2364 5 179 179
tree 56 2392 33 0 0
tree 88 2392 41 0 0
tree 88 2376 41 0 0
tree 72 2392 41 0 0
tree 104 2376 41 0 0
tree 104 2392 41 0 0
zabor 560 2384 65 1 8
zabor 624 2384 65 1 8
zabor 816 2384 64 1 8
trop 1276 2372 24 0 0
trop 1260 2372 17 0 0
zabor 1360 2384 66 1 8
trop 1428 2388 104 0 0
trop 1452 2396 103 0 0
dom 1504 2368 48 0 0
trop 1596 2372 111 0 0
trop 1628 2388 104 0 0
trop 1644 2388 103 0 0
trop 1636 2380 101 0 0
trop 1676 2372 111 0 0
dom 1728 2368 25 0 179
trop 1844 2396 104 0 0
trop 1924 2396 101 0 0
trop 1980 2396 101 0 0
trop 2036 2396 101 0 0
trop 2092 2396 101 0 0
trop 2164 2396 101 0 0
trop 2156 2396 101 0 0
trop 2252 2380 100 0 0
trop 2300 2372 101 0 0
trop 2316 2388 102 0 0
trop 2348 2372 101 0 0
trop 2380 2388 102 0 0
trop 2404 2372 101 0 0
trop 2444 2388 100 0 0
trop 2468 2372 101 0 0
trop 2524 2372 101 0 0
trop 2548 2388 102 0 0
stand 2568 2392 66 0 0
stand 2568 2376 66 0 0
trop 2588 2372 101 0 0
trop 2652 2372 101 0 0
trop 2708 2388 102 0 0
trop 2708 2372 101 0 0
trop 2772 2388 102 0 0
trop 2764 2372 101 0 0
trop 2836 2388 102 0 0
trop 2900 2388 102 0 0
trop 2900 2372 101 0 0
trop 2964 2388 102 0 0
trop 2956 2372 101 0 0
trop 3028 2388 102 0 0
trop 3020 2372 101 0 0
trop 3084 2388 102 0 0
trop 3076 2388 102 0 0
trop 3084 2372 101 0 0
trop 3148 2388 102 0 0
trop 3148 2372 101 0 0
trop 3212 2388 102 0 0
trop 3212 2372 101 0 0
trop 3276 2388 102 0 0
trop 3276 2372 101 0 0
trop 3340 2388 102 0 0
trop 3340 2372 101 0 0
tree 3480 2376 27 0 0
tree 3496 2392 21 0 0
tree 56 2408 56 0 0
tree 104 2408 33 0 0
tree 584 2424 58 0 0
trop 748 2428 104 0 0
trop 764 2428 103 0 0
zabor 816 2416 65 1 8
trop 892 2412 27 0 0
dom 896 2400 32 0 0
dom 960 2400 36 0 0
trop 1020 2404 0 0 0
dom 1024 2400 36 0 0
zabor 1360 2416 74 1 9
trop 1596 2412 111 0 0
trop 1636 2404 102 0 0
trop 1676 2428 111 0 0
trop 1924 2420 102 0 0
trop 1972 2420 102 0 0
trop 2036 2420 102 0 0
trop 2100 2420 102 0 0
trop 2164 2420 102 0 0
trop 2220 2404 100 0 0
trop 2460 2420 100 0 0
trop 2508 2428 112 0 0
stand 2568 2424 66 0 0
stand 2568 2408 66 0 0
trop 3420 2412 103 0 0
tree 3512 2408 57 0 0
tree 3528 2424 59 0 0
fre 3660 2412 15 179 179
fre 3732 2428 7 179 179
tree 600 2440 57 0 0
tree 632 2440 57 0 0
tree 616 2440 35 0 0
tree 664 2456 11 0 0
tree 648 2440 43 0 0
zabor 816 2448 65 1 8
trop 964 2444 5 0 0
trop 996 2436 23 0 0
trop 1028 2444 5 0 0
trop 1084 2436 23 0 0
trop 1132 2452 5 0 0
dom 1216 2432 32 0 0
trop 1276 2436 24 0 0
zabor 1360 2448 66 1 8
trop 1428 2436 104 0 0
trop 1452 2460 103 0 0
stand 1656 2456 37 0 0
trop 1844 2444 104 0 0
trop 2244 2444 103 0 0
trop 2452 2460 104 0 0
trop 2620 2452 104 0 0
trop 2644 2444 103 0 0
zabor 2768 2448 31 0 8
zabor 2800 2448 28 0 8
zabor 2832 2448 26 0 8
zabor 2864 2448 29 0 8
zabor 2896 2448 31 0 8
zabor 2928 2448 26 0 8
zabor 2960 2448 27 0 8
zabor 2992 2448 29 0 8
zabor 3024 2448 24 0 8
zabor 3056 2448 31 0 8
zabor 3088 2448 24 0 8
zabor 3120 2448 27 0 8
zabor 3152 2448 31 0 8
zabor 3184 2448 28 0 8
zabor 3216 2448 28 0 8
zabor 3248 2448 30 0 8
zabor 3280 2448 25 0 8
zabor 3312 2448 24 0 8
zabor 3344 2448 27 0 8
stand 3352 2456 21 0 0
trop 3404 2460 104 0 0
tree 3544 2440 51 0 0
tree 568 2472 57 0 0
tree 584 2488 2 0 0
tree 648 2488 57 0 0
tree 664 2472 44 0 0
zabor 816 2480 64 1 8
zabor 848 2480 65 1 8
zabor 880 2480 65 1 8
zabor 912 2480 66 1 8
trop 1228 2476 0 0 0
trop 1260 2468 17 0 0
zabor 1360 2480 65 1 8
dom 1536 2464 53 0 0
tree 1640 2472 13 0 0
dom 1728 2464 20 0 179
trop 1844 2484 104 0 0
trop 1868 2476 103 0 0
dom 1920 2464 24 0 0
trop 1996 2492 111 0 0
dom 2016 2464 48 0 0
dom 2112 2464 20 0 0
trop 2220 2492 104 0 0
trop 2244 2492 103 0 0
dom 2368 2464 18 0 0
trop 2548 2476 100 0 0
trop 2548 2468 100 0 0
trop 2540 2468 104 0 0
dom 2528 2464 50 0 0
trop 2620 2484 104 0 0
trop 2644 2476 103 0 0
trop 2780 2492 32 0 0
zabor 3344 2480 29 0 8
trop 3372 2476 111 0 0
trop 3380 2484 111 0 0
trop 3420 2476 103 0 0
tree 632 2520 13 0 0
tree 648 2504 43 0 0
tree 888 2504 0 0 0
zabor 912 2512 74 1 9
zabor 944 2512 72 1 9
zabor 976 2512 65 1 8
zabor 1008 2512 66 1 8
trop 1276 2500 24 0 0
zabor 1296 2512 74 1 9
zabor 1328 2512 72 1 9
vor 1372 2524 16 0 0
zabor 1360 2512 73 1 9
trop 1428 2500 104 0 0
trop 1452 2524 103 0 0
trop 1508 2516 109 0 0
trop 1556 2524 109 0 0
trop 1780 2516 109 0 0
trop 1844 2516 104 0 0
trop 1996 2508 111 0 0
trop 2028 2500 100 0 0
trop 2044 2524 100 0 0
trop 2084 2508 100 0 0
trop 2148 2508 100 0 0
dom 2272 2496 19 0 0
trop 2452 2508 104 0 0
trop 2476 2524 103 0 0
trop 2548 2524 100 0 0
stand 2616 2504 66 0 0
stand 2600 2504 66 0 0
stand 2648 2504 66 0 0
stand 2632 2504 66 0 0
stand 2664 2504 66 0 0
dom 2720 2496 11 0 0
dom 3136 2496 34 0 0
dom 3264 2496 34 0 0
tree 3528 2504 27 0 0
trop 788 2532 89 0 0
zabor 1008 2544 64 1 8
dom 1088 2528 35 0 0
dom 1120 2528 35 0 0
dom 1280 2528 36 0 0
trop 1428 2556 104 0 0
trop 1580 2548 111 0 0
tree 1640 2552 13 0 0
tree 1688 2552 43 0 0
trop 1868 2540 103 0 0
trop 1924 2532 110 0 0
trop 1956 2532 110 0 0
trop 1980 2532 110 0 0
trop 1988 2556 100 0 0
trop 2020 2532 100 0 0
trop 2052 2540 100 0 0
trop 2100 2556 100 0 0
trop 2148 2556 111 0 0
trop 2148 2548 100 0 0
trop 2220 2548 104 0 0
trop 2244 2532 103 0 0
trop 2452 2540 104 0 0
trop 2620 2548 104 0 0
trop 2644 2532 103 0 0
dom 3072 2528 36 0 0
trop 3148 2540 25 0 0
trop 3212 2540 25 0 0
trop 3260 2540 25 0 0
trop 3300 2540 29 0 0
trop 3404 2556 91 0 0
tree 88 2568 56 0 0
tree 104 2568 56 0 0
tree 696 2584 21 0 0
tree 680 2568 44 0 0
zabor 1008 2576 64 1 8
zabor 1040 2576 65 1 8
trop 1268 2572 24 0 0
trop 1260 2580 17 0 0
zabor 1360 2576 73 1 9
trop 1452 2588 103 0 0
tree 1640 2584 21 0 0
trop 1844 2580 104 0 0
dom 1920 2560 49 0 0
trop 1980 2564 100 0 0
trop 2052 2580 100 0 0
trop 2068 2580 100 0 0
trop 2100 2588 100 0 0
trop 2244 2588 103 0 0
tree 2392 2568 50 0 0
trop 2476 2588 103 0 0
trop 2548 2580 100 0 0
dom 2528 2560 19 0 0
trop 2780 2588 32 0 0
trop 2796 2564 36 0 0
trop 2828 2564 35 0 0
dom 2880 2560 33 0 0
tree 696 2600 4 0 0
trop 948 2604 88 0 0
zabor 1040 2608 66 1 8
trop 1164 2612 6 0 0
dom 1184 2592 43 0 0
trop 1268 2612 24 0 0
zabor 1360 2608 64 1 8
trop 1428 2620 104 0 0
dom 1504 2592 18 0 0
trop 1580 2596 111 0 0
tree 1608 2600 13 0 0
dom 1728 2592 50 0 0
trop 1868 2596 103 0 0
trop 1972 2604 100 0 0
trop 2060 2596 100 0 0
trop 2052 2612 100 0 0
dom 2112 2592 51 0 0
trop 2148 2612 100 0 0
trop 2220 2612 104 0 0
dom 2304 2592 20 0 0
trop 2452 2604 104 0 0
trop 2620 2612 104 0 0
trop 2644 2596 103 0 0
dom 2720 2592 11 0 0
trop 2852 2612 35 0 0
dom 2880 2592 33 0 0
trop 3100 2612 36 0 0
trop 3300 2612 93 0 0
trop 3356 2612 90 0 0
tree 40 2632 56 0 0
tree 1016 2632 8 0 0
zabor 1040 2640 66 1 8
trop 1252 2636 23 0 0
zabor 1360 2640 64 1 8
trop 1452 2652 103 0 0
trop 1580 2652 111 0 0
trop 1844 2644 104 0 0
trop 1972 2652 100 0 0
trop 2028 2636 100 0 0
trop 2052 2628 100 0 0
trop 2052 2652 100 0 0
trop 2084 2644 100 0 0
trop 2124 2636 100 0 0
trop 2244 2652 103 0 0
trop 2316 2652 100 0 0
stand 2408 2648 21 0 0
trop 2476 2652 103 0 0
trop 2548 2644 100 0 0
trop 2796 2644 36 0 0
dom 2880 2624 33 0 0
dom 3040 2624 32 0 0
dom 3136 2624 62 0 0
stand 3432 2648 29 0 0
tree 3480 2632 57 0 0
tree 104 2664 48 0 0
tree 744 2680 57 0 0
tree 792 2664 59 0 0
zabor 1040 2672 74 1 9
dom 1088 2656 27 0 0
zabor 1136 2672 66 1 8
trop 1172 2660 24 0 0
trop 1212 2676 25 0 0
zabor 1200 2672 64 1 8
trop 1236 2668 29 0 0
dom 1312 2656 27 0 0
zabor 1360 2672 64 1 8
trop 1428 2676 104 0 0
trop 1780 2660 109 0 0
stand 1800 2680 21 0 0
trop 1868 2660 103 0 0
trop 2028 2684 100 0 0
trop 2060 2668 100 0 0
trop 2084 2668 100 0 0
trop 2132 2676 100 0 0
trop 2148 2676 100 0 0
trop 2220 2668 104 0 0
trop 2452 2668 104 0 0
trop 2548 2676 100 0 0
dom 2560 2656 47 0 0
trop 2620 2668 104 0 0
trop 2644 2660 103 0 0
trop 2804 2684 1 0 0
trop 2844 2660 35 0 0
dom 2880 2656 33 0 0
tree 856 2696 58 0 0
trop 948 2700 104 0 0
trop 964 2692 103 0 0
zabor 1040 2704 73 1 9
zabor 1136 2704 66 1 8
trop 1172 2692 30 0 0
trop 1164 2700 6 0 0
zabor 1200 2704 65 1 8
zabor 1360 2704 64 1 8
trop 1452 2716 103 0 0
trop 1572 2692 111 0 0
dom 1600 2688 48 0 0
dom 1696 2688 49 0 0
trop 1844 2708 104 0 0
trop 1868 2716 103 0 0
dom 1920 2688 18 0 0
dom 2016 2688 21 0 0
dom 2112 2688 20 0 0
trop 2244 2708 103 0 0
trop 2316 2716 100 0 0
dom 2336 2688 53 0 0
trop 2356 2700 111 0 0
trop 2380 2716 100 0 0
dom 2528 2688 54 0 0
dom 2720 2688 11 0 0
dom 2880 2688 33 0 0
trop 3108 2716 36 0 0
trop 3220 2692 92 0 0
tree 3384 2696 4 0 0
tree 136 2744 24 0 0
trop 964 2732 103 0 0
stand 1032 2744 13 0 0
zabor 1040 2736 64 1 8
zabor 1072 2736 64 1 8
zabor 1104 2736 64 1 8
zabor 1136 2736 66 1 8
zabor 1200 2736 66 1 8
zabor 1232 2736 64 1 8
zabor 1264 2736 66 1 8
zabor 1296 2736 65 1 8
zabor 1328 2736 66 1 8
zabor 1360 2736 64 1 8
stand 1384 2744 13 0 0
trop 1428 2740 104 0 0
dom 1536 2720 47 0 0
trop 1572 2724 111 0 0
stand 1592 2744 13 0 0
trop 1756 2732 111 0 0
trop 1844 2740 104 0 0
trop 1868 2732 103 0 0
trop 1940 2724 100 0 0
trop 2004 2724 100 0 0
trop 2052 2724 100 0 0
trop 2084 2724 100 0 0
trop 2116 2724 100 0 0
trop 2148 2724 100 0 0
trop 2220 2732 104 0 0
trop 2244 2724 103 0 0
trop 2340 2748 111 0 0
trop 2380 2724 111 0 0
trop 2396 2732 111 0 0
trop 2452 2724 104 0 0
trop 2548 2732 100 0 0
trop 2540 2724 104 0 0
trop 2620 2732 104 0 0
trop 2644 2724 103 0 0
stand 2696 2744 13 0 0
trop 2868 2748 2 0 0
dom 2976 2720 35 0 0
trop 3012 2740 32 0 0
dom 3008 2720 35 0 0
trop 3052 2748 32 0 0
dom 3040 2720 35 0 0
dom 3072 2720 35 0 0
trop 3220 2748 104 0 0
trop 3268 2748 111 0 0
tree 3352 2728 59 0 0
tree 824 2760 51 0 0
trop 948 2764 104 0 0
zabor 1136 2768 74 1 9
stand 1128 2760 66 0 0
stand 1144 2760 66 0 0
stand 1160 2760 66 0 0
stand 1192 2760 66 0 0
stand 1208 2760 66 0 0
stand 1224 2760 66 0 0
stand 2024 2760 13 0 0
trop 2340 2780 111 0 0
trop 2356 2780 111 0 0
trop 2340 2756 109 0 0
trop 2396 2756 109 0 0
trop 2460 2756 100 0 0
trop 2484 2780 100 0 0
trop 2540 2756 109 0 0
trop 2580 2756 109 0 0
dom 2816 2752 40 0 0
trop 2972 2764 23 0 0
trop 2948 2772 5 0 0
trop 3044 2772 5 0 0
trop 3100 2764 29 0 0
stand 3160 2776 21 0 0
tree 312 2792 1 0 0
tree 296 2792 1 0 0
tree 824 2808 43 0 0
tree 888 2792 35 0 0
trop 1020 2796 101 0 0
trop 1020 2812 102 0 0
trop 1036 2796 101 0 0
trop 1084 2796 101 0 0
trop 1084 2812 102 0 0
trop 1132 2796 101 0 0
trop 1148 2812 102 0 0
trop 1196 2796 101 0 0
trop 1212 2812 102 0 0
trop 1252 2796 101 0 0
trop 1276 2812 102 0 0
trop 1308 2796 101 0 0
trop 1340 2812 102 0 0
trop 1372 2796 101 0 0
trop 1404 2812 102 0 0
trop 1460 2812 102 0 0
trop 1508 2796 101 0 0
trop 1524 2812 102 0 0
trop 1540 2796 101 0 0
trop 1588 2796 101 0 0
trop 1588 2812 102 0 0
trop 1652 2796 101 0 0
trop 1652 2812 102 0 0
trop 1716 2796 101 0 0
trop 1708 2812 102 0 0
trop 1780 2796 101 0 0
trop 1772 2812 102 0 0
trop 1852 2796 100 0 0
trop 1828 2812 100 0 0
trop 1860 2812 100 0 0
trop 1916 2812 102 0 0
trop 1924 2796 101 0 0
trop 1972 2812 102 0 0
trop 1988 2796 101 0 0
trop 2036 2812 102 0 0
trop 2044 2796 101 0 0
trop 2100 2812 102 0 0
trop 2108 2796 101 0 0
trop 2164 2812 102 0 0
trop 2164 2796 101 0 0
trop 2196 2812 102 0 0
trop 2228 2788 100 0 0
trop 2244 2804 100 0 0
trop 2300 2788 101 0 0
trop 2356 2788 111 0 0
trop 2340 2804 102 0 0
trop 2388 2804 102 0 0
trop 2452 2804 102 0 0
trop 2508 2804 102 0 0
trop 2532 2804 102 0 0
trop 2580 2804 102 0 0
trop 2644 2804 102 0 0
trop 2956 2796 28 0 0
tree 232 2840 41 0 0
tree 248 2824 56 0 0
tree 248 2840 41 0 0
tree 760 2840 50 0 0
tree 776 2840 35 0 0
trop 948 2828 104 0 0
trop 1844 2820 100 0 0
trop 1860 2828 100 0 0
trop 2348 2820 111 0 0
trop 2772 2844 88 0 0
trop 3220 2820 91 0 0
tree 152 2856 48 0 0
tree 216 2856 1 0 0
tree 248 2856 48 0 0
tree 248 2872 41 0 0
tree 312 2872 33 0 0
tree 824 2872 11 0 0
tree 840 2872 43 0 0
stand 1016 2872 37 0 0
stand 1320 2872 37 0 0
zabor 1616 2864 26 0 8
zabor 1648 2864 31 0 8
zabor 1680 2864 30 0 8
zabor 1712 2864 27 0 8
zabor 1744 2864 24 0 8
zabor 1776 2864 30 0 8
stand 1784 2856 21 0 0
trop 1860 2876 103 0 0
trop 2060 2876 111 0 0
trop 2276 2868 103 0 0
trop 2276 2860 103 0 0
zabor 2320 2864 65 1 8
zabor 2352 2864 64 1 8
zabor 2384 2864 64 1 8
zabor 2416 2864 65 1 8
zabor 2448 2864 64 1 8
zabor 2480 2864 66 1 8
zabor 2512 2864 65 1 8
trop 3100 2876 93 0 0
trop 3172 2876 90 0 0
tree 3896 2856 42 0 0
tree 3896 2872 34 0 0
tree 3912 2872 42 0 0
tree 3912 2856 42 0 0
tree 184 2904 48 0 0
tree 184 2888 48 0 0
tree 248 2904 1 0 0
tree 232 2888 33 0 0
tree 232 2904 56 0 0
tree 312 2888 56 0 0
tree 824 2888 2 0 0
tree 840 2888 51 0 0
trop 948 2892 104 0 0
trop 964 2884 103 0 0
zabor 1008 2896 29 0 8
zabor 1040 2896 24 0 8
zabor 1072 2896 30 0 8
zabor 1104 2896 26 0 8
zabor 1136 2896 24 0 8
zabor 1168 2896 25 0 8
trop 1252 2892 24 0 0
trop 1308 2884 15 0 0
trop 1372 2884 15 0 0
trop 1420 2884 25 0 0
trop 1484 2908 28 0 0
zabor 1616 2896 29 0 8
tree 1640 2888 50 0 0
tree 1672 2888 59 0 0
zabor 1776 2896 30 0 8
trop 1836 2884 104 0 0
dom 1952 2880 15 0 0
zabor 2000 2896 65 1 8
zabor 2032 2896 65 1 8
trop 2060 2900 111 0 0
zabor 2096 2896 66 1 8
zabor 2128 2896 65 1 8
trop 2188 2892 100 0 0
trop 2260 2884 104 0 0
zabor 2320 2896 64 1 8
dom 2336 2880 49 0 0
zabor 2512 2896 64 1 8
tree 2552 2904 43 0 0
tree 2536 2904 4 0 0
tree 2584 2904 11 0 0
tree 2616 2904 44 0 0
tree 2664 2888 13 0 0
dom 2944 2880 37 0 0
tree 3912 2904 34 0 0
tree 152 2920 56 0 0
tree 168 2936 33 0 0
tree 168 2920 1 0 0
tree 216 2920 56 0 0
tree 216 2936 41 0 0
tree 248 2920 1 0 0
tree 280 2920 48 0 0
tree 264 2920 48 0 0
tree 280 2936 33 0 0
tree 312 2920 41 0 0
tree 312 2936 56 0 0
trop 964 2940 103 0 0
zabor 1008 2928 26 0 8
tree 1016 2920 4 0 0
tree 1048 2936 11 0 0
tree 1080 2936 4 0 0
tree 1080 2920 58 0 0
zabor 1168 2928 25 0 8
trop 1236 2940 23 0 0
tree 1288 2920 60 0 0
lay 1320 2936 10 0 0
trop 1524 2940 27 0 0
zabor 1616 2928 30 0 8
zabor 1776 2928 24 0 8
trop 1836 2916 104 0 0
trop 1860 2940 103 0 0
zabor 2000 2928 64 1 8
tree 2024 2920 48 0 0
trop 2060 2940 111 0 0
tree 2088 2920 33 0 0
zabor 2128 2928 65 1 8
trop 2180 2940 100 0 0
dom 2176 2912 47 0 0
trop 2260 2932 104 0 0
trop 2276 2916 103 0 0
zabor 2320 2928 64 1 8
tree 2520 2920 35 0 0
zabor 2512 2928 66 1 8
tree 2552 2920 35 0 0
tree 2568 2920 57 0 0
tree 2584 2920 43 0 0
tree 2600 2920 50 0 0
tree 2648 2936 27 0 0
tree 2648 2920 43 0 0
tree 2696 2936 58 0 0
tree 3896 2936 42 0 0
tree 152 2952 56 0 0
tree 296 2952 56 0 0
tree 824 2952 59 0 0
trop 948 2948 104 0 0
zabor 1008 2960 24 0 8
tree 1032 2968 2 0 0
tree 1032 2952 50 0 0
tree 1128 2952 21 0 0
zabor 1168 2960 28 0 8
trop 1196 2956 24 0 0
cliff 1536 2944 34 179 179
lay 1592 2968 22 0 0
zabor 1616 2960 25 0 8
tree 1656 2952 58 0 0
zabor 1776 2960 31 0 8
tree 2008 2952 33 0 0
zabor 2000 2960 65 1 8
tree 2088 2952 33 0 0
zabor 2128 2960 65 1 8
trop 2276 2972 103 0 0
trop 2340 2956 109 0 0
trop 2380 2956 109 0 0
zabor 2512 2960 65 1 8
tree 2536 2968 50 0 0
tree 2536 2952 11 0 0
tree 2664 2968 19 0 0
tree 2680 2968 58 0 0
stand 2856 2952 13 0 0
trop 2908 2972 109 0 0
trop 2964 2972 109 0 0
trop 3020 2956 92 0 0
stand 3112 2952 34 0 0
tree 344 3000 1 0 0
tree 792 2984 13 0 0
trop 964 3004 103 0 0
zabor 1008 2992 24 0 8
zabor 1168 2992 30 0 8
cliff 1408 2976 68 179 179
cliff 1472 2976 70 179 179
zabor 1616 2992 26 0 8
zabor 1776 2992 26 0 8
trop 1836 2980 104 0 0
trop 1860 3004 103 0 0
zabor 2000 2992 66 1 8
tree 2024 3000 48 0 0
trop 2060 2980 111 0 0
zabor 2128 2992 65 1 8
trop 2260 2988 104 0 0
zabor 2320 2992 66 1 8
zabor 2512 2992 64 1 8
tree 2552 2984 51 0 0
tree 2680 2984 11 0 0
trop 2812 2980 89 0 0
tree 3880 2984 56 0 0
tree 3896 2984 41 0 0
tree 3928 3000 56 0 0
tree 3912 3000 33 0 0
tree 360 3016 48 0 0
tree 808 3016 21 0 0
tree 824 3016 13 0 0
trop 948 3012 104 0 0
zabor 1008 3024 28 0 8
zabor 1104 3024 26 0 8
zabor 1136 3024 25 0 8
zabor 1168 3024 30 0 8
trop 1180 3012 36 0 0
cliff 1344 3008 64 179 179
trop 1588 3036 36 0 0
cliff 1600 3008 34 179 179
zabor 1616 3024 31 0 8
dom 1696 3008 55 0 0
zabor 1776 3024 30 0 8
dom 1920 3008 50 0 0
zabor 2000 3024 65 1 8
trop 2060 3028 111 0 0
tree 2088 3016 1 0 0
zabor 2128 3024 65 1 8
trop 2276 3036 103 0 0
zabor 2320 3024 66 1 8
zabor 2512 3024 65 1 8
tree 2584 3032 51 0 0
tree 2648 3032 11 0 0
tree 2632 3032 43 0 0
tree 2632 3016 4 0 0
tree 2680 3032 4 0 0
tree 2696 3016 27 0 0
trop 2916 3020 102 0 0
trop 2980 3020 102 0 0
trop 3044 3020 102 0 0
trop 3108 3020 84 0 0
trop 3196 3012 85 0 0
trop 3300 3036 72 0 0
tree 3864 3016 56 0 0
tree 376 3048 48 0 0
tree 376 3064 48 0 0
trop 948 3068 104 0 0
trop 964 3052 103 0 0
zabor 1008 3056 27 0 8
dom 1088 3040 54 0 0
trop 1132 3068 35 0 0
cliff 1216 3040 84 179 179
cliff 1280 3040 51 179 179
trop 1580 3044 22 0 0
zabor 1616 3056 24 0 8
zabor 1648 3056 26 0 8
zabor 1680 3056 29 0 8
zabor 1776 3056 30 0 8
trop 1836 3044 104 0 0
trop 1860 3068 103 0 0
zabor 2000 3056 65 1 8
tree 2024 3048 1 0 0
trop 2060 3052 111 0 0
tree 2088 3064 33 0 0
zabor 2128 3056 64 1 8
dom 2144 3040 22 0 0
trop 2188 3044 100 0 0
trop 2260 3052 104 0 0
zabor 2320 3056 65 1 8
tree 2360 3064 50 0 0
dom 2464 3040 39 0 0
zabor 2512 3056 65 1 8
tree 2680 3048 27 0 0
tree 2664 3048 11 0 0
tree 2776 3048 11 0 0
tree 2776 3064 35 0 0
tree 2808 3064 11 0 0
tree 2792 3064 44 0 0
tree 2824 3064 2 0 0
fre 3500 3068 0 179 179
tree 3816 3048 1 0 0
tree 3832 3048 41 0 0
tree 3848 3048 1 0 0
trop 3884 3044 125 0 0
trop 3932 3052 124 0 0
tree 344 3096 1 0 0
tree 360 3080 41 0 0
tree 824 3080 43 0 0
zabor 1008 3088 25 0 8
zabor 1104 3088 25 0 8
trop 1132 3076 35 0 0
zabor 1680 3088 24 0 8
trop 1716 3100 111 0 0
zabor 1776 3088 26 0 8
zabor 2000 3088 65 1 8
tree 2024 3080 41 0 0
trop 2060 3092 111 0 0
zabor 2128 3088 66 1 8
trop 2188 3092 100 0 0
trop 2276 3100 103 0 0
zabor 2320 3088 65 1 8
zabor 2512 3088 66 1 8
tree 2840 3096 51 0 0
tree 2856 3096 35 0 0
stand 2888 3080 34 0 0
fre 3548 3076 27 179 179
tree 344 3128 41 0 0
tree 824 3112 44 0 0
trop 948 3124 104 0 0
trop 964 3108 103 0 0
zabor 1008 3120 29 0 8
zabor 1104 3120 24 0 8
trop 1140 3108 111 0 0
trop 1180 3108 36 0 0
cliff 1216 3104 83 179 179
tree 1528 3128 59 0 0
lay 1544 3112 2 0 0
trop 1588 3108 36 0 0
cliff 1600 3104 41 179 179
trop 1660 3124 35 0 0
trop 1636 3124 35 0 0
zabor 1680 3120 27 0 8
zabor 1744 3120 31 0 8
zabor 1776 3120 25 0 8
trop 1836 3108 104 0 0
trop 1860 3132 103 0 0
zabor 2000 3120 64 1 8
tree 2024 3112 33 0 0
trop 2060 3124 111 0 0
tree 2088 3128 56 0 0
zabor 2128 3120 66 1 8
dom 2144 3104 20 0 0
trop 2212 3124 111 0 0
trop 2260 3116 104 0 0
zabor 2320 3120 64 1 8
zabor 2352 3120 65 1 8
zabor 2384 3120 64 1 8
zabor 2416 3120 64 1 8
zabor 2448 3120 64 1 8
zabor 2480 3120 65 1 8
zabor 2512 3120 65 1 8
tree 2600 3112 13 0 0
tree 2856 3112 57 0 0
fre 3588 3116 14 179 179
tree 3880 3128 41 0 0
tree 3928 3112 56 0 0
tree 344 3144 56 0 0
tree 360 3144 41 0 0
tree 792 3160 21 0 0
trop 964 3164 103 0 0
zabor 1008 3152 29 0 8
tree 1032 3160 21 0 0
zabor 1104 3152 31 0 8
trop 1140 3156 111 0 0
trop 1172 3156 29 0 0
trop 1428 3164 15 0 0
trop 1484 3164 15 0 0
trop 1532 3164 15 0 0
cliff 1568 3136 41 179 179
trop 1572 3164 23 0 0
trop 1716 3156 111 0 0
trop 1860 3164 103 0 0
dom 1920 3136 21 0 0
zabor 2000 3152 66 1 8
zabor 2032 3152 64 1 8
trop 2060 3164 111 0 0
zabor 2096 3152 65 1 8
zabor 2128 3152 66 1 8
trop 2172 3156 100 0 0
tree 2984 3160 35 0 0
tree 3032 3160 51 0 0
tree 3064 3144 4 0 0
tree 3064 3160 59 0 0
tree 3048 3160 57 0 0
fre 3476 3148 13 179 179
fre 3564 3164 3 179 179
fre 3628 3156 10 179 179
tree 360 3176 32 0 0
tree 840 3192 4 0 0
tree 840 3176 2 0 0
trop 948 3180 104 0 0
zabor 1008 3184 24 0 8
stand 1016 3192 29 0 0
zabor 1040 3184 26 0 8
zabor 1072 3184 27 0 8
zabor 1104 3184 24 0 8
trop 1140 3188 111 0 0
trop 1156 3172 30 0 0
cliff 1184 3168 82 179 179
trop 1364 3188 21 0 0
cliff 1536 3168 44 179 179
stand 1736 3176 13 0 0
tree 1784 3176 13 0 0
trop 1836 3172 104 0 0
stand 2040 3176 13 0 0
trop 2260 3180 91 0 0
tree 2376 3192 2 0 0
tree 2488 3192 59 0 0
tree 2552 3176 2 0 0
tree 2584 3176 13 0 0
tree 2568 3176 11 0 0
tree 3000 3192 35 0 0
tree 3000 3176 21 0 0
tree 3016 3176 51 0 0
fre 3644 3172 6 179 179
tree 840 3224 11 0 0
tree 856 3224 4 0 0
trop 964 3228 103 0 0
trop 1036 3212 109 0 0
trop 1084 3212 109 0 0
trop 1124 3212 109 0 0
trop 1156 3212 6 0 0
lay 1304 3208 8 0 0
cliff 1344 3200 41 179 179
cliff 1440 3200 17 179 179
trop 1572 3228 101 0 0
trop 1636 3228 101 0 0
trop 1700 3228 101 0 0
trop 1764 3228 101 0 0
trop 1924 3228 101 0 0
trop 1948 3228 101 0 0
trop 1964 3228 101 0 0
trop 2028 3228 101 0 0
trop 2092 3228 101 0 0
trop 2148 3228 101 0 0
tree 2360 3208 19 0 0
tree 2392 3208 13 0 0
tree 2424 3208 51 0 0
tree 2472 3224 13 0 0
tree 2504 3224 27 0 0
tree 2984 3208 57 0 0
tree 3144 3208 57 0 0
fre 3484 3220 0 179 179
fre 3564 3228 11 179 179
tree 840 3240 13 0 0
trop 948 3236 104 0 0
trop 1316 3236 16 0 0
trop 1500 3236 93 0 0
trop 1564 3244 102 0 0
trop 1620 3244 102 0 0
trop 1684 3244 102 0 0
trop 1748 3244 102 0 0
trop 1812 3244 102 0 0
trop 1876 3244 102 0 0
trop 1940 3244 102 0 0
trop 2004 3244 102 0 0
trop 2068 3244 102 0 0
trop 2132 3244 102 0 0
trop 2212 3236 90 0 0
trop 2252 3260 103 0 0
tree 2328 3256 11 0 0
tree 2504 3240 59 0 0
fre 3396 3236 19 179 179
tree 824 3288 50 0 0
trop 964 3292 103 0 0
tree 1032 3272 2 0 0
trop 1188 3284 1 0 0
lay 1272 3288 14 0 0
trop 1268 3284 20 0 0
tree 2344 3272 11 0 0
trop 948 3300 104 0 0
tree 1048 3320 2 0 0
tree 1112 3320 27 0 0
trop 1236 3308 23 0 0
trop 1420 3316 92 0 0
stand 1544 3304 32 0 0
stand 2184 3304 33 0 0
trop 2236 3324 104 0 0
trop 2252 3308 103 0 0
tree 2328 3320 13 0 0
fre 3532 3300 22 179 179
fre 3524 3316 6 179 179
fre 3596 3316 8 179 179
tree 3928 3304 41 0 0
tree 856 3352 19 0 0
tree 840 3352 58 0 0
trop 964 3356 103 0 0
tree 1048 3336 21 0 0
tree 1144 3352 51 0 0
tree 1160 3336 19 0 0
tree 1160 3352 50 0 0
tree 1320 3336 25 0 0
tree 1720 3352 21 0 0
tree 2328 3336 35 0 0
tree 2344 3352 2 0 0
trop 948 3364 104 0 0
stand 1256 3368 32 0 0
trop 1420 3380 91 0 0
tree 1528 3384 59 0 0
tree 1544 3368 27 0 0
tree 1560 3368 43 0 0
tree 1816 3368 21 0 0
dom 2144 3360 54 0 0
trop 2236 3388 104 0 0
trop 2252 3372 103 0 0
tree 2344 3368 51 0 0
tree 2344 3384 19 0 0
tree 264 3400 16 0 0
tree 1032 3400 44 0 0
tree 1080 3400 21 0 0
tree 1528 3400 51 0 0
tree 1528 3416 11 0 0
stand 2184 3416 21 0 0
tree 2344 3400 43 0 0
tree 232 3448 0 0 0
tree 856 3432 11 0 0
tree 1032 3432 11 0 0
trop 1164 3436 93 0 0
trop 1228 3428 101 0 0
trop 1228 3444 102 0 0
trop 1292 3428 101 0 0
trop 1292 3444 102 0 0
trop 1372 3436 90 0 0
tree 2040 3448 19 0 0
trop 2236 3452 104 0 0
trop 2252 3436 103 0 0
tree 2360 3432 58 0 0
tree 2360 3448 43 0 0
tree 2344 3448 57 0 0
trop 988 3468 89 0 0
tree 1512 3464 4 0 0
tree 1512 3480 21 0 0
tree 1944 3464 19 0 0
tree 1928 3464 4 0 0
tree 2344 3464 11 0 0
tree 888 3496 59 0 0
trop 1100 3492 90 0 0
tree 1496 3496 43 0 0
tree 1496 3512 43 0 0
tree 1480 3512 21 0 0
trop 2236 3508 104 0 0
trop 2252 3500 103 0 0
tree 2344 3512 50 0 0
cliff 2496 3488 80 179 179
tree 1384 3544 19 0 0
tree 1432 3544 35 0 0
tree 1416 3544 19 0 0
tree 1464 3528 27 0 0
tree 1448 3544 44 0 0
tree 2328 3528 57 0 0
tree 2328 3544 2 0 0
tree 136 3576 0 0 0
tree 968 3576 35 0 0
tree 984 3576 58 0 0
stand 1096 3576 32 0 0
tree 1224 3576 43 0 0
stand 2168 3560 33 0 0
trop 2236 3564 104 0 0
trop 2252 3564 103 0 0
stand 2296 3560 29 0 0
tree 2328 3560 27 0 0
cliff 2464 3552 82 179 179
tree 1064 3608 44 0 0
tree 1320 3592 2 0 0
tree 1320 3608 43 0 0
tree 1352 3592 21 0 0
tree 1976 3608 44 0 0
tree 1976 3592 59 0 0
tree 2008 3608 13 0 0
tree 2024 3608 35 0 0
tree 2024 3592 13 0 0
tree 2088 3592 44 0 0
tree 3848 3608 33 0 0
tree 3880 3608 48 0 0
tree 3896 3592 56 0 0
tree 4024 3592 33 0 0
tree 1304 3624 59 0 0
tree 1992 3624 50 0 0
tree 2008 3624 51 0 0
cliff 2464 3616 77 179 179
tree 3864 3640 33 0 0
tree 3848 3624 41 0 0
tree 3880 3624 48 0 0
tree 152 3672 16 0 0
tree 984 3656 51 0 0
tree 968 3672 11 0 0
tree 1096 3672 44 0 0
tree 1208 3672 19 0 0
tree 1224 3672 4 0 0
cliff 2432 3648 71 179 179
dom 2816 3648 28 0 0
tree 3912 3656 56 0 0
tree 584 3688 51 0 0
cliff 2400 3680 73 179 179
tree 3992 3704 56 0 0
tree 216 3720 8 0 0
tree 1192 3720 51 0 0
tree 1832 3736 57 0 0
cliff 2048 3712 67 179 179
cliff 2112 3712 70 179 179
cliff 2176 3712 69 179 179
tree 3912 3720 48 0 0
tree 4024 3736 1 0 0
tree 4040 3736 56 0 0
tree 632 3752 50 0 0
tree 648 3768 50 0 0
tree 1752 3768 43 0 0
tree 1768 3768 13 0 0
tree 1848 3752 50 0 0
tree 1864 3768 21 0 0
most 2240 3744 33 0 179
tree 3960 3768 33 0 0
tree 3992 3768 48 0 0
tree 3976 3768 1 0 0
tree 3976 3752 33 0 0
tree 4008 3768 56 0 0
tree 4024 3768 41 0 0
tree 552 3800 51 0 0
tree 552 3784 58 0 0
tree 760 3800 58 0 0
tree 1624 3800 44 0 0
tree 1608 3784 43 0 0
tree 1752 3800 21 0 0
tree 1752 3784 13 0 0
tree 1768 3800 58 0 0
tree 1816 3800 57 0 0
tree 1848 3784 59 0 0
tree 4008 3800 48 0 0
tree 728 3832 50 0 0
tree 760 3816 4 0 0
tree 776 3816 35 0 0
tree 776 3832 35 0 0
tree 1640 3816 27 0 0
tree 1656 3832 11 0 0
tree 1736 3832 19 0 0
tree 1784 3832 57 0 0
tree 1800 3832 44 0 0
tree 3992 3832 56 0 0
tree 440 3864 43 0 0
tree 728 3864 51 0 0
tree 760 3848 27 0 0
tree 1592 3848 19 0 0
tree 1576 3848 2 0 0
tree 1608 3848 57 0 0
tree 1656 3848 44 0 0
tree 1640 3848 27 0 0
tree 1736 3864 35 0 0
tree 1784 3848 35 0 0
tree 1800 3848 11 0 0
tree 3992 3864 56 0 0
tree 3992 3848 56 0 0
tree 536 3896 43 0 0
tree 552 3896 19 0 0
tree 552 3880 19 0 0
tree 712 3896 51 0 0
tree 776 3880 35 0 0
tree 1576 3880 2 0 0
tree 1704 3880 50 0 0
tree 1736 3880 43 0 0
tree 1848 3896 57 0 0
tree 1912 3880 11 0 0
tree 3992 3880 48 0 0
tree 424 3928 2 0 0
tree 616 3928 2 0 0
tree 632 3912 13 0 0
tree 664 3912 50 0 0
tree 680 3928 44 0 0
tree 712 3928 50 0 0
tree 712 3912 35 0 0
tree 776 3928 13 0 0
tree 776 3912 19 0 0
tree 792 3912 51 0 0
tree 824 3928 19 0 0
tree 824 3912 19 0 0
tree 872 3912 19 0 0
tree 904 3912 57 0 0
tree 952 3928 13 0 0
tree 1576 3912 2 0 0
tree 1576 3928 4 0 0
tree 1592 3928 50 0 0
tree 1608 3928 4 0 0
tree 1640 3912 57 0 0
tree 1656 3912 58 0 0
tree 1656 3928 51 0 0
tree 1640 3928 57 0 0
tree 1720 3912 43 0 0
tree 1736 3928 11 0 0
tree 1736 3912 21 0 0
tree 1816 3928 50 0 0
tree 1848 3928 19 0 0
tree 1880 3928 27 0 0
tree 1928 3912 43 0 0
tree 1928 3928 21 0 0
trop 2252 3932 103 0 0
tree 3992 3928 33 0 0
tree 3976 3912 56 0 0
tree 4008 3912 41 0 0
tree 4024 3928 48 0 0
tree 4008 3928 33 0 0
tree 152 3960 0 0 0
tree 152 3944 16 0 0
tree 328 3960 11 0 0
tree 408 3960 13 0 0
tree 504 3960 4 0 0
tree 616 3944 19 0 0
tree 664 3960 13 0 0
tree 648 3944 58 0 0
tree 696 3960 21 0 0
tree 680 3960 57 0 0
tree 728 3960 13 0 0
tree 712 3960 19 0 0
tree 712 3944 13 0 0
tree 760 3944 2 0 0
tree 744 3944 43 0 0
tree 744 3960 59 0 0
tree 776 3944 19 0 0
tree 824 3944 19 0 0
tree 840 3960 19 0 0
tree 840 3944 51 0 0
tree 968 3944 11 0 0
tree 984 3944 44 0 0
tree 1464 3960 4 0 0
tree 1448 3960 27 0 0
tree 1448 3944 50 0 0
tree 1496 3960 19 0 0
tree 1512 3960 43 0 0
tree 1544 3960 57 0 0
tree 1576 3944 59 0 0
tree 1624 3944 57 0 0
tree 1720 3944 4 0 0
tree 1736 3960 57 0 0
tree 1784 3944 57 0 0
tree 1848 3944 57 0 0
tree 1880 3960 13 0 0
tree 1896 3960 44 0 0
tree 1912 3944 50 0 0
tree 1928 3944 44 0 0
trop 2236 3940 104 0 0
tree 3976 3944 1 0 0
tree 1896 3976 19 0 0
