tree 2344 56 11 0 0
tree 2344 40 19 0 0
tree 408 72 1 0 0
tree 424 88 33 0 0
tree 568 72 33 0 0
tree 568 88 1 0 0
tree 600 72 56 0 0
tree 584 72 56 0 0
tree 632 88 41 0 0
tree 616 72 33 0 0
tree 648 88 48 0 0
tree 648 72 33 0 0
tree 2328 88 21 0 0
trop 3780 84 66 0 0
tree 232 120 1 0 0
tree 440 120 48 0 0
tree 568 104 41 0 0
tree 600 120 1 0 0
tree 616 104 56 0 0
tree 2296 120 2 0 0
tree 2312 120 19 0 0
tree 2312 104 2 0 0
tree 2328 104 21 0 0
tree 2488 120 44 0 0
tree 2504 104 44 0 0
tree 2504 120 58 0 0
tree 2520 120 27 0 0
tree 3256 120 56 0 0
tree 3368 120 41 0 0
tree 3416 104 1 0 0
tree 216 152 56 0 0
trop 316 156 7 0 0
tree 488 152 56 0 0
tree 520 136 56 0 0
tree 520 152 33 0 0
tree 568 152 41 0 0
tree 552 136 1 0 0
tree 584 136 41 0 0
tree 600 152 33 0 0
trop 892 148 67 0 0
tree 1048 152 41 0 0
tree 1032 152 41 0 0
tree 1064 152 41 0 0
cliff 1184 128 8 179 179
tree 2072 136 56 0 0
tree 2088 152 41 0 0
tree 2280 152 13 0 0
tree 2280 136 4 0 0
tree 2328 152 50 0 0
tree 2312 152 51 0 0
tree 3272 136 1 0 0
tree 3352 136 56 0 0
tree 3448 152 1 0 0
tree 3864 152 44 0 0
tree 3880 136 4 0 0
tree 3880 152 27 0 0
tree 3928 152 43 0 0
tree 168 184 48 0 0
tree 216 184 48 0 0
tree 216 168 1 0 0
tree 232 184 41 0 0
trop 340 164 7 0 0
tree 392 168 48 0 0
tree 472 168 33 0 0
tree 488 168 48 0 0
tree 552 168 48 0 0
tree 600 184 56 0 0
tree 616 184 33 0 0
tree 1080 168 41 0 0
tree 1112 168 1 0 0
tree 1096 168 33 0 0
tree 1128 184 33 0 0
cliff 1152 160 7 179 179
tree 2104 168 4 0 0
trop 3124 164 65 0 0
tree 3192 168 56 0 0
tree 3192 184 1 0 0
tree 3304 168 33 0 0
tree 3336 184 48 0 0
tree 3368 184 56 0 0
tree 3384 184 56 0 0
tree 3400 168 41 0 0
tree 3416 168 41 0 0
tree 3416 184 1 0 0
tree 3448 184 41 0 0
tree 3544 184 13 0 0
tree 3560 184 2 0 0
trop 3780 164 65 0 0
tree 3864 168 58 0 0
tree 152 200 48 0 0
tree 184 216 48 0 0
tree 216 200 48 0 0
tree 216 216 1 0 0
tree 200 200 41 0 0
tree 232 216 33 0 0
tree 232 200 56 0 0
tree 424 200 41 0 0
tree 472 216 56 0 0
tree 472 200 33 0 0
tree 1128 216 41 0 0
cliff 1184 192 8 179 179
tree 2024 216 26 0 0
tree 2280 216 21 0 0
tree 2296 200 27 0 0
tree 3192 200 41 0 0
tree 3192 216 1 0 0
tree 3384 200 56 0 0
tree 3384 216 33 0 0
tree 3400 216 41 0 0
tree 120 248 33 0 0
tree 136 248 1 0 0
tree 184 232 48 0 0
tree 168 248 48 0 0
tree 168 232 41 0 0
dom 288 224 5 0 0
tree 344 248 33 0 0
trop 404 252 7 0 0
trop 412 244 7 0 0
tree 440 232 1 0 0
tree 472 248 1 0 0
tree 472 232 56 0 0
trop 596 244 125 0 0
trop 892 236 68 0 0
tree 1384 248 40 0 0
tree 2008 232 1 0 0
tree 2008 248 18 0 0
tree 1992 248 20 0 0
tree 2024 232 49 0 0
tree 2024 248 36 0 0
tree 2248 248 2 0 0
tree 2264 232 50 0 0
tree 3192 232 56 0 0
tree 3192 248 48 0 0
tree 3416 248 1 0 0
trop 3780 252 66 0 0
tree 72 280 33 0 0
tree 72 264 48 0 0
tree 200 280 56 0 0
tree 344 264 33 0 0
tree 360 280 48 0 0
tree 472 264 56 0 0
trop 668 268 117 0 0
cliff 1184 256 9 179 179
tree 1992 264 18 0 0
tree 1992 280 29 0 0
tree 2024 264 37 0 0
tree 2136 280 59 0 0
tree 2152 280 51 0 0
tree 2232 264 4 0 0
tree 2248 264 11 0 0
tree 2248 280 13 0 0
trop 3124 260 68 0 0
tree 3368 264 48 0 0
tree 3416 280 56 0 0
tree 3432 264 48 0 0
dom 3712 256 57 0 0
tree 3944 280 48 0 0
stand 264 296 72 0 0
tree 392 296 41 0 0
dom 608 288 6 0 0
dom 768 288 4 0 0
tree 1976 312 33 0 0
tree 1976 296 42 0 0
tree 2072 296 24 0 0
tree 2248 296 41 0 0
tree 2248 312 43 0 0
tree 2360 312 35 0 0
tree 2360 296 44 0 0
tree 2344 312 51 0 0
zabor 2416 304 28 0 8
zabor 2448 304 24 0 8
zabor 2480 304 26 0 8
zabor 2512 304 27 0 8
zabor 2544 304 26 0 8
zabor 2576 304 29 0 8
tree 3176 312 1 0 0
tree 3192 296 33 0 0
tree 3192 312 41 0 0
tree 3416 296 33 0 0
tree 3432 312 48 0 0
tree 152 344 1 0 0
tree 232 344 41 0 0
trop 716 332 118 0 0
trop 892 324 67 0 0
trop 916 348 70 0 0
trop 996 324 113 0 0
trop 1076 324 124 0 0
cliff 1184 320 10 179 179
dom 1376 320 38 0 0
tree 1960 328 60 0 0
lay 2088 344 17 0 0
vor 2108 348 8 0 0
vor 2140 340 17 0 0
vor 2124 340 17 0 0
vor 2180 348 9 0 0
tree 2328 328 57 0 0
tree 2360 328 21 0 0
zabor 2416 336 31 0 8
zabor 2576 336 30 0 8
trop 3124 348 66 0 0
tree 3400 328 41 0 0
tree 3400 344 56 0 0
tree 3432 328 56 0 0
zabor 3600 336 27 0 8
zabor 3632 336 29 0 8
zabor 3664 336 27 0 8
zabor 3696 336 29 0 8
zabor 3728 336 28 0 8
zabor 3760 336 32 0 9
trop 3780 340 67 0 0
tree 3960 344 56 0 0
tree 168 360 33 0 0
tree 440 360 56 0 0
tree 472 376 1 0 0
trop 508 364 7 0 0
trop 516 356 7 0 0
trop 788 356 116 0 0
trop 868 380 117 0 0
tree 2024 360 16 0 0
vor 2132 372 25 0 0
tree 2232 360 56 0 0
tree 2248 376 44 0 0
tree 2264 376 56 0 0
tree 2360 360 59 0 0
zabor 2416 368 31 0 8
zabor 2576 368 29 0 8
zabor 3408 368 27 0 8
zabor 3440 368 31 0 8
zabor 3472 368 31 0 8
trop 3564 380 123 0 0
zabor 3600 368 25 0 8
tree 3624 360 37 0 0
tree 3656 360 49 0 0
tree 3688 360 12 0 0
tree 3720 360 49 0 0
zabor 3760 368 29 0 8
tree 3912 376 33 0 0
tree 3960 376 56 0 0
tree 3944 376 1 0 0
tree 184 392 1 0 0
tree 216 408 41 0 0
dom 288 384 2 0 0
tree 488 408 48 0 0
trop 1444 412 123 0 0
vor 2020 412 17 0 0
vor 2052 396 9 0 0
tree 2264 408 27 0 0
zabor 2416 400 31 0 8
zabor 2576 400 30 0 8
dom 3200 384 60 0 0
zabor 3408 400 30 0 8
dom 3424 384 39 0 0
tree 3608 408 2 0 0
tree 3672 408 20 0 0
zabor 3760 400 28 0 8
tree 120 440 41 0 0
tree 120 424 1 0 0
tree 504 424 41 0 0
tree 520 440 41 0 0
trop 892 420 67 0 0
dom 1056 416 31 0 0
cliff 1184 416 13 179 179
vor 2076 420 9 0 0
vor 2124 436 1 0 0
tree 2248 424 44 0 0
zabor 2416 432 25 0 8
zabor 2576 432 26 0 8
trop 3148 428 118 0 0
trop 3244 436 26 0 0
trop 3276 444 31 0 0
zabor 3408 432 29 0 8
dom 3520 416 32 0 0
tree 3608 440 50 0 0
tree 3624 440 50 0 0
zabor 3760 432 32 0 9
trop 3780 436 68 0 0
tree 3992 440 1 0 0
tree 4008 440 33 0 0
tree 4024 440 1 0 0
tree 104 472 1 0 0
stand 440 472 8 0 0
trop 612 468 7 0 0
tree 760 456 51 0 0
tree 744 472 51 0 0
tree 984 456 33 0 0
cliff 992 448 45 179 179
dom 1280 448 37 0 0
tree 2264 472 1 0 0
tree 2392 472 51 0 0
tree 2392 456 4 0 0
zabor 2416 464 26 0 8
zabor 2448 464 29 0 8
trop 3212 476 117 0 0
trop 3244 452 26 0 0
trop 3244 460 26 0 0
trop 3340 460 25 0 0
zabor 3408 464 27 0 8
zabor 3440 464 26 0 8
zabor 3472 464 27 0 8
zabor 3536 464 24 0 8
trop 3564 476 67 0 0
tree 3608 456 51 0 0
tree 3624 472 4 0 0
zabor 3760 464 29 0 8
dom 3840 448 61 0 0
tree 4024 456 48 0 0
trop 612 484 7 0 0
tree 712 504 13 0 0
tree 744 488 27 0 0
cliff 800 480 13 179 179
cliff 1024 480 35 179 179
cliff 1120 480 28 179 179
lay 1208 488 11 0 0
lay 1272 488 9 0 0
zabor 1328 496 35 0 9
trop 1348 484 125 0 0
trop 1420 508 117 0 0
trop 1444 508 67 0 0
tree 2264 488 48 0 0
tree 2376 488 58 0 0
tree 2424 488 58 0 0
dom 2528 480 8 0 0
dom 2624 480 66 0 0
trop 3108 500 21 0 0
trop 3124 508 16 0 0
trop 3108 492 16 0 0
zabor 3472 496 31 0 8
zabor 3504 496 26 0 8
zabor 3536 496 27 0 8
trop 3588 508 118 0 0
stand 3640 504 35 0 0
dom 3680 480 0 0 0
zabor 3760 496 31 0 8
trop 444 540 125 0 0
trop 532 540 124 0 0
trop 580 540 127 0 0
trop 628 540 125 0 0
cliff 736 512 50 179 179
trop 892 516 68 0 0
cliff 1056 512 30 179 179
lay 1208 536 12 0 0
tree 2264 536 50 0 0
trop 3068 540 20 0 0
trop 3052 540 16 0 0
trop 3316 516 22 0 0
trop 3660 532 116 0 0
trop 3764 516 69 0 0
trop 3748 532 113 0 0
trop 3844 532 124 0 0
tree 3928 536 1 0 0
tree 3944 520 41 0 0
trop 700 564 117 0 0
lay 1128 568 6 0 0
lay 1160 568 2 0 0
lay 1192 552 5 0 0
tree 2104 568 48 0 0
tree 2280 552 21 0 0
tree 2360 568 58 0 0
trop 2500 564 17 0 0
trop 3036 572 20 0 0
trop 3068 556 16 0 0
trop 3236 564 67 0 0
trop 3460 564 27 0 0
dom 3488 544 44 0 0
trop 3564 572 68 0 0
trop 3588 556 70 0 0
tree 3960 568 48 0 0
tree 3992 568 33 0 0
tree 296 600 41 0 0
tree 312 600 41 0 0
stand 680 600 32 0 0
trop 916 588 118 0 0
lay 1144 584 7 0 0
lay 1176 584 3 0 0
trop 1444 604 67 0 0
zabor 2224 592 26 0 8
zabor 2256 592 31 0 8
zabor 2288 592 31 0 8
tree 2328 600 11 0 0
tree 2328 584 11 0 0
tree 2360 584 43 0 0
trop 2996 596 21 0 0
tree 3448 584 13 0 0
trop 3444 596 35 0 0
trop 3452 604 28 0 0
trop 3500 596 16 0 0
dom 3808 576 42 0 0
tree 3976 584 41 0 0
tree 152 632 41 0 0
tree 168 632 48 0 0
tree 184 616 48 0 0
tree 216 616 33 0 0
tree 232 632 41 0 0
cliff 384 608 24 179 179
cliff 448 608 31 179 179
cliff 512 608 29 179 179
cliff 544 608 6 179 179
trop 732 628 38 0 0
trop 980 636 117 0 0
trop 1348 636 125 0 0
tree 1896 616 43 0 0
tree 1896 632 27 0 0
dom 1984 608 10 0 0
zabor 2224 624 26 0 8
tree 2408 616 58 0 0
trop 2500 628 17 0 0
trop 2996 612 20 0 0
trop 3012 612 21 0 0
trop 3308 612 21 0 0
cliff 320 640 28 179 179
zabor 1328 656 36 0 9
trop 1420 660 117 0 0
tree 2056 664 11 0 0
tree 2072 664 41 0 0
tree 2088 664 44 0 0
tree 2120 664 56 0 0
zabor 2224 656 26 0 8
dom 2368 640 1 0 0
tree 2616 664 51 0 0
trop 2940 652 16 0 0
trop 2956 660 21 0 0
trop 2956 668 16 0 0
dom 3168 640 57 0 0
trop 3236 652 67 0 0
trop 3276 644 21 0 0
trop 3564 660 68 0 0
dom 3584 640 7 0 0
trop 3636 652 22 0 0
trop 764 684 118 0 0
dom 896 672 0 0 0
trop 1444 700 67 0 0
dom 1856 672 40 0 0
zabor 2224 688 25 0 8
zabor 2256 688 26 0 8
zabor 2288 688 31 0 8
zabor 2320 688 24 0 8
zabor 2352 688 29 0 8
tree 2520 696 50 0 0
trop 2500 700 17 0 0
tree 2568 696 19 0 0
tree 2584 680 19 0 0
vor 3092 700 0 0 0
dom 3328 672 58 0 0
dom 3456 672 0 0 0
trop 836 716 64 0 0
trop 916 724 116 0 0
trop 1004 716 68 0 0
dom 1344 704 7 0 0
dom 1504 704 61 0 0
tree 2200 728 33 0 0
tree 2200 712 50 0 0
zabor 2544 720 29 0 8
zabor 2640 720 31 0 8
zabor 2672 720 27 0 8
dom 2720 704 5 0 0
trop 2884 708 16 0 0
trop 2900 724 16 0 0
stand 3000 712 32 0 0
vor 3092 716 32 0 0
trop 3260 732 118 0 0
trop 3356 732 4 0 0
stand 3416 728 2 0 0
trop 3476 716 25 0 0
stand 3608 728 12 0 0
dom 3776 704 58 0 0
dom 3872 704 42 0 0
zabor 560 752 28 0 8
zabor 592 752 29 0 8
zabor 624 752 31 0 8
tree 696 760 56 0 0
tree 712 760 1 0 0
trop 988 748 117 0 0
dom 1056 736 3 0 0
vor 1892 756 8 0 0
dom 1984 736 9 0 0
dom 2080 736 8 0 0
trop 2372 740 16 0 0
trop 2404 740 17 0 0
trop 2500 748 17 0 0
zabor 2544 752 25 0 8
dom 2592 736 4 0 0
tree 2648 744 58 0 0
zabor 2672 752 25 0 8
trop 2836 764 20 0 0
trop 2852 764 57 0 0
trop 2948 756 113 0 0
vor 3068 756 1 0 0
trop 3044 756 114 0 0
vor 3116 764 9 0 0
trop 3140 756 115 0 0
trop 3228 756 116 0 0
trop 3212 740 69 0 0
trop 3316 756 113 0 0
stand 3336 744 12 0 0
trop 3404 756 114 0 0
trop 3500 756 115 0 0
trop 3548 740 69 0 0
trop 3588 756 116 0 0
trop 3676 756 115 0 0
trop 3764 756 114 0 0
trop 3852 756 113 0 0
trop 3940 756 114 0 0
zabor 464 784 28 0 8
zabor 496 784 29 0 8
zabor 528 784 30 0 8
zabor 560 784 30 0 8
zabor 624 784 27 0 8
zabor 656 784 24 0 8
tree 696 776 56 0 0
tree 728 792 1 0 0
tree 712 792 33 0 0
tree 792 792 41 0 0
tree 824 776 33 0 0
tree 824 792 33 0 0
tree 840 776 33 0 0
tree 856 792 56 0 0
trop 1028 788 118 0 0
trop 1148 772 127 0 0
trop 1180 788 127 0 0
trop 1228 788 127 0 0
trop 1276 780 127 0 0
trop 1316 796 126 0 0
trop 1348 780 127 0 0
trop 1412 772 69 0 0
trop 1436 772 126 0 0
trop 1468 780 118 0 0
trop 1836 796 127 0 0
trop 1892 796 125 0 0
trop 1988 796 124 0 0
trop 2036 796 125 0 0
trop 2124 796 124 0 0
trop 2164 796 127 0 0
trop 2212 796 119 0 0
trop 2220 796 127 0 0
trop 2244 772 35 0 0
trop 2300 796 127 0 0
trop 2332 772 25 0 0
trop 2348 788 5 0 0
trop 2380 772 25 0 0
trop 2420 788 35 0 0
trop 2436 780 5 0 0
zabor 2544 784 29 0 8
zabor 2608 784 34 0 9
zabor 2640 784 26 0 8
zabor 2672 784 30 0 8
trop 2844 780 20 0 0
vor 3084 796 1 0 0
vor 3116 796 9 0 0
trop 3572 780 117 0 0
trop 3764 780 117 0 0
stand 3816 792 20 0 0
tree 120 824 1 0 0
tree 376 808 48 0 0
zabor 464 816 26 0 8
tree 760 808 33 0 0
tree 744 808 48 0 0
tree 792 808 56 0 0
tree 776 808 41 0 0
trop 1084 804 116 0 0
trop 1156 804 116 0 0
trop 1244 804 115 0 0
trop 1276 828 70 0 0
trop 1332 804 114 0 0
trop 1420 804 113 0 0
trop 1508 820 117 0 0
trop 1516 804 113 0 0
trop 1604 804 115 0 0
trop 1692 804 116 0 0
trop 1788 804 124 0 0
trop 2268 804 127 0 0
trop 2364 804 127 0 0
trop 2428 804 127 0 0
trop 2436 804 127 0 0
trop 2508 804 28 0 0
trop 2500 820 28 0 0
trop 2524 804 127 0 0
trop 2580 812 125 0 0
trop 2564 828 117 0 0
trop 2612 828 70 0 0
trop 2668 812 116 0 0
trop 2756 804 63 0 0
trop 2796 828 21 0 0
trop 2788 812 21 0 0
vor 3036 812 33 0 0
vor 3020 804 1 0 0
vor 3052 812 8 0 0
vor 3084 828 1 0 0
dom 3232 800 44 0 0
trop 3324 828 27 0 0
tree 3896 808 35 0 0
tree 3944 808 21 0 0
tree 104 840 56 0 0
tree 392 856 48 0 0
zabor 464 848 26 0 8
stand 1064 856 32 0 0
trop 1300 852 69 0 0
vor 2164 852 1 0 0
vor 2156 844 1 0 0
vor 2196 836 8 0 0
vor 2244 844 9 0 0
stand 2264 840 32 0 0
stand 2472 840 72 0 0
trop 2500 852 22 0 0
tree 2680 856 27 0 0
tree 2664 856 44 0 0
trop 2836 844 35 0 0
trop 2884 844 35 0 0
trop 2948 844 35 0 0
trop 3044 844 35 0 0
trop 3132 844 25 0 0
trop 3180 844 25 0 0
trop 3252 852 20 0 0
trop 3236 844 25 0 0
dom 3520 832 57 0 0
tree 3640 856 4 0 0
dom 3712 832 57 0 0
trop 3788 860 67 0 0
tree 136 872 56 0 0
tree 200 888 48 0 0
tree 264 872 33 0 0
tree 280 888 1 0 0
tree 264 888 33 0 0
tree 376 888 41 0 0
tree 376 872 48 0 0
zabor 464 880 25 0 8
tree 952 888 41 0 0
tree 1000 888 56 0 0
tree 1160 888 41 0 0
dom 1184 864 4 0 0
tree 1368 888 1 0 0
tree 1400 872 59 0 0
tree 1944 888 44 0 0
tree 1960 888 2 0 0
tree 2008 888 21 0 0
tree 2104 888 2 0 0
trop 2492 868 22 0 0
trop 2532 892 36 0 0
trop 2588 884 121 0 0
trop 2652 892 15 0 0
tree 2664 872 19 0 0
trop 2700 892 29 0 0
trop 2740 884 20 0 0
trop 2732 868 21 0 0
tree 2840 872 13 0 0
tree 2888 872 21 0 0
tree 3032 872 58 0 0
tree 3048 888 51 0 0
tree 3080 872 59 0 0
dom 3168 864 66 0 0
tree 3192 872 35 0 0
tree 3224 872 43 0 0
trop 3380 876 31 0 0
trop 3420 884 33 0 0
trop 3484 868 27 0 0
trop 3596 868 68 0 0
tree 3640 872 19 0 0
tree 3656 888 44 0 0
tree 120 920 1 0 0
tree 136 904 1 0 0
tree 200 904 41 0 0
tree 296 904 56 0 0
tree 328 904 48 0 0
zabor 464 912 27 0 8
dom 736 896 5 0 0
trop 1252 908 68 0 0
tree 1352 904 57 0 0
trop 1532 908 68 0 0
tree 1736 904 13 0 0
tree 1752 920 19 0 0
tree 1768 904 58 0 0
tree 1912 920 51 0 0
tree 2056 904 58 0 0
tree 2072 904 27 0 0
tree 2120 904 50 0 0
tree 2136 904 1 0 0
tree 2152 920 19 0 0
dom 2432 896 3 1 0
trop 2668 908 15 0 0
trop 2708 908 29 0 0
dom 3200 896 66 0 0
tree 3384 904 19 0 0
trop 3468 900 35 0 0
trop 3508 900 25 0 0
trop 3524 924 21 0 0
tree 3656 920 43 0 0
dom 3872 896 60 0 0
tree 136 952 33 0 0
tree 136 936 41 0 0
tree 200 952 1 0 0
tree 376 936 48 0 0
zabor 464 944 31 0 8
tree 1352 936 48 0 0
tree 1448 936 35 0 0
tree 1464 952 2 0 0
fre 1520 944 19 0 0
tree 1640 952 56 0 0
tree 2104 936 43 0 0
tree 2136 952 59 0 0
tree 2232 936 58 0 0
tree 2424 952 50 0 0
trop 2580 948 67 0 0
trop 2676 948 16 0 0
trop 2668 932 16 0 0
dom 2784 928 9 0 0
trop 3596 948 67 0 0
tree 3656 936 13 0 0
tree 3656 952 27 0 0
tree 3752 936 21 0 0
trop 3812 932 118 0 0
trop 3884 948 116 0 0
trop 3972 948 116 0 0
tree 104 984 41 0 0
tree 120 984 33 0 0
tree 136 984 48 0 0
tree 216 984 41 0 0
tree 344 968 1 0 0
tree 344 984 33 0 0
zabor 464 976 27 0 8
tree 792 984 48 0 0
tree 776 984 56 0 0
tree 904 968 41 0 0
tree 904 984 56 0 0
tree 984 984 1 0 0
tree 984 968 1 0 0
trop 1228 980 69 0 0
tree 1640 968 1 0 0
fre 1784 960 11 0 0
tree 2152 968 51 0 0
trop 2524 980 17 0 0
trop 2508 988 17 0 0
fre 2524 988 34 0 0
trop 3476 972 21 0 0
tree 120 1000 41 0 0
tree 136 1016 48 0 0
tree 168 1016 1 0 0
tree 184 1000 48 0 0
stand 392 1016 0 0 0
zabor 464 1008 29 0 8
tree 600 1016 56 0 0
tree 888 1000 41 0 0
trop 1052 1004 57 0 0
trop 1148 996 114 0 0
trop 1532 996 122 0 0
tree 1640 1000 19 0 0
dom 2624 992 7 0 0
dom 3488 992 7 0 0
tree 3640 1000 27 0 0
tree 3640 1016 51 0 0
dom 3872 992 0 0 0
tree 136 1032 56 0 0
tree 184 1032 41 0 0
tree 216 1032 48 0 0
zabor 464 1040 30 0 8
zabor 496 1040 31 0 8
tree 632 1032 41 0 0
tree 648 1048 48 0 0
tree 696 1032 56 0 0
tree 712 1048 48 0 0
tree 744 1048 1 0 0
tree 760 1048 1 0 0
tree 824 1032 48 0 0
tree 856 1032 33 0 0
tree 840 1032 33 0 0
tree 872 1032 48 0 0
tree 888 1032 33 0 0
dom 2464 1024 10 0 0
trop 2580 1036 68 0 0
trop 3596 1036 66 0 0
trop 3588 1052 126 0 0
tree 3640 1032 50 0 0
tree 3816 1048 50 0 0
tree 152 1080 33 0 0
tree 216 1080 56 0 0
tree 248 1080 56 0 0
tree 360 1080 1 0 0
stand 440 1080 0 0 0
tree 616 1064 1 0 0
tree 616 1080 41 0 0
tree 728 1064 56 0 0
tree 744 1064 48 0 0
trop 964 1068 56 0 0
vor 1100 1068 1 0 0
lay 1400 1064 3 0 0
lay 1416 1064 1 0 0
tree 2840 1080 35 0 0
tree 2840 1064 58 0 0
tree 2824 1064 2 0 0
tree 3528 1080 13 0 0
stand 3624 1080 40 0 0
tree 3880 1064 43 0 0
tree 152 1096 33 0 0
tree 168 1112 33 0 0
tree 200 1112 33 0 0
tree 248 1096 33 0 0
tree 248 1112 33 0 0
tree 376 1112 1 0 0
tree 360 1112 33 0 0
tree 776 1096 48 0 0
zabor 1296 1104 104 2 8
zabor 1328 1104 104 2 8
zabor 1360 1104 104 2 8
zabor 1392 1104 104 2 8
cliff 1440 1088 18 179 179
tree 2056 1112 21 0 0
trop 2556 1116 69 0 0
tree 2808 1112 57 0 0
tree 2840 1112 2 0 0
tree 2840 1096 2 0 0
tree 2824 1112 2 0 0
trop 3580 1100 123 0 0
tree 168 1128 56 0 0
tree 184 1144 33 0 0
tree 200 1128 41 0 0
tree 216 1128 1 0 0
tree 264 1144 33 0 0
tree 344 1144 41 0 0
tree 376 1144 1 0 0
tree 728 1144 48 0 0
tree 744 1128 48 0 0
tree 792 1128 1 0 0
vor 996 1148 9 0 0
zabor 1296 1136 105 2 8
cliff 1312 1120 44 179 179
zabor 1392 1136 104 2 8
cliff 1376 1120 17 179 179
zabor 1424 1136 104 2 8
dom 1536 1120 32 0 0
tree 2072 1144 44 0 0
tree 2072 1128 21 0 0
tree 2056 1128 44 0 0
trop 2452 1140 16 0 0
stand 2600 1128 32 0 0
tree 2744 1144 11 0 0
tree 2808 1144 2 0 0
tree 2840 1128 59 0 0
tree 2840 1144 2 0 0
tree 2824 1128 2 0 0
tree 2856 1128 35 0 0
tree 2872 1128 4 0 0
tree 2856 1144 2 0 0
tree 3496 1128 27 0 0
tree 3496 1144 44 0 0
trop 3596 1124 122 0 0
tree 3944 1144 33 0 0
tree 3944 1128 1 0 0
tree 184 1160 33 0 0
tree 184 1176 56 0 0
tree 200 1160 56 0 0
tree 216 1160 56 0 0
tree 232 1160 41 0 0
tree 328 1176 41 0 0
tree 376 1160 56 0 0
tree 552 1176 35 0 0
tree 696 1176 1 0 0
tree 712 1160 1 0 0
tree 728 1176 48 0 0
tree 744 1176 1 0 0
tree 776 1160 33 0 0
trop 900 1156 62 0 0
zabor 1296 1168 104 2 8
dom 2240 1152 40 0 0
trop 2460 1156 16 0 0
trop 2484 1156 70 0 0
tree 2872 1160 11 0 0
tree 3224 1176 13 0 0
tree 3304 1176 19 0 0
tree 3336 1160 21 0 0
tree 3416 1160 13 0 0
tree 3448 1160 43 0 0
tree 3432 1160 19 0 0
tree 3464 1160 59 0 0
tree 184 1192 41 0 0
tree 200 1208 56 0 0
tree 392 1208 41 0 0
tree 456 1192 35 0 0
tree 472 1192 58 0 0
tree 488 1192 35 0 0
tree 520 1208 11 0 0
tree 520 1192 58 0 0
tree 648 1208 1 0 0
tree 664 1192 56 0 0
tree 680 1192 48 0 0
tree 728 1192 33 0 0
vor 964 1204 8 0 0
vor 1004 1188 16 0 0
zabor 1296 1200 104 2 8
cliff 1312 1184 39 179 179
dom 1376 1184 28 0 0
cliff 1728 1184 18 179 179
tree 2152 1192 35 0 0
trop 2408 1200 20 0 0
trop 2400 1184 20 0 0
lay 2648 1208 1 0 0
tree 3192 1208 43 0 0
tree 3208 1192 13 0 0
tree 3208 1208 51 0 0
trop 3412 1204 115 0 0
trop 3476 1204 71 0 0
trop 3508 1204 71 0 0
trop 3556 1188 69 0 0
trop 3580 1196 122 0 0
dom 3648 1184 0 0 0
tree 3880 1208 56 0 0
tree 3928 1208 41 0 0
tree 3960 1192 33 0 0
tree 3992 1192 41 0 0
tree 3992 1208 33 0 0
tree 4008 1208 1 0 0
tree 104 1224 1 0 0
tree 104 1240 1 0 0
tree 152 1240 48 0 0
tree 136 1224 1 0 0
tree 184 1240 56 0 0
tree 168 1240 1 0 0
tree 168 1224 56 0 0
tree 184 1224 48 0 0
tree 200 1240 4 0 0
tree 200 1224 41 0 0
tree 328 1240 56 0 0
tree 376 1240 35 0 0
tree 360 1224 33 0 0
tree 408 1240 48 0 0
tree 408 1224 33 0 0
tree 392 1240 56 0 0
tree 440 1224 11 0 0
tree 424 1240 33 0 0
tree 456 1240 56 0 0
tree 456 1224 56 0 0
tree 472 1240 13 0 0
trop 812 1228 56 0 0
stand 904 1224 32 0 0
zabor 1264 1232 104 2 8
zabor 1296 1232 104 2 8
cliff 1536 1216 17 179 179
cliff 1632 1216 17 179 179
tree 2168 1224 58 0 0
trop 2352 1232 21 0 0
trop 2460 1236 67 0 0
tree 2504 1224 21 0 0
tree 2552 1224 51 0 0
tree 3176 1224 43 0 0
tree 3192 1224 43 0 0
trop 3316 1220 57 0 0
trop 3580 1236 123 0 0
trop 3652 1228 5 0 0
tree 3880 1240 1 0 0
tree 3928 1240 48 0 0
tree 3960 1240 41 0 0
tree 120 1256 56 0 0
tree 152 1272 33 0 0
tree 152 1256 33 0 0
tree 136 1256 56 0 0
tree 168 1272 41 0 0
tree 200 1272 35 0 0
tree 248 1256 57 0 0
tree 232 1272 33 0 0
tree 248 1272 56 0 0
tree 264 1272 1 0 0
tree 376 1272 21 0 0
tree 360 1256 1 0 0
tree 408 1272 33 0 0
tree 408 1256 27 0 0
tree 424 1256 51 0 0
tree 440 1272 43 0 0
tree 472 1256 11 0 0
tree 456 1256 51 0 0
dom 576 1248 40 0 0
tree 680 1272 58 0 0
tree 680 1256 35 0 0
zabor 1232 1264 104 2 8
zabor 1264 1264 104 2 8
cliff 1280 1248 44 179 179
trop 2360 1248 21 0 0
tree 2424 1272 19 0 0
tree 2504 1256 2 0 0
tree 3160 1256 58 0 0
tree 3144 1256 43 0 0
tree 3144 1272 21 0 0
tree 3944 1272 41 0 0
tree 3960 1256 48 0 0
tree 3944 1256 48 0 0
tree 120 1304 33 0 0
tree 152 1304 48 0 0
tree 184 1304 33 0 0
tree 232 1288 48 0 0
tree 248 1304 33 0 0
tree 264 1304 1 0 0
tree 312 1288 48 0 0
tree 328 1288 1 0 0
tree 328 1304 48 0 0
tree 376 1288 48 0 0
tree 376 1304 56 0 0
tree 360 1288 48 0 0
tree 392 1288 4 0 0
tree 408 1304 57 0 0
tree 424 1288 1 0 0
tree 440 1288 27 0 0
tree 424 1304 51 0 0
tree 456 1288 59 0 0
tree 648 1304 11 0 0
tree 664 1304 21 0 0
zabor 1104 1296 104 2 8
zabor 1136 1296 104 2 8
zabor 1168 1296 104 2 8
zabor 1200 1296 105 2 8
zabor 1232 1296 105 2 8
cliff 1248 1280 45 179 179
dom 1696 1280 40 0 0
cliff 1920 1280 20 179 179
trop 2296 1288 21 0 0
trop 2304 1304 21 0 0
tree 3128 1288 44 0 0
trop 3228 1284 56 0 0
stand 3320 1288 32 0 0
tree 3480 1304 41 0 0
tree 3512 1304 56 0 0
stand 3624 1288 32 0 0
dom 3680 1280 40 0 0
tree 3896 1304 33 0 0
tree 3896 1288 56 0 0
tree 3912 1304 56 0 0
tree 3944 1288 56 0 0
tree 3944 1304 33 0 0
tree 152 1320 48 0 0
tree 152 1336 1 0 0
tree 168 1336 33 0 0
tree 184 1336 33 0 0
tree 216 1336 41 0 0
tree 200 1320 48 0 0
tree 200 1336 56 0 0
tree 216 1320 41 0 0
tree 248 1320 41 0 0
tree 264 1336 56 0 0
tree 344 1320 48 0 0
tree 344 1336 1 0 0
tree 328 1336 56 0 0
tree 328 1320 41 0 0
tree 392 1320 59 0 0
tree 392 1336 48 0 0
tree 408 1336 50 0 0
tree 408 1320 11 0 0
tree 424 1320 35 0 0
tree 664 1320 58 0 0
trop 764 1324 39 0 0
dom 1024 1312 40 0 0
cliff 1024 1312 41 179 179
cliff 1088 1312 17 179 179
cliff 1184 1312 16 179 179
dom 1824 1312 40 0 0
cliff 1824 1312 17 179 179
tree 2408 1336 48 0 0
tree 2408 1320 1 0 0
trop 2460 1332 67 0 0
tree 2520 1320 50 0 0
tree 2616 1336 41 0 0
tree 2632 1336 56 0 0
tree 2664 1336 48 0 0
tree 2968 1336 59 0 0
tree 2984 1336 27 0 0
tree 3000 1336 58 0 0
tree 3000 1320 59 0 0
tree 3016 1320 43 0 0
tree 3336 1336 41 0 0
tree 3544 1320 1 0 0
trop 3580 1332 68 0 0
tree 3880 1320 1 0 0
tree 3880 1336 41 0 0
tree 3912 1320 1 0 0
tree 168 1352 56 0 0
tree 216 1352 13 0 0
tree 200 1368 1 0 0
tree 264 1352 41 0 0
tree 280 1352 1 0 0
tree 344 1352 41 0 0
tree 360 1368 56 0 0
dom 512 1344 62 0 0
lay 888 1368 3 0 0
cliff 992 1344 41 179 179
dom 1472 1344 27 0 0
tree 2392 1352 1 0 0
tree 2376 1368 41 0 0
tree 2408 1368 48 0 0
tree 2584 1352 41 0 0
tree 2584 1368 1 0 0
tree 2568 1368 33 0 0
tree 2600 1352 41 0 0
tree 2728 1368 1 0 0
tree 2920 1368 58 0 0
tree 2936 1352 35 0 0
tree 2952 1352 58 0 0
tree 2968 1368 21 0 0
tree 3000 1368 35 0 0
tree 3016 1352 51 0 0
tree 3032 1352 43 0 0
trop 3164 1372 62 0 0
tree 3320 1352 48 0 0
tree 3336 1352 1 0 0
tree 3880 1352 56 0 0
tree 4008 1352 48 0 0
tree 4040 1368 41 0 0
tree 4040 1352 41 0 0
tree 152 1400 48 0 0
tree 184 1400 41 0 0
tree 168 1400 1 0 0
tree 200 1400 41 0 0
tree 248 1400 1 0 0
tree 232 1400 56 0 0
tree 264 1384 33 0 0
tree 296 1400 41 0 0
tree 632 1400 50 0 0
tree 648 1400 27 0 0
lay 856 1400 2 0 0
lay 888 1384 7 0 0
lay 872 1400 5 0 0
fre 928 1384 28 0 0
stand 984 1384 66 0 0
trop 1836 1388 125 0 0
trop 1916 1388 124 0 0
trop 2060 1396 125 0 0
trop 2148 1396 124 0 0
trop 2180 1396 124 0 0
trop 2220 1396 127 0 0
trop 2268 1404 127 0 0
trop 2276 1380 127 0 0
trop 2316 1388 127 0 0
tree 2360 1384 44 0 0
tree 2376 1384 56 0 0
trop 2380 1404 127 0 0
trop 2484 1404 118 0 0
tree 2584 1384 48 0 0
tree 2568 1384 48 0 0
tree 2664 1384 56 0 0
tree 2680 1384 1 0 0
tree 2712 1384 41 0 0
tree 2728 1384 41 0 0
stand 2872 1384 32 0 0
tree 3288 1384 48 0 0
tree 3288 1400 48 0 0
tree 3304 1384 48 0 0
tree 3672 1400 1 0 0
tree 3688 1400 48 0 0
tree 152 1432 41 0 0
tree 136 1416 48 0 0
tree 200 1416 56 0 0
tree 200 1432 1 0 0
tree 232 1432 13 0 0
tree 232 1416 48 0 0
tree 296 1416 48 0 0
tree 632 1416 33 0 0
tree 680 1416 43 0 0
tree 712 1416 27 0 0
trop 756 1412 66 0 0
lay 840 1432 7 0 0
stand 984 1416 66 0 0
cliff 992 1408 39 179 179
dom 1120 1408 26 0 0
zabor 1168 1424 104 2 8
zabor 1200 1424 105 2 8
zabor 1232 1424 105 2 8
zabor 1264 1424 104 2 8
zabor 1296 1424 105 2 8
zabor 1328 1424 105 2 8
cliff 1984 1408 48 179 179
trop 2156 1436 57 0 0
trop 2252 1428 113 0 0
trop 2340 1428 124 0 0
trop 2372 1420 127 0 0
trop 2436 1428 115 0 0
trop 2532 1428 116 0 0
trop 2620 1428 115 0 0
trop 2708 1428 116 0 0
trop 2796 1428 116 0 0
trop 2884 1428 115 0 0
trop 2972 1428 113 0 0
trop 3060 1420 63 0 0
tree 3240 1432 33 0 0
tree 3272 1432 48 0 0
dom 3520 1408 10 0 0
trop 3580 1412 68 0 0
tree 3656 1416 33 0 0
tree 3832 1432 1 0 0
tree 3848 1416 41 0 0
tree 152 1448 33 0 0
tree 136 1448 1 0 0
tree 168 1464 1 0 0
tree 168 1448 33 0 0
tree 184 1464 41 0 0
tree 216 1448 33 0 0
tree 200 1464 1 0 0
tree 248 1464 51 0 0
tree 232 1448 4 0 0
tree 296 1464 13 0 0
tree 312 1448 1 0 0
cliff 960 1440 41 179 179
zabor 1008 1456 105 2 8
zabor 1040 1456 104 2 8
zabor 1072 1456 104 2 8
zabor 1104 1456 105 2 8
zabor 1136 1456 104 2 8
zabor 1168 1456 105 2 8
cliff 1920 1440 50 179 179
trop 2420 1444 117 0 0
trop 2468 1452 70 0 0
tree 3144 1464 33 0 0
tree 3656 1448 56 0 0
tree 3832 1448 41 0 0
tree 3816 1448 41 0 0
tree 120 1496 33 0 0
tree 136 1480 33 0 0
tree 136 1496 48 0 0
tree 168 1496 41 0 0
tree 184 1480 33 0 0
tree 280 1480 56 0 0
tree 264 1480 33 0 0
trop 756 1500 66 0 0
zabor 880 1488 105 2 8
dom 928 1472 40 0 0
cliff 928 1472 41 179 179
stand 1160 1496 66 0 0
dom 1600 1472 62 0 0
dom 1760 1472 31 0 0
cliff 1888 1472 24 179 179
trop 2068 1500 56 0 0
trop 2444 1484 68 0 0
tree 2536 1496 33 0 0
tree 2664 1496 48 0 0
tree 3176 1496 41 0 0
trop 3580 1500 68 0 0
tree 3656 1480 48 0 0
tree 3832 1496 41 0 0
tree 3864 1480 33 0 0
tree 3864 1496 56 0 0
tree 120 1512 48 0 0
tree 248 1528 1 0 0
tree 264 1512 1 0 0
stand 712 1528 32 0 0
zabor 880 1520 105 2 8
fre 880 1512 19 0 0
cliff 896 1504 41 179 179
stand 1080 1512 65 0 0
zabor 1232 1520 104 2 8
zabor 1264 1520 105 2 8
zabor 1296 1520 105 2 8
zabor 1328 1520 104 2 8
zabor 1360 1520 105 2 8
trop 1644 1532 123 0 0
tree 2136 1528 33 0 0
tree 2152 1512 1 0 0
tree 2184 1512 33 0 0
tree 2232 1512 48 0 0
tree 2264 1512 48 0 0
tree 2296 1512 48 0 0
tree 2328 1512 41 0 0
tree 2328 1528 41 0 0
tree 2536 1512 48 0 0
tree 2648 1512 1 0 0
tree 2632 1528 48 0 0
tree 2664 1528 1 0 0
tree 2888 1528 33 0 0
tree 2904 1528 41 0 0
tree 2952 1528 1 0 0
tree 3192 1512 1 0 0
tree 3208 1528 48 0 0
tree 3832 1528 1 0 0
tree 152 1544 1 0 0
tree 136 1560 56 0 0
tree 168 1560 1 0 0
tree 168 1544 56 0 0
tree 664 1560 58 0 0
zabor 880 1552 105 2 8
zabor 912 1552 105 2 8
cliff 896 1536 40 179 179
zabor 944 1552 105 2 8
zabor 976 1552 105 2 8
zabor 1008 1552 105 2 8
zabor 1040 1552 104 2 8
zabor 1072 1552 105 2 8
zabor 1104 1552 104 2 8
zabor 1136 1552 104 2 8
zabor 1168 1552 104 2 8
zabor 1200 1552 104 2 8
zabor 1232 1552 105 2 8
tree 2264 1560 33 0 0
tree 2536 1544 33 0 0
tree 2584 1560 1 0 0
tree 2616 1544 33 0 0
tree 2600 1560 1 0 0
tree 2664 1560 1 0 0
tree 2664 1544 48 0 0
tree 2968 1544 48 0 0
tree 2984 1560 56 0 0
tree 3000 1560 1 0 0
tree 3000 1544 48 0 0
tree 3112 1560 56 0 0
tree 3128 1560 56 0 0
tree 3144 1544 41 0 0
tree 3224 1560 33 0 0
tree 3256 1560 48 0 0
tree 3288 1544 33 0 0
tree 3304 1544 1 0 0
tree 3432 1560 1 0 0
tree 3448 1560 41 0 0
tree 3448 1544 33 0 0
tree 3480 1560 48 0 0
tree 120 1592 48 0 0
tree 168 1576 33 0 0
dom 544 1568 31 0 0
tree 680 1576 51 0 0
trop 756 1596 66 0 0
stand 824 1592 65 0 0
dom 1472 1568 62 0 0
dom 1568 1568 34 0 0
cliff 1888 1568 11 179 179
trop 2012 1580 62 0 0
tree 2136 1592 33 0 0
tree 2184 1592 56 0 0
tree 2216 1576 33 0 0
tree 2248 1576 41 0 0
trop 2444 1572 68 0 0
stand 2488 1576 18 0 0
tree 2536 1576 56 0 0
tree 2648 1576 41 0 0
tree 3432 1576 56 0 0
trop 3580 1588 67 0 0
tree 120 1624 56 0 0
tree 152 1624 33 0 0
tree 136 1608 33 0 0
tree 168 1608 41 0 0
trop 780 1612 118 0 0
stand 968 1624 66 0 0
zabor 1040 1616 104 2 8
stand 1064 1608 66 0 0
stand 1128 1608 65 0 0
trop 1500 1628 125 0 0
trop 1580 1628 124 0 0
trop 1628 1628 125 0 0
trop 1636 1628 125 0 0
trop 1644 1620 127 0 0
trop 1668 1612 118 0 0
tree 2152 1624 41 0 0
tree 2392 1624 1 0 0
tree 2552 1624 33 0 0
tree 2552 1608 41 0 0
tree 2632 1608 41 0 0
tree 3656 1624 41 0 0
tree 120 1656 1 0 0
tree 152 1656 1 0 0
tree 184 1640 56 0 0
tree 168 1656 1 0 0
dom 672 1632 40 0 0
trop 772 1660 70 0 0
trop 852 1636 116 0 0
trop 932 1660 117 0 0
zabor 1040 1648 104 2 8
trop 1644 1636 116 0 0
trop 1732 1636 116 0 0
trop 1748 1636 116 0 0
trop 1828 1660 117 0 0
trop 1932 1644 62 0 0
tree 2152 1656 56 0 0
tree 2152 1640 48 0 0
dom 2208 1632 40 0 0
tree 2392 1640 33 0 0
tree 2408 1656 41 0 0
trop 2444 1660 68 0 0
tree 2616 1640 33 0 0
dom 3392 1632 9 0 0
tree 3656 1640 48 0 0
tree 88 1672 56 0 0
tree 152 1688 56 0 0
tree 168 1688 48 0 0
tree 184 1672 33 0 0
tree 200 1672 56 0 0
trop 756 1684 67 0 0
stand 872 1672 65 0 0
tree 936 1672 27 0 0
stand 984 1688 66 0 0
zabor 1040 1680 104 2 8
dom 1152 1664 29 0 0
dom 1312 1664 27 0 0
dom 2016 1664 40 0 0
tree 2360 1672 56 0 0
tree 2392 1672 41 0 0
tree 2376 1688 41 0 0
tree 2376 1672 33 0 0
tree 2536 1688 33 0 0
tree 2552 1688 48 0 0
tree 2552 1672 48 0 0
tree 2568 1672 33 0 0
tree 2616 1672 1 0 0
zabor 2864 1680 104 2 8
zabor 2896 1680 105 2 8
zabor 2928 1680 105 2 8
zabor 2960 1680 105 2 8
zabor 2992 1680 104 2 8
zabor 3024 1680 105 2 8
zabor 3056 1680 104 2 8
zabor 3088 1680 105 2 8
zabor 3120 1680 104 2 8
zabor 3152 1680 105 2 8
tree 3224 1688 33 0 0
tree 3208 1688 1 0 0
tree 3320 1672 1 0 0
zabor 3440 1680 112 2 9
zabor 3472 1680 113 2 9
trop 3500 1692 71 0 0
zabor 3504 1680 112 2 9
trop 3556 1668 69 0 0
tree 3640 1672 1 0 0
tree 3672 1672 56 0 0
tree 88 1704 1 0 0
tree 152 1720 33 0 0
tree 152 1704 56 0 0
tree 168 1704 48 0 0
tree 168 1720 56 0 0
zabor 688 1712 105 2 8
lay 840 1720 4 0 0
cliff 896 1696 36 179 179
zabor 1040 1712 104 2 8
trop 1844 1716 56 0 0
zabor 1936 1712 104 2 8
zabor 1968 1712 104 2 8
zabor 2032 1712 104 2 8
zabor 2064 1712 105 2 8
zabor 2096 1712 105 2 8
tree 2392 1704 48 0 0
tree 2408 1704 48 0 0
tree 2520 1704 56 0 0
tree 2536 1704 48 0 0
tree 2616 1704 48 0 0
tree 3208 1704 33 0 0
zabor 3376 1712 105 2 8
zabor 3408 1712 105 2 8
trop 3444 1708 70 0 0
zabor 3440 1712 104 2 8
zabor 3472 1712 105 2 8
zabor 3504 1712 105 2 8
zabor 3536 1712 105 2 8
zabor 3568 1712 105 2 8
zabor 3600 1712 105 2 8
zabor 3632 1712 105 2 8
zabor 3664 1712 104 2 8
zabor 3696 1712 104 2 8
zabor 3728 1712 104 2 8
zabor 3760 1712 112 2 9
zabor 3792 1712 112 2 9
tree 120 1752 1 0 0
tree 104 1752 56 0 0
tree 104 1736 48 0 0
tree 136 1752 41 0 0
tree 184 1752 41 0 0
tree 168 1752 33 0 0
lay 840 1736 5 0 0
stand 952 1736 65 0 0
trop 956 1740 68 0 0
zabor 1040 1744 105 2 8
zabor 1296 1744 105 2 8
trop 1348 1756 123 0 0
dom 1408 1728 40 0 0
dom 1472 1728 40 0 0
zabor 1904 1744 105 2 8
zabor 1936 1744 105 2 8
zabor 2000 1744 104 2 8
zabor 2032 1744 104 2 8
zabor 2064 1744 104 2 8
zabor 2256 1744 105 2 8
zabor 2288 1744 105 2 8
zabor 2320 1744 105 2 8
zabor 2352 1744 105 2 8
zabor 2384 1744 104 2 8
trop 2420 1740 69 0 0
zabor 2416 1744 104 2 8
zabor 2448 1744 105 2 8
zabor 2480 1744 104 2 8
tree 2616 1752 1 0 0
tree 2600 1736 48 0 0
zabor 3152 1744 113 2 9
dom 3328 1728 6 0 0
tree 152 1784 1 0 0
tree 168 1768 33 0 0
tree 424 1784 50 0 0
tree 440 1784 13 0 0
tree 488 1784 35 0 0
tree 600 1768 27 0 0
trop 764 1772 68 0 0
zabor 1040 1776 105 2 8
zabor 1296 1776 104 2 8
dom 1600 1760 105 0 0
dom 1728 1760 105 0 0
zabor 1968 1776 104 2 8
zabor 2032 1776 104 2 8
zabor 2064 1776 104 2 8
zabor 2096 1776 105 2 8
zabor 2128 1776 105 2 8
dom 2176 1760 27 0 0
trop 2348 1780 70 0 0
zabor 2960 1776 105 2 8
zabor 2992 1776 105 2 8
zabor 3024 1776 104 2 8
zabor 3056 1776 105 2 8
zabor 3088 1776 104 2 8
zabor 3120 1776 105 2 8
zabor 3152 1776 104 2 8
zabor 3184 1776 113 2 9
zabor 3216 1776 105 2 8
zabor 3280 1776 112 2 9
stand 3480 1784 32 0 0
tree 3528 1784 41 0 0
tree 3544 1768 56 0 0
tree 3560 1784 41 0 0
tree 152 1816 21 0 0
tree 152 1800 41 0 0
tree 168 1800 48 0 0
lay 264 1816 21 0 0
lay 312 1816 21 0 0
tree 536 1800 59 0 0
tree 584 1800 57 0 0
tree 584 1816 51 0 0
tree 600 1816 43 0 0
stand 712 1800 32 0 0
cliff 928 1792 39 179 179
zabor 1040 1808 105 2 8
zabor 1072 1808 104 2 8
zabor 1104 1808 104 2 8
zabor 1136 1808 104 2 8
zabor 1168 1808 104 2 8
zabor 1296 1808 104 2 8
zabor 1328 1808 105 2 8
zabor 1392 1808 105 2 8
stand 1400 1800 77 0 0
stand 1400 1816 83 0 0
stand 1432 1816 67 0 0
stand 1416 1816 67 0 0
stand 1464 1816 67 0 0
stand 1448 1816 67 0 0
stand 1496 1800 68 0 0
stand 1496 1816 84 0 0
stand 1480 1816 67 0 0
zabor 1520 1808 105 2 8
trop 1796 1812 39 0 0
cliff 2944 1792 19 179 179
zabor 3280 1808 113 2 9
trop 3420 1796 68 0 0
tree 184 1832 11 0 0
tree 200 1848 11 0 0
lay 280 1848 22 0 0
lay 296 1832 21 0 0
lay 328 1848 17 0 0
tree 600 1832 43 0 0
tree 616 1848 11 0 0
trop 748 1852 69 0 0
tree 904 1848 41 0 0
trop 956 1828 67 0 0
tree 1160 1848 11 0 0
tree 1208 1848 33 0 0
zabor 1328 1840 104 2 8
trop 1372 1836 118 0 0
zabor 1392 1840 104 2 8
zabor 1424 1840 104 2 8
zabor 1456 1840 104 2 8
zabor 1488 1840 105 2 8
zabor 1520 1840 105 2 8
trop 1540 1852 116 0 0
trop 1628 1852 116 0 0
tree 2392 1832 1 0 0
cliff 2592 1824 44 179 179
cliff 2656 1824 17 179 179
cliff 2752 1824 17 179 179
cliff 2848 1824 17 179 179
tree 3624 1832 1 0 0
tree 3784 1848 33 0 0
tree 3880 1848 48 0 0
tree 184 1880 41 0 0
lay 440 1864 21 0 0
cliff 928 1856 39 179 179
tree 1064 1880 2 0 0
tree 1096 1864 11 0 0
tree 1128 1864 51 0 0
zabor 1328 1872 104 2 8
trop 1452 1860 116 0 0
trop 1708 1868 117 0 0
dom 2208 1856 28 0 0
trop 2324 1868 122 0 0
cliff 2560 1856 44 179 179
dom 2624 1856 28 0 0
tree 3288 1864 41 0 0
tree 3288 1880 56 0 0
trop 3420 1876 68 0 0
tree 3768 1864 41 0 0
tree 3784 1864 33 0 0
tree 3800 1880 1 0 0
tree 3816 1880 33 0 0
tree 3864 1864 1 0 0
tree 3960 1880 41 0 0
tree 3976 1880 56 0 0
tree 184 1896 48 0 0
tree 168 1912 48 0 0
lay 248 1896 21 0 0
lay 232 1912 21 0 0
lay 392 1896 21 0 0
lay 424 1912 21 0 0
trop 676 1900 70 0 0
lay 776 1896 10 0 0
lay 776 1912 8 0 0
zabor 816 1904 104 2 8
zabor 848 1904 104 2 8
zabor 880 1904 104 2 8
zabor 912 1904 104 2 8
cliff 896 1888 46 179 179
tree 1272 1912 51 0 0
zabor 1328 1904 105 2 8
zabor 1360 1904 104 2 8
zabor 1392 1904 104 2 8
zabor 1456 1904 104 2 8
zabor 1616 1904 104 2 8
zabor 1648 1904 105 2 8
zabor 1680 1904 105 2 8
trop 1780 1900 61 0 0
zabor 2480 1904 104 2 8
cliff 2528 1888 46 179 179
dom 2816 1888 27 0 0
zabor 3408 1904 104 2 8
tree 3768 1896 33 0 0
tree 3784 1912 41 0 0
tree 3864 1896 33 0 0
tree 3896 1912 33 0 0
tree 3912 1896 48 0 0
tree 3944 1896 56 0 0
tree 3944 1912 41 0 0
tree 3992 1912 48 0 0
tree 152 1944 41 0 0
lay 248 1928 16 0 0
lay 264 1928 21 0 0
cliff 864 1920 44 179 179
trop 956 1924 122 0 0
tree 1288 1928 59 0 0
tree 1304 1944 43 0 0
zabor 1392 1936 104 2 8
zabor 1424 1936 105 2 8
zabor 1456 1936 105 2 8
zabor 1680 1936 105 2 8
trop 1740 1948 60 0 0
zabor 1872 1936 105 2 8
zabor 1904 1936 105 2 8
zabor 1936 1936 105 2 8
zabor 1968 1936 104 2 8
trop 2324 1940 123 0 0
stand 2360 1944 65 0 0
tree 2424 1928 51 0 0
tree 2424 1944 1 0 0
zabor 2480 1936 104 2 8
cliff 2976 1920 13 179 179
cliff 3264 1920 19 179 179
zabor 3312 1936 104 2 8
zabor 3344 1936 112 2 9
zabor 3376 1936 113 2 9
zabor 3408 1936 104 2 8
cliff 3552 1920 17 179 179
cliff 3680 1920 19 179 179
tree 3832 1944 56 0 0
tree 3864 1944 41 0 0
tree 3928 1928 33 0 0
tree 3944 1944 41 0 0
tree 3944 1928 33 0 0
tree 3976 1928 33 0 0
tree 3976 1944 33 0 0
tree 3992 1928 48 0 0
tree 168 1976 56 0 0
lay 408 1960 21 0 0
lay 440 1960 21 0 0
dom 544 1952 43 0 0
cliff 864 1952 39 179 179
dom 1184 1952 26 0 0
zabor 1680 1968 104 2 8
zabor 1808 1968 104 2 8
zabor 1840 1968 105 2 8
zabor 1872 1968 104 2 8
tree 2424 1976 56 0 0
tree 2424 1960 57 0 0
tree 2440 1976 48 0 0
zabor 2480 1968 105 2 8
tree 3080 1976 4 0 0
cliff 3200 1952 14 179 179
cliff 3232 1952 14 179 179
trop 3420 1956 66 0 0
dom 3488 1952 5 0 0
tree 3816 1960 56 0 0
tree 3880 1976 1 0 0
tree 3896 1976 33 0 0
tree 3928 1960 1 0 0
tree 3944 1976 33 0 0
tree 3960 1976 33 0 0
tree 168 2008 33 0 0
tree 264 2008 41 0 0
tree 360 2008 56 0 0
tree 376 2008 48 0 0
tree 392 1992 41 0 0
trop 652 1988 68 0 0
zabor 1680 2000 105 2 8
trop 1748 2004 39 0 0
stand 1768 2008 65 0 0
dom 1920 1984 27 0 0
zabor 2192 2000 104 2 8
lay 2200 1992 5 0 0
lay 2200 2008 8 0 0
zabor 3024 2000 104 2 8
tree 3080 1992 1 0 0
tree 3080 2008 4 0 0
dom 3168 1984 28 0 0
trop 3524 2012 124 0 0
cliff 3744 1984 18 179 179
tree 3896 1992 56 0 0
tree 3928 1992 56 0 0
tree 152 2040 33 0 0
tree 136 2040 48 0 0
tree 200 2040 56 0 0
tree 216 2024 1 0 0
tree 216 2040 33 0 0
tree 232 2024 1 0 0
tree 328 2040 1 0 0
tree 344 2024 1 0 0
cliff 832 2016 41 179 179
tree 968 2040 2 0 0
tree 984 2040 56 0 0
tree 1000 2040 43 0 0
tree 1096 2024 57 0 0
tree 1144 2040 33 0 0
dom 1600 2016 31 0 0
lay 2136 2024 4 0 0
zabor 2160 2032 104 2 8
zabor 2192 2032 105 2 8
stand 2280 2024 65 0 0
trop 2300 2028 69 0 0
tree 2488 2040 33 0 0
tree 2552 2024 48 0 0
tree 2584 2024 19 0 0
tree 2616 2024 21 0 0
tree 2664 2040 35 0 0
tree 2712 2040 27 0 0
tree 2728 2024 13 0 0
zabor 2832 2032 105 2 8
zabor 2864 2032 104 2 8
zabor 2896 2032 105 2 8
zabor 2928 2032 104 2 8
zabor 2960 2032 105 2 8
zabor 2992 2032 104 2 8
zabor 3024 2032 105 2 8
trop 3420 2044 65 0 0
trop 3444 2036 70 0 0
zabor 3440 2032 104 2 8
zabor 3472 2032 105 2 8
zabor 3504 2032 105 2 8
dom 3616 2016 28 0 0
tree 3992 2040 48 0 0
tree 3992 2024 41 0 0
tree 136 2056 33 0 0
tree 216 2072 56 0 0
lay 264 2056 1 0 0
tree 312 2056 33 0 0
tree 360 2072 11 0 0
tree 376 2072 41 0 0
trop 652 2076 67 0 0
cliff 800 2048 41 179 179
dom 864 2048 31 0 0
cliff 1312 2048 29 179 179
cliff 1376 2048 25 179 179
cliff 1472 2048 32 179 179
stand 1688 2056 65 0 0
stand 1752 2056 61 0 0
zabor 1808 2064 104 2 8
zabor 1840 2064 105 2 8
zabor 1872 2064 104 2 8
zabor 1904 2064 104 2 8
trop 1908 2052 26 0 0
zabor 1936 2064 105 2 8
dom 2080 2048 31 0 0
lay 2152 2072 10 0 0
stand 2184 2056 65 0 0
trop 2228 2068 70 0 0
zabor 2384 2064 104 2 8
tree 2456 2072 41 0 0
tree 2696 2056 41 0 0
dom 3072 2048 27 0 0
cliff 3296 2048 13 179 179
zabor 3376 2064 105 2 8
zabor 3408 2064 104 2 8
zabor 3440 2064 105 2 8
tree 136 2104 33 0 0
tree 184 2104 48 0 0
tree 200 2088 56 0 0
tree 568 2104 33 0 0
tree 584 2088 48 0 0
cliff 800 2080 39 179 179
cliff 1216 2080 50 179 179
cliff 1280 2080 24 179 179
lay 1528 2104 2 0 0
trop 1732 2092 122 0 0
fre 1888 2080 12 0 0
zabor 1936 2096 105 2 8
fre 1960 2096 13 0 0
fre 1976 2088 11 0 0
dom 2272 2080 40 0 0
zabor 2384 2096 105 2 8
stand 2568 2104 66 0 0
zabor 2800 2096 104 2 8
tree 2840 2088 21 0 0
tree 3064 2104 1 0 0
tree 3416 2088 13 0 0
tree 3448 2104 58 0 0
tree 184 2120 56 0 0
tree 568 2136 1 0 0
cliff 832 2112 35 179 179
cliff 1184 2112 0 179 179
lay 1560 2136 5 0 0
cliff 1600 2112 35 179 179
cliff 1792 2112 50 179 179
cliff 1856 2112 32 179 179
zabor 1936 2128 105 2 8
zabor 2128 2128 105 2 8
zabor 2160 2128 104 2 8
zabor 2384 2128 105 2 8
zabor 2512 2128 104 2 8
stand 2536 2120 65 0 0
dom 2720 2112 26 0 0
zabor 2800 2128 105 2 8
tree 2872 2120 56 0 0
tree 2936 2120 51 0 0
tree 2952 2120 13 0 0
tree 3048 2120 59 0 0
trop 3420 2140 66 0 0
tree 3480 2120 4 0 0
tree 3512 2120 41 0 0
tree 3736 2136 59 0 0
tree 3768 2136 11 0 0
tree 3800 2136 58 0 0
cliff 3840 2112 17 179 179
tree 3880 2136 11 0 0
cliff 3936 2112 17 179 179
tree 584 2168 56 0 0
trop 652 2164 66 0 0
cliff 1152 2144 2 179 179
lay 1592 2168 7 0 0
lay 1576 2152 3 0 0
cliff 1632 2144 50 179 179
zabor 1968 2160 105 2 8
zabor 2000 2160 104 2 8
zabor 2032 2160 104 2 8
zabor 2064 2160 104 2 8
zabor 2096 2160 105 2 8
zabor 2128 2160 105 2 8
trop 2204 2156 122 0 0
zabor 2256 2160 104 2 8
lay 2248 2168 5 0 0
zabor 2288 2160 105 2 8
zabor 2320 2160 104 2 8
zabor 2352 2160 105 2 8
zabor 2384 2160 105 2 8
zabor 2512 2160 104 2 8
zabor 2800 2160 104 2 8
zabor 2928 2160 104 2 8
zabor 2960 2160 105 2 8
tree 3288 2168 33 0 0
tree 3336 2168 33 0 0
tree 3352 2152 2 0 0
tree 3880 2152 51 0 0
tree 3912 2168 2 0 0
tree 136 2200 1 0 0
tree 152 2200 56 0 0
tree 168 2184 48 0 0
fre 748 2180 10 0 0
tree 744 2200 58 0 0
tree 760 2200 13 0 0
cliff 896 2176 25 179 179
cliff 1120 2176 4 179 179
cliff 1728 2176 49 179 179
cliff 1984 2176 35 179 179
zabor 2512 2192 105 2 8
dom 2656 2176 27 0 0
zabor 2704 2192 105 2 8
zabor 2736 2192 104 2 8
zabor 2768 2192 105 2 8
zabor 2800 2192 105 2 8
tree 2904 2200 44 0 0
tree 2920 2200 1 0 0
tree 2920 2184 50 0 0
zabor 2960 2192 104 2 8
zabor 2992 2192 105 2 8
zabor 3024 2192 105 2 8
zabor 3056 2192 104 2 8
zabor 3088 2192 104 2 8
zabor 3376 2192 104 2 8
zabor 3408 2192 104 2 8
zabor 3440 2192 105 2 8
zabor 3472 2192 104 2 8
zabor 3504 2192 104 2 8
dom 3584 2176 31 0 0
dom 3808 2176 27 0 0
tree 120 2216 1 0 0
tree 120 2232 1 0 0
tree 136 2216 41 0 0
tree 168 2216 1 0 0
tree 184 2232 33 0 0
tree 200 2216 41 0 0
tree 248 2232 48 0 0
tree 280 2216 1 0 0
stand 696 2216 32 0 0
tree 744 2216 11 0 0
lay 776 2232 8 0 0
tree 776 2216 51 0 0
lay 840 2216 10 0 0
lay 888 2232 12 0 0
cliff 992 2208 27 179 179
cliff 1056 2208 27 179 179
cliff 1120 2208 8 179 179
cliff 2048 2208 27 179 179
lay 2104 2216 7 0 0
cliff 2112 2208 50 179 179
zabor 2512 2224 105 2 8
stand 2776 2216 65 0 0
zabor 3312 2224 104 2 8
zabor 3344 2224 104 2 8
zabor 3376 2224 104 2 8
trop 3420 2228 67 0 0
tree 88 2264 56 0 0
tree 120 2248 33 0 0
tree 104 2248 1 0 0
tree 136 2264 56 0 0
tree 216 2264 48 0 0
tree 344 2264 56 0 0
tree 568 2248 1 0 0
trop 676 2244 118 0 0
lay 792 2248 7 0 0
lay 856 2248 16 0 0
lay 888 2264 10 0 0
lay 888 2248 8 0 0
lay 968 2248 14 0 0
trop 1732 2268 123 0 0
zabor 2512 2256 104 2 8
zabor 2544 2256 104 2 8
zabor 2576 2256 104 2 8
dom 2624 2240 26 0 0
tree 3096 2248 59 0 0
tree 3080 2248 19 0 0
dom 3200 2240 31 0 0
tree 3736 2248 19 0 0
tree 168 2280 56 0 0
dom 448 2272 28 0 0
trop 740 2284 117 0 0
lay 840 2280 7 0 0
lay 984 2296 17 0 0
zabor 2576 2288 105 2 8
zabor 2608 2288 104 2 8
zabor 2640 2288 105 2 8
zabor 2672 2288 104 2 8
zabor 2704 2288 104 2 8
zabor 2736 2288 104 2 8
zabor 2768 2288 105 2 8
tree 3896 2280 4 0 0
tree 3912 2280 2 0 0
tree 184 2312 19 0 0
tree 200 2312 50 0 0
tree 232 2312 13 0 0
tree 232 2328 44 0 0
tree 264 2328 1 0 0
tree 312 2328 44 0 0
tree 840 2328 43 0 0
trop 2212 2332 126 0 0
zabor 3120 2320 104 2 8
trop 3420 2316 122 0 0
cliff 3488 2304 50 179 179
cliff 3552 2304 31 179 179
cliff 3616 2304 26 179 179
cliff 3712 2304 25 179 179
tree 264 2344 48 0 0
tree 616 2344 1 0 0
tree 824 2344 57 0 0
tree 1656 2344 50 0 0
trop 1732 2356 122 0 0
tree 2136 2344 19 0 0
tree 2136 2360 33 0 0
tree 2296 2360 1 0 0
tree 2296 2344 21 0 0
cliff 2656 2336 33 179 179
dom 2880 2336 31 0 0
zabor 2960 2352 104 2 8
zabor 2992 2352 104 2 8
zabor 3120 2352 105 2 8
cliff 3200 2336 30 179 179
cliff 3264 2336 32 179 179
cliff 3328 2336 50 179 179
cliff 3808 2336 32 179 179
cliff 3872 2336 29 179 179
cliff 3936 2336 27 179 179
tree 248 2392 33 0 0
tree 264 2392 1 0 0
tree 264 2376 1 0 0
tree 632 2392 41 0 0
trop 764 2372 65 0 0
tree 824 2376 33 0 0
vor 1244 2396 0 0 0
tree 1656 2376 50 0 0
tree 1640 2392 43 0 0
tree 1832 2392 41 0 0
tree 2136 2392 51 0 0
trop 2212 2388 126 0 0
cliff 2656 2368 29 179 179
cliff 2720 2368 31 179 179
zabor 2992 2384 105 2 8
zabor 3024 2384 105 2 8
zabor 3056 2384 105 2 8
zabor 3088 2384 104 2 8
zabor 3120 2384 104 2 8
cliff 3168 2368 2 179 179
zabor 3312 2384 104 2 8
zabor 3344 2384 104 2 8
cliff 3424 2368 49 179 179
tree 184 2424 48 0 0
tree 200 2408 41 0 0
tree 312 2408 33 0 0
tree 376 2408 56 0 0
tree 568 2408 41 0 0
tree 568 2424 1 0 0
cliff 672 2400 4 179 179
tree 840 2424 4 0 0
tree 1832 2408 57 0 0
tree 2152 2408 35 0 0
tree 2312 2408 59 0 0
cliff 2816 2400 33 179 179
cliff 3136 2400 7 179 179
zabor 3312 2416 105 2 8
trop 3420 2428 123 0 0
zabor 3728 2416 104 2 8
tree 168 2440 56 0 0
tree 344 2440 33 0 0
tree 344 2456 19 0 0
tree 376 2456 41 0 0
tree 392 2440 41 0 0
tree 552 2440 43 0 0
cliff 640 2432 2 179 179
lay 664 2440 4 0 0
lay 680 2456 2 0 0
tree 840 2456 1 0 0
tree 856 2440 33 0 0
tree 1688 2440 13 0 0
trop 1732 2444 123 0 0
tree 1832 2456 1 0 0
tree 2296 2456 13 0 0
tree 2312 2456 41 0 0
tree 2328 2440 48 0 0
cliff 2848 2432 25 179 179
cliff 2944 2432 28 179 179
cliff 3136 2432 5 179 179
zabor 3312 2448 104 2 8
zabor 3344 2448 105 2 8
zabor 3376 2448 104 2 8
zabor 3408 2448 105 2 8
zabor 3440 2448 113 2 9
zabor 3536 2448 104 2 8
zabor 3568 2448 105 2 8
zabor 3600 2448 104 2 8
zabor 3632 2448 104 2 8
zabor 3664 2448 105 2 8
zabor 3728 2448 104 2 8
tree 136 2472 1 0 0
tree 152 2488 1 0 0
tree 312 2472 58 0 0
tree 328 2488 59 0 0
tree 344 2488 35 0 0
tree 360 2472 44 0 0
tree 536 2488 56 0 0
tree 552 2472 19 0 0
lay 680 2472 3 0 0
trop 764 2468 65 0 0
dom 1376 2464 32 1 0
tree 1816 2472 41 0 0
tree 1800 2488 27 0 0
zabor 3280 2480 113 2 9
zabor 3312 2480 112 2 9
zabor 3440 2480 105 2 8
zabor 3472 2480 105 2 8
zabor 3504 2480 104 2 8
zabor 3536 2480 104 2 8
zabor 3728 2480 105 2 8
tree 328 2520 35 0 0
tree 344 2504 35 0 0
tree 360 2520 2 0 0
tree 360 2504 48 0 0
tree 504 2504 33 0 0
tree 520 2504 51 0 0
tree 536 2504 13 0 0
cliff 640 2496 9 179 179
tree 824 2504 27 0 0
tree 1672 2520 58 0 0
tree 2136 2504 33 0 0
tree 2120 2504 41 0 0
zabor 2896 2512 104 2 8
zabor 3216 2512 104 2 8
zabor 3248 2512 104 2 8
zabor 3280 2512 105 2 8
zabor 3312 2512 105 2 8
zabor 3376 2512 104 2 8
trop 3420 2508 68 0 0
zabor 3728 2512 104 2 8
tree 344 2536 27 0 0
tree 376 2536 11 0 0
tree 504 2552 56 0 0
tree 568 2536 48 0 0
lay 664 2536 11 0 0
lay 664 2552 9 0 0
lay 680 2536 9 0 0
dom 704 2528 2 0 0
trop 764 2556 66 0 0
lay 1160 2536 4 0 0
lay 1192 2552 3 0 0
tree 1288 2536 51 0 0
tree 1288 2552 44 0 0
trop 1380 2548 123 0 0
tree 1672 2552 1 0 0
tree 1672 2536 41 0 0
trop 1732 2532 122 0 0
trop 2548 2556 123 0 0
zabor 2896 2544 105 2 8
zabor 2928 2544 104 2 8
zabor 2960 2544 104 2 8
zabor 2992 2544 105 2 8
zabor 3024 2544 104 2 8
zabor 3056 2544 104 2 8
zabor 3088 2544 105 2 8
zabor 3120 2544 104 2 8
zabor 3152 2544 105 2 8
zabor 3184 2544 105 2 8
zabor 3216 2544 105 2 8
zabor 3376 2544 104 2 8
zabor 3728 2544 105 2 8
tree 3832 2536 33 0 0
tree 3944 2552 48 0 0
tree 504 2568 48 0 0
tree 568 2584 41 0 0
cliff 640 2560 10 179 179
lay 664 2568 11 0 0
tree 1288 2568 27 0 0
fre 1600 2560 11 0 0
trop 1732 2564 123 0 0
tree 1832 2584 21 0 0
tree 2456 2568 56 0 0
zabor 3376 2576 104 2 8
zabor 3408 2576 105 2 8
zabor 3440 2576 104 2 8
zabor 3472 2576 104 2 8
zabor 3504 2576 105 2 8
zabor 3536 2576 105 2 8
zabor 3568 2576 105 2 8
zabor 3600 2576 105 2 8
zabor 3632 2576 104 2 8
zabor 3664 2576 104 2 8
zabor 3696 2576 104 2 8
zabor 3728 2576 105 2 8
tree 3816 2568 41 0 0
tree 3960 2584 41 0 0
tree 3976 2584 41 0 0
tree 168 2616 48 0 0
tree 168 2600 2 0 0
tree 216 2616 57 0 0
tree 520 2600 56 0 0
tree 568 2600 48 0 0
tree 584 2600 41 0 0
tree 920 2616 33 0 0
tree 936 2616 41 0 0
tree 1304 2600 59 0 0
vor 1468 2620 1 0 0
vor 1460 2620 1 0 0
dom 1440 2592 0 0 0
trop 1580 2604 25 0 0
trop 1644 2604 25 0 0
tree 1800 2600 1 0 0
tree 1800 2616 33 0 0
tree 2488 2616 56 0 0
zabor 2800 2608 105 2 8
zabor 2832 2608 104 2 8
zabor 2864 2608 105 2 8
zabor 2896 2608 104 2 8
zabor 2928 2608 105 2 8
zabor 2960 2608 104 2 8
zabor 2992 2608 104 2 8
zabor 3056 2608 105 2 8
zabor 3088 2608 104 2 8
zabor 3120 2608 105 2 8
zabor 3152 2608 105 2 8
zabor 3184 2608 105 2 8
zabor 3216 2608 104 2 8
zabor 3248 2608 105 2 8
zabor 3280 2608 105 2 8
zabor 3312 2608 105 2 8
zabor 3344 2608 112 2 9
zabor 3376 2608 104 2 8
trop 3420 2596 67 0 0
stand 3656 2600 65 0 0
zabor 3728 2608 105 2 8
tree 3960 2600 1 0 0
tree 3960 2616 56 0 0
tree 184 2632 48 0 0
tree 296 2648 50 0 0
tree 376 2632 48 0 0
tree 568 2648 56 0 0
cliff 640 2624 11 179 179
trop 764 2644 67 0 0
tree 920 2648 56 0 0
tree 936 2632 33 0 0
trop 1404 2628 118 0 0
trop 1732 2652 122 0 0
tree 1800 2632 21 0 0
tree 1816 2632 21 0 0
zabor 1872 2640 28 0 8
tree 2456 2648 4 0 0
tree 2488 2648 2 0 0
tree 2488 2632 13 0 0
trop 2548 2652 68 0 0
tree 2600 2632 41 0 0
tree 2616 2632 58 0 0
zabor 3280 2640 113 2 9
zabor 3312 2640 113 2 9
tree 3592 2648 50 0 0
tree 3832 2648 48 0 0
tree 3960 2632 1 0 0
tree 3976 2648 1 0 0
tree 184 2680 48 0 0
tree 200 2664 33 0 0
tree 264 2680 50 0 0
tree 280 2664 58 0 0
tree 264 2664 35 0 0
tree 296 2664 59 0 0
tree 328 2680 41 0 0
tree 488 2680 41 0 0
tree 520 2664 56 0 0
tree 584 2664 41 0 0
tree 584 2680 56 0 0
tree 920 2664 41 0 0
tree 920 2680 48 0 0
dom 1088 2656 40 0 0
tree 1320 2680 11 0 0
tree 1352 2680 2 0 0
tree 1352 2664 4 0 0
tree 1368 2664 43 0 0
trop 1468 2676 117 0 0
stand 1528 2680 32 0 0
trop 1556 2668 22 0 0
trop 1724 2684 126 0 0
trop 1736 2680 3 0 0
dom 2304 2656 40 0 0
tree 2472 2680 4 0 0
trop 3420 2684 122 0 0
tree 3544 2680 41 0 0
tree 3864 2680 33 0 0
tree 3912 2664 48 0 0
tree 184 2696 1 0 0
tree 216 2696 41 0 0
tree 312 2696 41 0 0
tree 472 2696 33 0 0
tree 504 2696 56 0 0
tree 600 2712 41 0 0
stand 808 2696 24 0 0
tree 1272 2712 51 0 0
stand 1464 2696 42 0 0
dom 1632 2688 7 0 0
trop 1720 2688 3 0 0
trop 1736 2704 3 0 0
tree 1784 2696 41 0 0
zabor 1808 2704 30 0 8
fre 1856 2712 12 0 0
tree 3320 2712 21 0 0
tree 3512 2712 41 0 0
tree 3528 2696 1 0 0
tree 3544 2696 1 0 0
tree 3608 2696 11 0 0
tree 3592 2712 2 0 0
tree 3656 2696 33 0 0
tree 3896 2696 48 0 0
tree 3928 2696 41 0 0
tree 3944 2712 41 0 0
tree 184 2728 48 0 0
tree 216 2744 1 0 0
tree 200 2744 1 0 0
tree 232 2728 56 0 0
tree 456 2728 48 0 0
tree 456 2744 48 0 0
tree 536 2728 1 0 0
tree 616 2728 41 0 0
cliff 640 2720 13 179 179
trop 788 2724 118 0 0
tree 1240 2744 51 0 0
tree 1256 2728 13 0 0
trop 1484 2724 60 0 0
fre 1724 2732 34 0 0
tree 1784 2728 11 0 0
tree 1800 2744 33 0 0
fre 1848 2720 12 0 0
tree 2488 2728 43 0 0
trop 2548 2740 68 0 0
zabor 2736 2736 37 0 9
tree 3336 2728 59 0 0
tree 3352 2744 56 0 0
trop 3420 2732 123 0 0
tree 3496 2728 33 0 0
tree 3512 2728 33 0 0
tree 3656 2728 56 0 0
tree 3960 2744 33 0 0
tree 3992 2728 41 0 0
tree 4008 2744 33 0 0
tree 88 2776 33 0 0
tree 120 2776 56 0 0
tree 200 2760 56 0 0
tree 200 2776 33 0 0
tree 216 2776 1 0 0
tree 440 2760 33 0 0
tree 424 2760 56 0 0
tree 584 2760 33 0 0
tree 600 2760 33 0 0
tree 600 2776 33 0 0
trop 852 2764 117 0 0
tree 1064 2776 51 0 0
tree 1112 2776 35 0 0
trop 1492 2764 67 0 0
trop 1724 2780 123 0 0
dom 1888 2752 40 0 0
dom 2720 2752 6 0 0
dom 3040 2752 10 0 0
tree 3352 2760 13 0 0
tree 3624 2776 11 0 0
tree 3640 2760 19 0 0
tree 3672 2776 41 0 0
tree 3672 2760 48 0 0
tree 3944 2776 41 0 0
tree 4008 2760 56 0 0
tree 72 2792 1 0 0
tree 184 2808 41 0 0
tree 200 2792 48 0 0
tree 408 2808 1 0 0
tree 424 2808 56 0 0
cliff 672 2784 10 179 179
dom 768 2784 3 0 0
dom 960 2784 7 0 0
tree 1080 2792 56 0 0
tree 1096 2792 44 0 0
tree 1112 2792 48 0 0
dom 1408 2784 59 0 0
zabor 1680 2800 36 0 9
dom 2304 2784 10 0 0
tree 2504 2792 11 0 0
zabor 2832 2800 24 0 8
zabor 2864 2800 31 0 8
zabor 2896 2800 28 0 8
zabor 2928 2800 31 0 8
zabor 2960 2800 26 0 8
zabor 2992 2800 29 0 8
zabor 3088 2800 29 0 8
zabor 3120 2800 26 0 8
zabor 3152 2800 29 0 8
zabor 3184 2800 24 0 8
tree 3368 2792 44 0 0
tree 3624 2792 57 0 0
tree 3672 2792 1 0 0
tree 3672 2808 56 0 0
tree 3944 2808 1 0 0
tree 168 2824 41 0 0
tree 296 2824 33 0 0
tree 296 2840 41 0 0
trop 468 2836 116 0 0
trop 548 2836 124 0 0
trop 604 2828 127 0 0
trop 732 2836 127 0 0
trop 804 2844 127 0 0
trop 860 2844 69 0 0
trop 876 2820 121 0 0
dom 1216 2816 5 0 0
stand 1304 2824 26 0 0
trop 1476 2844 69 0 0
trop 1516 2844 118 0 0
trop 1532 2828 37 0 0
zabor 1616 2832 35 0 9
dom 1600 2816 60 0 0
tree 1816 2824 33 0 0
tree 2504 2840 35 0 0
trop 2556 2828 68 0 0
zabor 2832 2832 29 0 8
zabor 2992 2832 28 0 8
zabor 3088 2832 30 0 8
zabor 3184 2832 30 0 8
tree 3352 2840 48 0 0
tree 3336 2840 56 0 0
trop 3420 2820 122 0 0
tree 3496 2840 41 0 0
tree 3496 2824 33 0 0
tree 3784 2840 56 0 0
tree 3944 2840 48 0 0
tree 3960 2824 1 0 0
tree 3992 2840 48 0 0
tree 3976 2824 33 0 0
tree 3976 2840 48 0 0
tree 4008 2824 56 0 0
tree 4008 2840 1 0 0
tree 152 2872 48 0 0
tree 232 2872 56 0 0
tree 248 2856 56 0 0
tree 312 2856 56 0 0
trop 388 2860 70 0 0
cliff 672 2848 48 179 179
trop 764 2852 127 0 0
trop 748 2860 127 0 0
trop 820 2868 125 0 0
trop 892 2852 118 0 0
trop 908 2868 113 0 0
trop 924 2852 117 0 0
trop 996 2868 116 0 0
trop 1084 2868 113 0 0
trop 1172 2868 114 0 0
vor 1260 2876 17 0 0
trop 1268 2868 115 0 0
trop 1356 2868 116 0 0
trop 1444 2868 115 0 0
trop 1532 2868 114 0 0
trop 1620 2868 113 0 0
trop 1724 2876 68 0 0
trop 1700 2852 69 0 0
tree 1800 2856 56 0 0
zabor 1968 2864 36 0 9
zabor 2192 2864 36 0 9
zabor 2288 2864 25 0 8
tree 2440 2872 21 0 0
tree 2456 2872 33 0 0
tree 2472 2872 13 0 0
tree 2488 2856 43 0 0
dom 2624 2848 5 0 0
zabor 2832 2864 26 0 8
zabor 2992 2864 30 0 8
zabor 3088 2864 26 0 8
zabor 3184 2864 27 0 8
tree 3352 2856 35 0 0
trop 3420 2868 123 0 0
tree 3496 2872 1 0 0
tree 3512 2872 48 0 0
tree 3512 2856 1 0 0
tree 3608 2872 43 0 0
tree 3640 2856 1 0 0
tree 3672 2856 48 0 0
tree 3656 2856 41 0 0
tree 3704 2872 1 0 0
tree 3688 2872 41 0 0
tree 3736 2872 48 0 0
tree 3768 2872 41 0 0
tree 3752 2872 1 0 0
tree 3784 2856 41 0 0
tree 3816 2872 51 0 0
tree 3928 2856 48 0 0
tree 3928 2872 48 0 0
tree 3960 2872 1 0 0
tree 4072 2872 48 0 0
tree 152 2888 48 0 0
tree 168 2904 41 0 0
tree 216 2904 1 0 0
tree 232 2888 56 0 0
tree 600 2888 1 0 0
tree 584 2888 35 0 0
trop 956 2892 117 0 0
trop 996 2884 70 0 0
trop 1348 2892 117 0 0
trop 1396 2892 70 0 0
trop 1700 2892 117 0 0
tree 1784 2888 59 0 0
zabor 1968 2896 35 0 9
dom 2400 2880 9 0 0
stand 2760 2904 72 0 0
zabor 2832 2896 28 0 8
zabor 2992 2896 29 0 8
zabor 3088 2896 27 0 8
zabor 3184 2896 28 0 8
tree 3320 2888 44 0 0
tree 3496 2888 33 0 0
fre 3824 2904 13 0 0
tree 3992 2888 33 0 0
tree 4072 2888 41 0 0
trop 348 2940 69 0 0
tree 328 2920 41 0 0
tree 472 2920 43 0 0
cliff 608 2912 28 179 179
tree 1160 2936 50 0 0
tree 1176 2936 51 0 0
dom 1280 2912 7 0 0
dom 1504 2912 58 0 0
dom 1632 2912 58 0 0
zabor 1904 2928 37 0 9
zabor 1936 2928 39 0 9
zabor 1968 2928 36 0 9
tree 2376 2936 13 0 0
trop 2532 2916 69 0 0
tree 2616 2936 21 0 0
zabor 2832 2928 28 0 8
zabor 3088 2928 31 0 8
zabor 3184 2928 24 0 8
dom 3264 2912 9 0 0
tree 3896 2920 1 0 0
tree 3992 2936 33 0 0
tree 4040 2920 48 0 0
trop 92 2956 116 0 0
trop 180 2956 115 0 0
trop 268 2956 114 0 0
tree 472 2952 13 0 0
tree 456 2968 35 0 0
trop 980 2972 68 0 0
trop 1372 2972 67 0 0
trop 1724 2964 67 0 0
tree 1864 2952 13 0 0
tree 1864 2968 11 0 0
tree 1880 2968 4 0 0
tree 1976 2968 56 0 0
tree 2376 2968 48 0 0
trop 2460 2956 70 0 0
tree 2632 2968 4 0 0
zabor 2832 2960 38 0 9
zabor 2992 2960 37 0 9
zabor 3024 2960 34 0 9
zabor 3088 2960 30 0 8
zabor 3152 2960 34 0 9
zabor 3184 2960 37 0 9
trop 3412 2956 122 0 0
stand 3432 2968 32 0 0
tree 3496 2952 33 0 0
tree 3512 2952 48 0 0
tree 3704 2968 33 0 0
tree 3688 2968 56 0 0
tree 456 2984 48 0 0
tree 456 3000 2 0 0
tree 472 3000 51 0 0
tree 488 3000 27 0 0
dom 928 2976 57 0 0
tree 1896 2984 43 0 0
tree 1944 2984 4 0 0
tree 1976 2984 21 0 0
tree 2168 3000 50 0 0
tree 2168 2984 57 0 0
tree 2216 2984 21 0 0
tree 2376 2984 59 0 0
tree 2632 2984 27 0 0
zabor 2832 2992 35 0 9
zabor 2864 2992 31 0 8
zabor 2896 2992 27 0 8
stand 2888 3000 14 0 0
stand 2904 3000 14 0 0
zabor 2928 2992 29 0 8
zabor 2960 2992 26 0 8
zabor 2992 2992 30 0 8
zabor 3088 2992 25 0 8
zabor 3120 2992 24 0 8
zabor 3152 2992 36 0 9
zabor 3184 2992 36 0 9
zabor 3216 2992 39 0 9
trop 3404 3004 123 0 0
tree 3864 3000 48 0 0
tree 3944 2984 48 0 0
tree 4024 3000 56 0 0
tree 4040 2984 56 0 0
tree 456 3032 21 0 0
tree 456 3016 41 0 0
tree 488 3016 2 0 0
tree 488 3032 11 0 0
dom 1056 3008 61 0 0
cliff 1632 3008 6 179 179
trop 1748 3036 118 0 0
dom 1792 3008 60 0 0
tree 1976 3032 35 0 0
dom 2080 3008 10 0 0
tree 2152 3016 57 0 0
trop 2420 3036 69 0 0
zabor 3152 3024 38 0 9
zabor 3184 3024 39 0 9
tree 3320 3032 21 0 0
dom 3488 3008 40 0 0
tree 3864 3016 41 0 0
tree 4024 3032 1 0 0
tree 4008 3032 1 0 0
tree 440 3064 50 0 0
tree 456 3048 57 0 0
tree 456 3064 59 0 0
tree 472 3064 21 0 0
tree 472 3048 13 0 0
trop 980 3060 67 0 0
trop 1004 3068 118 0 0
trop 1372 3060 66 0 0
stand 1416 3064 32 0 0
trop 1724 3052 66 0 0
tree 1976 3048 43 0 0
trop 2260 3052 113 0 0
trop 2340 3052 113 0 0
dom 2784 3040 10 0 0
vor 3348 3060 9 0 0
trop 3380 3060 126 0 0
tree 3800 3064 48 0 0
tree 3832 3064 33 0 0
tree 3864 3064 41 0 0
tree 3848 3064 56 0 0
tree 4024 3048 48 0 0
tree 152 3096 57 0 0
tree 168 3096 41 0 0
tree 184 3096 11 0 0
tree 200 3080 57 0 0
tree 216 3096 50 0 0
tree 200 3096 35 0 0
tree 232 3080 11 0 0
tree 280 3080 11 0 0
tree 296 3096 58 0 0
tree 328 3096 4 0 0
tree 344 3080 50 0 0
tree 344 3096 1 0 0
tree 360 3096 2 0 0
tree 376 3096 21 0 0
tree 408 3096 59 0 0
tree 392 3096 44 0 0
tree 424 3096 33 0 0
tree 424 3080 2 0 0
tree 472 3096 35 0 0
tree 472 3080 13 0 0
trop 1084 3092 116 0 0
trop 1172 3084 124 0 0
dom 1312 3072 57 0 0
trop 1748 3084 70 0 0
trop 1812 3084 117 0 0
dom 2080 3072 6 0 0
trop 2180 3076 70 0 0
tree 3256 3096 51 0 0
trop 3396 3092 122 0 0
tree 3448 3080 1 0 0
tree 3480 3096 41 0 0
tree 3464 3096 1 0 0
tree 3768 3096 48 0 0
tree 3784 3080 56 0 0
tree 3832 3096 48 0 0
tree 3848 3080 1 0 0
tree 168 3112 19 0 0
tree 184 3112 33 0 0
tree 360 3112 48 0 0
tree 472 3112 48 0 0
stand 952 3112 4 0 0
trop 1004 3116 70 0 0
cliff 1664 3104 11 179 179
dom 1920 3104 61 0 0
dom 2240 3104 44 0 0
tree 2472 3128 51 0 0
tree 2504 3112 2 0 0
dom 3296 3104 8 0 0
trop 3388 3124 126 0 0
trop 3380 3108 126 0 0
tree 3464 3112 56 0 0
tree 3464 3128 41 0 0
tree 3480 3112 1 0 0
tree 3704 3128 48 0 0
tree 3736 3112 41 0 0
tree 3720 3128 56 0 0
tree 3768 3112 56 0 0
tree 3784 3128 56 0 0
tree 3816 3112 41 0 0
tree 3816 3128 48 0 0
tree 3864 3112 56 0 0
tree 3864 3128 48 0 0
tree 3848 3128 33 0 0
cliff 96 3136 27 179 179
cliff 192 3136 26 179 179
cliff 288 3136 25 179 179
cliff 352 3136 29 179 179
tree 728 3160 41 0 0
trop 980 3148 66 0 0
trop 1364 3156 122 0 0
trop 1724 3140 65 0 0
tree 1800 3160 33 0 0
tree 1800 3144 33 0 0
trop 1860 3156 118 0 0
trop 2180 3148 118 0 0
tree 2456 3144 2 0 0
tree 2472 3144 44 0 0
trop 3260 3164 125 0 0
stand 3352 3144 4 0 0
trop 3380 3148 126 0 0
fre 3560 3136 13 0 0
tree 712 3176 41 0 0
tree 792 3192 41 0 0
stand 1016 3192 11 0 0
tree 1784 3192 1 0 0
tree 1800 3176 1 0 0
trop 1932 3180 124 0 0
trop 2012 3172 127 0 0
trop 2092 3172 127 0 0
trop 2164 3172 125 0 0
trop 2236 3196 117 0 0
stand 2664 3192 16 0 0
stand 2728 3176 16 0 0
trop 3340 3188 117 0 0
trop 3364 3196 123 0 0
trop 3372 3180 126 0 0
trop 3396 3180 126 0 0
trop 3468 3196 124 0 0
trop 3524 3196 125 0 0
trop 3620 3196 124 0 0
trop 3668 3196 125 0 0
trop 3756 3196 116 0 0
trop 3844 3196 115 0 0
trop 3932 3196 114 0 0
tree 696 3208 48 0 0
tree 808 3208 41 0 0
tree 808 3224 1 0 0
tree 888 3208 56 0 0
tree 904 3208 41 0 0
tree 904 3224 1 0 0
trop 1348 3228 17 0 0
trop 1356 3228 126 0 0
tree 1816 3224 1 0 0
tree 1832 3208 33 0 0
zabor 2032 3216 35 0 9
zabor 2128 3216 37 0 9
trop 3388 3220 70 0 0
tree 664 3240 41 0 0
tree 680 3256 56 0 0
tree 712 3256 48 0 0
tree 744 3240 56 0 0
tree 840 3240 41 0 0
trop 980 3236 65 0 0
tree 1176 3256 58 0 0
tree 1160 3256 50 0 0
tree 1240 3240 27 0 0
tree 1224 3240 11 0 0
tree 1272 3240 43 0 0
tree 1256 3240 35 0 0
trop 1364 3244 17 0 0
cliff 1632 3232 13 179 179
trop 1724 3236 122 0 0
tree 1816 3256 48 0 0
tree 1896 3256 41 0 0
tree 2136 3256 48 0 0
tree 2152 3256 48 0 0
trop 2276 3244 22 0 0
tree 2888 3256 48 0 0
tree 2936 3256 56 0 0
tree 2952 3256 48 0 0
tree 3272 3256 48 0 0
tree 3496 3256 57 0 0
tree 3528 3256 21 0 0
tree 680 3272 1 0 0
tree 920 3288 1 0 0
dom 1024 3264 4 0 0
cliff 1280 3264 50 179 179
cliff 1472 3264 25 179 179
cliff 1568 3264 27 179 179
tree 1816 3288 41 0 0
tree 1816 3272 33 0 0
tree 1976 3288 11 0 0
tree 2136 3272 33 0 0
tree 2120 3272 56 0 0
tree 2120 3288 41 0 0
trop 2260 3284 68 0 0
tree 2856 3288 48 0 0
tree 2872 3272 41 0 0
tree 2904 3288 41 0 0
tree 2936 3272 41 0 0
tree 3288 3272 56 0 0
tree 3304 3288 41 0 0
trop 3364 3292 122 0 0
tree 3480 3272 51 0 0
tree 3496 3272 21 0 0
fre 3528 3272 12 0 0
fre 3536 3264 12 0 0
tree 136 3320 56 0 0
tree 200 3320 1 0 0
tree 344 3320 33 0 0
tree 600 3304 1 0 0
trop 1004 3316 118 0 0
tree 1176 3304 51 0 0
cliff 1248 3296 2 179 179
cliff 1376 3296 49 179 179
trop 1724 3316 123 0 0
tree 1880 3304 33 0 0
tree 1976 3304 13 0 0
tree 2184 3320 56 0 0
tree 2744 3304 1 0 0
tree 2776 3320 48 0 0
tree 2808 3320 41 0 0
tree 2840 3304 41 0 0
tree 2888 3320 1 0 0
tree 3304 3304 41 0 0
trop 3364 3324 123 0 0
stand 3400 3304 32 0 0
fre 3424 3320 12 0 0
fre 3432 3320 12 0 0
fre 3528 3296 12 0 0
tree 120 3352 56 0 0
tree 152 3352 48 0 0
tree 136 3352 56 0 0
tree 152 3336 48 0 0
tree 136 3336 48 0 0
tree 168 3336 48 0 0
tree 216 3336 48 0 0
tree 232 3352 56 0 0
tree 312 3352 56 0 0
tree 344 3336 33 0 0
tree 344 3352 56 0 0
tree 376 3352 56 0 0
tree 360 3336 48 0 0
tree 568 3336 48 0 0
tree 552 3352 33 0 0
zabor 688 3344 35 0 9
zabor 720 3344 24 0 8
zabor 752 3344 26 0 8
zabor 784 3344 26 0 8
zabor 816 3344 25 0 8
tree 1144 3352 21 0 0
tree 1160 3336 44 0 0
cliff 1216 3328 4 179 179
trop 1364 3332 123 0 0
tree 2184 3352 56 0 0
tree 2792 3336 33 0 0
tree 2808 3336 56 0 0
tree 2824 3352 1 0 0
tree 2872 3336 33 0 0
tree 3080 3336 13 0 0
tree 3288 3352 1 0 0
tree 3672 3336 2 0 0
tree 3800 3336 13 0 0
tree 3912 3352 48 0 0
tree 248 3368 1 0 0
tree 232 3368 48 0 0
tree 344 3384 56 0 0
tree 360 3384 41 0 0
zabor 688 3376 29 0 8
zabor 816 3376 36 0 9
zabor 848 3376 24 0 8
tree 888 3368 48 0 0
trop 1068 3364 117 0 0
tree 1144 3368 13 0 0
trop 1340 3388 126 0 0
trop 1380 3388 126 0 0
trop 1396 3364 126 0 0
tree 2184 3384 56 0 0
trop 2260 3372 67 0 0
dom 2528 3360 10 0 0
tree 2840 3368 56 0 0
tree 2872 3368 33 0 0
tree 2856 3384 1 0 0
tree 3288 3384 41 0 0
cliff 3648 3360 44 179 179
cliff 3712 3360 17 179 179
cliff 3776 3360 17 179 179
cliff 3840 3360 17 179 179
cliff 3936 3360 17 179 179
cliff 3968 3360 17 179 179
tree 72 3416 1 0 0
tree 200 3416 41 0 0
tree 344 3400 48 0 0
tree 344 3416 56 0 0
zabor 688 3408 32 0 9
zabor 848 3408 31 0 8
tree 888 3400 56 0 0
dom 992 3392 0 0 0
trop 1348 3412 69 0 0
trop 1724 3412 68 0 0
tree 2184 3400 1 0 0
stand 2472 3416 14 0 0
tree 2856 3416 56 0 0
tree 3272 3416 1 0 0
tree 3288 3400 56 0 0
trop 3364 3412 122 0 0
tree 3448 3416 1 0 0
tree 3432 3416 1 0 0
tree 3880 3416 33 0 0
tree 3928 3416 56 0 0
tree 104 3432 56 0 0
tree 168 3432 41 0 0
tree 328 3432 33 0 0
tree 344 3432 48 0 0
zabor 688 3440 31 0 8
zabor 848 3440 30 0 8
stand 888 3448 28 0 0
trop 996 3444 113 0 0
trop 1068 3428 69 0 0
trop 1124 3436 118 0 0
trop 1268 3452 63 0 0
trop 1348 3436 126 0 0
trop 1396 3436 126 0 0
tree 1448 3448 2 0 0
tree 1464 3432 13 0 0
stand 2232 3448 72 0 0
trop 2284 3452 118 0 0
dom 2336 3424 9 0 0
stand 2696 3448 0 0 0
tree 2872 3448 33 0 0
tree 3256 3432 56 0 0
tree 3272 3448 41 0 0
tree 3448 3448 48 0 0
tree 3464 3432 1 0 0
stand 3608 3432 24 0 0
tree 3832 3448 56 0 0
tree 3912 3448 33 0 0
tree 3928 3432 41 0 0
tree 56 3480 41 0 0
tree 72 3480 56 0 0
tree 216 3464 33 0 0
tree 344 3480 41 0 0
tree 360 3464 41 0 0
zabor 688 3472 25 0 8
trop 916 3468 70 0 0
trop 1196 3460 116 0 0
trop 1276 3484 117 0 0
trop 1404 3484 123 0 0
tree 1448 3464 43 0 0
tree 1448 3480 44 0 0
zabor 2064 3472 27 0 8
zabor 2128 3472 31 0 8
trop 2356 3468 115 0 0
trop 2444 3468 114 0 0
tree 2872 3464 33 0 0
tree 3288 3480 33 0 0
tree 3288 3464 41 0 0
tree 3304 3480 33 0 0
trop 3364 3460 123 0 0
tree 3448 3464 41 0 0
trop 3628 3484 125 0 0
tree 3752 3464 48 0 0
tree 3912 3464 41 0 0
tree 56 3496 48 0 0
tree 264 3496 1 0 0
tree 296 3496 1 0 0
tree 328 3496 1 0 0
zabor 688 3504 33 0 9
zabor 720 3504 30 0 8
zabor 752 3504 31 0 8
dom 832 3488 9 0 0
stand 1176 3496 57 0 0
tree 1256 3512 48 0 0
dom 1344 3488 1 0 0
tree 1448 3512 59 0 0
trop 1724 3500 67 0 0
tree 2056 3496 58 0 0
tree 2264 3512 27 0 0
trop 2524 3492 117 0 0
tree 3432 3512 33 0 0
tree 3448 3496 56 0 0
trop 3708 3508 117 0 0
tree 648 3528 33 0 0
tree 648 3544 48 0 0
tree 664 3544 1 0 0
trop 876 3548 69 0 0
cliff 1152 3520 20 179 179
trop 1324 3548 118 0 0
tree 2264 3544 58 0 0
tree 2296 3528 11 0 0
tree 2280 3528 21 0 0
vor 2604 3540 8 0 0
tree 3432 3544 33 0 0
tree 3640 3544 35 0 0
tree 3656 3544 4 0 0
tree 648 3560 33 0 0
trop 788 3572 57 0 0
tree 1080 3576 33 0 0
tree 1096 3560 1 0 0
trop 1404 3564 60 0 0
tree 1656 3560 4 0 0
stand 2360 3576 0 0 0
zabor 2384 3568 26 0 8
zabor 2416 3568 26 0 8
zabor 2448 3568 26 0 8
zabor 2480 3568 26 0 8
zabor 2512 3568 25 0 8
trop 2572 3564 118 0 0
vor 2748 3572 33 0 0
trop 3364 3556 122 0 0
tree 3448 3576 33 0 0
tree 3432 3560 41 0 0
tree 72 3608 33 0 0
tree 1032 3608 33 0 0
tree 1048 3608 48 0 0
tree 1080 3592 41 0 0
cliff 1088 3584 41 179 179
trop 1388 3588 117 0 0
tree 1544 3608 19 0 0
trop 1724 3596 66 0 0
zabor 2384 3600 27 0 8
zabor 2512 3600 27 0 8
trop 2636 3612 117 0 0
trop 3364 3612 123 0 0
cliff 3552 3584 41 179 179
trop 3732 3588 67 0 0
trop 700 3628 56 0 0
tree 1048 3624 33 0 0
cliff 1056 3616 44 179 179
tree 1272 3640 56 0 0
cliff 1312 3616 19 179 179
tree 1368 3624 13 0 0
trop 1436 3644 118 0 0
trop 1444 3628 37 0 0
tree 1480 3624 1 0 0
tree 1496 3624 4 0 0
tree 1528 3624 11 0 0
tree 1560 3624 48 0 0
tree 1576 3624 41 0 0
tree 1576 3640 11 0 0
tree 1592 3640 27 0 0
zabor 2384 3632 37 0 9
zabor 2512 3632 37 0 9
dom 3264 3616 1 0 0
cliff 3552 3616 39 179 179
stand 3944 3640 24 0 0
tree 824 3672 56 0 0
tree 840 3672 56 0 0
tree 872 3672 48 0 0
cliff 1024 3648 46 179 179
cliff 1248 3648 16 179 179
tree 1304 3672 33 0 0
trop 1484 3668 71 0 0
trop 1524 3668 71 0 0
trop 1532 3676 127 0 0
tree 1608 3672 13 0 0
zabor 2384 3664 29 0 8
zabor 2512 3664 26 0 8
dom 2592 3648 9 0 0
stand 2856 3656 32 0 0
cliff 3552 3648 39 179 179
trop 3756 3668 118 0 0
tree 856 3688 41 0 0
tree 872 3688 33 0 0
cliff 992 3680 45 179 179
tree 1320 3688 48 0 0
tree 1320 3704 33 0 0
cliff 1376 3680 20 179 179
dom 1664 3680 2 0 0
trop 1724 3684 65 0 0
tree 2216 3704 59 0 0
tree 2232 3688 44 0 0
tree 2248 3688 50 0 0
tree 2248 3704 51 0 0
tree 2264 3704 21 0 0
tree 2280 3704 58 0 0
tree 2296 3704 21 0 0
zabor 2384 3696 26 0 8
zabor 2416 3696 29 0 8
zabor 2448 3696 38 0 9
zabor 2480 3696 28 0 8
zabor 2512 3696 25 0 8
stand 2520 3688 6 0 0
trop 2684 3684 118 0 0
trop 2660 3708 66 0 0
trop 2740 3708 71 0 0
trop 2828 3708 114 0 0
trop 2916 3708 115 0 0
trop 3004 3708 116 0 0
trop 3092 3708 115 0 0
trop 3180 3708 114 0 0
trop 3268 3708 113 0 0
trop 3340 3692 69 0 0
dom 3680 3680 105 0 0
trop 3828 3692 114 0 0
trop 3924 3692 114 0 0
trop 652 3724 39 0 0
cliff 864 3712 40 179 179
cliff 896 3712 14 179 179
cliff 960 3712 16 179 179
tree 1336 3720 56 0 0
trop 1596 3716 59 0 0
tree 2424 3720 13 0 0
tree 2408 3720 50 0 0
trop 2636 3724 69 0 0
trop 2788 3724 117 0 0
cliff 3552 3712 39 179 179
tree 808 3768 33 0 0
tree 824 3752 48 0 0
tree 1544 3752 33 0 0
tree 1576 3752 56 0 0
trop 2524 3772 70 0 0
trop 2580 3748 71 0 0
dom 2720 3744 0 0 0
stand 3608 3752 72 0 0
tree 824 3800 41 0 0
cliff 832 3776 41 179 179
tree 1560 3784 1 0 0
tree 1576 3800 1 0 0
tree 1576 3784 33 0 0
trop 1724 3780 66 0 0
dom 2592 3776 6 0 0
trop 2660 3796 66 0 0
tree 3960 3784 56 0 0
trop 644 3812 66 0 0
tree 824 3816 48 0 0
cliff 832 3808 40 179 179
tree 840 3832 33 0 0
tree 1560 3832 56 0 0
tree 1544 3816 41 0 0
tree 1576 3832 1 0 0
trop 1652 3820 60 0 0
tree 1688 3816 4 0 0
zabor 2544 3824 31 0 8
trop 2812 3812 122 0 0
tree 3512 3832 1 0 0
tree 856 3848 41 0 0
cliff 864 3840 35 179 179
tree 1336 3864 1 0 0
tree 1352 3864 56 0 0
cliff 1440 3840 11 179 179
tree 1560 3864 56 0 0
tree 1560 3848 33 0 0
tree 1688 3864 1 0 0
trop 1724 3868 67 0 0
trop 2500 3860 122 0 0
tree 2520 3864 11 0 0
zabor 2544 3856 25 0 8
zabor 2640 3856 36 0 9
zabor 2704 3856 39 0 9
zabor 2736 3856 27 0 8
zabor 2768 3856 26 0 8
tree 3576 3848 41 0 0
tree 3640 3848 33 0 0
tree 3624 3864 48 0 0
trop 644 3900 67 0 0
cliff 896 3872 32 179 179
cliff 960 3872 50 179 179
cliff 1024 3872 2 179 179
tree 1272 3896 33 0 0
tree 1352 3896 1 0 0
tree 1560 3880 48 0 0
tree 1688 3896 41 0 0
tree 1688 3880 33 0 0
zabor 2544 3888 28 0 8
zabor 2640 3888 31 0 8
trop 2660 3884 66 0 0
zabor 2704 3888 31 0 8
zabor 2768 3888 35 0 9
tree 1304 3928 33 0 0
tree 1368 3912 1 0 0
trop 1660 3916 122 0 0
tree 1688 3912 48 0 0
zabor 2544 3920 24 0 8
zabor 2640 3920 27 0 8
zabor 2704 3920 29 0 8
zabor 2768 3920 31 0 8
tree 2824 3928 35 0 0
tree 1192 3944 48 0 0
tree 1256 3944 33 0 0
tree 1256 3960 41 0 0
trop 1660 3964 126 0 0
trop 1724 3956 68 0 0
tree 2456 3944 19 0 0
tree 2440 3944 35 0 0
tree 2472 3944 58 0 0
tree 2472 3960 4 0 0
tree 2504 3944 44 0 0
zabor 2544 3952 25 0 8
zabor 2576 3952 33 0 9
zabor 2608 3952 26 0 8
zabor 2640 3952 31 0 8
zabor 2704 3952 31 0 8
zabor 2736 3952 26 0 8
zabor 2768 3952 28 0 8
tree 2808 3944 58 0 0
trop 644 3988 68 0 0
tree 1208 3976 33 0 0
tree 1208 3992 1 0 0
tree 1256 3976 33 0 0
tree 1256 3992 1 0 0
tree 1304 3976 41 0 0
tree 1320 3992 48 0 0
cliff 1440 3968 13 179 179
tree 2440 3976 59 0 0
tree 2488 3976 2 0 0
tree 2472 3992 44 0 0
tree 2488 3992 43 0 0
tree 2504 3992 4 0 0
trop 2660 3972 65 0 0
tree 1224 4024 1 0 0
tree 1240 4008 1 0 0
tree 1320 4008 1 0 0
tree 1336 4008 48 0 0
tree 1336 4024 41 0 0
