cliff 784 112 83 179 179
trop 260 156 144 179 179
trop 492 156 144 179 179
cliff 784 144 84 179 179
cliff 1216 128 120 179 179
tree 1672 152 34 0 179
trop 1804 132 65 179 179
trop 1860 156 92 179 179
tree 2832 148 8 0 0
cliff 784 176 85 179 179
tree 1672 168 25 0 179
tree 2800 180 0 0 0
tree 2800 164 6 0 0
tree 2816 180 0 0 0
tree 2936 160 10 0 179
trop 196 220 146 179 179
trop 228 220 146 179 179
trop 292 212 144 179 179
trop 324 220 146 179 179
trop 412 220 146 179 179
trop 420 212 115 179 179
trop 460 212 109 179 179
trop 492 212 118 179 179
trop 532 204 146 179 179
trop 636 196 146 179 179
trop 708 220 73 179 179
tree 728 200 10 0 179
cliff 784 208 101 179 179
tree 1688 216 16 0 179
tree 1736 216 26 0 179
tree 2768 212 7 0 0
tree 2864 212 0 0 0
lay 2920 200 28 0 179
tree 2936 192 24 0 179
trop 356 252 109 179 179
trop 476 244 146 179 179
tree 728 248 13 0 179
cliff 800 224 102 179 179
trop 1740 244 65 179 179
stand 1784 248 157 0 179
trop 1860 228 91 179 179
trop 1916 236 65 179 179
tree 2848 244 7 0 0
tree 2880 244 6 0 0
tree 2920 240 16 0 179
trop 292 284 144 179 179
trop 420 260 115 179 179
trop 500 260 109 179 179
tree 728 264 11 0 179
stand 1288 280 291 0 179
tree 1432 280 41 0 179
stand 1752 280 159 0 179
trop 1780 268 65 179 179
stand 1784 280 157 0 179
stand 1784 264 158 0 179
dom 2368 256 226 0 179
tree 2816 260 0 0 0
tree 2864 276 7 0 0
trop 452 316 160 179 179
tree 1720 312 17 0 179
stand 1768 312 161 0 179
stand 1768 296 160 0 179
stand 1784 296 161 0 179
lay 2760 312 28 0 179
tree 2896 292 0 0 0
tree 2984 304 26 0 179
trop 420 348 154 179 179
trop 540 332 146 179 179
trop 572 340 116 179 179
trop 636 332 146 179 179
trop 708 348 73 179 179
tree 744 344 11 0 179
tree 744 328 17 0 179
stand 856 344 287 0 179
tree 1656 328 41 0 179
trop 1732 332 65 179 179
tree 1752 328 41 0 179
trop 1786 346 97 179 179
trop 1860 332 81 179 179
trop 1858 338 94 179 179
trop 1858 330 104 179 179
trop 1906 346 94 179 179
trop 2340 348 46 179 179
trop 2660 332 197 179 179
lay 2696 344 33 0 179
tree 3000 336 0 0 179
tree 3000 320 11 0 179
tree 3048 320 23 0 179
trop 3604 332 47 179 179
trop 220 356 65 179 179
stand 280 376 184 0 179
trop 380 372 65 179 179
trop 532 380 116 179 179
trop 1898 354 98 179 179
trop 1914 354 99 179 179
trop 2124 356 19 179 179
dom 2656 352 199 0 179
lay 2728 360 28 0 179
tree 3032 376 19 0 179
stand 184 392 180 0 179
stand 216 408 180 0 179
trop 236 404 65 179 179
stand 248 392 178 0 179
stand 312 392 179 0 179
trop 348 404 65 179 179
stand 328 408 182 0 179
stand 344 392 185 0 179
tree 744 408 14 0 179
stand 1320 408 278 0 179
dom 1504 384 74 0 179
tree 1782 406 13 0 179
trop 1826 386 101 179 179
trop 1938 394 107 179 179
trop 2708 412 202 179 179
lay 2888 408 28 0 179
lay 3000 408 28 0 179
tree 3048 384 12 0 179
tree 3064 384 10 0 179
trop 3524 412 18 179 179
trop 428 420 168 179 179
dom 1344 416 75 0 179
stand 1736 440 166 0 179
trop 1764 444 65 179 179
tree 1782 422 12 0 179
lay 1846 422 3 0 179
trop 2716 428 202 179 179
trop 2692 436 202 179 179
tree 2744 440 41 0 179
tree 2984 432 21 0 179
lay 3016 440 28 0 179
tree 3048 432 14 0 179
trop 3668 428 47 179 179
trop 276 476 144 179 179
trop 452 452 162 179 179
trop 540 460 146 179 179
trop 628 460 146 179 179
trop 668 468 148 179 179
stand 744 456 27 0 179
stand 856 456 256 0 179
trop 1428 476 18 179 179
trop 1572 468 14 179 179
tree 1734 470 10 0 179
stand 1768 472 160 0 179
stand 1784 456 156 0 179
stand 1784 472 160 0 179
trop 1988 476 19 179 179
trop 2020 468 19 179 179
trop 2196 468 46 179 179
trop 2252 476 46 179 179
trop 2332 476 19 179 179
dom 2560 448 194 0 179
trop 2740 476 202 179 179
trop 2892 476 206 179 179
tree 3032 464 14 0 179
trop 3308 452 18 179 179
trop 3516 452 47 179 179
trop 3548 452 18 179 179
trop 500 500 118 179 179
stand 1320 504 278 0 179
trop 1604 500 97 179 179
tree 1704 488 4 0 179
stand 1784 488 159 0 179
stand 1768 488 161 0 179
trop 1834 482 96 179 179
trop 1882 482 96 179 179
trop 1938 506 96 179 179
trop 2060 500 19 179 179
trop 2292 500 46 179 179
trop 2388 508 46 179 179
trop 2412 484 19 179 179
tree 2696 504 39 0 179
lay 2776 488 28 0 179
lay 2776 504 45 0 179
lay 2808 488 45 0 179
lay 2824 488 41 0 179
lay 2824 504 31 0 179
lay 2872 504 9 0 179
lay 2888 504 7 0 179
lay 2920 488 28 0 179
trop 3508 508 18 179 179
trop 3620 484 47 179 179
trop 220 540 146 179 179
trop 196 540 146 179 179
trop 316 540 146 179 179
trop 380 524 115 179 179
trop 412 540 146 179 179
trop 404 532 144 179 179
trop 492 540 146 179 179
trop 716 540 73 179 179
stand 808 520 165 0 179
stand 936 520 165 0 179
stand 1080 520 165 0 179
stand 1224 520 165 0 179
trop 1692 532 97 179 179
trop 1826 522 104 179 179
trop 1922 522 73 179 179
dom 1984 512 199 0 179
trop 2124 532 18 179 179
trop 2164 532 46 179 179
trop 2164 516 19 179 179
trop 2340 516 46 179 179
dom 2560 512 194 0 179
trop 2692 540 200 179 179
lay 2776 536 4 0 179
lay 2808 520 44 0 179
lay 2824 536 33 0 179
lay 2856 536 32 0 179
lay 2904 520 8 0 179
lay 2888 520 7 0 179
tree 2904 520 0 0 179
tree 2904 536 35 0 179
tree 2920 536 11 0 179
lay 2984 520 28 0 179
trop 3196 532 18 179 179
trop 3556 524 47 179 179
trop 484 564 118 179 179
trop 1380 572 19 179 179
trop 1524 548 19 179 179
trop 1628 572 19 179 179
trop 1660 572 18 179 179
trop 1740 572 18 179 179
trop 1946 546 105 179 179
trop 2220 556 18 179 179
trop 2284 548 18 179 179
trop 2388 564 18 179 179
trop 2508 572 19 179 179
tree 2728 552 20 0 179
tree 2744 568 25 0 179
tree 2728 568 14 0 179
tree 2776 568 22 0 179
lay 2824 568 20 0 179
lay 2840 568 30 0 179
lay 2856 552 36 0 179
lay 2872 552 43 0 179
trop 3628 572 18 179 179
trop 276 604 144 179 179
trop 300 588 109 179 179
trop 468 604 115 179 179
trop 524 588 146 179 179
trop 628 588 146 179 179
most 992 576 35 0 179
stand 1448 584 140 0 179
trop 1690 602 97 179 179
trop 1762 586 104 179 179
trop 1810 602 94 179 179
trop 1826 578 73 179 179
trop 1874 602 97 179 179
trop 2036 580 47 179 179
trop 2276 588 47 179 179
trop 2476 604 47 179 179
tree 2728 584 14 0 179
tree 2744 584 17 0 179
tree 2776 584 26 0 179
trop 2788 596 198 179 179
trop 3436 604 18 179 179
trop 3484 604 18 179 179
trop 3660 580 195 179 179
trop 3708 580 195 179 179
trop 3724 604 195 179 179
trop 3716 588 195 179 179
trop 3764 596 195 179 179
trop 444 636 160 179 179
trop 580 636 116 179 179
trop 3492 612 18 179 179
trop 3540 628 18 179 179
trop 3700 612 194 179 179
trop 3732 628 194 179 179
trop 3756 636 195 179 179
trop 3804 620 195 179 179
stand 3816 632 158 0 179
dom 192 640 244 0 179
stand 344 648 181 0 179
stand 344 664 181 0 179
trop 396 660 154 179 179
trop 516 652 108 179 179
trop 556 668 148 179 179
trop 668 660 148 179 179
stand 808 664 165 0 179
stand 936 648 165 0 179
stand 1080 648 165 0 179
stand 1224 664 165 0 179
trop 1428 660 15 179 179
tree 1686 662 13 0 179
trop 1730 642 101 179 179
trop 1842 650 107 179 179
trop 1914 666 99 179 179
trop 1890 666 96 179 179
trop 2284 644 18 179 179
trop 2324 660 18 179 179
trop 2668 644 47 179 179
trop 2724 660 198 179 179
trop 2772 644 198 179 179
trop 3524 652 18 179 179
trop 3596 644 18 179 179
trop 3620 652 65 179 179
trop 3716 644 194 179 179
trop 3716 668 194 179 179
trop 3724 660 195 179 179
stand 3832 664 160 0 179
stand 3816 648 159 0 179
stand 3816 664 162 0 179
trop 3828 644 195 179 179
trop 3844 652 195 179 179
stand 3912 664 156 0 179
trop 3908 656 73 0 0
trop 220 676 65 179 179
trop 348 684 65 179 179
stand 344 696 182 0 179
stand 376 680 1 0 179
lay 1750 678 3 0 179
trop 1898 674 98 179 179
trop 2164 692 46 179 179
stand 2200 680 153 0 179
stand 2584 680 154 0 179
lay 2696 680 10 0 179
trop 2724 676 198 179 179
trop 2740 676 198 179 179
lay 2728 696 8 0 179
lay 2744 680 7 0 179
fre 2732 692 15 179 179
fre 2740 676 68 179 179
fre 2772 676 34 179 179
fre 2756 692 16 179 179
fre 2804 692 30 179 179
fre 2820 692 35 179 179
stand 2872 696 163 0 179
stand 2952 696 33 0 179
fre 2980 684 4 179 179
fre 3012 684 35 179 179
lay 3064 696 11 0 179
fre 3076 692 33 179 179
trop 3580 692 18 179 179
trop 3772 676 195 179 179
trop 396 708 168 179 179
trop 444 732 162 179 179
trop 540 716 146 179 179
trop 580 724 116 179 179
trop 628 716 146 179 179
stand 744 712 27 0 179
trop 1914 714 100 179 179
dom 2016 704 227 0 179
dom 2112 704 227 0 179
dom 2432 704 227 0 179
dom 2528 704 227 0 179
trop 2708 708 198 179 179
lay 2776 728 9 0 179
fre 2796 708 31 179 179
fre 2788 724 28 179 179
fre 2796 724 31 179 179
fre 2828 724 29 179 179
fre 2828 708 20 179 179
stand 2840 728 169 0 179
stand 2856 712 168 0 179
fre 3052 716 69 179 179
fre 3100 724 18 179 179
vor 3092 716 24 179 179
fre 3164 732 2 179 179
trop 3260 708 18 179 179
trop 3732 724 195 179 179
trop 268 764 144 179 179
trop 532 756 108 179 179
trop 708 748 73 179 179
tree 760 760 0 0 179
dom 1568 736 73 0 179
trop 1842 762 96 179 179
trop 2028 756 46 179 179
trop 2116 740 46 179 179
stand 2184 744 154 0 179
trop 2300 756 18 179 179
stand 2584 744 154 0 179
vor 2772 740 24 179 179
fre 2796 748 12 179 179
fre 2804 748 22 179 179
fre 2828 740 7 179 179
fre 2868 748 22 179 179
fre 3068 748 16 179 179
fre 3100 740 34 179 179
fre 3140 748 62 179 179
lay 3224 760 61 0 179
fre 3228 748 21 179 179
trop 3476 748 18 179 179
trop 3580 740 19 179 179
dom 3872 736 286 0 179
trop 500 772 118 179 179
tree 760 792 16 0 179
stand 856 792 256 0 179
dom 1408 768 72 0 179
trop 1826 778 73 179 179
dom 1984 768 199 0 179
dom 2656 768 199 0 179
stand 2808 792 174 0 179
stand 2792 792 187 0 179
stand 2856 776 175 0 179
stand 2888 792 166 0 179
lay 3016 792 27 0 179
trop 3324 772 18 179 179
trop 3348 772 18 179 179
trop 3540 796 18 179 179
trop 204 820 146 179 179
trop 236 828 146 179 179
trop 316 828 144 179 179
trop 308 804 109 179 179
trop 332 828 146 179 179
trop 412 812 115 179 179
trop 420 828 146 179 179
tree 760 824 14 0 179
stand 1320 824 278 0 179
stand 2776 824 184 0 179
stand 2776 808 188 0 179
stand 2808 824 183 0 179
stand 2792 824 183 0 179
stand 2792 808 182 0 179
lay 2824 808 62 0 179
fre 2836 812 12 179 179
vor 2828 828 24 179 179
stand 2856 808 182 0 179
stand 2856 824 182 0 179
lay 2920 808 26 0 179
trop 3348 828 65 179 179
trop 3404 828 18 179 179
trop 3484 820 65 179 179
trop 3532 820 204 179 179
trop 3644 828 73 179 179
trop 3900 824 73 0 0
trop 516 844 146 179 179
trop 620 844 146 179 179
trop 668 860 148 179 179
tree 744 856 0 0 179
trop 1388 844 19 179 179
trop 1660 836 18 179 179
stand 2776 840 185 0 179
stand 2776 856 185 0 179
stand 2792 856 184 0 179
stand 2808 840 182 0 179
stand 2792 840 182 0 179
stand 2840 840 180 0 179
stand 2824 856 178 0 179
stand 2856 856 183 0 179
stand 2872 840 182 0 179
stand 2856 840 189 0 179
dom 2944 832 251 0 179
lay 3080 840 27 0 179
trop 3316 860 97 179 179
trop 3388 844 97 179 179
trop 3636 844 65 179 179
stand 3656 856 207 1 179
trop 3804 848 73 0 0
stand 3816 840 182 0 179
stand 3816 856 183 0 179
stand 3944 840 164 0 179
trop 276 892 144 179 179
trop 348 876 109 179 179
trop 452 884 109 179 179
trop 532 876 108 179 179
trop 628 876 108 179 179
trop 716 892 73 179 179
tree 744 888 0 0 179
stand 856 888 256 0 179
stand 1288 888 165 0 179
trop 1930 882 100 179 179
stand 2824 872 185 0 179
stand 2840 888 173 0 179
lay 2872 872 62 0 179
lay 2872 888 62 0 179
stand 2856 888 179 0 179
stand 2856 872 178 0 179
lay 2888 872 62 0 179
stand 2888 888 178 0 179
stand 2888 872 184 0 179
trop 3268 868 106 179 179
trop 3284 884 97 179 179
trop 3316 868 97 179 179
trop 3444 876 97 179 179
trop 3508 868 204 179 179
dom 3712 864 76 0 179
trop 3732 876 204 179 179
trop 3732 884 146 179 179
trop 3844 892 96 179 179
lay 3880 888 28 0 179
trop 452 924 160 179 179
stand 1320 904 266 0 179
stand 1416 904 165 0 179
stand 1576 904 165 0 179
stand 1736 904 165 0 179
stand 2840 904 187 0 179
stand 2872 904 186 0 179
trop 2964 924 19 179 179
trop 2996 916 19 179 179
trop 3204 900 101 179 179
trop 3348 916 18 179 179
trop 3468 916 18 179 179
dom 3552 896 238 0 179
stand 3672 904 166 0 179
trop 3780 920 73 0 0
trop 3812 900 96 179 179
trop 3884 916 99 179 179
tree 168 936 16 0 179
stand 728 936 10 0 179
stand 1800 936 165 0 179
stand 1944 936 165 0 179
stand 2248 936 165 0 179
stand 2392 936 165 0 179
stand 2728 952 165 0 179
lay 2888 952 10 0 179
vor 2884 940 24 179 179
lay 3416 952 3 0 179
trop 3564 956 65 179 179
trop 3556 948 204 179 179
trop 3724 932 203 179 179
trop 3748 940 204 179 179
stand 3896 936 240 0 179
trop 3884 956 99 179 179
trop 220 980 65 179 179
tree 232 968 17 0 179
tree 248 968 35 0 179
trop 316 964 68 179 179
trop 332 972 65 179 179
trop 412 988 71 179 179
trop 420 964 154 179 179
trop 532 972 146 179 179
trop 564 980 148 179 179
trop 628 972 146 179 179
trop 708 980 73 179 179
stand 856 984 256 0 179
stand 1448 984 257 0 179
stand 1544 984 257 0 179
stand 1640 984 257 0 179
stand 1736 984 257 0 179
stand 2056 984 257 0 179
stand 2136 984 257 0 179
stand 2184 984 257 0 179
trop 2316 988 18 179 179
stand 2504 984 257 0 179
stand 2552 984 257 0 179
stand 2648 984 257 0 179
stand 2744 984 264 0 179
trop 3228 972 65 179 179
trop 3332 980 99 179 179
trop 3388 988 105 179 179
trop 3796 980 204 179 179
trop 3844 972 203 179 179
stand 3896 968 240 0 179
trop 532 996 116 179 179
trop 628 1020 108 179 179
tree 728 1016 17 0 179
stand 856 1016 256 0 179
trop 3148 1012 205 179 179
trop 3220 1012 205 179 179
trop 3276 996 102 179 179
trop 3332 996 98 179 179
lay 3368 1000 28 0 179
trop 3380 1004 105 179 179
trop 3436 1004 97 179 179
lay 3480 1000 28 0 179
stand 3592 1000 181 0 179
stand 3624 1000 183 0 179
stand 3672 1016 159 0 179
stand 3688 1016 157 0 179
stand 3704 1016 163 0 179
trop 3732 1004 146 179 179
trop 3804 1012 96 179 179
stand 3784 1016 156 0 179
trop 3836 1012 96 179 179
trop 3852 996 204 179 179
stand 3896 1016 239 0 179
trop 3876 996 204 179 179
stand 392 1032 1 0 179
trop 540 1044 108 179 179
trop 668 1036 148 179 179
trop 2884 1028 19 179 179
stand 3256 1032 4 0 179
trop 3260 1052 204 179 179
lay 3304 1048 28 0 179
stand 3408 1044 61 0 0
trop 3572 1036 101 179 179
lay 3592 1048 28 0 179
stand 3656 1032 184 0 179
stand 3672 1032 178 0 179
stand 3688 1048 179 0 179
stand 3720 1032 178 0 179
stand 3720 1048 205 1 179
stand 3784 1032 156 0 179
trop 3892 1044 204 179 179
dom 256 1056 286 1 179
tree 728 1080 13 0 179
stand 1800 1064 165 0 179
stand 1928 1064 165 0 179
stand 2248 1064 165 0 179
stand 2392 1064 165 0 179
stand 2808 1080 278 0 179
trop 2892 1084 19 179 179
trop 3260 1060 65 179 179
trop 3308 1060 94 179 179
trop 3348 1084 98 179 179
stand 3464 1064 181 0 179
stand 3576 1080 156 0 179
stand 3608 1064 184 0 179
stand 3688 1064 179 0 179
lay 3736 1064 28 0 179
stand 3720 1080 188 1 179
trop 324 1100 65 179 179
trop 540 1100 146 179 179
trop 644 1100 146 179 179
stand 856 1112 256 0 179
dom 2816 1088 136 0 179
trop 2868 1100 19 179 179
dom 3040 1088 161 0 179
stand 3448 1096 184 0 179
trop 3444 1100 99 179 179
stand 3480 1112 180 0 179
stand 3576 1096 182 0 179
stand 3592 1096 182 0 179
stand 3624 1096 196 1 179
stand 3624 1112 205 1 179
trop 3740 1108 105 179 179
trop 3748 1100 204 179 179
trop 3820 1112 127 0 0
tree 168 1144 16 0 179
trop 204 1124 65 179 179
trop 436 1140 62 179 179
trop 620 1124 108 179 179
most 1856 1120 34 0 179
most 2304 1120 34 0 179
stand 2744 1128 165 0 179
trop 2956 1124 19 179 179
trop 3148 1124 202 179 179
trop 3188 1148 19 179 179
trop 3212 1124 202 179 179
tree 3528 1128 10 0 179
lay 3656 1144 28 0 179
trop 3772 1120 126 0 0
trop 3748 1124 105 179 179
trop 3828 1140 103 179 179
tree 168 1160 15 0 179
tree 248 1176 35 0 179
tree 232 1176 11 0 179
stand 296 1176 188 0 179
stand 344 1176 185 0 179
trop 540 1156 108 179 179
trop 708 1164 73 179 179
stand 728 1160 27 0 179
stand 2808 1176 272 0 179
trop 3004 1156 19 179 179
trop 3068 1180 19 179 179
trop 3100 1164 18 179 179
trop 3380 1164 102 179 179
stand 3480 1160 155 0 179
trop 3476 1172 73 179 179
trop 3604 1180 18 179 179
lay 3752 1176 28 0 179
trop 3764 1180 104 179 179
trop 3796 1164 204 179 179
lay 3832 1160 28 0 179
tree 168 1192 13 0 179
tree 216 1192 0 0 179
stand 344 1192 184 0 179
stand 856 1208 256 0 179
stand 1800 1208 165 0 179
stand 1928 1208 165 0 179
stand 2248 1208 165 0 179
stand 2376 1208 165 0 179
dom 2976 1184 182 0 179
trop 3068 1188 18 179 179
trop 3260 1196 205 179 179
trop 3236 1196 205 179 179
trop 3308 1204 204 179 179
trop 3436 1188 98 179 179
lay 3480 1208 28 0 179
stand 3480 1192 155 0 179
lay 3560 1192 28 0 179
trop 3796 1192 126 0 0
trop 3908 1208 75 0 0
dom 3936 1184 142 0 179
trop 484 1228 148 179 179
trop 532 1228 146 179 179
trop 628 1228 146 179 179
trop 668 1244 148 179 179
trop 3364 1236 102 179 179
lay 3400 1224 28 0 179
lay 3448 1240 28 0 179
trop 3476 1228 204 179 179
stand 3480 1224 155 0 179
trop 3468 1236 105 179 179
trop 3572 1228 204 179 179
trop 3572 1244 204 179 179
dom 3584 1216 245 0 179
trop 3700 1220 146 179 179
trop 3756 1236 102 179 179
trop 3764 1220 102 179 179
stand 2856 1256 165 0 179
stand 3048 1272 165 0 179
trop 3276 1252 65 179 179
trop 3300 1268 205 179 179
trop 3332 1256 73 0 0
trop 3356 1276 204 179 179
trop 3388 1276 94 179 179
trop 3484 1260 105 179 179
trop 3492 1260 105 179 179
trop 3604 1276 146 179 179
trop 3636 1268 65 179 179
trop 3700 1268 99 179 179
trop 3756 1276 96 179 179
trop 3948 1260 18 179 179
trop 556 1308 108 179 179
trop 620 1308 108 179 179
stand 728 1304 10 0 179
stand 856 1304 256 0 179
stand 2904 1288 273 0 179
trop 3308 1284 205 179 179
trop 3532 1308 105 179 179
trop 3604 1300 204 179 179
trop 3636 1284 18 179 179
trop 3708 1292 99 179 179
dom 3712 1280 250 0 179
stand 3800 1304 156 0 179
trop 3820 1284 204 179 179
stand 376 1336 1 0 179
trop 436 1324 62 179 179
trop 532 1340 150 179 179
trop 564 1332 148 179 179
trop 716 1332 73 179 179
stand 1800 1336 165 0 179
stand 2248 1336 165 0 179
stand 3032 1336 257 0 179
stand 3128 1336 257 0 179
stand 3224 1336 264 0 179
trop 3340 1332 18 179 179
trop 3484 1312 126 0 0
trop 3460 1332 204 179 179
trop 3588 1340 146 179 179
dom 3712 1312 250 0 179
trop 3756 1324 96 179 179
lay 3800 1320 28 0 179
stand 3800 1320 156 0 179
trop 3852 1316 204 179 179
trop 212 1364 65 179 179
trop 316 1348 65 179 179
trop 620 1348 150 179 179
stand 1944 1352 165 0 179
stand 2392 1352 165 0 179
stand 3224 1352 165 0 179
trop 3380 1360 127 0 0
trop 3396 1372 105 179 179
trop 3452 1364 99 179 179
trop 3524 1368 127 0 0
trop 3700 1372 18 179 179
trop 3764 1360 126 0 0
dom 3936 1344 140 0 179
trop 212 1404 73 179 179
trop 316 1404 73 179 179
stand 856 1400 256 0 179
trop 3348 1388 18 179 179
trop 3364 1388 18 179 179
trop 3556 1404 204 179 179
trop 3636 1376 127 0 0
trop 3788 1400 126 0 0
stand 3832 1400 184 0 179
trop 3828 1396 98 179 179
stand 3848 1384 179 0 179
trop 3924 1380 18 179 179
trop 388 1428 74 179 179
trop 2692 1436 47 179 179
stand 3288 1432 278 0 179
dom 3712 1408 250 0 179
stand 3864 1416 181 0 179
trop 3932 1420 18 179 179
trop 460 1452 70 179 179
trop 676 1444 74 179 179
stand 1128 1448 279 0 179
stand 1208 1448 277 0 179
stand 1304 1448 277 0 179
stand 1400 1448 277 0 179
stand 1496 1448 277 0 179
stand 1592 1448 277 0 179
stand 1688 1448 277 0 179
stand 1784 1448 277 0 179
trop 2060 1460 101 179 179
stand 2104 1448 277 0 179
stand 2184 1448 277 0 179
stand 2232 1448 277 0 179
stand 2552 1448 277 0 179
stand 2584 1448 277 0 179
stand 2680 1448 277 0 179
trop 2724 1468 19 179 179
stand 2776 1448 277 0 179
trop 2764 1444 47 179 179
stand 2888 1448 269 0 179
dom 3616 1440 194 0 179
dom 3712 1440 250 0 179
trop 3836 1444 106 179 179
trop 220 1484 63 179 179
trop 196 1484 63 179 179
trop 396 1484 63 179 179
trop 556 1484 68 179 179
stand 856 1496 256 0 179
trop 1340 1484 61 179 179
trop 1492 1484 47 179 179
trop 1580 1484 47 179 179
trop 1676 1484 47 179 179
trop 1868 1500 18 179 179
trop 1892 1492 18 179 179
trop 2132 1500 101 179 179
dom 2240 1472 268 1 179
dom 2464 1472 283 1 179
trop 2556 1476 19 179 179
dom 2592 1472 282 1 179
trop 2820 1492 18 179 179
stand 3224 1480 165 0 179
trop 3628 1496 73 0 0
trop 3796 1488 127 0 0
trop 3900 1476 33 179 179
stand 712 1528 34 0 179
stand 1128 1528 278 0 179
trop 1212 1516 50 179 179
dom 1792 1504 186 1 179
dom 2048 1504 183 1 179
trop 2556 1532 19 179 179
trop 2692 1508 19 179 179
stand 3000 1528 270 0 179
stand 3288 1528 278 0 179
tree 168 1544 17 0 179
tree 184 1544 16 0 179
tree 216 1544 35 0 179
tree 296 1544 12 0 179
tree 312 1544 15 0 179
tree 520 1560 35 0 179
tree 536 1560 13 0 179
tree 648 1560 14 0 179
tree 664 1560 11 0 179
dom 1248 1536 282 2 179
trop 1428 1540 48 179 179
trop 1420 1540 47 179 179
trop 1420 1564 47 179 179
trop 1532 1556 48 179 179
trop 1628 1548 48 179 179
trop 2228 1564 105 179 179
trop 2324 1556 146 179 179
trop 2620 1556 19 179 179
trop 2676 1564 19 179 179
lay 3384 1544 28 0 179
trop 3572 1536 73 0 0
tree 376 1592 12 0 179
tree 360 1592 11 0 179
tree 520 1576 35 0 179
tree 536 1576 17 0 179
stand 856 1592 256 0 179
trop 1172 1580 44 179 179
trop 1268 1580 48 179 179
trop 1364 1572 48 179 179
trop 1428 1572 146 179 179
trop 1436 1596 48 179 179
dom 1440 1568 183 1 179
trop 1556 1596 47 179 179
trop 1868 1588 19 179 179
trop 2004 1588 19 179 179
trop 2140 1572 146 179 179
trop 2228 1580 146 179 179
trop 2228 1596 95 179 179
trop 2348 1596 95 179 179
trop 2468 1580 19 179 179
trop 2668 1588 19 179 179
trop 2708 1596 18 179 179
lay 3496 1592 19 0 179
lay 3512 1592 20 0 179
tree 312 1624 13 0 179
tree 328 1624 11 0 179
tree 344 1608 0 0 179
tree 360 1608 0 0 179
tree 376 1608 13 0 179
tree 680 1608 13 0 179
tree 696 1608 35 0 179
tree 728 1608 16 0 179
stand 1128 1624 278 0 179
trop 1612 1628 48 179 179
stand 1640 1608 34 0 179
stand 1992 1608 172 1 179
trop 1988 1628 19 179 179
stand 2056 1624 76 1 179
stand 2104 1624 27 0 179
trop 2100 1620 19 179 179
trop 2116 1604 95 179 179
trop 2524 1612 18 179 179
trop 2500 1604 19 179 179
trop 2540 1620 18 179 179
trop 2604 1628 18 179 179
trop 2620 1604 19 179 179
trop 2684 1604 18 179 179
dom 2784 1600 281 1 179
trop 2884 1612 46 179 179
trop 2908 1604 46 179 179
trop 2924 1628 46 179 179
stand 3288 1624 278 0 179
stand 1128 1640 28 0 179
trop 1268 1636 48 179 179
trop 1340 1636 46 179 179
trop 1364 1644 48 179 179
tree 1416 1656 12 1 179
trop 1420 1660 47 179 179
tree 1448 1656 17 1 179
trop 1524 1652 48 179 179
vor 1708 1660 16 179 179
vor 1708 1652 73 179 179
stand 2008 1640 58 1 179
trop 2076 1636 19 179 179
trop 2196 1660 99 179 179
trop 2228 1652 47 179 179
trop 2468 1636 19 179 179
trop 2668 1636 19 179 179
tree 2952 1640 17 0 179
stand 3048 1640 256 0 179
stand 3224 1656 165 0 179
lay 3528 1640 28 0 179
stand 856 1672 263 0 179
tree 1432 1672 35 1 179
tree 1416 1672 15 1 179
trop 1508 1684 48 179 179
trop 1660 1676 18 179 179
trop 1740 1684 73 179 179
dom 1824 1664 75 3 179
trop 1996 1676 47 179 179
stand 2040 1672 254 1 179
trop 2196 1668 19 179 179
trop 2316 1684 47 179 179
trop 2388 1676 146 179 179
trop 2484 1684 146 179 179
trop 2596 1668 19 179 179
trop 2740 1684 19 179 179
trop 2948 1668 18 179 179
cliff 96 1696 17 179 179
cliff 128 1696 18 179 179
stand 1128 1720 278 0 179
trop 1172 1724 44 179 179
dom 1248 1696 186 2 179
trop 1332 1700 18 179 179
trop 1420 1700 48 179 179
trop 1580 1716 48 179 179
trop 1644 1700 24 179 179
dom 1632 1696 186 2 179
trop 1724 1716 24 179 179
vor 1916 1724 88 179 179
trop 1916 1724 47 179 179
trop 1908 1700 47 179 179
dom 1952 1696 189 1 179
trop 2028 1724 19 179 179
dom 2048 1696 189 2 179
stand 2152 1720 18 1 179
trop 2172 1716 19 179 179
trop 2372 1724 19 179 179
trop 2380 1724 47 179 179
trop 2372 1700 47 179 179
trop 2596 1708 19 179 179
stand 2648 1720 180 0 179
stand 2632 1720 180 0 179
trop 2804 1700 19 179 179
trop 2900 1724 44 179 179
stand 3288 1720 278 0 179
stand 216 1752 257 0 179
stand 296 1752 257 0 179
stand 632 1752 257 0 179
stand 696 1752 257 0 179
stand 776 1752 262 0 179
trop 1260 1732 48 179 179
trop 1780 1732 18 179 179
trop 1868 1756 47 179 179
trop 1892 1748 19 179 179
trop 2116 1756 146 179 179
stand 2168 1752 175 1 179
trop 2292 1748 19 179 179
trop 2436 1740 65 179 179
trop 2516 1748 18 179 179
dom 2496 1728 73 2 179
trop 2580 1748 18 179 179
trop 2580 1740 18 179 179
stand 2680 1736 190 0 179
trop 2700 1748 19 179 179
trop 2692 1756 18 179 179
trop 2836 1740 18 179 179
stand 2856 1752 1 0 179
trop 2948 1748 18 179 179
stand 3048 1736 256 0 179
dom 3392 1728 139 0 179
trop 1348 1788 18 179 179
trop 1372 1788 46 179 179
trop 1420 1788 48 179 179
trop 1508 1772 48 179 179
trop 1596 1780 48 179 179
trop 1628 1764 18 179 179
trop 1652 1772 24 179 179
trop 1748 1780 73 179 179
trop 2140 1764 18 179 179
stand 2168 1768 72 1 179
stand 2216 1784 241 1 179
trop 2356 1780 145 179 179
dom 2336 1760 72 1 179
stand 2616 1784 178 0 179
trop 2612 1764 19 179 179
stand 2648 1784 179 0 179
trop 2652 1788 18 179 179
trop 2668 1764 18 179 179
trop 2692 1780 19 179 179
trop 2796 1772 18 179 179
trop 2828 1764 18 179 179
tree 2952 1768 14 0 179
trop 3580 1772 119 179 179
stand 1128 1816 278 0 179
trop 1268 1820 18 179 179
trop 1332 1796 48 179 179
trop 1540 1804 19 179 179
vor 1716 1820 72 179 179
trop 1724 1812 24 179 179
trop 1788 1804 18 179 179
trop 1948 1812 19 179 179
stand 1960 1816 202 1 179
trop 1980 1796 146 179 179
trop 2004 1804 19 179 179
vor 2020 1812 9 179 179
trop 2052 1804 19 179 179
stand 2152 1816 26 1 179
trop 2164 1796 18 179 179
stand 2200 1816 253 1 179
stand 2216 1800 194 1 179
trop 2276 1820 46 179 179
trop 2444 1812 65 179 179
trop 2572 1820 18 179 179
trop 2636 1804 19 179 179
trop 2644 1796 18 179 179
stand 2680 1800 191 0 179
stand 2712 1800 194 1 179
trop 2708 1804 18 179 179
trop 2948 1796 18 179 179
stand 3288 1816 278 0 179
tree 3768 1800 41 0 179
trop 1252 1828 48 179 179
dom 1632 1824 186 1 179
vor 1732 1836 72 179 179
vor 2172 1844 65 179 179
trop 2204 1828 18 179 179
trop 2268 1844 146 179 179
trop 2252 1844 18 179 179
trop 2260 1836 18 179 179
trop 2324 1828 147 179 179
trop 2532 1852 65 179 179
trop 2612 1828 18 179 179
trop 2644 1844 19 179 179
trop 2716 1852 18 179 179
trop 2708 1844 18 179 179
trop 2724 1828 19 179 179
trop 2828 1852 46 179 179
stand 3048 1832 256 0 179
stand 3288 1832 278 0 179
dom 3296 1824 136 0 179
stand 1128 1880 28 0 179
trop 1164 1884 44 179 179
dom 1216 1856 268 2 179
trop 1292 1884 18 179 179
stand 1320 1880 10 0 179
trop 1396 1876 46 179 179
trop 1412 1876 24 179 179
trop 1412 1884 46 179 179
trop 1508 1884 24 179 179
dom 1504 1856 183 2 179
trop 1588 1860 24 179 179
trop 2332 1876 146 179 179
trop 2340 1876 145 179 179
trop 2372 1860 65 179 179
trop 2388 1868 95 179 179
trop 2412 1868 146 179 179
trop 2492 1876 95 179 179
trop 2620 1876 18 179 179
trop 2636 1884 65 179 179
stand 2728 1864 194 1 179
dom 2784 1856 279 1 179
trop 2900 1884 44 179 179
trop 2956 1884 18 179 179
most 416 1888 34 3 179
stand 1128 1912 278 0 179
trop 1188 1892 46 179 179
trop 1260 1916 48 179 179
trop 1260 1892 46 179 179
trop 1324 1892 24 179 179
stand 1576 1896 34 0 179
trop 1628 1916 72 179 179
vor 1724 1900 40 179 179
trop 1740 1892 18 179 179
trop 1796 1916 73 179 179
vor 2388 1892 1 179 179
tree 2424 1912 2 0 179
tree 2424 1896 40 0 179
trop 2404 1900 95 179 179
trop 2540 1900 65 179 179
trop 2636 1900 18 179 179
trop 3556 1892 18 179 179
trop 1188 1932 46 179 179
vor 1396 1940 72 179 179
trop 1540 1940 18 179 179
trop 1620 1932 18 179 179
trop 1684 1932 19 179 179
trop 1724 1932 18 179 179
trop 1756 1948 72 179 179
trop 1788 1940 18 179 179
trop 1796 1924 18 179 179
trop 2228 1948 18 179 179
trop 2212 1924 18 179 179
trop 2388 1940 96 179 179
trop 2388 1924 147 179 179
vor 2420 1948 25 179 179
trop 2468 1948 146 179 179
trop 2556 1948 65 179 179
trop 2636 1932 18 179 179
trop 2684 1948 16 179 179
tree 2952 1928 14 0 179
stand 3048 1928 256 0 179
trop 1348 1980 48 179 179
trop 1404 1956 24 179 179
trop 1484 1956 24 179 179
vor 1588 1980 33 179 179
vor 1628 1964 65 179 179
trop 1660 1972 19 179 179
vor 1684 1972 16 179 179
dom 1984 1952 83 0 179
trop 2236 1980 18 179 179
trop 2220 1956 18 179 179
dom 2336 1952 186 2 179
trop 2372 1980 65 179 179
trop 2396 1964 145 179 179
trop 2460 1964 96 179 179
trop 2468 1980 94 179 179
trop 2500 1980 145 179 179
trop 2556 1964 65 179 179
dom 2592 1952 84 2 179
trop 2660 1964 18 179 179
trop 2828 1964 46 179 179
trop 2940 1980 18 179 179
tree 2952 1976 35 0 179
stand 3256 1960 165 0 179
stand 3288 1960 266 0 179
stand 3384 1976 165 0 179
stand 1128 2008 278 0 179
trop 1260 2012 48 179 179
trop 1340 2004 19 179 179
trop 1420 2004 19 179 179
trop 1492 2004 19 179 179
trop 1772 2004 19 179 179
dom 1856 1984 84 0 179
dom 2112 1984 84 0 179
trop 2396 2004 147 179 179
trop 2420 1996 146 179 179
trop 2404 1988 112 179 179
trop 2524 2012 65 179 179
trop 2620 2004 18 179 179
trop 2620 1988 65 179 179
tree 2952 2008 35 0 179
dom 3840 1984 73 0 179
trop 1164 2044 44 179 179
dom 1152 2016 281 1 179
trop 1372 2044 19 179 179
trop 1348 2036 48 179 179
stand 1512 2040 28 0 179
trop 2228 2044 94 179 179
trop 2244 2036 18 179 179
vor 2308 2028 17 179 179
tree 2424 2040 34 0 179
trop 2404 2044 146 179 179
trop 2428 2028 146 179 179
trop 2452 2028 147 179 179
trop 2476 2020 146 179 179
trop 2644 2036 18 179 179
vor 2700 2036 65 179 179
dom 2784 2016 280 1 179
trop 2900 2044 44 179 179
trop 2948 2028 18 179 179
stand 3048 2024 256 0 179
stand 3432 2040 257 0 179
stand 3464 2040 257 0 179
stand 3560 2040 264 0 179
dom 3712 2016 72 0 179
trop 1212 2068 46 179 179
trop 1308 2060 46 179 179
trop 1420 2052 19 179 179
trop 1452 2052 19 179 179
trop 1492 2052 19 179 179
trop 2252 2060 16 179 179
trop 2276 2060 94 179 179
trop 2444 2076 65 179 179
trop 2556 2060 65 179 179
trop 2628 2076 18 179 179
stand 1128 2104 278 0 179
trop 1260 2108 48 179 179
trop 1252 2084 46 179 179
trop 1356 2100 48 179 179
trop 1388 2100 24 179 179
trop 1468 2092 24 179 179
tree 1704 2088 41 0 179
trop 1780 2084 19 179 179
trop 1788 2092 18 179 179
stand 1992 2104 144 0 179
dom 2560 2080 85 2 179
trop 2612 2108 18 179 179
trop 2652 2100 65 179 179
trop 2700 2108 16 179 179
trop 2876 2100 96 179 179
dom 1440 2112 198 1 179
trop 1748 2116 18 179 179
vor 2260 2132 0 179 179
dom 2336 2112 161 2 179
trop 2492 2116 65 179 179
trop 2580 2140 65 179 179
trop 2836 2140 46 179 179
trop 2836 2116 46 179 179
trop 2956 2116 18 179 179
stand 3048 2120 256 0 179
cliff 128 2160 124 179 179
cliff 160 2160 123 179 179
cliff 192 2160 123 179 179
stand 296 2152 290 0 179
trop 1500 2148 18 179 179
vor 1532 2164 64 179 179
tree 1704 2152 41 0 179
trop 1756 2156 19 179 179
trop 1740 2156 18 179 179
trop 1868 2156 19 179 179
vor 1932 2172 16 179 179
trop 2028 2172 19 179 179
trop 2340 2172 17 179 179
dom 2432 2144 139 1 179
trop 2612 2164 19 179 179
stand 3624 2152 278 0 179
tree 168 2200 17 0 179
stand 1128 2200 278 0 179
trop 1164 2204 44 179 179
trop 1260 2196 48 179 179
trop 1308 2180 46 179 179
trop 1348 2196 48 179 179
trop 1380 2188 24 179 179
trop 1468 2180 24 179 179
trop 1564 2204 18 179 179
trop 1756 2204 24 179 179
vor 1892 2180 9 179 179
trop 1900 2180 17 179 179
trop 2004 2180 19 179 179
trop 2052 2180 17 179 179
vor 2116 2188 9 179 179
trop 2124 2180 19 179 179
trop 2188 2180 17 179 179
stand 2248 2184 59 1 179
trop 2244 2204 18 179 179
trop 2452 2196 19 179 179
trop 2548 2180 19 179 179
trop 2636 2180 19 179 179
trop 2668 2204 19 179 179
trop 2668 2196 19 179 179
dom 2784 2176 269 1 179
trop 2828 2196 46 179 179
trop 2900 2204 44 179 179
trop 2892 2180 96 179 179
trop 2940 2180 18 179 179
tree 2952 2200 10 0 179
tree 280 2216 14 0 179
stand 696 2216 276 0 179
trop 1180 2212 46 179 179
dom 1152 2208 280 1 179
trop 1564 2228 18 179 179
trop 1628 2236 18 179 179
trop 1604 2212 18 179 179
trop 1604 2220 18 179 179
trop 1676 2212 24 179 179
trop 1892 2212 19 179 179
trop 1980 2220 19 179 179
trop 2020 2212 19 179 179
trop 2164 2220 19 179 179
vor 2156 2212 74 179 179
trop 2196 2228 19 179 179
trop 2244 2212 18 179 179
trop 2260 2220 18 179 179
trop 2252 2228 18 179 179
trop 2292 2236 19 179 179
vor 2396 2236 1 179 179
vor 2380 2228 0 179 179
trop 2380 2236 19 179 179
trop 2452 2212 17 179 179
trop 2436 2228 19 179 179
trop 2524 2236 19 179 179
trop 2564 2236 19 179 179
trop 2588 2220 17 179 179
trop 2564 2228 19 179 179
stand 2648 2216 195 1 179
trop 2628 2236 19 179 179
trop 2636 2228 19 179 179
trop 2660 2212 19 179 179
trop 2740 2220 19 179 179
stand 3048 2216 256 0 179
trop 1292 2268 46 179 179
dom 1408 2240 186 1 179
trop 1460 2260 24 179 179
trop 1532 2260 24 179 179
trop 1764 2268 24 179 179
trop 1780 2244 18 179 179
trop 2196 2244 19 179 179
trop 2244 2244 18 179 179
trop 2332 2268 19 179 179
trop 2356 2252 18 179 179
trop 2340 2244 19 179 179
trop 2404 2268 18 179 179
trop 2436 2260 19 179 179
trop 2524 2260 19 179 179
trop 2508 2260 19 179 179
trop 2540 2244 19 179 179
trop 2556 2260 19 179 179
trop 2564 2252 19 179 179
trop 2604 2260 19 179 179
trop 2820 2260 46 179 179
stand 3624 2248 278 0 179
tree 200 2296 16 0 179
tree 296 2296 0 0 179
stand 360 2296 25 0 179
stand 1128 2296 278 0 179
trop 1260 2292 48 179 179
trop 1348 2292 48 179 179
trop 1380 2276 24 179 179
trop 1676 2276 24 179 179
dom 1824 2272 268 1 179
trop 1876 2300 47 179 179
trop 2196 2292 19 179 179
trop 2300 2284 19 179 179
trop 2284 2300 18 179 179
trop 2412 2276 19 179 179
trop 2468 2276 18 179 179
trop 2636 2276 19 179 179
trop 2676 2300 19 179 179
trop 2772 2292 19 179 179
trop 2836 2292 46 179 179
trop 2948 2284 18 179 179
tree 2952 2280 17 0 179
tree 232 2312 11 0 179
trop 420 2324 103 179 179
trop 476 2332 108 179 179
trop 484 2308 98 179 179
trop 516 2316 98 179 179
tree 536 2312 16 0 179
tree 552 2328 15 0 179
trop 1220 2316 46 179 179
trop 1316 2324 46 179 179
stand 1336 2328 166 0 179
trop 1532 2308 18 179 179
trop 1548 2316 18 179 179
trop 1540 2316 18 179 179
trop 1564 2324 18 179 179
trop 1588 2308 18 179 179
trop 1628 2332 47 179 179
dom 1664 2304 267 1 179
trop 1772 2332 47 179 179
trop 1828 2316 47 179 179
trop 1900 2316 47 179 179
trop 2244 2332 18 179 179
trop 2292 2324 18 179 179
trop 2308 2332 19 179 179
dom 2336 2304 85 2 179
trop 2596 2332 26 179 179
dom 2592 2304 74 2 179
trop 2684 2316 18 179 179
trop 2748 2324 19 179 179
trop 2820 2308 97 179 179
tree 2952 2328 10 0 179
stand 3048 2312 256 0 179
trop 356 2364 104 179 179
trop 460 2340 108 179 179
stand 776 2360 256 0 179
stand 1128 2360 17 0 179
trop 1164 2364 44 179 179
trop 1300 2348 48 179 179
trop 1380 2364 48 179 179
trop 1420 2356 48 179 179
trop 1484 2356 24 179 179
stand 1560 2360 32 0 179
trop 1620 2364 18 179 179
trop 1708 2364 47 179 179
trop 1804 2340 46 179 179
trop 1852 2340 19 179 179
trop 1900 2340 47 179 179
trop 1988 2356 19 179 179
dom 2112 2336 84 2 179
trop 2228 2356 19 179 179
trop 2244 2364 18 179 179
trop 2332 2356 26 179 179
trop 2412 2348 26 179 179
trop 2484 2364 26 179 179
trop 2516 2340 26 179 179
trop 2572 2364 26 179 179
trop 2836 2364 46 179 179
trop 2900 2356 44 179 179
trop 2956 2348 18 179 179
stand 3624 2344 278 0 179
trop 164 2380 109 179 179
trop 196 2396 95 179 179
trop 356 2396 95 179 179
trop 388 2372 104 179 179
trop 468 2396 109 179 179
trop 492 2372 115 179 179
trop 532 2388 101 179 179
trop 564 2380 121 179 179
stand 776 2392 256 0 179
stand 1128 2392 278 0 179
trop 1220 2372 18 179 179
trop 1236 2380 19 179 179
trop 1260 2388 19 179 179
trop 1620 2372 18 179 179
trop 1652 2380 47 179 179
trop 1644 2388 19 179 179
trop 1684 2396 47 179 179
trop 1908 2396 19 179 179
trop 1948 2396 19 179 179
vor 1988 2388 1 179 179
trop 2012 2380 19 179 179
vor 2036 2396 16 179 179
vor 2236 2388 1 179 179
trop 2244 2380 18 179 179
trop 2332 2380 19 179 179
trop 2308 2396 19 179 179
trop 2348 2388 19 179 179
stand 2488 2392 172 1 179
stand 2520 2392 195 1 179
stand 2504 2392 47 1 179
trop 2516 2388 19 179 179
trop 2540 2388 18 179 179
stand 2840 2376 1 0 179
trop 2884 2380 96 179 179
tree 2952 2392 13 0 179
trop 276 2404 101 179 179
trop 340 2412 109 179 179
trop 492 2404 95 179 179
trop 516 2412 101 179 179
trop 532 2420 115 179 179
trop 1228 2420 19 179 179
trop 1268 2412 19 179 179
trop 1324 2428 19 179 179
trop 1348 2404 19 179 179
trop 1572 2412 19 179 179
trop 1988 2404 19 179 179
vor 2220 2404 64 179 179
stand 2232 2424 170 1 179
vor 2268 2412 16 179 179
trop 2284 2412 19 179 179
trop 2348 2428 19 179 179
trop 2396 2428 18 179 179
trop 2412 2404 19 179 179
stand 2488 2424 154 1 179
stand 2504 2408 62 1 179
trop 2516 2404 19 179 179
trop 2580 2404 19 179 179
trop 2700 2412 19 179 179
trop 2844 2404 46 179 179
trop 2940 2412 18 179 179
stand 3048 2408 256 0 179
stand 216 2440 188 0 179
stand 280 2456 181 0 179
trop 428 2436 117 179 179
trop 484 2444 100 179 179
trop 1268 2436 19 179 179
trop 1292 2444 47 179 179
trop 1340 2444 19 179 179
trop 1364 2452 47 179 179
trop 1380 2452 47 179 179
trop 1444 2444 47 179 179
trop 1604 2460 47 179 179
trop 1716 2436 47 179 179
trop 1772 2444 46 179 179
trop 1876 2436 18 179 179
trop 2028 2452 19 179 179
trop 2068 2452 19 179 179
trop 2204 2452 24 179 179
stand 2248 2456 72 1 179
stand 2280 2456 62 1 179
vor 2332 2436 9 179 179
trop 2308 2460 18 179 179
trop 2468 2436 18 179 179
trop 2476 2452 18 179 179
trop 2484 2460 18 179 179
trop 2764 2460 46 179 179
dom 2784 2432 269 1 179
trop 2804 2436 46 179 179
trop 2844 2444 46 179 179
trop 2884 2436 96 179 179
tree 2952 2456 14 0 179
stand 3560 2440 280 0 179
stand 248 2472 180 0 179
stand 232 2472 180 0 179
trop 436 2476 99 179 179
trop 444 2484 69 179 179
trop 676 2484 102 179 179
stand 776 2488 256 0 179
stand 1128 2488 278 0 179
trop 1284 2492 24 179 179
trop 1372 2492 24 179 179
trop 1420 2484 47 179 179
trop 2268 2476 19 179 179
stand 2248 2472 192 1 179
stand 2248 2488 191 1 179
trop 2356 2468 19 179 179
trop 2348 2492 18 179 179
trop 2348 2468 18 179 179
trop 2372 2492 19 179 179
trop 2412 2492 18 179 179
trop 2644 2476 19 179 179
trop 2908 2484 96 179 179
trop 2948 2476 18 179 179
tree 184 2520 15 0 179
stand 312 2520 184 0 179
stand 312 2504 184 0 179
trop 380 2524 102 179 179
trop 452 2516 99 179 179
trop 524 2524 18 179 179
trop 660 2524 102 179 179
trop 1164 2516 44 179 179
trop 1308 2524 47 179 179
trop 1356 2508 202 179 179
trop 1348 2500 197 179 179
trop 1452 2524 47 179 179
trop 1692 2524 47 179 179
trop 1692 2516 46 179 179
trop 1820 2500 46 179 179
trop 1900 2508 18 179 179
dom 1984 2496 185 1 179
trop 2212 2516 24 179 179
trop 2284 2516 24 179 179
trop 2340 2500 19 179 179
trop 2900 2516 44 179 179
tree 2952 2504 13 0 179
stand 3048 2504 256 0 179
stand 3400 2504 279 0 179
stand 3480 2504 277 0 179
tree 216 2536 14 0 179
trop 612 2540 18 179 179
trop 660 2556 102 179 179
stand 1128 2552 17 0 179
dom 1248 2528 161 1 179
trop 1260 2540 47 179 179
trop 1372 2540 24 179 179
dom 1504 2528 280 1 179
trop 1652 2556 47 179 179
dom 2112 2528 281 1 179
trop 2332 2548 24 179 179
trop 2748 2540 46 179 179
trop 2828 2548 46 179 179
tree 3912 2552 41 0 179
trop 556 2572 150 179 179
trop 596 2588 150 179 179
stand 776 2584 256 0 179
stand 1128 2584 278 0 179
trop 1236 2580 47 179 179
trop 1284 2588 47 179 179
trop 1364 2588 47 179 179
dom 1376 2560 267 1 179
trop 1484 2588 47 179 179
trop 1476 2580 47 179 179
trop 1580 2588 47 179 179
trop 1740 2572 46 179 179
dom 1984 2560 186 1 179
trop 2180 2564 24 179 179
trop 2324 2572 18 179 179
dom 2432 2560 282 1 179
dom 2656 2560 267 1 179
trop 2684 2564 19 179 179
trop 2732 2564 19 179 179
trop 2764 2588 19 179 179
trop 2828 2580 46 179 179
trop 2940 2564 18 179 179
stand 3400 2584 278 0 179
dom 3456 2560 161 0 179
lay 344 2616 5 0 179
trop 380 2620 96 179 179
stand 376 2600 4 0 179
trop 492 2620 148 179 179
trop 676 2596 96 179 179
trop 1228 2612 47 179 179
trop 1300 2596 47 179 179
trop 1452 2612 47 179 179
dom 1664 2592 193 1 179
dom 1792 2592 183 1 179
trop 1868 2620 46 179 179
trop 1908 2596 18 179 179
trop 2148 2620 24 179 179
trop 2236 2612 24 179 179
trop 2316 2604 24 179 179
trop 2404 2612 24 179 179
trop 2484 2604 24 179 179
trop 2588 2596 24 179 179
stand 2808 2616 2 0 179
stand 3048 2600 256 0 179
trop 404 2636 108 179 179
trop 436 2636 62 179 179
trop 588 2644 18 179 179
trop 660 2644 148 179 179
stand 1128 2632 278 0 179
trop 1556 2636 19 179 179
trop 1620 2644 19 179 179
trop 1652 2628 146 179 179
trop 1652 2644 19 179 179
trop 1732 2636 19 179 179
trop 1812 2644 19 179 179
trop 1860 2636 19 179 179
trop 2612 2628 19 179 179
trop 2596 2628 19 179 179
trop 2724 2628 19 179 179
trop 2756 2636 19 179 179
trop 2940 2644 18 179 179
tree 2936 2648 11 0 179
stand 3048 2632 256 0 179
trop 540 2684 146 179 179
trop 612 2684 146 179 179
trop 676 2684 96 179 179
stand 776 2680 256 0 179
trop 1204 2668 56 179 179
trop 1332 2668 61 179 179
trop 1708 2660 19 179 179
trop 1940 2676 19 179 179
trop 1956 2684 19 179 179
trop 2300 2660 19 179 179
trop 2500 2660 19 179 179
trop 2636 2684 97 179 179
trop 2724 2660 19 179 179
trop 2772 2684 47 179 179
trop 2756 2676 97 179 179
trop 2804 2668 47 179 179
trop 2788 2684 47 179 179
trop 2900 2676 49 179 179
stand 3400 2680 278 0 179
trop 3612 2668 18 179 179
trop 380 2700 96 179 179
trop 564 2700 148 179 179
trop 1388 2700 20 179 179
trop 1532 2700 17 179 179
trop 1692 2700 17 179 179
trop 1844 2700 17 179 179
trop 1988 2692 19 179 179
trop 2068 2700 17 179 179
trop 2220 2700 17 179 179
trop 2372 2700 17 179 179
trop 2524 2700 17 179 179
trop 2684 2700 17 179 179
trop 2812 2716 19 179 179
trop 2868 2716 19 179 179
stand 3336 2696 165 0 179
dom 3456 2688 186 0 179
stand 184 2728 9 0 179
stand 296 2728 9 0 179
trop 388 2748 72 179 179
stand 1128 2728 266 0 179
stand 3048 2728 263 0 179
trop 3412 2740 18 179 179
tree 3720 2744 41 0 179
trop 148 2764 97 179 179
trop 188 2756 105 179 179
trop 164 2756 72 179 179
trop 204 2764 121 179 179
trop 268 2764 97 179 179
trop 292 2772 72 179 179
trop 340 2756 104 179 179
trop 492 2772 148 179 179
trop 628 2756 150 179 179
trop 660 2756 148 179 179
stand 776 2776 256 0 179
stand 3400 2776 278 0 179
stand 200 2808 181 0 179
trop 260 2804 101 179 179
trop 348 2804 72 179 179
trop 404 2812 108 179 179
trop 444 2812 62 179 179
trop 556 2812 146 179 179
stand 1272 2808 257 0 179
stand 1288 2808 257 0 179
stand 1384 2808 257 0 179
stand 1480 2808 257 0 179
stand 1576 2808 257 0 179
stand 1672 2808 257 0 179
stand 1768 2808 257 0 179
stand 2104 2808 257 0 179
stand 2168 2808 257 0 179
stand 2216 2808 257 0 179
stand 2552 2808 257 0 179
stand 2568 2808 257 0 179
stand 2664 2808 257 0 179
stand 2760 2808 257 0 179
stand 2856 2808 257 0 179
stand 2968 2808 262 0 179
trop 180 2828 100 179 179
stand 168 2840 180 0 179
stand 184 2840 180 0 179
stand 216 2840 182 0 179
stand 264 2840 166 0 179
trop 636 2820 146 179 179
stand 760 2840 265 0 179
stand 3336 2824 165 0 179
tree 3704 2840 41 0 179
trop 556 2868 153 179 179
stand 904 2872 165 0 179
stand 3400 2872 278 0 179
dom 3424 2848 184 0 179
lay 328 2904 4 0 179
trop 388 2892 102 179 179
trop 412 2884 73 179 179
trop 612 2892 153 179 179
trop 380 2932 102 179 179
trop 396 2924 116 179 179
trop 532 2924 153 179 179
trop 548 2940 146 179 179
trop 604 2940 153 179 179
trop 612 2916 153 179 179
tree 776 2936 35 0 179
stand 888 2936 277 0 179
stand 1000 2936 276 0 179
stand 1016 2920 165 0 179
dom 224 2944 286 1 179
stand 376 2952 4 0 179
trop 452 2972 66 179 179
trop 492 2964 148 179 179
trop 628 2948 146 179 179
trop 660 2972 148 179 179
trop 724 2956 69 179 179
tree 760 2952 14 0 179
tree 776 2952 10 0 179
stand 952 2968 152 0 179
most 1888 2944 34 0 179
most 2336 2944 34 0 179
stand 3064 2968 165 0 179
stand 3224 2968 165 0 179
stand 3336 2968 280 0 179
lay 152 3000 3 0 179
trop 412 3004 73 179 179
trop 532 2980 46 179 179
trop 572 2980 148 179 179
tree 792 2984 11 0 179
trop 396 3036 103 179 179
stand 776 3032 27 0 179
trop 796 3028 65 179 179
tree 824 3016 17 0 179
tree 840 3016 12 0 179
stand 1016 3016 165 0 179
stand 3064 3032 279 0 179
stand 3144 3032 277 0 179
stand 3240 3032 277 0 179
trop 3836 3036 14 179 179
trop 148 3068 97 179 179
trop 148 3060 72 179 179
trop 340 3068 104 179 179
trop 356 3060 72 179 179
trop 428 3068 168 179 179
trop 548 3068 146 179 179
trop 196 3076 97 179 179
trop 284 3084 72 179 179
trop 292 3076 97 179 179
trop 468 3100 162 179 179
trop 628 3076 146 179 179
tree 760 3080 15 0 179
tree 760 3096 11 0 179
stand 1080 3080 256 0 179
stand 3000 3096 165 0 179
dom 3168 3072 141 0 179
stand 3706 3101 162 0 179
stand 3722 3085 159 0 179
dom 3844 3095 244 0 179
trop 332 3132 144 179 179
trop 556 3124 153 179 179
trop 548 3116 153 179 179
trop 724 3108 62 179 179
trop 884 3108 65 179 179
stand 3064 3112 278 0 179
trop 3472 3107 65 179 179
trop 3488 3107 65 179 179
trop 3534 3129 96 179 179
tree 3610 3133 14 0 179
stand 3738 3117 159 0 179
stand 3722 3117 156 0 179
stand 3722 3133 160 0 179
trop 516 3148 153 179 179
trop 620 3148 153 179 179
stand 1016 3144 165 0 179
trop 3388 3140 72 179 179
trop 3456 3155 65 179 179
trop 3616 3139 65 179 179
stand 3642 3149 179 0 179
stand 3626 3165 178 1 179
tree 3690 3149 16 0 179
stand 3754 3165 185 0 179
trop 3776 3155 65 179 179
trop 3880 3155 65 179 179
trop 164 3196 146 179 179
trop 228 3188 146 179 179
trop 324 3196 146 179 179
trop 412 3196 146 179 179
trop 412 3196 152 179 179
trop 388 3196 144 179 179
trop 412 3172 47 179 179
trop 492 3196 146 179 179
trop 556 3196 146 179 179
trop 660 3172 148 179 179
trop 852 3172 65 179 179
stand 1080 3176 256 0 179
stand 3468 3199 159 0 179
trop 3526 3169 104 179 179
stand 3560 3192 12 0 179
trop 3646 3193 105 179 179
trop 3728 3171 65 179 179
stand 3802 3181 180 0 179
stand 3786 3197 184 0 179
stand 3818 3197 179 0 179
trop 348 3220 47 179 179
trop 628 3204 146 179 179
trop 628 3212 153 179 179
tree 776 3208 10 0 179
stand 1784 3208 165 0 179
stand 2840 3208 165 0 179
stand 3000 3208 280 0 179
tree 3080 3224 41 0 179
stand 3452 3215 157 0 179
stand 3468 3215 159 0 179
stand 3484 3215 156 0 179
trop 3526 3225 73 179 179
stand 3786 3213 183 0 179
stand 3818 3213 178 0 179
dom 3844 3223 244 0 179
trop 3868 3212 68 179 179
trop 316 3260 144 179 179
trop 780 3236 65 179 179
tree 792 3256 16 0 179
tree 808 3256 11 0 179
tree 856 3256 15 0 179
stand 2216 3256 179 0 179
trop 3390 3249 97 179 179
stand 3452 3247 156 0 179
stand 3436 3263 157 0 179
trop 3462 3233 104 179 179
trop 3510 3249 94 179 179
trop 3574 3249 97 179 179
trop 3670 3241 95 179 179
trop 3726 3249 97 179 179
trop 3814 3241 105 179 179
trop 3936 3251 65 179 179
trop 476 3292 160 179 179
trop 724 3292 62 179 179
tree 760 3272 11 0 179
tree 824 3272 14 0 179
tree 856 3272 12 0 179
stand 1016 3288 165 0 179
stand 1080 3272 256 0 179
stand 1544 3272 279 0 179
stand 1624 3272 277 0 179
zabor 1648 3280 64 1 8
zabor 1680 3280 65 1 8
zabor 1712 3280 64 1 8
stand 1720 3272 277 0 179
zabor 1744 3280 66 1 8
zabor 1776 3280 66 1 8
zabor 1808 3280 64 1 8
stand 1816 3272 277 0 179
zabor 1840 3280 65 1 8
trop 1900 3284 97 179 179
stand 2136 3272 277 0 179
trop 2124 3284 97 179 179
stand 2232 3272 277 0 179
stand 2264 3272 277 0 179
trop 2252 3284 97 179 179
trop 2420 3284 90 179 179
stand 2552 3272 277 0 179
stand 2616 3272 277 0 179
stand 2712 3272 277 0 179
stand 2808 3272 277 0 179
stand 2904 3272 277 0 179
tree 2984 3288 41 0 179
trop 3180 3292 65 179 179
trop 3430 3289 101 179 179
trop 3864 3291 65 179 179
trop 3910 3273 101 179 179
trop 180 3300 63 179 179
trop 260 3300 63 179 179
trop 436 3324 154 179 179
trop 564 3324 146 179 179
stand 776 3320 27 0 179
stand 1480 3320 165 0 179
zabor 1840 3312 65 1 8
stand 2120 3304 181 0 179
trop 2364 3316 15 179 179
stand 2728 3320 189 0 179
dom 2816 3296 199 0 179
lay 3450 3325 3 0 179
trop 3542 3297 107 179 179
trop 3614 3313 99 179 179
trop 3598 3321 98 179 179
trop 3662 3305 97 179 179
trop 3822 3297 97 179 179
trop 3846 3297 72 179 179
dom 192 3328 250 0 179
stand 280 3336 10 0 179
trop 412 3340 71 179 179
trop 636 3332 146 179 179
tree 760 3352 35 0 179
stand 1544 3352 278 0 179
zabor 1840 3344 65 1 8
dom 2048 3328 199 0 179
trop 2436 3356 18 179 179
trop 3838 3337 101 179 179
lay 3930 3341 5 0 179
tree 136 3368 35 0 179
tree 152 3368 13 0 179
dom 192 3360 250 0 179
lay 280 3368 3 0 179
trop 660 3380 148 179 179
tree 760 3368 14 0 179
trop 804 3372 65 179 179
stand 1080 3368 256 0 179
zabor 1552 3376 66 1 8
dom 1664 3360 83 0 179
zabor 1840 3376 64 1 8
trop 1900 3372 46 179 179
trop 2068 3372 18 179 179
trop 2084 3380 18 179 179
trop 2748 3364 15 179 179
tree 3128 3368 32 0 179
trop 3486 3385 96 179 179
trop 3614 3361 100 179 179
stand 3722 3389 161 0 179
stand 3738 3389 160 0 179
stand 3754 3389 181 1 179
trop 3782 3361 100 179 179
stand 3802 3373 160 0 179
tree 152 3400 17 0 179
stand 264 3400 3 0 179
trop 572 3420 148 179 179
tree 760 3400 11 0 179
zabor 1552 3408 65 1 8
stand 1544 3416 278 0 179
zabor 1584 3408 66 1 8
zabor 1840 3408 64 1 8
stand 2008 3416 180 0 179
trop 2524 3404 15 179 179
stand 2744 3416 181 0 179
trop 2732 3412 18 179 179
trop 3542 3409 96 179 179
trop 3646 3409 106 179 179
trop 3630 3401 100 179 179
stand 3644 3423 189 0 179
stand 3676 3423 188 0 179
trop 3704 3395 104 179 179
stand 3722 3405 156 0 179
dom 3716 3415 246 0 179
trop 3760 3395 65 179 179
dom 3812 3415 245 0 179
trop 3884 3420 18 179 179
trop 148 3452 63 179 179
trop 404 3428 74 179 179
trop 428 3452 168 179 179
trop 540 3428 153 179 179
trop 548 3452 146 179 179
trop 612 3436 153 179 179
trop 756 3444 70 179 179
stand 1032 3432 165 0 179
stand 1160 3432 165 0 179
stand 1304 3432 165 0 179
stand 1432 3432 165 0 179
stand 1624 3448 164 0 179
trop 1764 3452 19 179 179
zabor 1808 3440 65 1 8
zabor 1840 3440 66 1 8
trop 1892 3444 46 179 179
stand 2744 3432 180 0 179
lay 3112 3432 28 0 179
tree 3128 3424 24 0 179
trop 3464 3427 65 179 179
trop 3526 3425 73 179 179
trop 3796 3452 18 179 179
trop 252 3460 63 179 179
trop 468 3484 162 179 179
trop 636 3460 146 179 179
trop 620 3476 153 179 179
trop 844 3484 67 179 179
stand 1608 3464 165 0 179
trop 1692 3476 46 179 179
stand 1768 3464 165 0 179
stand 1864 3464 152 0 179
trop 1900 3468 19 179 179
trop 2132 3460 18 179 179
trop 2404 3460 19 179 179
trop 3320 3483 107 179 179
trop 3344 3467 65 179 179
trop 3328 3483 107 179 179
trop 3384 3459 65 179 179
stand 3592 3464 12 0 179
trop 3646 3457 105 179 179
stand 3772 3487 156 0 179
trop 3848 3475 65 179 179
trop 332 3516 144 179 179
trop 604 3508 153 179 179
trop 716 3492 75 179 179
most 1216 3488 35 0 179
trop 1828 3508 19 179 179
trop 2060 3492 18 179 179
stand 2360 3512 189 0 179
trop 2364 3500 18 179 179
trop 2636 3500 15 179 179
trop 3328 3507 97 179 179
trop 3408 3507 97 179 179
trop 3424 3491 107 179 179
trop 3432 3499 107 179 179
trop 3496 3507 104 179 179
stand 3658 3517 161 0 179
trop 3720 3491 101 179 179
stand 3772 3503 156 0 179
trop 3760 3491 65 179 179
trop 3856 3515 65 179 179
trop 428 3548 47 179 179
trop 548 3524 153 179 179
trop 1748 3524 47 179 179
trop 1892 3540 47 179 179
trop 2028 3548 19 179 179
trop 2236 3532 15 179 179
stand 2296 3544 178 0 179
stand 2280 3528 179 0 179
stand 2312 3528 181 0 179
stand 2344 3528 178 0 179
trop 2460 3540 18 179 179
trop 2548 3524 19 179 179
lay 2952 3544 28 0 179
tree 3088 3524 0 0 0
tree 3176 3536 26 0 179
trop 3416 3539 101 179 179
trop 3542 3545 96 179 179
trop 3630 3529 100 179 179
stand 3626 3549 156 0 179
stand 3642 3549 162 0 179
stand 3658 3533 156 0 179
stand 3658 3549 161 0 179
stand 3690 3533 158 0 179
stand 3690 3549 157 0 179
trop 3840 3531 105 179 179
trop 188 3580 146 179 179
trop 324 3580 146 179 179
trop 388 3572 152 179 179
trop 404 3580 144 179 179
trop 420 3580 146 179 179
trop 436 3572 152 179 179
trop 492 3580 146 179 179
trop 540 3564 153 179 179
trop 556 3580 146 179 179
stand 1032 3576 165 0 179
stand 1160 3560 165 0 179
stand 1304 3560 165 0 179
stand 1432 3560 165 0 179
trop 2340 3580 19 179 179
trop 2716 3580 19 179 179
trop 2860 3572 19 179 179
trop 3336 3579 65 179 179
stand 3420 3583 157 0 179
stand 3404 3583 161 0 179
stand 3436 3583 159 0 179
trop 3494 3569 96 179 179
stand 3612 3567 184 0 179
stand 3674 3565 162 0 179
stand 3690 3565 185 1 179
trop 3804 3580 18 179 179
dom 3844 3575 238 0 179
trop 3916 3556 18 179 179
trop 332 3612 47 179 179
trop 476 3596 152 179 179
trop 636 3588 146 179 179
trop 660 3604 148 179 179
trop 1788 3588 19 179 179
trop 1988 3588 19 179 179
trop 2140 3604 18 179 179
trop 2420 3604 15 179 179
trop 3320 3611 65 179 179
trop 3300 3604 65 179 179
stand 3404 3599 160 0 179
stand 3420 3615 160 0 179
trop 3444 3604 18 179 179
trop 3844 3612 19 179 179
trop 300 3644 144 179 179
trop 604 3628 18 179 179
trop 1556 3636 99 179 179
trop 1612 3644 103 179 179
trop 1852 3644 46 179 179
trop 1884 3636 19 179 179
lay 3080 3640 28 0 179
lay 3192 3640 28 0 179
stand 3404 3631 161 0 179
trop 3868 3644 19 179 179
trop 300 3668 72 179 179
trop 444 3676 160 179 179
trop 716 3668 62 179 179
trop 1620 3676 96 179 179
dom 2624 3648 194 0 179
tree 3176 3664 21 0 179
lay 3208 3672 28 0 179
trop 3412 3668 65 179 179
trop 3860 3668 18 179 179
trop 164 3684 72 179 179
trop 396 3700 154 179 179
trop 540 3708 146 179 179
tree 840 3688 15 0 179
tree 856 3704 17 0 179
stand 1080 3704 256 0 179
dom 1568 3680 75 0 179
trop 2716 3692 18 179 179
trop 2748 3692 202 179 179
trop 3084 3708 206 179 179
trop 3324 3708 65 179 179
dom 3296 3680 251 0 179
stand 3404 3711 158 0 179
trop 3820 3700 18 179 179
trop 196 3740 65 179 179
trop 196 3740 150 179 179
trop 284 3724 150 179 179
trop 372 3740 65 179 179
trop 356 3732 150 179 179
trop 388 3732 168 179 179
trop 628 3716 146 179 179
stand 776 3736 27 0 179
stand 1480 3736 165 0 179
dom 1760 3712 84 0 179
trop 2124 3740 18 179 179
trop 2204 3740 18 179 179
trop 2372 3732 18 179 179
dom 2624 3712 194 0 179
trop 2724 3724 18 179 179
trop 2804 3740 19 179 179
lay 3080 3736 7 0 179
lay 3112 3720 28 0 179
trop 3238 3721 94 179 179
trop 3294 3737 99 179 179
trop 3278 3737 98 179 179
trop 3336 3723 65 179 179
stand 3420 3727 161 0 179
stand 3404 3727 158 0 179
stand 3436 3727 156 0 179
trop 3436 3740 103 179 179
trop 476 3756 150 179 179
tree 840 3752 17 0 179
stand 1016 3752 165 0 179
stand 1544 3768 278 0 179
stand 1864 3768 166 0 179
trop 2292 3748 18 179 179
lay 3096 3752 8 0 179
lay 3080 3752 7 0 179
tree 3096 3752 0 0 179
tree 3096 3768 35 0 179
tree 3112 3768 11 0 179
lay 3176 3752 28 0 179
stand 3372 3775 185 0 179
trop 3444 3772 18 179 179
trop 540 3804 47 179 179
tree 792 3800 35 0 179
trop 1876 3796 46 179 179
trop 2132 3788 19 179 179
trop 2268 3780 19 179 179
stand 3260 3807 184 0 179
trop 3312 3795 96 179 179
trop 3300 3780 18 179 179
stand 3372 3791 185 0 179
trop 564 3812 150 179 179
trop 588 3812 18 179 179
trop 660 3812 148 179 179
tree 792 3832 11 0 179
stand 1048 3816 286 0 179
trop 1868 3836 18 179 179
trop 2100 3812 18 179 179
trop 2716 3836 18 179 179
stand 3228 3823 186 0 179
stand 3260 3823 184 0 179
stand 3276 3839 160 0 179
trop 3352 3827 102 179 179
trop 3368 3811 98 179 179
trop 196 3844 150 179 179
trop 284 3844 150 179 179
trop 348 3852 150 179 179
trop 468 3868 150 179 179
trop 524 3868 47 179 179
trop 644 3844 146 179 179
trop 716 3852 62 179 179
tree 808 3848 16 0 179
tree 808 3864 17 0 179
stand 1544 3864 278 0 179
trop 1572 3860 46 179 179
dom 1632 3840 72 0 179
trop 1772 3844 18 179 179
trop 2100 3844 18 179 179
trop 2276 3868 15 179 179
stand 3228 3855 181 0 179
trop 3214 3865 96 179 179
stand 3276 3855 157 0 179
stand 3276 3871 157 0 179
trop 3372 3860 18 179 179
tree 3448 3848 12 0 179
trop 132 3884 73 179 179
trop 596 3900 150 179 179
tree 808 3896 13 0 179
cliff 1008 3888 83 179 179
stand 1480 3880 165 0 179
trop 1780 3892 18 179 179
stand 2008 3880 180 0 179
trop 2004 3900 18 179 179
stand 2024 3896 181 0 179
dom 2176 3872 286 0 179
trop 2396 3876 18 179 179
trop 2636 3884 19 179 179
stand 3276 3887 158 0 179
tree 3288 3896 4 0 179
tree 3304 3896 8 0 179
tree 3356 3903 15 0 179
tree 3464 3880 4 0 179
trop 716 3908 62 179 179
tree 808 3928 16 0 179
tree 824 3928 11 0 179
tree 888 3912 11 0 179
cliff 1008 3920 83 179 179
stand 2008 3912 181 0 179
trop 2044 3908 18 179 179
stand 2424 3912 186 0 179
stand 2440 3928 187 0 179
trop 3320 3907 96 179 179
trop 3326 3929 105 179 179
trop 196 3948 72 179 179
trop 348 3956 72 179 179
trop 668 3956 74 179 179
stand 696 3944 178 0 179
stand 680 3960 178 0 179
trop 732 3964 72 179 179
stand 712 3944 180 0 179
stand 728 3960 184 0 179
stand 744 3960 179 0 179
stand 744 3944 185 0 179
cliff 1024 3952 84 179 179
stand 1544 3944 278 0 179
stand 2424 3944 184 0 179
stand 2440 3944 185 0 179
trop 444 3972 72 179 179
trop 540 3988 68 179 179
trop 596 3972 72 179 179
trop 3254 3985 97 179 179
trop 3350 3977 95 179 179
trop 3406 3985 97 179 179
trop 3494 3977 105 179 179
trop 3342 4041 97 179 179
