fre 148 140 74 179 179
fre 588 132 76 179 179
tree 1288 152 74 0 179
fre 1476 132 76 179 179
fre 2332 148 8 179 179
stand 2728 152 294 0 179
tree 3192 136 74 0 179
tree 3208 136 74 0 179
fre 3228 140 205 179 179
fre 148 188 8 179 179
fre 212 188 81 179 179
fre 308 172 8 179 179
stand 696 168 399 0 179
fre 716 164 76 179 179
fre 916 172 76 179 179
tree 1288 168 72 0 179
fre 1460 180 8 179 179
fre 1548 180 205 179 179
tree 1592 168 70 0 179
tree 1816 168 73 0 179
trop 2060 188 48 179 179
fre 2140 172 8 179 179
fre 3036 188 8 179 179
tree 3864 184 71 0 179
tree 3848 168 74 0 179
tree 3928 184 71 0 179
fre 244 212 205 179 179
lay 264 216 19 0 179
fre 388 196 74 179 179
stand 1304 200 402 0 179
tree 1528 200 73 0 179
fre 2316 220 76 179 179
fre 2732 220 198 179 179
stand 2904 216 294 0 179
fre 3028 196 81 179 179
tree 3384 200 74 0 179
fre 3580 212 8 179 179
tree 3800 200 73 0 179
tree 3800 216 72 0 179
tree 3896 200 72 0 179
tree 3912 216 72 0 179
tree 3928 200 72 0 179
fre 172 244 205 179 179
fre 268 244 73 179 179
fre 884 252 8 179 179
fre 1124 252 81 179 179
tree 1240 232 70 0 179
fre 1244 244 76 179 179
fre 1220 252 76 179 179
stand 1688 232 404 0 179
fre 1708 228 76 179 179
fre 1700 236 8 179 179
fre 1724 236 205 179 179
tree 1880 248 72 0 179
fre 1860 252 81 179 179
fre 1948 244 76 179 179
stand 1960 248 294 0 179
fre 2116 228 76 179 179
tree 2296 248 73 0 179
fre 2524 228 8 179 179
fre 2588 228 76 179 179
fre 2652 228 198 179 179
stand 2792 232 294 0 179
fre 2812 252 198 179 179
stand 2904 232 296 0 179
tree 3048 232 73 0 179
fre 3156 228 76 179 179
fre 3140 236 205 179 179
fre 3244 236 205 179 179
fre 3364 228 81 179 179
fre 3468 244 205 179 179
fre 3652 228 81 179 179
tree 3768 248 72 0 179
tree 3800 232 71 0 179
tree 3784 232 70 0 179
stand 728 264 296 0 179
stand 744 280 400 0 179
fre 740 284 73 179 179
lay 1000 280 6 0 179
fre 1068 268 76 179 179
fre 1068 284 81 179 179
fre 1628 268 81 179 179
tree 1688 280 71 0 179
stand 1704 264 294 0 179
fre 1724 284 8 179 179
fre 1836 260 74 179 179
fre 1980 268 8 179 179
fre 2276 276 51 179 179
lay 2536 264 11 0 179
fre 2612 284 81 179 179
fre 2628 284 76 179 179
fre 2756 268 8 179 179
stand 2824 264 296 0 179
stand 2888 280 296 0 179
fre 3196 268 8 179 179
fre 3276 276 205 179 179
fre 3308 284 198 179 179
fre 3388 276 76 179 179
fre 3540 276 81 179 179
fre 3556 284 8 179 179
tree 3608 280 70 0 179
tree 3736 280 72 0 179
tree 3752 264 74 0 179
fre 3868 260 8 179 179
tree 3960 264 71 0 179
fre 228 316 205 179 179
fre 292 300 8 179 179
fre 348 316 81 179 179
tree 328 312 73 0 179
stand 376 312 402 0 179
tree 360 312 72 0 179
fre 444 316 49 179 179
fre 476 300 73 179 179
fre 484 308 81 179 179
stand 776 312 296 0 179
fre 836 308 74 179 179
lay 1160 312 7 0 179
stand 1224 312 296 0 179
fre 1252 300 81 179 179
fre 1348 300 8 179 179
fre 1404 292 74 179 179
tree 1480 296 6 0 179
fre 1532 300 76 179 179
fre 1788 308 74 179 179
fre 1916 300 81 179 179
fre 1980 316 76 179 179
stand 2120 312 402 0 179
tree 2168 312 70 0 179
fre 2228 316 76 179 179
fre 2252 292 76 179 179
fre 2316 316 205 179 179
stand 2488 296 404 0 179
fre 2508 316 81 179 179
stand 2856 312 296 0 179
stand 2888 312 294 0 179
fre 2924 308 76 179 179
lay 2952 312 29 0 179
fre 3052 292 8 179 179
stand 3192 296 296 0 179
fre 3268 300 197 179 179
stand 3736 296 294 0 179
stand 3784 296 402 0 179
tree 3896 312 71 0 179
tree 3912 296 71 0 179
tree 3960 312 73 0 179
fre 172 324 81 179 179
fre 388 348 8 179 179
stand 504 344 404 0 179
tree 664 328 70 0 179
tree 680 328 74 0 179
tree 696 328 71 0 179
fre 724 348 81 179 179
fre 1084 324 81 179 179
tree 1272 344 74 0 179
tree 1464 328 73 0 179
stand 1560 344 402 0 179
fre 1620 332 74 179 179
tree 1784 344 72 0 179
tree 1800 344 72 0 179
fre 1876 340 74 179 179
trop 2060 348 48 179 179
tree 2168 328 74 0 179
fre 2188 348 81 179 179
fre 2300 324 76 179 179
fre 2348 340 76 179 179
stand 2488 344 296 0 179
fre 2492 340 205 179 179
stand 2680 328 400 0 179
fre 2684 324 48 179 179
fre 3076 340 81 179 179
fre 3332 348 8 179 179
fre 3460 324 198 179 179
lay 3752 344 22 0 179
fre 3796 340 8 179 179
fre 3828 332 76 179 179
tree 3864 344 70 0 179
tree 3880 328 73 0 179
tree 3960 344 74 0 179
tree 3960 328 73 0 179
fre 204 380 205 179 179
fre 292 356 81 179 179
fre 340 380 74 179 179
fre 556 356 74 179 179
fre 636 356 73 179 179
tree 760 376 72 0 179
lay 760 376 4 0 179
fre 796 356 8 179 179
lay 1384 360 23 0 179
tree 1400 360 70 0 179
tree 1496 376 70 0 179
fre 1660 380 81 179 179
fre 1764 380 205 179 179
stand 2104 360 19 0 179
fre 2180 356 205 179 179
fre 2348 380 205 179 179
fre 2364 372 205 179 179
fre 2388 372 8 179 179
stand 2424 360 294 0 179
fre 2588 356 205 179 179
fre 2676 380 76 179 179
fre 2716 372 76 179 179
fre 2732 380 81 179 179
fre 2852 356 81 179 179
fre 2964 364 76 179 179
stand 3016 360 402 0 179
fre 3228 364 198 179 179
stand 3320 376 402 0 179
stand 3368 360 294 0 179
fre 3372 380 205 179 179
tree 3480 360 70 0 179
stand 3656 376 402 0 179
fre 3740 380 76 179 179
lay 568 392 4 0 179
fre 596 404 81 179 179
fre 660 412 8 179 179
fre 876 404 81 179 179
fre 996 396 205 179 179
fre 1172 396 81 179 179
fre 1276 412 74 179 179
fre 1300 388 49 179 179
fre 1524 396 76 179 179
tree 1576 392 5 0 179
fre 1620 404 81 179 179
fre 1676 404 8 179 179
tree 1848 408 73 0 179
fre 1980 396 8 179 179
fre 2132 396 81 179 179
tree 2184 392 74 0 179
tree 2184 408 71 0 179
lay 2232 392 18 0 179
stand 2296 408 399 0 179
fre 2428 396 205 179 179
stand 2648 392 402 0 179
fre 2668 404 8 179 179
fre 2772 388 205 179 179
fre 2796 388 8 179 179
fre 3044 404 76 179 179
fre 3220 412 205 179 179
fre 3692 396 8 179 179
tree 3800 408 72 0 179
fre 3860 404 205 179 179
stand 296 424 400 0 179
lay 1016 440 46 0 179
fre 1796 436 81 179 179
tree 1864 424 70 0 179
tree 1880 440 74 0 179
fre 1900 444 76 179 179
fre 2084 444 76 179 179
fre 2292 436 8 179 179
fre 2396 428 81 179 179
fre 2524 428 76 179 179
stand 2872 440 402 0 179
fre 2868 428 205 179 179
fre 2948 420 8 179 179
fre 3036 420 198 179 179
fre 3068 428 8 179 179
fre 3076 444 198 179 179
fre 3180 436 76 179 179
fre 3180 420 76 179 179
tree 3208 424 70 0 179
fre 3460 428 76 179 179
stand 3592 440 294 0 179
fre 3596 444 81 179 179
fre 3628 444 76 179 179
fre 3724 444 8 179 179
tree 3960 440 71 0 179
fre 436 452 73 179 179
fre 508 468 74 179 179
fre 580 468 8 179 179
fre 580 452 205 179 179
stand 824 456 402 0 179
stand 808 472 296 0 179
fre 852 476 8 179 179
fre 908 460 205 179 179
stand 1176 456 402 0 179
tree 1720 472 71 0 179
tree 1736 472 71 0 179
tree 1752 472 70 0 179
tree 1768 456 73 0 179
lay 1816 472 54 0 179
fre 1860 452 74 179 179
tree 2120 472 72 0 179
stand 2168 456 404 0 179
tree 2360 472 74 0 179
tree 2376 456 74 0 179
tree 2376 472 71 0 179
fre 2948 452 74 179 179
fre 3308 460 198 179 179
fre 3364 452 205 179 179
stand 3576 456 296 0 179
fre 3580 476 205 179 179
tree 3672 456 73 0 179
tree 3752 456 72 0 179
tree 3768 472 72 0 179
fre 220 484 81 179 179
fre 292 492 74 179 179
fre 380 508 73 179 179
fre 420 508 81 179 179
fre 484 508 205 179 179
fre 844 500 74 179 179
fre 1188 508 8 179 179
tree 1576 504 70 0 179
stand 1592 488 404 0 179
fre 1612 484 74 179 179
stand 1688 488 294 0 179
fre 1836 492 74 179 179
fre 1860 484 205 179 179
tree 1928 488 71 0 179
fre 1948 484 76 179 179
trop 2028 500 152 179 179
trop 2060 500 48 179 179
tree 2136 504 73 0 179
tree 2232 504 71 0 179
fre 2532 508 76 179 179
fre 2556 492 8 179 179
fre 3084 500 74 179 179
fre 3140 484 51 179 179
tree 3448 488 70 0 179
tree 3496 488 72 0 179
tree 3784 504 73 0 179
fre 3924 500 205 179 179
fre 420 532 8 179 179
fre 612 524 74 179 179
fre 628 516 81 179 179
stand 776 520 399 0 179
fre 1052 524 205 179 179
stand 1160 536 296 0 179
stand 1352 536 399 0 179
tree 1448 520 74 0 179
fre 1628 524 81 179 179
lay 1640 520 14 0 179
fre 1644 524 205 179 179
tree 2136 520 70 0 179
fre 2220 524 76 179 179
tree 2328 536 71 0 179
lay 2536 520 9 0 179
fre 2548 540 8 179 179
fre 2668 540 49 179 179
fre 2844 540 76 179 179
stand 3224 536 399 0 179
tree 3336 520 70 0 179
fre 3332 524 8 179 179
fre 3468 540 198 179 179
fre 3676 516 8 179 179
tree 3768 520 74 0 179
fre 3780 516 8 179 179
fre 3852 540 76 179 179
stand 200 552 294 0 179
fre 428 564 205 179 179
fre 484 548 76 179 179
stand 1384 552 296 0 179
fre 1404 556 205 179 179
tree 1496 552 71 0 179
stand 1480 568 402 0 179
tree 1880 568 4 0 179
fre 2236 548 8 179 179
stand 2280 552 294 0 179
tree 2344 552 71 0 179
tree 2456 568 70 0 179
fre 2756 564 81 179 179
fre 2772 556 8 179 179
fre 2804 572 76 179 179
fre 3108 564 8 179 179
tree 3656 568 73 0 179
fre 3660 548 81 179 179
stand 3688 552 399 0 179
tree 3768 552 71 0 179
stand 312 584 399 0 179
fre 612 580 8 179 179
fre 660 596 48 179 179
fre 740 588 73 179 179
fre 972 604 81 179 179
fre 1204 580 205 179 179
fre 1292 588 76 179 179
stand 1480 584 294 0 179
tree 1688 600 71 0 179
tree 1768 584 70 0 179
stand 1768 600 399 0 179
fre 1772 604 76 179 179
fre 1828 604 74 179 179
fre 1868 580 74 179 179
trop 1972 596 153 179 179
tree 2376 584 70 0 179
tree 2376 600 70 0 179
fre 2380 604 76 179 179
tree 2456 584 73 0 179
fre 2436 596 81 179 179
fre 2740 596 205 179 179
fre 3068 604 81 179 179
fre 3204 604 81 179 179
fre 3252 596 76 179 179
fre 3292 604 198 179 179
tree 3368 600 70 0 179
stand 3400 600 296 0 179
stand 3480 600 402 0 179
fre 3468 596 198 179 179
fre 3860 596 205 179 179
stand 344 632 402 0 179
fre 364 636 8 179 179
stand 456 632 296 0 179
stand 504 632 296 0 179
fre 692 636 73 179 179
fre 740 612 81 179 179
fre 1404 636 74 179 179
fre 1500 636 205 179 179
stand 1528 632 296 0 179
trop 1876 636 154 179 179
tree 2120 616 73 0 179
tree 2232 632 73 0 179
tree 2216 632 71 0 179
fre 2292 628 8 179 179
tree 2312 616 71 0 179
tree 2520 632 73 0 179
stand 2520 616 294 0 179
tree 2536 632 70 0 179
tree 2552 632 70 0 179
lay 2856 616 45 0 179
tree 3160 632 72 0 179
tree 3160 616 72 0 179
tree 3176 632 71 0 179
fre 3204 620 81 179 179
tree 3512 616 74 0 179
tree 3496 616 73 0 179
tree 3576 616 70 0 179
tree 3912 632 73 0 179
stand 392 664 296 0 179
lay 424 664 33 0 179
stand 424 648 294 0 179
stand 472 664 296 0 179
fre 476 652 74 179 179
fre 516 644 73 179 179
fre 668 660 76 179 179
tree 792 664 70 0 179
fre 860 652 74 179 179
fre 1020 644 8 179 179
lay 1112 648 15 0 179
stand 1240 648 294 0 179
lay 1304 664 21 0 179
fre 1404 660 205 179 179
fre 1396 668 205 179 179
trop 1420 652 164 179 179
fre 1476 668 205 179 179
fre 1516 644 76 179 179
trop 1508 652 163 179 179
fre 1572 644 8 179 179
trop 1604 652 164 179 179
trop 1708 644 164 179 179
trop 1796 644 163 179 179
fre 1852 652 8 179 179
fre 1876 644 81 179 179
fre 1900 668 205 179 179
trop 2060 652 48 179 179
tree 2360 648 72 0 179
stand 2616 648 402 0 179
fre 2724 668 8 179 179
fre 2788 652 74 179 179
fre 2884 652 81 179 179
fre 3036 660 76 179 179
stand 3160 664 402 0 179
stand 3208 648 404 0 179
tree 3368 664 70 0 179
fre 3380 644 205 179 179
dom 3520 640 34 0 179
fre 3724 644 8 179 179
lay 3816 664 34 0 179
tree 216 696 74 0 179
fre 244 676 81 179 179
tree 408 696 67 0 179
tree 424 696 67 0 179
tree 424 680 67 0 179
fre 596 692 74 179 179
fre 644 692 198 179 179
fre 692 676 198 179 179
dom 768 672 32 0 179
dom 832 672 27 0 179
fre 932 684 8 179 179
fre 1100 684 81 179 179
trop 1340 676 161 179 179
fre 1420 700 81 179 179
fre 1452 700 74 179 179
fre 1564 676 76 179 179
stand 1736 696 296 0 179
stand 1800 696 402 0 179
stand 2088 680 17 0 179
zabor 2192 688 26 0 8
zabor 2224 688 26 0 8
zabor 2256 688 25 0 8
zabor 2288 688 28 0 8
zabor 2320 688 25 0 8
zabor 2352 688 31 0 8
zabor 2384 688 24 0 8
zabor 2416 688 24 0 8
zabor 2448 688 28 0 8
zabor 2480 688 29 0 8
zabor 2512 688 26 0 8
zabor 2544 688 24 0 8
zabor 2576 688 27 0 8
zabor 2608 688 26 0 8
zabor 2640 688 27 0 8
fre 2668 692 81 179 179
stand 2808 680 402 0 179
fre 2948 684 198 179 179
fre 3012 692 76 179 179
stand 3064 696 296 0 179
fre 3132 700 205 179 179
fre 3212 684 81 179 179
tree 3400 680 72 0 179
tree 3416 680 72 0 179
tree 3432 680 71 0 179
tree 3448 680 72 0 179
tree 3464 696 71 0 179
fre 3636 692 76 179 179
tree 3800 696 74 0 179
tree 184 712 71 0 179
tree 200 712 74 0 179
tree 312 712 71 0 179
fre 324 708 81 179 179
fre 436 716 81 179 179
fre 668 724 199 179 179
fre 652 724 198 179 179
fre 644 724 198 179 179
fre 812 708 199 179 179
fre 812 724 205 179 179
fre 860 724 8 179 179
fre 988 724 8 179 179
fre 1180 724 76 179 179
fre 1172 724 74 179 179
lay 1288 712 26 0 179
stand 1368 728 400 0 179
fre 1468 716 74 179 179
fre 1620 732 51 179 179
tree 1720 728 1 0 179
stand 1864 728 294 0 179
tree 1912 712 70 0 179
fre 1932 708 76 179 179
fre 2092 724 74 179 179
fre 2172 716 76 179 179
zabor 2192 720 30 0 8
zabor 2640 720 29 0 8
fre 2780 724 76 179 179
stand 2824 728 294 0 179
fre 2852 708 205 179 179
fre 2908 732 81 179 179
fre 2956 708 8 179 179
fre 2996 716 8 179 179
fre 3372 716 52 179 179
stand 3448 728 296 0 179
fre 3740 732 8 179 179
fre 3756 724 81 179 179
fre 3844 708 76 179 179
fre 196 756 8 179 179
stand 520 760 404 0 179
stand 616 744 404 0 179
stand 648 760 402 0 179
trop 716 764 172 179 179
trop 804 764 164 179 179
fre 860 764 73 179 179
trop 892 764 163 179 179
fre 1148 756 8 179 179
stand 1208 760 402 0 179
fre 1268 756 50 179 179
trop 1300 756 160 179 179
stand 1736 760 402 0 179
tree 2168 744 74 0 179
tree 2184 744 72 0 179
zabor 2192 752 31 0 8
zabor 2640 752 31 0 8
fre 2700 748 8 179 179
fre 2948 740 76 179 179
fre 3044 740 76 179 179
fre 3348 764 74 179 179
fre 3620 740 50 179 179
tree 3736 744 72 0 179
stand 3768 744 294 0 179
tree 3800 760 70 0 179
fre 188 796 81 179 179
fre 204 796 8 179 179
fre 884 780 8 179 179
stand 1064 776 404 0 179
lay 1208 792 53 0 179
trop 1276 780 161 179 179
stand 1336 792 294 0 179
stand 1416 776 399 0 179
stand 1736 792 294 0 179
fre 1748 796 76 179 179
tree 1944 776 71 0 179
tree 1944 792 70 0 179
fre 2132 772 76 179 179
zabor 2192 784 25 0 8
zabor 2640 784 31 0 8
fre 2908 772 74 179 179
fre 3012 796 81 179 179
fre 3036 796 198 179 179
stand 3128 776 399 0 179
fre 3252 780 76 179 179
lay 3352 776 17 0 179
stand 3432 776 294 0 179
stand 3576 792 399 0 179
stand 3592 792 400 0 179
fre 3596 796 74 179 179
tree 3800 776 74 0 179
tree 3784 792 72 0 179
tree 3816 776 73 0 179
tree 3816 792 73 0 179
fre 3844 772 205 179 179
tree 328 824 74 0 179
fre 596 820 73 179 179
fre 676 804 199 179 179
fre 932 820 205 179 179
dom 928 800 11 0 179
trop 996 812 150 179 179
fre 1132 812 74 179 179
stand 1160 808 294 0 179
fre 1156 828 74 179 179
fre 1204 820 74 179 179
stand 1320 824 296 0 179
fre 1332 820 81 179 179
tree 1368 808 67 0 179
stand 1624 824 402 0 179
fre 1604 812 205 179 179
stand 1704 824 296 0 179
stand 1832 824 404 0 179
fre 1892 804 8 179 179
tree 1944 808 71 0 179
trop 2060 804 48 179 179
tree 2136 808 71 0 179
tree 2136 824 72 0 179
zabor 2192 816 27 0 8
zabor 2640 816 29 0 8
fre 2804 820 76 179 179
stand 2936 808 296 0 179
fre 3084 812 76 179 179
fre 3196 828 198 179 179
fre 3252 804 198 179 179
fre 3268 804 205 179 179
tree 3464 808 70 0 179
fre 3484 828 74 179 179
fre 3460 812 81 179 179
fre 3572 828 76 179 179
tree 3768 824 5 0 179
stand 3768 824 296 0 179
fre 276 852 81 179 179
fre 396 852 73 179 179
fre 436 860 8 179 179
fre 540 852 74 179 179
fre 548 844 8 179 179
fre 588 844 199 179 179
fre 700 852 81 179 179
lay 792 840 0 0 179
fre 844 844 74 179 179
stand 1160 840 402 0 179
fre 1212 860 8 179 179
tree 1352 840 5 0 179
fre 1348 860 74 179 179
fre 1540 844 81 179 179
tree 1720 856 71 0 179
zabor 2192 848 24 0 8
zabor 2640 848 24 0 8
stand 2792 840 399 0 179
fre 2820 836 8 179 179
fre 3244 836 205 179 179
fre 3340 844 8 179 179
fre 3468 852 81 179 179
stand 3496 856 402 0 179
stand 3512 840 294 0 179
fre 3612 836 8 179 179
lay 3768 840 51 0 179
tree 3832 856 71 0 179
fre 3860 852 8 179 179
stand 344 888 294 0 179
fre 468 876 76 179 179
fre 524 868 73 179 179
stand 616 872 294 0 179
fre 860 884 205 179 179
fre 884 868 205 179 179
fre 1036 868 81 179 179
fre 1092 892 8 179 179
fre 1204 884 74 179 179
trop 1260 868 157 179 179
tree 1304 888 0 0 179
stand 1416 872 296 0 179
stand 1496 888 404 0 179
stand 1560 872 294 0 179
tree 1672 888 73 0 179
tree 1704 872 71 0 179
fre 1700 868 76 179 179
lay 1752 888 15 0 179
fre 1756 868 205 179 179
stand 1880 888 294 0 179
stand 1928 872 296 0 179
fre 1940 884 76 179 179
fre 1988 892 74 179 179
lay 2136 872 10 0 179
tree 2152 872 73 0 179
stand 2152 888 294 0 179
zabor 2192 880 31 0 8
zabor 2640 880 24 0 8
stand 2904 888 294 0 179
fre 2980 892 8 179 179
fre 3012 876 198 179 179
fre 3212 884 76 179 179
fre 3508 892 8 179 179
fre 3532 876 76 179 179
tree 3560 888 73 0 179
tree 3720 872 7 0 179
stand 360 904 296 0 179
fre 436 900 74 179 179
fre 476 924 205 179 179
fre 572 908 205 179 179
fre 820 924 205 179 179
trop 1084 924 144 179 179
lay 1176 920 0 0 179
stand 1560 920 296 0 179
stand 1704 904 296 0 179
lay 1752 904 54 0 179
lay 1832 920 3 0 179
fre 1876 916 205 179 179
stand 2120 904 400 0 179
zabor 2192 912 25 0 8
zabor 2640 912 27 0 8
fre 2940 900 76 179 179
fre 2948 924 198 179 179
fre 3252 908 8 179 179
fre 3308 908 74 179 179
fre 3396 900 48 179 179
stand 3448 904 296 0 179
tree 3560 904 74 0 179
tree 3560 920 74 0 179
tree 3640 920 72 0 179
tree 3640 904 72 0 179
fre 3732 900 81 179 179
tree 3800 904 67 0 179
fre 3900 908 49 179 179
fre 188 956 81 179 179
stand 328 936 296 0 179
stand 344 952 296 0 179
tree 360 952 67 0 179
fre 420 948 50 179 179
fre 1100 956 81 179 179
stand 1144 936 296 0 179
trop 1244 948 160 179 179
stand 1528 952 289 0 179
tree 1640 936 74 0 179
fre 1660 956 205 179 179
stand 1736 952 402 0 179
fre 1988 940 205 179 179
trop 2060 956 48 179 179
tree 2120 936 70 0 179
tree 2120 952 70 0 179
lay 2152 936 51 0 179
fre 2172 932 76 179 179
zabor 2192 944 25 0 8
zabor 2640 944 26 0 8
fre 2708 956 198 179 179
fre 2780 940 8 179 179
lay 2840 936 11 0 179
fre 2876 940 198 179 179
fre 2924 948 205 179 179
fre 3092 932 205 179 179
fre 3140 948 76 179 179
fre 3140 956 198 179 179
fre 3204 948 81 179 179
tree 3512 936 73 0 179
fre 3772 948 76 179 179
fre 3764 948 8 179 179
tree 3848 952 1 0 179
fre 3844 940 205 179 179
stand 184 968 402 0 179
fre 308 988 81 179 179
stand 360 984 296 0 179
stand 680 968 400 0 179
fre 780 964 81 179 179
fre 868 988 8 179 179
fre 948 980 8 179 179
trop 1188 964 162 179 179
fre 1292 988 76 179 179
fre 1588 988 76 179 179
fre 1820 972 48 179 179
fre 1908 988 8 179 179
zabor 2192 976 24 0 8
zabor 2640 976 27 0 8
fre 2812 988 198 179 179
fre 2820 972 8 179 179
fre 2900 980 81 179 179
fre 3132 972 8 179 179
stand 3176 968 275 0 179
tree 3288 968 72 0 179
stand 3304 984 402 0 179
lay 3416 984 16 0 179
fre 3404 980 205 179 179
fre 3532 988 74 179 179
stand 3608 984 296 0 179
stand 3736 984 296 0 179
fre 3732 988 8 179 179
tree 3784 984 70 0 179
stand 328 1000 294 0 179
fre 396 996 8 179 179
fre 492 1020 73 179 179
fre 780 1020 52 179 179
fre 772 996 8 179 179
lay 1016 1016 13 0 179
lay 1080 1016 48 0 179
fre 1308 996 8 179 179
lay 1656 1000 51 0 179
fre 1716 1004 76 179 179
fre 1772 996 74 179 179
tree 1800 1016 71 0 179
tree 1800 1000 73 0 179
tree 1912 1000 1 0 179
fre 1900 1020 74 179 179
tree 1928 1000 3 0 179
stand 2088 1000 16 0 179
fre 2092 1012 76 179 179
tree 2136 1000 73 0 179
tree 2136 1016 73 0 179
fre 2116 1004 76 179 179
tree 2168 1000 74 0 179
tree 2184 1000 74 0 179
zabor 2192 1008 26 0 8
zabor 2640 1008 27 0 8
fre 2812 1012 198 179 179
fre 2836 1012 81 179 179
tree 2920 1016 6 0 179
fre 2940 996 76 179 179
fre 3148 1012 76 179 179
fre 3164 996 74 179 179
fre 3252 996 8 179 179
fre 3412 996 81 179 179
fre 3404 1020 205 179 179
stand 3480 1016 402 0 179
fre 3540 1012 81 179 179
stand 3560 1016 296 0 179
fre 3572 1012 198 179 179
fre 3604 1004 8 179 179
fre 3636 1020 8 179 179
tree 3768 1016 74 0 179
tree 3784 1000 71 0 179
fre 3788 1012 8 179 179
fre 3820 996 205 179 179
fre 580 1052 8 179 179
fre 644 1028 81 179 179
fre 836 1028 73 179 179
lay 1128 1048 50 0 179
stand 1528 1048 402 0 179
fre 1532 1052 8 179 179
fre 1740 1044 76 179 179
stand 1816 1048 402 0 179
fre 1852 1044 205 179 179
fre 1876 1028 8 179 179
fre 2068 1036 76 179 179
tree 2136 1032 72 0 179
tree 2152 1048 67 0 179
zabor 2192 1040 26 0 8
zabor 2640 1040 26 0 8
fre 2732 1036 205 179 179
stand 2904 1032 402 0 179
stand 2968 1048 294 0 179
fre 3028 1036 81 179 179
stand 3080 1048 402 0 179
stand 3128 1048 296 0 179
fre 3212 1036 205 179 179
fre 3348 1028 81 179 179
fre 3332 1036 8 179 179
fre 3340 1044 198 179 179
fre 3412 1044 8 179 179
stand 3480 1032 399 0 179
fre 3476 1044 81 179 179
stand 3496 1032 272 0 179
stand 3640 1032 402 0 179
fre 3652 1052 81 179 179
stand 3720 1032 399 0 179
tree 3752 1048 72 0 179
fre 348 1084 8 179 179
fre 588 1068 74 179 179
fre 828 1060 205 179 179
tree 1016 1080 0 0 179
stand 1112 1064 404 0 179
fre 1140 1084 8 179 179
tree 1176 1064 67 0 179
lay 1624 1064 8 0 179
fre 1636 1060 76 179 179
stand 1736 1064 404 0 179
stand 1752 1080 294 0 179
tree 1848 1080 71 0 179
stand 1880 1064 399 0 179
tree 2136 1080 73 0 179
zabor 2192 1072 26 0 8
zabor 2640 1072 24 0 8
fre 2804 1084 8 179 179
fre 3028 1068 198 179 179
stand 3064 1064 399 0 179
fre 3116 1060 76 179 179
stand 3304 1080 404 0 179
fre 3340 1076 205 179 179
tree 3400 1064 74 0 179
tree 3640 1080 70 0 179
stand 3736 1080 294 0 179
fre 3724 1076 205 179 179
stand 504 1112 404 0 179
fre 628 1100 73 179 179
fre 652 1116 81 179 179
stand 680 1096 404 0 179
fre 756 1116 8 179 179
stand 1160 1112 296 0 179
fre 1284 1092 8 179 179
fre 1332 1100 74 179 179
fre 1364 1100 81 179 179
fre 1348 1108 81 179 179
fre 1540 1108 81 179 179
tree 1592 1112 6 0 179
fre 1692 1100 81 179 179
stand 1704 1096 402 0 179
fre 1764 1092 76 179 179
stand 1800 1096 296 0 179
stand 1896 1096 294 0 179
fre 1900 1116 81 179 179
stand 1960 1112 402 0 179
trop 2060 1108 48 179 179
tree 2136 1096 72 0 179
tree 2136 1112 74 0 179
tree 2120 1112 73 0 179
zabor 2192 1104 27 0 8
zabor 2640 1104 26 0 8
fre 3012 1100 74 179 179
stand 3064 1112 296 0 179
lay 3080 1112 38 0 179
fre 3100 1116 76 179 179
stand 3224 1096 296 0 179
tree 3416 1096 70 0 179
fre 3492 1100 198 179 179
fre 3692 1100 198 179 179
fre 3716 1092 205 179 179
fre 3796 1116 8 179 179
fre 308 1132 73 179 179
stand 520 1144 399 0 179
fre 732 1148 8 179 179
fre 724 1140 205 179 179
fre 868 1140 76 179 179
fre 916 1124 74 179 179
fre 940 1148 74 179 179
stand 968 1144 402 0 179
fre 972 1124 76 179 179
fre 972 1148 8 179 179
stand 1144 1144 294 0 179
tree 1160 1128 2 0 179
stand 1288 1128 400 0 179
fre 1332 1132 76 179 179
stand 1416 1128 404 0 179
tree 1464 1144 70 0 179
fre 1540 1140 76 179 179
tree 1592 1144 73 0 179
fre 1588 1148 8 179 179
fre 1652 1132 76 179 179
tree 1768 1144 3 0 179
fre 1788 1140 74 179 179
fre 1788 1148 8 179 179
fre 1932 1140 76 179 179
zabor 2192 1136 30 0 8
zabor 2640 1136 31 0 8
fre 2820 1132 205 179 179
fre 2884 1148 8 179 179
tree 3048 1128 71 0 179
tree 3384 1128 71 0 179
fre 3388 1124 74 179 179
fre 3508 1140 8 179 179
fre 3548 1132 8 179 179
fre 3572 1124 76 179 179
tree 3640 1144 5 0 179
fre 3620 1148 81 179 179
fre 3636 1124 8 179 179
tree 3688 1128 70 0 179
fre 172 1180 49 179 179
stand 296 1176 404 0 179
stand 520 1160 296 0 179
fre 532 1164 76 179 179
stand 568 1176 296 0 179
fre 1284 1156 74 179 179
stand 1496 1176 296 0 179
tree 1576 1176 6 0 179
tree 1752 1160 2 0 179
dom 2112 1152 6 0 179
zabor 2192 1168 30 0 8
zabor 2640 1168 24 0 8
fre 2748 1156 76 179 179
fre 2876 1164 81 179 179
lay 3016 1160 42 0 179
stand 3112 1176 399 0 179
fre 3220 1180 8 179 179
fre 3236 1180 8 179 179
tree 3544 1176 2 0 179
tree 3640 1160 7 0 179
tree 3736 1176 73 0 179
stand 3752 1176 402 0 179
stand 3912 1176 399 0 179
fre 300 1196 81 179 179
tree 552 1192 67 0 179
fre 684 1196 8 179 179
fre 748 1196 205 179 179
fre 756 1204 205 179 179
fre 780 1212 205 179 179
stand 808 1192 399 0 179
stand 1416 1208 294 0 179
lay 1608 1192 15 0 179
stand 1608 1192 294 0 179
tree 1784 1192 67 0 179
fre 1796 1188 81 179 179
tree 1960 1192 73 0 179
zabor 2192 1200 24 0 8
zabor 2640 1200 26 0 8
stand 2808 1208 402 0 179
stand 2872 1208 399 0 179
fre 2900 1212 76 179 179
fre 3068 1196 8 179 179
fre 3116 1188 76 179 179
fre 3236 1188 205 179 179
fre 3276 1188 76 179 179
fre 3436 1196 76 179 179
fre 3476 1204 8 179 179
fre 3748 1204 81 179 179
lay 3848 1192 10 0 179
lay 344 1224 37 0 179
stand 456 1240 402 0 179
tree 568 1240 71 0 179
fre 732 1236 205 179 179
fre 836 1236 74 179 179
tree 1096 1240 74 0 179
tree 1256 1240 74 0 179
stand 1416 1240 402 0 179
fre 1460 1228 74 179 179
stand 1512 1224 399 0 179
fre 1580 1244 74 179 179
stand 1688 1224 296 0 179
tree 1736 1240 70 0 179
fre 1796 1236 76 179 179
stand 1848 1240 296 0 179
tree 1880 1224 71 0 179
fre 1916 1244 8 179 179
fre 1964 1220 81 179 179
zabor 2192 1232 29 0 8
zabor 2640 1232 30 0 8
fre 2748 1220 8 179 179
fre 2836 1236 8 179 179
fre 2908 1244 205 179 179
stand 3080 1224 302 0 179
fre 3084 1220 81 179 179
tree 3400 1240 74 0 179
fre 3540 1244 197 179 179
fre 3732 1220 8 179 179
fre 3804 1220 205 179 179
fre 3884 1228 8 179 179
fre 244 1252 81 179 179
fre 436 1268 81 179 179
tree 568 1256 74 0 179
stand 632 1256 294 0 179
lay 888 1256 48 0 179
stand 1208 1256 296 0 179
fre 1788 1260 74 179 179
tree 1976 1256 1 0 179
trop 2060 1260 48 179 179
stand 2120 1256 12 0 179
zabor 2192 1264 24 0 8
zabor 2640 1264 26 0 8
fre 2708 1252 74 179 179
stand 2920 1256 294 0 179
fre 3036 1268 205 179 179
fre 3292 1260 74 179 179
fre 3436 1252 81 179 179
fre 3492 1260 81 179 179
fre 3588 1260 74 179 179
tree 3720 1256 67 0 179
tree 3816 1272 71 0 179
tree 3864 1272 5 0 179
stand 3848 1256 404 0 179
tree 520 1288 72 0 179
fre 572 1292 8 179 179
tree 888 1288 71 0 179
fre 916 1292 81 179 179
fre 1012 1308 81 179 179
fre 1004 1292 198 179 179
tree 1640 1304 73 0 179
tree 1656 1288 71 0 179
stand 1880 1304 404 0 179
dom 1952 1280 10 0 179
zabor 2192 1296 24 0 8
zabor 2224 1296 24 0 8
zabor 2256 1296 25 0 8
zabor 2288 1296 31 0 8
zabor 2320 1296 27 0 8
zabor 2352 1296 26 0 8
zabor 2384 1296 29 0 8
zabor 2416 1296 30 0 8
zabor 2448 1296 26 0 8
zabor 2480 1296 24 0 8
zabor 2512 1296 28 0 8
zabor 2544 1296 26 0 8
zabor 2608 1296 24 0 8
zabor 2640 1296 28 0 8
stand 2792 1304 296 0 179
stand 2872 1304 294 0 179
tree 2920 1304 6 0 179
fre 3148 1300 198 179 179
fre 3236 1300 8 179 179
tree 3288 1304 71 0 179
fre 3292 1292 205 179 179
fre 3372 1300 197 179 179
lay 3416 1288 36 0 179
stand 3560 1288 294 0 179
tree 3608 1304 74 0 179
tree 3592 1304 71 0 179
stand 3608 1304 402 0 179
stand 3640 1304 296 0 179
fre 3668 1284 198 179 179
stand 3736 1288 296 0 179
fre 3900 1308 8 179 179
stand 504 1320 400 0 179
tree 536 1320 74 0 179
fre 628 1316 73 179 179
fre 964 1332 198 179 179
zabor 1072 1328 27 0 8
zabor 1104 1328 29 0 8
zabor 1136 1328 30 0 8
zabor 1168 1328 25 0 8
zabor 1200 1328 28 0 8
zabor 1232 1328 29 0 8
zabor 1264 1328 28 0 8
zabor 1296 1328 31 0 8
zabor 1328 1328 26 0 8
zabor 1360 1328 27 0 8
zabor 1392 1328 26 0 8
zabor 1424 1328 25 0 8
zabor 1456 1328 27 0 8
zabor 1488 1328 30 0 8
zabor 1520 1328 30 0 8
zabor 1552 1328 31 0 8
zabor 1584 1328 25 0 8
zabor 1616 1328 30 0 8
zabor 1648 1328 26 0 8
zabor 1680 1328 27 0 8
tree 1864 1336 4 0 179
fre 1884 1316 76 179 179
tree 2152 1336 1 0 179
tree 2296 1336 5 0 179
tree 2280 1336 6 0 179
trop 2588 1332 170 179 179
lay 2760 1320 32 0 179
fre 3348 1340 8 179 179
fre 3388 1340 50 179 179
fre 3396 1332 205 179 179
stand 3480 1336 270 0 179
tree 3544 1336 72 0 179
fre 3700 1332 8 179 179
tree 3720 1336 72 0 179
tree 3720 1320 74 0 179
fre 3804 1332 76 179 179
stand 376 1352 294 0 179
fre 860 1348 8 179 179
fre 972 1348 198 179 179
zabor 1072 1360 26 0 8
zabor 1680 1360 28 0 8
tree 1784 1352 74 0 179
fre 1764 1348 76 179 179
tree 1800 1352 73 0 179
stand 1816 1368 294 0 179
tree 1912 1352 6 0 179
fre 2156 1372 76 179 179
tree 2376 1352 1 0 179
fre 2868 1348 74 179 179
fre 3052 1356 198 179 179
stand 3080 1352 404 0 179
fre 3124 1356 8 179 179
fre 3220 1372 81 179 179
fre 3300 1372 81 179 179
stand 3336 1368 268 0 179
stand 3480 1368 404 0 179
fre 3532 1356 74 179 179
fre 3564 1364 198 179 179
fre 3596 1364 81 179 179
stand 3624 1368 294 0 179
fre 3636 1356 198 179 179
fre 3708 1356 205 179 179
lay 728 1384 17 0 179
stand 808 1384 402 0 179
fre 924 1380 198 179 179
fre 956 1404 198 179 179
zabor 1072 1392 24 0 8
zabor 1680 1392 25 0 8
stand 1832 1400 296 0 179
stand 1992 1384 294 0 179
stand 2104 1384 20 0 179
stand 2216 1400 23 0 179
dom 2272 1376 118 0 179
tree 2744 1384 72 0 179
fre 2868 1396 205 179 179
fre 2884 1396 76 179 179
stand 2952 1384 296 0 179
fre 3060 1404 198 179 179
fre 3100 1404 205 179 179
lay 3240 1400 48 0 179
fre 3516 1380 76 179 179
fre 3580 1404 198 179 179
tree 3640 1400 72 0 179
fre 3652 1404 76 179 179
tree 3688 1400 3 0 179
fre 3692 1396 197 179 179
stand 3752 1400 271 0 179
stand 3784 1400 402 0 179
fre 3820 1388 76 179 179
fre 820 1420 73 179 179
fre 924 1428 198 179 179
fre 940 1420 198 179 179
zabor 1072 1424 29 0 8
zabor 1680 1424 24 0 8
stand 1848 1416 402 0 179
fre 1836 1412 74 179 179
tree 1864 1432 0 0 179
fre 1924 1412 74 179 179
tree 1960 1416 73 0 179
tree 1976 1432 71 0 179
tree 1992 1432 72 0 179
trop 2060 1420 48 179 179
tree 2120 1416 6 0 179
fre 2140 1428 76 179 179
trop 2260 1436 54 179 179
trop 2588 1420 151 179 179
fre 2708 1412 81 179 179
fre 2716 1420 81 179 179
stand 3128 1416 402 0 179
stand 3144 1432 296 0 179
fre 3148 1420 74 179 179
fre 3348 1420 74 179 179
fre 3332 1436 197 179 179
tree 3384 1432 67 0 179
stand 3432 1432 269 0 179
tree 3464 1432 2 0 179
fre 3468 1412 8 179 179
fre 3548 1420 81 179 179
tree 3656 1416 74 0 179
fre 3668 1420 81 179 179
tree 3688 1416 71 0 179
stand 3688 1432 288 0 179
fre 3700 1428 74 179 179
fre 3700 1412 81 179 179
fre 3804 1436 74 179 179
fre 3860 1428 8 179 179
tree 3880 1432 73 0 179
zabor 240 1456 28 0 8
zabor 272 1456 28 0 8
zabor 304 1456 26 0 8
zabor 336 1456 26 0 8
zabor 368 1456 27 0 8
zabor 400 1456 26 0 8
zabor 432 1456 24 0 8
zabor 464 1456 28 0 8
zabor 496 1456 31 0 8
zabor 528 1456 26 0 8
zabor 560 1456 31 0 8
zabor 592 1456 31 0 8
zabor 624 1456 24 0 8
zabor 656 1456 24 0 8
tree 808 1448 73 0 179
fre 916 1444 198 179 179
zabor 1072 1456 29 0 8
zabor 1680 1456 30 0 8
fre 1732 1452 53 179 179
tree 1784 1464 4 0 179
tree 1864 1464 72 0 179
lay 1912 1464 20 0 179
tree 1976 1448 74 0 179
tree 1992 1448 72 0 179
tree 2184 1464 3 0 179
stand 2184 1448 402 0 179
fre 2308 1452 198 179 179
dom 2496 1440 27 0 179
fre 2852 1460 81 179 179
tree 2904 1448 72 0 179
stand 3080 1464 402 0 179
tree 3160 1464 2 0 179
tree 3400 1464 72 0 179
lay 3640 1464 10 0 179
stand 3624 1464 267 0 179
stand 3688 1448 296 0 179
lay 3736 1448 19 0 179
fre 3764 1452 205 179 179
tree 200 1480 7 0 179
zabor 240 1488 31 0 8
zabor 656 1488 25 0 8
fre 732 1476 76 179 179
fre 812 1492 73 179 179
zabor 1072 1488 31 0 8
zabor 1680 1488 27 0 8
stand 1784 1480 404 0 179
tree 1816 1496 71 0 179
tree 1848 1480 73 0 179
tree 1832 1496 72 0 179
tree 1896 1480 72 0 179
tree 2008 1496 73 0 179
tree 2136 1496 3 0 179
trop 2268 1500 54 179 179
fre 2268 1492 198 179 179
stand 2760 1496 400 0 179
fre 2812 1476 81 179 179
fre 2844 1476 76 179 179
fre 2924 1500 53 179 179
stand 2984 1496 294 0 179
lay 3048 1480 38 0 179
fre 3124 1492 76 179 179
fre 3252 1476 81 179 179
fre 3332 1500 76 179 179
fre 3356 1500 197 179 179
tree 3400 1480 72 0 179
stand 3400 1480 402 0 179
tree 3736 1496 72 0 179
stand 3816 1480 404 0 179
fre 3836 1492 81 179 179
tree 3864 1480 73 0 179
tree 3864 1496 74 0 179
zabor 240 1520 26 0 8
fre 660 1524 81 179 179
zabor 656 1520 26 0 8
stand 744 1512 404 0 179
fre 796 1524 81 179 179
fre 836 1508 8 179 179
fre 836 1524 205 179 179
fre 916 1516 74 179 179
fre 956 1532 205 179 179
zabor 1072 1520 29 0 8
zabor 1680 1520 30 0 8
tree 1768 1512 0 0 179
fre 1812 1532 76 179 179
lay 1928 1528 14 0 179
fre 2244 1524 198 179 179
stand 2376 1512 296 0 179
trop 2588 1508 152 179 179
fre 2756 1532 81 179 179
stand 2856 1528 402 0 179
lay 3064 1512 48 0 179
fre 3076 1532 74 179 179
tree 3256 1512 2 0 179
stand 3272 1528 399 0 179
stand 3288 1512 296 0 179
lay 3400 1512 31 0 179
fre 3548 1516 74 179 179
fre 3636 1524 198 179 179
stand 3704 1512 399 0 179
stand 152 1544 402 0 179
zabor 240 1552 31 0 8
zabor 656 1552 31 0 8
dom 704 1536 321 0 179
stand 904 1544 294 0 179
zabor 1072 1552 31 0 8
zabor 1680 1552 30 0 8
tree 1816 1560 2 0 179
tree 1832 1560 3 0 179
stand 1848 1560 276 0 179
tree 1912 1544 5 0 179
fre 2188 1540 198 179 179
fre 2196 1548 198 179 179
fre 2204 1540 198 179 179
trop 2268 1556 54 179 179
fre 2260 1540 198 179 179
tree 2632 1544 72 0 179
fre 2780 1564 76 179 179
tree 2872 1544 5 0 179
fre 3020 1540 74 179 179
tree 3208 1560 3 0 179
tree 3240 1560 70 0 179
fre 3244 1548 81 179 179
stand 3272 1544 400 0 179
tree 3384 1544 70 0 179
tree 3384 1560 71 0 179
fre 3404 1556 205 179 179
stand 3464 1544 402 0 179
fre 3484 1556 76 179 179
tree 3544 1544 71 0 179
trop 3676 1564 170 179 179
tree 3896 1560 73 0 179
zabor 240 1584 26 0 8
zabor 656 1584 29 0 8
fre 932 1596 76 179 179
fre 972 1588 74 179 179
fre 972 1572 205 179 179
zabor 1072 1584 24 0 8
zabor 1680 1584 24 0 8
tree 1752 1576 7 0 179
stand 1880 1576 400 0 179
stand 1896 1592 402 0 179
tree 1960 1592 74 0 179
tree 1960 1576 73 0 179
stand 2008 1576 159 0 179
trop 2060 1580 48 179 179
dom 2144 1568 116 0 179
dom 2400 1568 131 0 179
tree 2712 1576 72 0 179
tree 2728 1576 72 0 179
fre 2732 1596 8 179 179
fre 2996 1580 81 179 179
fre 3044 1572 81 179 179
fre 3196 1580 74 179 179
tree 3272 1592 1 0 179
stand 3304 1576 337 0 179
dom 3584 1568 116 0 179
fre 3692 1596 76 179 179
fre 3724 1588 76 179 179
dom 3744 1568 56 0 179
fre 3852 1572 8 179 179
tree 3896 1592 72 0 179
tree 152 1608 71 0 179
zabor 240 1616 24 0 8
zabor 656 1616 26 0 8
fre 780 1628 198 179 179
fre 820 1612 199 179 179
fre 836 1604 198 179 179
zabor 1072 1616 28 0 8
zabor 1680 1616 30 0 8
tree 1944 1608 74 0 179
fre 1996 1612 76 179 179
trop 2268 1612 54 179 179
trop 2540 1604 153 179 179
stand 2616 1624 402 0 179
fre 2804 1612 205 179 179
stand 2872 1608 294 0 179
tree 3064 1608 72 0 179
tree 3064 1624 71 0 179
stand 3160 1608 402 0 179
tree 3368 1624 74 0 179
trop 3484 1620 149 179 179
trop 3540 1612 162 179 179
fre 3588 1628 205 179 179
trop 3620 1620 162 179 179
trop 3708 1620 162 179 179
trop 3788 1620 171 179 179
tree 3880 1608 72 0 179
stand 3880 1624 402 0 179
zabor 240 1648 28 0 8
zabor 656 1648 28 0 8
fre 748 1636 74 179 179
fre 748 1660 198 179 179
zabor 1072 1648 30 0 8
zabor 1680 1648 26 0 8
stand 1832 1640 294 0 179
fre 1836 1652 74 179 179
tree 1864 1640 72 0 179
stand 1896 1640 294 0 179
tree 1960 1656 2 0 179
trop 2164 1660 162 179 179
fre 2188 1652 48 179 179
trop 2260 1660 163 179 179
trop 2348 1660 163 179 179
trop 2436 1652 154 179 179
fre 2756 1660 76 179 179
stand 2824 1656 294 0 179
lay 2904 1640 24 0 179
stand 2904 1640 296 0 179
fre 2924 1644 8 179 179
lay 2984 1640 11 0 179
tree 3064 1640 70 0 179
stand 3064 1640 404 0 179
lay 3288 1640 53 0 179
trop 3420 1644 147 179 179
fre 3428 1660 76 179 179
fre 3684 1644 74 179 179
fre 3724 1636 81 179 179
tree 152 1672 71 0 179
tree 216 1688 70 0 179
zabor 240 1680 26 0 8
zabor 656 1680 31 0 8
fre 756 1692 76 179 179
fre 756 1668 198 179 179
fre 796 1676 199 179 179
fre 804 1684 198 179 179
fre 924 1684 73 179 179
zabor 1072 1680 28 0 8
zabor 1680 1680 27 0 8
lay 1768 1672 46 0 179
tree 1816 1688 72 0 179
tree 1944 1672 2 0 179
trop 2084 1684 161 179 179
tree 2808 1672 70 0 179
fre 2972 1692 74 179 179
stand 3048 1688 296 0 179
fre 3108 1668 8 179 179
fre 3148 1676 76 179 179
stand 3432 1672 402 0 179
fre 3484 1692 81 179 179
dom 3616 1664 27 0 179
tree 3720 1688 2 0 179
stand 3752 1672 0 0 179
tree 3848 1688 74 0 179
stand 3880 1672 294 0 179
tree 216 1704 74 0 179
tree 216 1720 71 0 179
zabor 240 1712 26 0 8
zabor 656 1712 28 0 8
fre 764 1700 198 179 179
fre 924 1708 81 179 179
zabor 1072 1712 30 0 8
zabor 1680 1712 24 0 8
fre 1796 1700 74 179 179
tree 1880 1720 6 0 179
tree 1976 1704 2 0 179
trop 2260 1708 150 179 179
tree 2456 1704 2 0 179
tree 2440 1720 7 0 179
fre 2756 1708 81 179 179
fre 2852 1708 8 179 179
fre 2876 1716 205 179 179
fre 3124 1700 205 179 179
tree 3208 1704 74 0 179
tree 3288 1704 70 0 179
trop 3372 1708 153 179 179
fre 3564 1724 205 179 179
fre 3692 1716 8 179 179
tree 3720 1704 5 0 179
tree 3736 1704 1 0 179
fre 3804 1700 8 179 179
fre 3796 1724 205 179 179
stand 3816 1720 268 0 179
tree 3848 1704 70 0 179
tree 3864 1704 71 0 179
tree 184 1752 70 0 179
tree 200 1736 71 0 179
zabor 240 1744 30 0 8
zabor 656 1744 30 0 8
fre 756 1740 198 179 179
fre 804 1732 8 179 179
tree 904 1752 72 0 179
tree 952 1736 74 0 179
zabor 1072 1744 28 0 8
zabor 1680 1744 27 0 8
tree 1768 1752 72 0 179
tree 1784 1752 74 0 179
dom 1952 1728 11 0 179
trop 2060 1740 48 179 179
dom 2176 1728 124 0 179
dom 2560 1728 19 0 179
lay 2904 1752 9 0 179
stand 2968 1752 402 0 179
fre 2972 1748 81 179 179
trop 3276 1740 148 179 179
stand 3704 1736 402 0 179
tree 3720 1736 74 0 179
tree 168 1784 74 0 179
zabor 240 1776 30 0 8
zabor 656 1776 31 0 8
fre 708 1764 198 179 179
fre 716 1788 198 179 179
fre 772 1772 198 179 179
dom 928 1760 54 0 179
stand 1032 1784 10 0 179
zabor 1072 1776 31 0 8
zabor 1680 1776 24 0 8
tree 1864 1784 74 0 179
stand 2088 1784 19 0 179
tree 2120 1768 4 0 179
fre 2164 1780 198 179 179
fre 2172 1788 198 179 179
dom 2368 1760 121 0 179
stand 2584 1768 402 0 179
fre 2740 1764 205 179 179
lay 2888 1768 43 0 179
stand 3000 1768 296 0 179
fre 3372 1780 74 179 179
fre 3524 1788 197 179 179
tree 3576 1768 74 0 179
stand 3640 1768 294 0 179
fre 3756 1764 81 179 179
tree 152 1816 72 0 179
zabor 240 1808 27 0 8
zabor 656 1808 27 0 8
tree 696 1800 73 0 179
tree 696 1816 73 0 179
fre 748 1820 198 179 179
tree 888 1800 78 0 179
zabor 1072 1808 26 0 8
zabor 1680 1808 29 0 8
tree 1800 1816 4 0 179
tree 1816 1800 2 0 179
fre 1932 1812 198 179 179
fre 2164 1804 198 179 179
fre 2164 1796 198 179 179
fre 2164 1820 198 179 179
trop 2308 1812 157 179 179
fre 2548 1804 8 179 179
fre 2532 1796 205 179 179
fre 2716 1812 8 179 179
stand 2728 1816 294 0 179
stand 2920 1816 296 0 179
fre 2940 1796 76 179 179
fre 2932 1804 81 179 179
trop 3204 1796 147 179 179
stand 3256 1800 399 0 179
tree 3400 1816 72 0 179
fre 3452 1812 74 179 179
fre 3684 1812 81 179 179
fre 3724 1812 74 179 179
tree 3736 1816 73 0 179
fre 3764 1796 76 179 179
stand 3848 1800 402 0 179
tree 3880 1816 74 0 179
tree 3960 1816 71 0 179
lay 184 1848 30 0 179
stand 184 1848 399 0 179
zabor 240 1840 26 0 8
zabor 656 1840 26 0 8
tree 872 1832 73 0 179
fre 1020 1844 74 179 179
zabor 1072 1840 26 0 8
trop 1724 1836 170 179 179
tree 1816 1832 1 0 179
tree 1976 1832 2 0 179
tree 1960 1832 1 0 179
fre 2036 1852 50 179 179
fre 2140 1852 198 179 179
fre 2180 1828 198 179 179
fre 2188 1836 197 179 179
trop 2332 1844 167 179 179
fre 2708 1836 8 179 179
fre 2724 1836 76 179 179
lay 2760 1832 32 0 179
fre 2868 1844 81 179 179
fre 3020 1828 205 179 179
trop 3172 1852 146 179 179
tree 3224 1848 74 0 179
fre 3236 1852 197 179 179
tree 3336 1848 70 0 179
stand 3368 1832 294 0 179
fre 3364 1836 74 179 179
fre 3412 1852 205 179 179
tree 3432 1832 2 0 179
fre 3476 1828 8 179 179
tree 3576 1848 72 0 179
fre 3588 1844 74 179 179
fre 3668 1844 205 179 179
stand 3816 1832 402 0 179
tree 3864 1848 73 0 179
fre 3844 1844 81 179 179
tree 3880 1832 71 0 179
tree 3880 1848 67 0 179
tree 3960 1832 72 0 179
zabor 240 1872 28 0 8
zabor 656 1872 27 0 8
stand 856 1864 400 0 179
zabor 1072 1872 28 0 8
zabor 1680 1872 26 0 8
fre 1860 1876 198 179 179
fre 1916 1876 198 179 179
trop 2412 1860 163 179 179
trop 2500 1860 164 179 179
trop 2596 1860 171 179 179
tree 2824 1864 6 0 179
tree 2840 1864 0 0 179
fre 2908 1884 8 179 179
tree 2920 1864 72 0 179
fre 2948 1876 76 179 179
fre 2956 1876 205 179 179
tree 2984 1880 74 0 179
stand 3240 1880 294 0 179
fre 3284 1876 49 179 179
fre 3292 1868 81 179 179
fre 3316 1884 81 179 179
stand 3384 1864 296 0 179
tree 3496 1864 74 0 179
fre 3604 1884 197 179 179
fre 3652 1884 76 179 179
tree 3688 1864 73 0 179
tree 3704 1880 74 0 179
fre 3740 1884 8 179 179
lay 3752 1864 5 0 179
fre 3748 1860 8 179 179
tree 3960 1864 73 0 179
tree 3960 1880 72 0 179
tree 200 1912 70 0 179
zabor 240 1904 24 0 8
zabor 656 1904 26 0 8
trop 900 1900 148 179 179
trop 988 1892 171 179 179
zabor 1072 1904 28 0 8
zabor 1104 1904 31 0 8
zabor 1136 1904 28 0 8
zabor 1168 1904 26 0 8
zabor 1200 1904 28 0 8
zabor 1232 1904 29 0 8
zabor 1264 1904 31 0 8
zabor 1296 1904 29 0 8
zabor 1328 1904 29 0 8
zabor 1360 1904 27 0 8
zabor 1392 1904 27 0 8
zabor 1424 1904 26 0 8
zabor 1456 1904 25 0 8
zabor 1488 1904 28 0 8
zabor 1520 1904 28 0 8
zabor 1552 1904 26 0 8
zabor 1584 1904 31 0 8
zabor 1616 1904 27 0 8
zabor 1648 1904 29 0 8
zabor 1680 1904 29 0 8
trop 2060 1900 48 179 179
fre 2188 1892 197 179 179
fre 2180 1916 197 179 179
tree 2264 1896 6 0 179
trop 2308 1900 158 179 179
stand 2920 1896 294 0 179
tree 2952 1896 70 0 179
fre 2996 1908 197 179 179
fre 3084 1908 8 179 179
tree 3112 1912 72 0 179
lay 3240 1896 34 0 179
stand 3560 1896 404 0 179
fre 3644 1916 74 179 179
stand 3736 1912 296 0 179
stand 3800 1896 333 0 179
fre 3780 1916 81 179 179
zabor 240 1936 29 0 8
zabor 656 1936 28 0 8
trop 820 1932 154 179 179
fre 1420 1932 76 179 179
trop 1724 1924 158 179 179
dom 1824 1920 88 0 179
fre 1892 1932 198 179 179
dom 1952 1920 87 0 179
dom 2176 1920 67 0 179
tree 2264 1928 3 0 179
tree 2552 1928 7 0 179
tree 2568 1928 7 0 179
fre 2612 1948 198 179 179
fre 2628 1932 76 179 179
tree 2696 1944 74 0 179
tree 2888 1928 72 0 179
stand 3000 1928 268 0 179
tree 3112 1928 72 0 179
trop 3164 1932 145 179 179
fre 3292 1932 197 179 179
fre 3324 1924 205 179 179
dom 3520 1920 28 0 179
fre 3572 1932 8 179 179
tree 3768 1944 73 0 179
tree 3784 1944 5 0 179
fre 3804 1940 197 179 179
lay 3848 1944 16 0 179
stand 3912 1928 294 0 179
tree 3928 1944 73 0 179
tree 184 1976 74 0 179
zabor 240 1968 29 0 8
zabor 272 1968 24 0 8
zabor 304 1968 29 0 8
zabor 336 1968 29 0 8
zabor 368 1968 24 0 8
zabor 400 1968 31 0 8
zabor 432 1968 27 0 8
zabor 464 1968 30 0 8
zabor 496 1968 24 0 8
zabor 560 1968 28 0 8
zabor 592 1968 25 0 8
zabor 624 1968 28 0 8
zabor 656 1968 26 0 8
trop 740 1964 161 179 179
stand 824 1960 399 0 179
fre 980 1956 53 179 179
lay 1112 1960 15 0 179
tree 1160 1976 74 0 179
fre 1332 1972 49 179 179
fre 1380 1972 81 179 179
fre 1492 1964 81 179 179
lay 1528 1960 10 0 179
stand 1576 1960 294 0 179
fre 1868 1980 52 179 179
fre 1884 1956 198 179 179
fre 1892 1972 198 179 179
fre 1988 1980 197 179 179
dom 2432 1952 85 0 179
fre 2460 1972 198 179 179
fre 2508 1972 198 179 179
stand 2584 1960 79 0 179
fre 2564 1964 198 179 179
fre 2620 1972 38 179 179
fre 2652 1964 198 179 179
fre 2684 1964 76 179 179
tree 2808 1976 73 0 179
tree 2824 1976 71 0 179
fre 3068 1956 52 179 179
fre 3100 1980 76 179 179
tree 3256 1976 71 0 179
stand 3352 1960 296 0 179
tree 3352 1960 72 0 179
tree 3496 1976 6 0 179
tree 3672 1960 69 0 179
tree 3688 1960 113 0 179
tree 3704 1976 60 0 179
fre 3732 1956 76 179 179
tree 3768 1960 74 0 179
tree 3960 1960 72 0 179
tree 184 1992 74 0 179
tree 248 2008 6 0 179
fre 580 2004 76 179 179
dom 608 1984 57 0 179
trop 716 1996 170 179 179
fre 916 1996 8 179 179
fre 908 2012 205 179 179
stand 1048 1992 294 0 179
tree 1272 1992 73 0 179
stand 1336 2008 402 0 179
lay 1368 1992 18 0 179
stand 1368 2008 294 0 179
tree 1480 1992 74 0 179
dom 1632 1984 117 0 179
trop 1724 2012 157 179 179
stand 1848 2008 399 0 179
fre 1972 1996 197 179 179
stand 1992 1992 21 0 179
stand 2088 2008 139 0 179
tree 2136 1992 0 0 179
tree 2120 1992 3 0 179
trop 2308 1988 159 179 179
stand 2360 2008 143 0 179
stand 2872 1992 400 0 179
tree 3016 1992 72 0 179
fre 3028 2012 76 179 179
stand 3048 2008 296 0 179
trop 3172 1996 157 179 179
tree 3512 1992 73 0 179
tree 3496 1992 73 0 179
tree 3528 2008 70 0 179
tree 3544 1992 66 0 179
stand 3960 1992 399 0 179
fre 236 2044 76 179 179
fre 884 2028 205 179 179
fre 908 2036 76 179 179
fre 908 2044 76 179 179
lay 1144 2024 3 0 179
fre 1316 2036 76 179 179
lay 1384 2024 47 0 179
tree 1448 2040 73 0 179
fre 1492 2028 81 179 179
stand 1544 2024 294 0 179
fre 1556 2020 81 179 179
tree 1816 2040 0 0 179
tree 1848 2040 4 0 179
tree 1832 2040 7 0 179
fre 1860 2044 197 179 179
fre 2708 2020 198 179 179
tree 3336 2024 74 0 179
tree 376 2056 73 0 179
tree 360 2072 72 0 179
tree 456 2072 71 0 179
fre 532 2060 76 179 179
fre 764 2068 8 179 179
stand 872 2056 404 0 179
stand 904 2056 402 0 179
lay 936 2056 21 0 179
fre 1020 2052 76 179 179
tree 1320 2072 71 0 179
tree 1368 2072 74 0 179
fre 1364 2068 76 179 179
fre 1468 2076 81 179 179
fre 1476 2052 81 179 179
fre 1596 2076 198 179 179
fre 1604 2060 198 179 179
tree 1816 2072 7 0 179
tree 1832 2056 3 0 179
trop 2060 2060 48 179 179
trop 2164 2068 49 179 179
trop 2316 2068 49 179 179
trop 2468 2068 49 179 179
fre 2508 2052 48 179 179
trop 2620 2068 49 179 179
trop 2772 2068 49 179 179
trop 2924 2068 49 179 179
trop 3076 2068 49 179 179
trop 3228 2068 49 179 179
trop 3380 2068 49 179 179
trop 3532 2068 49 179 179
trop 3684 2068 49 179 179
trop 3836 2068 49 179 179
trop 3908 2068 49 179 179
lay 248 2088 38 0 179
tree 344 2088 71 0 179
tree 360 2104 70 0 179
stand 424 2104 402 0 179
fre 460 2100 8 179 179
lay 648 2088 31 0 179
trop 708 2092 158 179 179
fre 708 2108 50 179 179
fre 1060 2092 74 179 179
fre 1124 2100 14 179 179
lay 1256 2088 23 0 179
tree 1304 2104 73 0 179
stand 1368 2104 294 0 179
tree 1400 2088 67 0 179
lay 1448 2088 3 0 179
fre 1460 2108 76 179 179
fre 1492 2084 81 179 179
fre 1508 2092 76 179 179
tree 1608 2104 72 0 179
tree 1624 2104 73 0 179
tree 1672 2088 70 0 179
trop 1724 2092 145 179 179
dom 1824 2080 62 0 179
fre 1828 2100 197 179 179
dom 1984 2080 130 0 179
stand 2392 2104 16 0 179
stand 2680 2104 21 0 179
stand 3016 2104 22 0 179
stand 3352 2104 17 0 179
stand 3720 2104 19 0 179
tree 216 2120 73 0 179
fre 220 2124 76 179 179
fre 252 2140 74 179 179
stand 360 2120 404 0 179
fre 428 2116 76 179 179
fre 460 2132 53 179 179
fre 532 2140 74 179 179
tree 808 2120 73 0 179
tree 808 2136 70 0 179
lay 936 2136 6 0 179
fre 1028 2116 74 179 179
fre 1116 2132 205 179 179
fre 1252 2132 76 179 179
stand 1288 2120 399 0 179
dom 1536 2112 53 0 179
fre 1580 2116 76 179 179
fre 1580 2124 198 179 179
fre 1620 2124 198 179 179
stand 1672 2136 294 0 179
fre 1836 2116 197 179 179
fre 1868 2132 197 179 179
trop 2220 2140 158 179 179
tree 2280 2120 7 0 179
tree 2280 2136 3 0 179
tree 2312 2136 72 0 179
stand 2360 2136 11 0 179
stand 2392 2120 262 0 179
stand 2392 2136 260 0 179
stand 2376 2120 259 0 179
stand 2376 2136 258 0 179
stand 2440 2136 322 0 179
stand 2472 2136 324 0 179
stand 2504 2136 322 0 179
stand 2552 2136 323 0 179
stand 2584 2136 322 0 179
stand 2632 2136 323 0 179
stand 2664 2136 322 0 179
stand 2712 2136 324 0 179
stand 2728 2136 323 0 179
stand 2744 2136 323 0 179
stand 2776 2120 322 0 179
stand 2776 2136 324 0 179
stand 2808 2136 323 0 179
stand 2936 2136 322 0 179
stand 2984 2136 324 0 179
stand 3016 2136 323 0 179
stand 3048 2136 324 0 179
stand 3080 2136 324 0 179
stand 3096 2136 324 0 179
stand 3128 2136 323 0 179
tree 200 2152 72 0 179
fre 388 2172 76 179 179
tree 584 2152 73 0 179
tree 792 2152 71 0 179
lay 888 2168 12 0 179
fre 1212 2172 198 179 179
fre 1204 2172 198 179 179
stand 1320 2152 294 0 179
fre 1340 2172 76 179 179
fre 1364 2148 81 179 179
tree 1432 2168 72 0 179
tree 1416 2168 72 0 179
fre 1532 2164 198 179 179
fre 1516 2148 198 179 179
stand 1608 2168 400 0 179
stand 1800 2152 18 0 179
stand 2200 2152 37 0 179
tree 2264 2168 5 0 179
stand 2440 2168 323 0 179
stand 2456 2168 323 0 179
stand 2488 2152 323 0 179
stand 2504 2152 322 0 179
stand 2520 2152 324 0 179
stand 2552 2152 323 0 179
stand 2568 2152 322 0 179
stand 2584 2152 323 0 179
stand 2600 2152 322 0 179
stand 2616 2168 323 0 179
stand 2648 2168 322 0 179
stand 2680 2168 324 0 179
stand 2712 2152 322 0 179
stand 2712 2168 323 0 179
stand 2728 2168 322 0 179
stand 2728 2152 323 0 179
stand 2760 2168 323 0 179
stand 2792 2168 324 0 179
stand 2824 2152 323 0 179
stand 2840 2152 323 0 179
stand 2872 2168 323 0 179
stand 2856 2152 324 0 179
stand 2904 2168 323 0 179
stand 2888 2152 324 0 179
stand 2920 2168 323 0 179
stand 2968 2152 323 0 179
stand 2984 2168 322 0 179
stand 2984 2152 323 0 179
stand 3000 2168 324 0 179
stand 3016 2152 324 0 179
stand 3064 2152 323 0 179
stand 3064 2168 324 0 179
stand 3128 2168 322 0 179
stand 3128 2152 323 0 179
stand 3176 2152 322 0 179
dom 3232 2144 108 0 179
stand 3320 2168 404 0 179
lay 3352 2152 22 0 179
fre 3444 2164 81 179 179
tree 3720 2168 70 0 179
lay 3752 2168 29 0 179
stand 216 2200 296 0 179
tree 264 2184 4 0 179
trop 708 2188 158 179 179
dom 736 2176 19 0 179
tree 824 2184 4 0 179
lay 920 2200 42 0 179
lay 936 2184 39 0 179
fre 940 2188 81 179 179
tree 984 2184 72 0 179
fre 1124 2196 8 179 179
fre 1140 2196 198 179 179
fre 1172 2196 198 179 179
fre 1180 2204 198 179 179
fre 1244 2188 205 179 179
tree 1288 2184 72 0 179
tree 1352 2200 72 0 179
tree 1672 2184 73 0 179
tree 1720 2184 73 0 179
trop 1772 2188 144 179 179
tree 1992 2184 0 0 179
tree 1992 2200 7 0 179
dom 2144 2176 113 0 179
tree 2280 2200 6 0 179
stand 2360 2200 253 0 179
stand 2392 2184 245 0 179
stand 2456 2200 322 0 179
stand 2440 2184 323 0 179
stand 2472 2184 323 0 179
stand 2472 2200 323 0 179
stand 2504 2200 322 0 179
stand 2536 2200 323 0 179
stand 2584 2200 322 0 179
stand 2616 2200 322 0 179
stand 2648 2200 322 0 179
stand 2632 2184 323 0 179
stand 2632 2200 324 0 179
stand 2664 2200 324 0 179
stand 2696 2200 322 0 179
stand 2712 2200 323 0 179
stand 2696 2184 324 0 179
stand 2712 2184 324 0 179
stand 2728 2184 324 0 179
stand 2776 2200 323 0 179
stand 2760 2200 323 0 179
stand 2776 2184 323 0 179
stand 2792 2184 322 0 179
stand 2808 2184 324 0 179
stand 2824 2184 324 0 179
stand 2872 2184 322 0 179
stand 2904 2184 323 0 179
stand 2936 2200 324 0 179
stand 2968 2200 323 0 179
stand 2984 2200 324 0 179
stand 2984 2184 324 0 179
stand 3032 2184 322 0 179
stand 3016 2184 324 0 179
stand 3064 2184 324 0 179
stand 3080 2184 322 0 179
stand 3080 2200 324 0 179
stand 3128 2184 323 0 179
stand 3112 2200 324 0 179
stand 3176 2184 322 0 179
stand 3176 2200 324 0 179
stand 3224 2184 274 0 179
stand 3208 2200 323 0 179
tree 3432 2200 74 0 179
fre 3484 2204 81 179 179
tree 3544 2184 71 0 179
tree 3544 2200 71 0 179
fre 3548 2180 76 179 179
tree 3576 2200 71 0 179
fre 3700 2180 76 179 179
tree 3912 2184 73 0 179
lay 296 2216 52 0 179
fre 308 2236 76 179 179
stand 392 2216 399 0 179
tree 472 2216 73 0 179
tree 456 2216 73 0 179
lay 840 2216 45 0 179
lay 920 2232 0 0 179
fre 908 2228 2 179 179
fre 1108 2212 198 179 179
fre 1140 2228 81 179 179
fre 1140 2220 198 179 179
fre 1156 2220 198 179 179
stand 1272 2216 404 0 179
fre 1268 2212 205 179 179
lay 1320 2216 27 0 179
stand 1416 2232 402 0 179
trop 1524 2236 148 179 179
trop 1604 2228 164 179 179
trop 1692 2228 164 179 179
trop 1780 2228 164 179 179
trop 2060 2212 48 179 179
stand 2088 2216 18 0 179
trop 2220 2220 145 179 179
stand 2440 2216 322 0 179
stand 2488 2216 323 0 179
stand 2488 2232 323 0 179
stand 2504 2232 322 0 179
stand 2520 2232 324 0 179
tree 2584 2216 70 0 179
stand 2568 2216 324 0 179
stand 2680 2232 323 0 179
stand 2712 2216 323 0 179
stand 2696 2216 323 0 179
stand 2744 2216 324 0 179
stand 2760 2232 324 0 179
stand 2808 2216 323 0 179
stand 2808 2232 324 0 179
stand 2856 2216 322 0 179
stand 2872 2232 323 0 179
stand 2888 2216 323 0 179
stand 2968 2232 322 0 179
stand 2952 2232 324 0 179
stand 3016 2216 323 0 179
stand 3032 2232 323 0 179
stand 3032 2216 324 0 179
stand 3064 2232 323 0 179
stand 3096 2232 324 0 179
stand 3080 2216 324 0 179
stand 3112 2232 322 0 179
stand 3160 2216 324 0 179
stand 3176 2232 323 0 179
fre 3388 2236 8 179 179
tree 3512 2232 5 0 179
tree 3496 2232 1 0 179
stand 3576 2232 400 0 179
lay 3592 2216 18 0 179
stand 3592 2232 294 0 179
tree 3672 2216 72 0 179
tree 3656 2216 71 0 179
stand 3896 2232 294 0 179
fre 148 2244 74 179 179
fre 236 2268 76 179 179
tree 408 2264 6 0 179
tree 392 2248 2 0 179
fre 452 2268 74 179 179
tree 632 2264 72 0 179
tree 664 2248 71 0 179
tree 648 2248 73 0 179
tree 648 2264 74 0 179
fre 644 2268 8 179 179
stand 728 2248 402 0 179
lay 920 2264 46 0 179
fre 1084 2252 198 179 179
fre 1084 2268 198 179 179
stand 1096 2248 404 0 179
fre 1100 2268 76 179 179
fre 1132 2252 198 179 179
fre 1196 2260 205 179 179
stand 1352 2248 275 0 179
stand 1912 2248 20 0 179
dom 1952 2240 129 0 179
tree 2424 2264 21 0 179
stand 2456 2248 322 0 179
tree 2584 2248 7 0 179
tree 2616 2264 1 0 179
tree 2648 2248 7 0 179
stand 2664 2264 322 0 179
stand 2696 2264 324 0 179
stand 2744 2264 322 0 179
stand 2728 2264 324 0 179
stand 2728 2248 324 0 179
stand 2776 2264 323 0 179
stand 2808 2248 324 0 179
stand 2824 2264 323 0 179
stand 2856 2248 324 0 179
stand 2872 2248 324 0 179
stand 2904 2264 324 0 179
stand 2920 2248 323 0 179
stand 2936 2264 323 0 179
stand 2968 2248 323 0 179
stand 3000 2248 322 0 179
stand 3048 2264 323 0 179
stand 3048 2248 324 0 179
stand 3096 2248 322 0 179
stand 3144 2248 323 0 179
stand 3192 2248 322 0 179
stand 3176 2248 324 0 179
stand 3176 2264 324 0 179
fre 3260 2244 198 179 179
fre 3292 2252 198 179 179
fre 3276 2268 198 179 179
fre 3308 2268 81 179 179
fre 3316 2244 198 179 179
fre 3388 2268 74 179 179
fre 3420 2244 76 179 179
fre 3444 2244 205 179 179
tree 3480 2264 4 0 179
fre 3468 2244 76 179 179
tree 3496 2248 5 0 179
fre 3532 2252 81 179 179
tree 200 2296 70 0 179
fre 196 2284 74 179 179
fre 388 2284 8 179 179
fre 492 2284 76 179 179
lay 536 2296 39 0 179
tree 648 2296 74 0 179
trop 708 2276 157 179 179
lay 856 2296 29 0 179
fre 868 2276 16 179 179
fre 908 2292 2 179 179
lay 952 2280 42 0 179
lay 936 2296 38 0 179
lay 984 2296 43 0 179
tree 1192 2296 47 0 179
stand 1240 2280 400 0 179
tree 1336 2296 74 0 179
trop 1444 2292 147 179 179
stand 1736 2296 19 0 179
trop 1884 2276 150 179 179
tree 2296 2280 21 0 179
dom 2368 2272 125 0 179
dom 2560 2272 53 0 179
stand 2680 2280 323 0 179
stand 2696 2296 322 0 179
stand 2712 2296 322 0 179
stand 2776 2296 323 0 179
stand 2824 2280 322 0 179
stand 2856 2280 323 0 179
stand 2904 2296 323 0 179
stand 2920 2296 324 0 179
stand 2968 2296 323 0 179
stand 3000 2280 323 0 179
stand 3000 2296 324 0 179
stand 3016 2296 323 0 179
stand 3032 2296 324 0 179
stand 3096 2296 322 0 179
stand 3096 2280 323 0 179
stand 3144 2280 322 0 179
stand 3160 2280 324 0 179
fre 3292 2276 198 179 179
fre 3308 2284 8 179 179
tree 3352 2280 70 0 179
stand 3368 2296 294 0 179
dom 3456 2272 321 0 179
fre 3740 2276 8 179 179
stand 3784 2280 296 0 179
tree 3896 2296 73 0 179
fre 3916 2300 76 179 179
tree 312 2312 73 0 179
fre 372 2332 74 179 179
lay 504 2328 8 0 179
tree 648 2328 7 0 179
tree 792 2312 71 0 179
tree 792 2328 73 0 179
lay 872 2328 0 0 179
fre 1068 2332 76 179 179
tree 1192 2328 46 0 179
lay 1240 2328 18 0 179
tree 1240 2312 45 0 179
stand 1496 2328 9 0 179
lay 1560 2328 9 0 179
dom 1696 2304 136 0 179
fre 1756 2332 197 179 179
dom 1856 2304 14 0 179
tree 1976 2328 6 0 179
trop 2268 2324 144 179 179
tree 2424 2312 15 0 179
stand 2520 2328 26 0 179
stand 2680 2312 323 0 179
stand 2712 2312 323 0 179
stand 2744 2328 322 0 179
stand 2744 2312 323 0 179
stand 2840 2328 322 0 179
stand 2840 2312 322 0 179
stand 2824 2328 323 0 179
stand 2872 2312 323 0 179
stand 2952 2328 322 0 179
stand 3032 2312 322 0 179
stand 3016 2328 323 0 179
stand 3048 2312 323 0 179
stand 3080 2328 323 0 179
stand 3128 2328 322 0 179
stand 3112 2328 324 0 179
stand 3144 2312 323 0 179
stand 3160 2312 324 0 179
stand 3192 2312 322 0 179
stand 3288 2312 402 0 179
fre 3324 2324 198 179 179
fre 3388 2316 81 179 179
fre 3420 2308 80 179 179
fre 3492 2308 81 179 179
lay 3544 2328 50 0 179
fre 3540 2324 74 179 179
stand 3784 2312 404 0 179
tree 3864 2328 70 0 179
fre 3860 2332 74 179 179
tree 3880 2312 72 0 179
fre 3876 2332 76 179 179
fre 3884 2324 8 179 179
lay 3928 2328 35 0 179
tree 184 2344 73 0 179
stand 264 2344 404 0 179
tree 296 2360 0 0 179
tree 312 2360 6 0 179
tree 312 2344 3 0 179
fre 308 2340 76 179 179
tree 328 2344 67 0 179
tree 536 2360 71 0 179
tree 840 2360 72 0 179
fre 996 2356 193 179 179
lay 1032 2344 10 0 179
lay 1224 2344 17 0 179
lay 1256 2344 49 0 179
lay 1272 2360 47 0 179
tree 1320 2344 72 0 179
fre 1564 2364 76 179 179
fre 1668 2364 198 179 179
fre 1756 2348 198 179 179
fre 1732 2356 198 179 179
fre 1756 2356 198 179 179
tree 1992 2360 5 0 179
tree 2008 2360 1 0 179
dom 2112 2336 151 0 179
trop 2372 2364 162 179 179
trop 2460 2364 163 179 179
trop 2556 2364 164 179 179
trop 2644 2364 171 179 179
stand 2728 2360 323 0 179
stand 2760 2344 322 0 179
stand 2776 2344 324 0 179
stand 2792 2344 323 0 179
stand 2792 2360 324 0 179
stand 2840 2344 324 0 179
tree 2936 2360 1 0 179
tree 3000 2360 72 0 179
stand 3032 2344 323 0 179
stand 3112 2344 322 0 179
stand 3176 2360 322 0 179
stand 3288 2344 402 0 179
tree 3512 2344 73 0 179
tree 3640 2344 73 0 179
tree 3624 2344 71 0 179
tree 3640 2360 74 0 179
fre 3708 2356 205 179 179
fre 3764 2364 81 179 179
lay 3832 2360 22 0 179
tree 328 2376 5 0 179
lay 328 2392 41 0 179
stand 440 2392 296 0 179
stand 664 2376 1 0 179
trop 748 2388 144 179 179
fre 1180 2380 81 179 179
tree 1192 2376 62 0 179
lay 1240 2376 13 0 179
trop 1380 2372 153 179 179
fre 1564 2372 76 179 179
fre 1644 2388 198 179 179
fre 1652 2372 198 179 179
fre 1668 2388 198 179 179
fre 1724 2380 198 179 179
tree 1864 2392 7 0 179
trop 1972 2396 144 179 179
tree 1992 2376 0 0 179
tree 2008 2392 6 0 179
trop 2060 2372 48 179 179
trop 2340 2396 150 179 179
fre 2580 2372 51 179 179
tree 2888 2376 5 0 179
tree 2904 2392 1 0 179
tree 2936 2392 3 0 179
tree 2968 2376 0 0 179
tree 3016 2392 0 0 179
tree 3064 2376 72 0 179
tree 3320 2392 0 0 179
tree 3320 2376 4 0 179
lay 3480 2392 10 0 179
fre 3508 2396 81 179 179
fre 3516 2372 205 179 179
fre 3572 2372 74 179 179
fre 3644 2396 76 179 179
fre 3684 2388 209 179 179
tree 3768 2376 72 0 179
tree 3960 2392 73 0 179
tree 3960 2376 70 0 179
fre 220 2428 76 179 179
fre 244 2428 8 179 179
tree 440 2408 3 0 179
fre 428 2404 76 179 179
trop 516 2428 172 179 179
trop 604 2428 164 179 179
trop 692 2428 162 179 179
trop 772 2428 163 179 179
trop 868 2428 165 179 179
fre 908 2428 51 179 179
trop 948 2428 165 179 179
fre 956 2428 31 179 179
fre 932 2428 81 179 179
fre 1004 2428 32 179 179
trop 1028 2428 164 179 179
fre 1052 2428 33 179 179
trop 1116 2428 163 179 179
fre 1100 2420 35 179 179
fre 1156 2428 33 179 179
trop 1204 2428 162 179 179
fre 1204 2420 48 179 179
trop 1284 2420 154 179 179
fre 1460 2412 81 179 179
fre 1596 2428 76 179 179
tree 1832 2408 4 0 179
tree 1880 2424 5 0 179
fre 2156 2412 197 179 179
fre 2364 2420 53 179 179
zabor 2576 2416 31 0 8
zabor 2608 2416 24 0 8
zabor 2672 2416 28 0 8
zabor 2704 2416 27 0 8
zabor 2736 2416 30 0 8
zabor 2768 2416 30 0 8
zabor 2800 2416 25 0 8
zabor 2832 2416 30 0 8
zabor 2864 2416 29 0 8
zabor 2896 2416 30 0 8
zabor 2928 2416 24 0 8
zabor 2960 2416 25 0 8
zabor 2992 2416 25 0 8
zabor 3024 2416 26 0 8
zabor 3056 2416 26 0 8
zabor 3088 2416 27 0 8
zabor 3120 2416 28 0 8
zabor 3152 2416 27 0 8
zabor 3184 2416 27 0 8
zabor 3216 2416 31 0 8
zabor 3248 2416 26 0 8
tree 3272 2424 7 0 179
tree 3304 2408 71 0 179
fre 3388 2412 197 179 179
tree 3416 2424 74 0 179
stand 3576 2424 294 0 179
dom 3648 2400 29 0 179
fre 3660 2420 197 179 179
tree 3768 2408 73 0 179
fre 3860 2404 81 179 179
tree 3896 2408 71 0 179
tree 3896 2424 72 0 179
tree 3960 2424 71 0 179
lay 232 2456 30 0 179
lay 280 2456 13 0 179
fre 492 2436 74 179 179
trop 692 2452 161 179 179
fre 1428 2452 205 179 179
zabor 1680 2448 25 0 8
zabor 1712 2448 29 0 8
zabor 1744 2448 29 0 8
zabor 1776 2448 25 0 8
zabor 1808 2448 26 0 8
zabor 1840 2448 28 0 8
zabor 1872 2448 30 0 8
zabor 1904 2448 30 0 8
zabor 1968 2448 31 0 8
zabor 2000 2448 30 0 8
fre 2196 2436 197 179 179
fre 2220 2436 198 179 179
stand 2328 2440 22 0 179
dom 2464 2432 138 0 179
zabor 2576 2448 24 0 8
zabor 3248 2448 31 0 8
lay 3304 2440 47 0 179
fre 3372 2436 81 179 179
stand 3432 2440 404 0 179
fre 3460 2460 74 179 179
fre 3644 2460 81 179 179
fre 3740 2444 81 179 179
stand 3864 2456 294 0 179
tree 200 2488 6 0 179
tree 264 2488 2 0 179
tree 344 2472 5 0 179
fre 980 2484 8 179 179
lay 1272 2488 4 0 179
lay 1304 2472 17 0 179
lay 1288 2488 7 0 179
fre 1324 2492 8 179 179
zabor 1680 2480 25 0 8
zabor 2000 2480 26 0 8
tree 2168 2472 73 0 179
tree 2200 2472 74 0 179
fre 2244 2468 198 179 179
zabor 2576 2480 29 0 8
zabor 3248 2480 28 0 8
fre 3388 2484 76 179 179
stand 3400 2488 272 0 179
tree 3544 2488 72 0 179
stand 3560 2472 296 0 179
fre 3580 2492 81 179 179
tree 3656 2472 71 0 179
stand 3736 2472 402 0 179
stand 3736 2488 296 0 179
stand 3896 2488 404 0 179
stand 248 2520 402 0 179
fre 292 2500 49 179 179
stand 328 2504 400 0 179
lay 920 2504 42 0 179
fre 1020 2516 205 179 179
fre 1092 2500 205 179 179
fre 1092 2508 205 179 179
fre 1140 2500 205 179 179
fre 1172 2508 205 179 179
fre 1236 2508 8 179 179
lay 1288 2504 22 0 179
fre 1388 2500 205 179 179
fre 1412 2524 198 179 179
lay 1448 2504 23 0 179
tree 1560 2520 72 0 179
dom 1600 2496 11 0 179
stand 1608 2504 402 0 179
zabor 1680 2512 28 0 8
zabor 2000 2512 29 0 8
trop 2060 2524 48 179 179
fre 2220 2508 197 179 179
dom 2304 2496 126 0 179
trop 2388 2500 158 179 179
zabor 2576 2512 25 0 8
zabor 3248 2512 31 0 8
stand 3432 2520 294 0 179
fre 3444 2524 197 179 179
tree 3464 2520 72 0 179
stand 3496 2520 296 0 179
fre 3796 2508 49 179 179
stand 3816 2520 402 0 179
tree 3944 2504 72 0 179
tree 3960 2520 71 0 179
tree 152 2552 70 0 179
tree 168 2552 70 0 179
tree 200 2536 71 0 179
tree 216 2536 74 0 179
lay 408 2552 28 0 179
tree 456 2552 70 0 179
tree 456 2536 73 0 179
dom 576 2528 0 0 179
trop 676 2540 159 179 179
tree 904 2552 70 0 179
stand 904 2552 296 0 179
fre 1052 2532 81 179 179
fre 1388 2548 198 179 179
tree 1576 2536 72 0 179
zabor 1680 2544 24 0 8
zabor 2000 2544 24 0 8
dom 2144 2528 142 0 179
fre 2220 2548 197 179 179
zabor 2576 2544 27 0 8
zabor 3248 2544 29 0 8
tree 3384 2552 72 0 179
tree 3400 2552 71 0 179
fre 3484 2556 76 179 179
stand 3608 2536 399 0 179
fre 3724 2556 205 179 179
tree 3768 2552 71 0 179
fre 3828 2548 8 179 179
dom 800 2560 38 0 179
stand 904 2584 296 0 179
lay 952 2584 53 0 179
fre 988 2588 81 179 179
fre 1044 2572 205 179 179
fre 1356 2572 198 179 179
fre 1372 2588 198 179 179
fre 1452 2580 76 179 179
fre 1476 2564 76 179 179
tree 1512 2584 62 0 179
tree 1544 2584 70 0 179
stand 1560 2568 294 0 179
fre 1556 2580 81 179 179
lay 1576 2568 25 0 179
zabor 1680 2576 28 0 8
zabor 2000 2576 25 0 8
fre 2052 2572 53 179 179
stand 2104 2584 15 0 179
fre 2252 2588 198 179 179
fre 2284 2588 198 179 179
stand 2296 2568 9 0 179
trop 2388 2588 159 179 179
dom 2464 2560 135 0 179
zabor 2576 2576 27 0 8
zabor 3248 2576 30 0 8
fre 3292 2580 53 179 179
stand 3432 2584 296 0 179
tree 3480 2584 71 0 179
tree 3496 2584 72 0 179
lay 3512 2584 30 0 179
fre 3516 2564 205 179 179
fre 3612 2572 198 179 179
fre 3588 2580 198 179 179
fre 3660 2580 198 179 179
fre 3652 2580 198 179 179
tree 3736 2584 74 0 179
tree 3768 2568 72 0 179
stand 3832 2568 294 0 179
fre 3852 2580 76 179 179
tree 3896 2584 74 0 179
zabor 112 2608 24 0 8
zabor 144 2608 24 0 8
zabor 176 2608 30 0 8
zabor 208 2608 31 0 8
zabor 240 2608 38 0 9
zabor 272 2608 35 0 9
zabor 304 2608 29 0 8
zabor 336 2608 25 0 8
zabor 368 2608 29 0 8
zabor 400 2608 26 0 8
zabor 432 2608 29 0 8
zabor 464 2608 30 0 8
zabor 496 2608 28 0 8
zabor 528 2608 30 0 8
zabor 560 2608 31 0 8
zabor 592 2608 29 0 8
zabor 624 2608 26 0 8
tree 936 2616 7 0 179
fre 1212 2612 76 179 179
stand 1224 2616 404 0 179
fre 1276 2612 198 179 179
fre 1300 2620 198 179 179
tree 1336 2616 72 0 179
fre 1388 2596 198 179 179
stand 1448 2600 294 0 179
stand 1560 2616 400 0 179
fre 1604 2612 53 179 179
zabor 1680 2608 31 0 8
zabor 2000 2608 24 0 8
stand 2088 2616 127 0 179
stand 2424 2600 25 0 179
fre 2484 2612 198 179 179
fre 2476 2596 197 179 179
fre 2476 2612 197 179 179
zabor 2576 2608 24 0 8
zabor 3248 2608 29 0 8
fre 3548 2620 198 179 179
fre 3628 2620 81 179 179
fre 3684 2596 76 179 179
tree 3720 2600 72 0 179
stand 3736 2616 404 0 179
lay 3784 2616 1 0 179
zabor 624 2640 28 0 8
trop 676 2628 169 179 179
dom 736 2624 4 0 179
tree 920 2648 73 0 179
fre 932 2644 74 179 179
lay 968 2632 46 0 179
tree 1000 2632 38 0 179
tree 1016 2632 40 0 179
tree 1016 2648 45 0 179
fre 1244 2636 198 179 179
tree 1352 2648 46 0 179
fre 1492 2636 198 179 179
stand 1528 2648 296 0 179
tree 1528 2632 62 0 179
zabor 1680 2640 25 0 8
zabor 2000 2640 27 0 8
fre 2164 2644 52 179 179
fre 2212 2652 198 179 179
fre 2252 2628 198 179 179
tree 2424 2632 1 0 179
tree 2440 2648 1 0 179
fre 2452 2628 198 179 179
fre 2460 2636 198 179 179
fre 2476 2636 198 179 179
tree 2552 2648 0 0 179
tree 2568 2648 5 0 179
tree 2568 2632 3 0 179
zabor 2576 2640 25 0 8
zabor 3248 2640 25 0 8
fre 3388 2644 81 179 179
tree 3448 2648 71 0 179
fre 3564 2636 198 179 179
tree 3592 2648 0 0 179
tree 3640 2632 72 0 179
lay 3784 2632 48 0 179
fre 3820 2636 76 179 179
fre 3916 2628 197 179 179
zabor 624 2672 27 0 8
tree 856 2664 70 0 179
tree 872 2664 73 0 179
tree 920 2664 70 0 179
tree 984 2664 39 0 179
stand 1096 2680 402 0 179
fre 1108 2668 74 179 179
fre 1124 2676 8 179 179
fre 1196 2684 81 179 179
fre 1244 2668 198 179 179
tree 1304 2664 46 0 179
tree 1288 2680 72 0 179
fre 1292 2668 198 179 179
tree 1352 2680 45 0 179
tree 1400 2664 44 0 179
stand 1576 2664 296 0 179
fre 1612 2684 81 179 179
zabor 1680 2672 26 0 8
zabor 2000 2672 24 0 8
trop 2060 2676 48 179 179
fre 2212 2668 8 179 179
dom 2272 2656 1 0 179
trop 2388 2668 169 179 179
tree 2440 2664 7 0 179
fre 2460 2660 198 179 179
fre 2484 2660 198 179 179
fre 2508 2676 197 179 179
zabor 2576 2672 31 0 8
zabor 3248 2672 24 0 8
tree 3384 2680 7 0 179
lay 3448 2664 17 0 179
fre 3636 2684 48 179 179
tree 3704 2680 67 0 179
tree 3800 2680 72 0 179
stand 3784 2664 404 0 179
stand 3896 2680 296 0 179
zabor 624 2704 28 0 8
zabor 720 2704 28 0 8
zabor 752 2704 25 0 8
zabor 784 2704 30 0 8
zabor 816 2704 31 0 8
zabor 848 2704 27 0 8
zabor 880 2704 26 0 8
fre 1260 2692 74 179 179
fre 1252 2708 198 179 179
lay 1304 2712 14 0 179
fre 1332 2708 0 179 179
tree 1352 2696 67 0 179
tree 1400 2696 61 0 179
stand 1576 2696 294 0 179
zabor 1680 2704 31 0 8
zabor 2000 2704 30 0 8
tree 2104 2696 0 0 179
tree 2104 2712 1 0 179
fre 2468 2700 198 179 179
fre 2468 2708 198 179 179
fre 2468 2716 197 179 179
zabor 2576 2704 31 0 8
zabor 3248 2704 24 0 8
tree 3448 2712 74 0 179
fre 3596 2716 81 179 179
fre 3820 2716 81 179 179
fre 3828 2708 8 179 179
zabor 880 2736 24 0 8
stand 920 2728 404 0 179
fre 1108 2748 53 179 179
fre 1188 2740 205 179 179
fre 1228 2732 198 179 179
fre 1228 2740 198 179 179
fre 1476 2740 81 179 179
fre 1532 2748 8 179 179
tree 1592 2728 71 0 179
zabor 1680 2736 27 0 8
zabor 2000 2736 30 0 8
zabor 2576 2736 29 0 8
zabor 3248 2736 26 0 8
lay 3288 2728 29 0 179
tree 3368 2744 71 0 179
tree 3576 2744 71 0 179
fre 3612 2732 74 179 179
stand 3624 2744 404 0 179
fre 3636 2748 197 179 179
fre 3732 2732 8 179 179
stand 3928 2744 294 0 179
stand 3944 2728 294 0 179
zabor 880 2768 35 0 9
stand 952 2760 294 0 179
tree 984 2776 73 0 179
fre 1068 2764 76 179 179
fre 1212 2764 74 179 179
fre 1188 2780 198 179 179
fre 1452 2780 81 179 179
zabor 1680 2768 25 0 8
zabor 2000 2768 24 0 8
fre 2180 2756 8 179 179
fre 2380 2772 197 179 179
fre 2412 2764 198 179 179
zabor 2576 2768 28 0 8
zabor 3248 2768 31 0 8
fre 3476 2756 8 179 179
stand 3656 2776 402 0 179
fre 3692 2756 205 179 179
zabor 880 2800 38 0 9
fre 980 2796 74 179 179
stand 1112 2808 399 0 179
fre 1164 2804 205 179 179
fre 1180 2788 198 179 179
fre 1212 2804 74 179 179
fre 1220 2812 76 179 179
fre 1372 2804 81 179 179
fre 1420 2788 81 179 179
fre 1460 2804 76 179 179
fre 1524 2796 205 179 179
zabor 1680 2800 26 0 8
zabor 2000 2800 29 0 8
fre 2180 2812 74 179 179
zabor 2576 2800 31 0 8
zabor 3248 2800 27 0 8
fre 3444 2804 74 179 179
fre 3476 2804 76 179 179
stand 3560 2808 294 0 179
stand 3624 2808 268 0 179
fre 3628 2796 74 179 179
fre 3652 2804 8 179 179
stand 3720 2808 289 0 179
fre 3740 2812 205 179 179
tree 3768 2792 70 0 179
fre 3828 2796 81 179 179
zabor 880 2832 34 0 9
fre 1036 2820 75 179 179
fre 1076 2820 81 179 179
fre 1140 2844 205 179 179
zabor 1680 2832 30 0 8
zabor 2000 2832 28 0 8
trop 2060 2828 48 179 179
fre 2324 2828 8 179 179
zabor 2576 2832 28 0 8
zabor 3248 2832 31 0 8
fre 3364 2836 74 179 179
stand 3400 2824 402 0 179
tree 3608 2840 71 0 179
tree 3592 2840 71 0 179
stand 3608 2840 296 0 179
tree 3704 2824 73 0 179
fre 3708 2820 76 179 179
fre 3836 2836 74 179 179
tree 3912 2840 70 0 179
stand 3912 2840 402 0 179
zabor 880 2864 24 0 8
fre 980 2860 76 179 179
zabor 1680 2864 30 0 8
zabor 2000 2864 28 0 8
stand 2088 2872 16 0 179
lay 2408 2872 38 0 179
fre 2500 2868 197 179 179
zabor 2576 2864 26 0 8
zabor 3248 2864 28 0 8
tree 3512 2856 73 0 179
fre 3500 2868 197 179 179
lay 3544 2872 33 0 179
fre 3548 2876 76 179 179
tree 3560 2856 71 0 179
tree 3592 2856 73 0 179
lay 3768 2872 46 0 179
stand 3752 2872 296 0 179
zabor 880 2896 29 0 8
fre 1076 2884 8 179 179
fre 1156 2884 205 179 179
fre 1164 2908 205 179 179
fre 1228 2892 205 179 179
tree 1352 2888 70 0 179
fre 1500 2900 205 179 179
fre 1516 2908 205 179 179
zabor 1680 2896 29 0 8
zabor 2000 2896 24 0 8
stand 2344 2904 294 0 179
zabor 2576 2896 25 0 8
zabor 2608 2896 26 0 8
zabor 2640 2896 28 0 8
zabor 2672 2896 28 0 8
stand 2712 2904 296 0 179
zabor 2704 2896 31 0 8
zabor 2736 2896 28 0 8
zabor 2768 2896 27 0 8
zabor 2800 2896 30 0 8
zabor 2832 2896 29 0 8
zabor 2864 2896 31 0 8
zabor 2896 2896 30 0 8
zabor 2928 2896 30 0 8
zabor 2960 2896 24 0 8
zabor 2992 2896 26 0 8
zabor 3024 2896 29 0 8
zabor 3056 2896 28 0 8
zabor 3088 2896 26 0 8
zabor 3120 2896 29 0 8
zabor 3152 2896 30 0 8
zabor 3184 2896 28 0 8
zabor 3216 2896 31 0 8
zabor 3248 2896 26 0 8
tree 3400 2904 70 0 179
tree 3432 2888 71 0 179
fre 3444 2900 8 179 179
tree 3512 2888 73 0 179
stand 3528 2904 294 0 179
fre 3540 2884 81 179 179
stand 3624 2888 296 0 179
fre 3636 2884 74 179 179
fre 4036 2892 8 179 179
zabor 880 2928 31 0 8
fre 1156 2924 205 179 179
tree 1400 2920 70 0 179
fre 1468 2916 73 179 179
fre 1500 2932 205 179 179
fre 1508 2924 205 179 179
fre 1532 2916 205 179 179
fre 1532 2932 198 179 179
fre 1540 2924 198 179 179
fre 1572 2924 74 179 179
fre 1596 2916 8 179 179
zabor 1680 2928 25 0 8
zabor 2000 2928 26 0 8
tree 2680 2936 73 0 179
tree 2712 2936 73 0 179
fre 3412 2932 205 179 179
stand 3448 2936 400 0 179
tree 3448 2936 67 0 179
fre 3428 2924 76 179 179
fre 3660 2940 205 179 179
fre 3708 2940 197 179 179
fre 3716 2940 76 179 179
fre 3740 2932 74 179 179
fre 3756 2932 8 179 179
fre 3940 2940 76 179 179
zabor 880 2960 30 0 8
fre 996 2948 73 179 179
fre 1068 2964 8 179 179
fre 1132 2956 81 179 179
fre 1180 2948 13 179 179
fre 1300 2956 8 179 179
fre 1316 2948 76 179 179
fre 1492 2948 81 179 179
fre 1516 2956 74 179 179
fre 1508 2972 198 179 179
zabor 1680 2960 25 0 8
fre 1716 2964 76 179 179
zabor 1712 2960 30 0 8
zabor 1744 2960 27 0 8
zabor 1776 2960 24 0 8
zabor 1808 2960 30 0 8
zabor 1840 2960 27 0 8
tree 1880 2968 71 0 179
zabor 1872 2960 24 0 8
zabor 1904 2960 26 0 8
zabor 1936 2960 29 0 8
zabor 1968 2960 30 0 8
zabor 2000 2960 29 0 8
fre 2220 2956 76 179 179
lay 2280 2968 25 0 179
stand 2376 2968 294 0 179
tree 2408 2968 44 0 179
fre 2516 2948 53 179 179
tree 2664 2952 74 0 179
tree 2680 2952 72 0 179
stand 2680 2968 294 0 179
fre 2900 2972 76 179 179
tree 3352 2968 70 0 179
tree 3368 2968 74 0 179
stand 3400 2952 399 0 179
lay 3432 2952 50 0 179
stand 3480 2968 404 0 179
fre 3468 2964 81 179 179
fre 3540 2948 205 179 179
fre 3612 2964 81 179 179
stand 3688 2952 294 0 179
tree 3752 2968 72 0 179
tree 3768 2968 74 0 179
stand 3768 2952 399 0 179
zabor 880 2992 31 0 8
fre 1284 2988 73 179 179
fre 1372 2996 81 179 179
fre 1356 2996 8 179 179
fre 1500 2980 198 179 179
lay 1624 3000 26 0 179
tree 1864 2984 70 0 179
trop 2060 2980 48 179 179
stand 2376 3000 296 0 179
fre 2532 2988 8 179 179
tree 3384 2984 7 0 179
fre 3492 3004 8 179 179
tree 3576 2984 73 0 179
stand 3720 2984 400 0 179
zabor 880 3024 26 0 8
fre 1172 3028 52 179 179
fre 1228 3020 8 179 179
fre 1268 3020 8 179 179
fre 1332 3036 205 179 179
stand 1448 3016 404 0 179
fre 1444 3012 8 179 179
fre 1588 3028 81 179 179
fre 1676 3028 76 179 179
fre 2204 3028 8 179 179
stand 2360 3032 294 0 179
fre 2380 3020 74 179 179
fre 2980 3036 73 179 179
fre 3188 3012 199 179 179
dom 3424 3008 28 0 179
fre 3508 3020 74 179 179
tree 3528 3032 71 0 179
lay 3768 3032 46 0 179
zabor 880 3056 30 0 8
fre 1116 3052 12 179 179
fre 1196 3052 76 179 179
fre 1572 3068 199 179 179
fre 1628 3060 74 179 179
fre 1828 3060 81 179 179
fre 1860 3052 73 179 179
fre 2428 3068 8 179 179
fre 2556 3068 73 179 179
fre 2676 3052 8 179 179
fre 2908 3060 8 179 179
fre 3116 3044 199 179 179
fre 3260 3068 8 179 179
tree 3592 3064 70 0 179
fre 3668 3068 74 179 179
stand 3784 3064 296 0 179
zabor 880 3088 25 0 8
fre 1036 3092 8 179 179
lay 1112 3080 55 0 179
stand 1112 3096 294 0 179
stand 1272 3080 402 0 179
fre 1260 3076 8 179 179
fre 1332 3084 74 179 179
fre 1500 3100 81 179 179
fre 2140 3100 74 179 179
fre 2476 3076 76 179 179
fre 2628 3092 205 179 179
fre 2700 3092 74 179 179
fre 2796 3084 73 179 179
fre 3036 3092 199 179 179
tree 3592 3080 73 0 179
fre 3628 3092 8 179 179
fre 3756 3076 205 179 179
zabor 880 3120 31 0 8
fre 1020 3108 74 179 179
stand 1048 3112 402 0 179
stand 1112 3112 400 0 179
fre 1188 3108 8 179 179
fre 1492 3124 199 179 179
fre 1780 3116 81 179 179
trop 2060 3132 48 179 179
fre 2660 3108 8 179 179
lay 3288 3128 28 0 179
fre 3404 3132 8 179 179
zabor 880 3152 36 0 9
fre 1100 3156 8 179 179
fre 1188 3156 8 179 179
stand 1240 3144 404 0 179
fre 1300 3140 12 179 179
fre 1404 3148 205 179 179
fre 1436 3148 199 179 179
fre 1524 3156 76 179 179
stand 1688 3160 294 0 179
fre 1676 3164 205 179 179
stand 1736 3160 296 0 179
fre 1860 3140 76 179 179
lay 1896 3160 15 0 179
stand 2088 3160 17 0 179
fre 2244 3156 199 179 179
fre 2444 3164 205 179 179
fre 2788 3140 76 179 179
lay 2920 3144 20 0 179
fre 3020 3164 8 179 179
fre 3052 3164 76 179 179
fre 3284 3164 12 179 179
fre 3372 3156 76 179 179
fre 3468 3164 76 179 179
stand 3528 3160 296 0 179
stand 3672 3160 402 0 179
fre 3724 3140 8 179 179
fre 3748 3156 8 179 179
zabor 880 3184 38 0 9
fre 1116 3188 198 179 179
fre 1236 3188 81 179 179
fre 1220 3180 8 179 179
fre 1428 3180 76 179 179
lay 1480 3176 46 0 179
fre 1612 3196 8 179 179
stand 1720 3176 296 0 179
fre 1812 3172 76 179 179
tree 1848 3176 70 0 179
tree 1864 3176 71 0 179
fre 2228 3188 76 179 179
stand 3272 3192 404 0 179
fre 3444 3180 205 179 179
tree 3576 3176 74 0 179
fre 3676 3180 76 179 179
lay 3720 3176 11 0 179
zabor 880 3216 29 0 8
fre 1084 3212 198 179 179
dom 1184 3200 34 0 179
stand 1432 3224 402 0 179
fre 1468 3212 205 179 179
tree 1688 3208 62 0 179
tree 1672 3224 46 0 179
fre 1668 3212 81 179 179
tree 1736 3208 45 0 179
fre 1748 3212 74 179 179
tree 1848 3224 72 0 179
fre 2348 3228 74 179 179
tree 2408 3208 71 0 179
lay 2472 3224 34 0 179
fre 2684 3220 8 179 179
fre 2724 3228 205 179 179
fre 2884 3212 8 179 179
tree 3176 3224 70 0 179
stand 3816 3224 296 0 179
zabor 880 3248 27 0 8
fre 1020 3260 198 179 179
fre 1052 3236 198 179 179
fre 1068 3236 76 179 179
fre 1100 3236 74 179 179
fre 1164 3244 8 179 179
fre 1628 3244 53 179 179
lay 2232 3240 11 0 179
tree 2392 3256 72 0 179
tree 2408 3256 72 0 179
tree 2440 3240 72 0 179
fre 2476 3260 76 179 179
fre 2612 3236 12 179 179
fre 3132 3244 74 179 179
stand 3272 3256 402 0 179
stand 3720 3240 294 0 179
fre 3812 3260 76 179 179
zabor 880 3280 31 0 8
fre 1004 3276 198 179 179
fre 1140 3284 73 179 179
fre 1132 3284 8 179 179
fre 1156 3276 81 179 179
fre 1260 3268 76 179 179
fre 1292 3276 205 179 179
trop 1300 3292 163 179 179
trop 1396 3292 163 179 179
fre 1420 3276 76 179 179
trop 1484 3292 163 179 179
trop 1572 3292 163 179 179
trop 1668 3292 163 179 179
fre 1892 3276 76 179 179
trop 2060 3284 48 179 179
stand 2472 3272 404 0 179
stand 2712 3288 402 0 179
lay 2760 3272 13 0 179
fre 3076 3268 48 179 179
fre 3252 3276 73 179 179
stand 3336 3288 294 0 179
fre 3572 3284 8 179 179
lay 3832 3288 4 0 179
zabor 880 3312 25 0 8
trop 1220 3316 161 179 179
fre 1564 3316 73 179 179
trop 1756 3300 149 179 179
trop 1828 3308 155 179 179
trop 1900 3324 155 179 179
fre 2132 3300 205 179 179
fre 2652 3316 73 179 179
fre 2708 3324 205 179 179
fre 3132 3308 74 179 179
fre 3140 3316 8 179 179
stand 3272 3320 296 0 179
stand 3304 3320 296 0 179
fre 3348 3308 73 179 179
tree 3608 3320 71 0 179
tree 3624 3304 74 0 179
stand 3672 3304 296 0 179
fre 3740 3308 8 179 179
zabor 880 3344 31 0 8
fre 1124 3348 8 179 179
fre 1268 3340 76 179 179
dom 1248 3328 35 0 179
lay 1432 3336 48 0 179
fre 1540 3332 49 179 179
stand 1784 3336 400 0 179
fre 1812 3340 81 179 179
stand 2264 3336 402 0 179
fre 2276 3332 205 179 179
stand 2552 3336 399 0 179
fre 2692 3356 8 179 179
fre 2812 3340 76 179 179
fre 2948 3340 13 179 179
fre 3132 3348 76 179 179
stand 3320 3352 294 0 179
fre 3388 3340 205 179 179
fre 3508 3332 73 179 179
fre 3492 3340 8 179 179
tree 3608 3336 72 0 179
lay 3672 3336 18 0 179
fre 3660 3356 205 179 179
zabor 880 3376 31 0 8
lay 1064 3368 45 0 179
dom 1152 3360 33 0 179
fre 1348 3364 73 179 179
fre 1380 3388 81 179 179
fre 1684 3372 76 179 179
stand 1736 3384 404 0 179
lay 1816 3368 39 0 179
trop 1996 3372 150 179 179
fre 2372 3364 8 179 179
fre 2412 3364 73 179 179
fre 2468 3364 13 179 179
fre 2868 3388 8 179 179
lay 3032 3368 15 0 179
lay 3384 3384 12 0 179
tree 3576 3384 70 0 179
zabor 880 3408 28 0 8
fre 956 3420 53 179 179
trop 1204 3396 169 179 179
lay 1432 3416 18 0 179
tree 1464 3400 71 0 179
tree 1464 3416 72 0 179
fre 1508 3420 76 179 179
fre 1580 3420 8 179 179
fre 1708 3412 193 179 179
tree 1848 3416 73 0 179
fre 1852 3396 76 179 179
tree 1976 3400 74 0 179
tree 2168 3400 73 0 179
fre 2892 3396 205 179 179
tree 3064 3400 74 0 179
tree 3064 3416 70 0 179
fre 3156 3404 76 179 179
fre 3596 3420 8 179 179
fre 3740 3412 8 179 179
zabor 880 3440 31 0 8
fre 980 3428 81 179 179
fre 1020 3436 76 179 179
fre 1180 3444 193 179 179
fre 1300 3436 8 179 179
fre 1396 3444 74 179 179
tree 1992 3432 71 0 179
tree 1992 3448 73 0 179
trop 2060 3428 48 179 179
tree 2248 3448 71 0 179
tree 2248 3432 74 0 179
fre 2356 3452 76 179 179
fre 2460 3452 74 179 179
fre 2588 3444 52 179 179
fre 2844 3444 53 179 179
fre 2844 3436 74 179 179
fre 2908 3436 8 179 179
fre 2964 3428 76 179 179
tree 3032 3432 74 0 179
fre 3252 3436 205 179 179
fre 3580 3428 76 179 179
stand 3784 3432 294 0 179
fre 3804 3436 73 179 179
zabor 880 3472 25 0 8
fre 1004 3476 81 179 179
fre 1180 3484 76 179 179
fre 1628 3476 8 179 179
fre 1668 3460 76 179 179
fre 1756 3468 8 179 179
fre 1780 3468 76 179 179
fre 1860 3460 76 179 179
tree 1976 3464 74 0 179
tree 1976 3480 71 0 179
stand 2088 3464 18 0 179
fre 2292 3476 8 179 179
stand 2344 3480 294 0 179
fre 2364 3476 193 179 179
stand 2632 3480 402 0 179
fre 3044 3460 73 179 179
fre 3148 3476 198 179 179
stand 3352 3480 402 0 179
fre 3348 3484 198 179 179
fre 3508 3460 50 179 179
zabor 880 3504 37 0 9
stand 1224 3496 296 0 179
stand 1256 3512 404 0 179
stand 1304 3512 294 0 179
stand 1288 3496 296 0 179
fre 1292 3500 81 179 179
tree 1752 3512 73 0 179
stand 1832 3512 402 0 179
fre 1860 3500 81 179 179
tree 1896 3512 72 0 179
tree 1896 3496 70 0 179
tree 1976 3512 71 0 179
tree 1960 3512 70 0 179
tree 1960 3496 71 0 179
tree 2104 3496 74 0 179
stand 2376 3496 296 0 179
stand 2440 3512 294 0 179
fre 2612 3516 8 179 179
fre 2732 3492 76 179 179
stand 2824 3496 333 0 179
stand 2952 3496 404 0 179
fre 3228 3516 198 179 179
fre 3372 3492 198 179 179
fre 3644 3500 74 179 179
stand 3832 3512 402 0 179
zabor 880 3536 38 0 9
fre 988 3532 76 179 179
stand 1128 3528 399 0 179
stand 1176 3528 402 0 179
tree 1176 3528 74 0 179
tree 1160 3544 74 0 179
fre 1188 3540 81 179 179
fre 1236 3540 53 179 179
fre 1284 3540 271 179 179
fre 1420 3532 198 179 179
fre 1468 3524 8 179 179
fre 1444 3548 198 179 179
fre 1732 3540 8 179 179
tree 2312 3528 73 0 179
tree 2360 3528 74 0 179
stand 2392 3544 294 0 179
fre 2492 3532 205 179 179
stand 2840 3528 296 0 179
fre 2836 3548 8 179 179
fre 2948 3548 205 179 179
fre 3180 3532 198 179 179
fre 3276 3524 198 179 179
fre 3300 3532 198 179 179
fre 3340 3532 73 179 179
fre 3340 3540 8 179 179
fre 3492 3548 198 179 179
fre 3500 3540 198 179 179
fre 3660 3524 205 179 179
stand 3704 3544 399 0 179
fre 3708 3548 76 179 179
tree 3768 3544 71 0 179
tree 3768 3528 70 0 179
tree 3784 3544 70 0 179
fre 3812 3540 8 179 179
zabor 880 3568 25 0 8
stand 1112 3576 296 0 179
stand 1128 3560 294 0 179
stand 1144 3560 294 0 179
tree 1160 3576 67 0 179
stand 1192 3576 294 0 179
stand 1208 3560 296 0 179
fre 1372 3556 8 179 179
stand 1464 3560 402 0 179
fre 1460 3580 205 179 179
fre 1444 3556 198 179 179
tree 1592 3576 72 0 179
tree 1848 3576 71 0 179
tree 2008 3576 73 0 179
tree 2008 3560 70 0 179
trop 2060 3572 48 179 179
tree 2136 3576 71 0 179
fre 2172 3564 76 179 179
tree 2280 3576 73 0 179
stand 2360 3576 296 0 179
tree 2360 3560 44 0 179
fre 2756 3564 76 179 179
fre 2940 3556 76 179 179
fre 3340 3556 76 179 179
fre 3340 3580 205 179 179
fre 3396 3580 198 179 179
lay 3656 3576 52 0 179
zabor 880 3600 30 0 8
stand 1112 3608 402 0 179
stand 1144 3608 296 0 179
stand 1192 3608 296 0 179
stand 1256 3592 294 0 179
fre 1276 3588 193 179 179
fre 1292 3596 76 179 179
fre 1420 3596 205 179 179
fre 1532 3588 198 179 179
fre 1556 3596 198 179 179
fre 1620 3588 198 179 179
fre 1644 3596 198 179 179
fre 1708 3604 81 179 179
tree 2008 3608 70 0 179
tree 2008 3592 71 0 179
tree 2136 3592 72 0 179
lay 2440 3592 28 0 179
stand 2440 3608 402 0 179
fre 2556 3596 76 179 179
fre 2700 3612 205 179 179
stand 2792 3592 294 0 179
stand 2824 3608 296 0 179
tree 2872 3608 67 0 179
fre 3476 3588 8 179 179
tree 3832 3608 71 0 179
stand 3816 3592 294 0 179
tree 3848 3608 70 0 179
zabor 880 3632 31 0 8
stand 1176 3624 294 0 179
fre 1188 3644 271 179 179
fre 1260 3644 76 179 179
fre 1420 3636 205 179 179
tree 1480 3624 74 0 179
fre 1492 3636 198 179 179
tree 1736 3640 73 0 179
lay 1816 3624 1 0 179
tree 1992 3640 71 0 179
tree 1992 3624 71 0 179
fre 2108 3644 53 179 179
fre 2356 3636 76 179 179
stand 2808 3640 294 0 179
lay 2872 3640 28 0 179
lay 3112 3624 3 0 179
fre 3156 3644 76 179 179
fre 3516 3636 53 179 179
stand 3608 3624 404 0 179
fre 3604 3628 8 179 179
tree 3848 3624 72 0 179
stand 3848 3640 296 0 179
zabor 880 3664 31 0 8
stand 968 3656 400 0 179
fre 1028 3660 8 179 179
stand 1144 3672 399 0 179
stand 1128 3656 294 0 179
fre 1372 3652 198 179 179
fre 1572 3660 198 179 179
fre 1588 3668 198 179 179
fre 1604 3676 198 179 179
fre 1676 3668 81 179 179
stand 1720 3672 399 0 179
stand 1816 3656 294 0 179
tree 1960 3672 72 0 179
stand 2232 3672 402 0 179
fre 2284 3676 76 179 179
fre 3252 3652 74 179 179
stand 3464 3672 296 0 179
fre 3652 3652 73 179 179
tree 3832 3672 73 0 179
fre 3812 3660 8 179 179
zabor 880 3696 26 0 8
tree 1144 3688 67 0 179
fre 1308 3692 48 179 179
fre 1356 3684 198 179 179
fre 1516 3708 76 179 179
tree 1560 3688 74 0 179
fre 1564 3684 81 179 179
tree 1576 3688 71 0 179
fre 1620 3692 198 179 179
tree 1800 3704 72 0 179
lay 1880 3704 51 0 179
tree 1912 3704 74 0 179
tree 1960 3688 74 0 179
tree 2264 3704 73 0 179
tree 2296 3704 74 0 179
tree 2312 3704 73 0 179
stand 2360 3688 404 0 179
fre 2532 3692 8 179 179
fre 2604 3708 73 179 179
fre 2676 3700 76 179 179
fre 2804 3692 51 179 179
fre 2812 3692 76 179 179
fre 3044 3692 205 179 179
stand 3448 3704 294 0 179
stand 3480 3688 294 0 179
stand 3528 3688 272 0 179
fre 3708 3708 205 179 179
stand 3912 3704 294 0 179
zabor 880 3728 30 0 8
stand 1112 3720 296 0 179
fre 1396 3732 198 179 179
fre 1468 3732 53 179 179
fre 1516 3724 76 179 179
tree 1752 3736 74 0 179
fre 1820 3740 76 179 179
trop 2060 3716 48 179 179
stand 2200 3736 399 0 179
lay 2216 3720 4 0 179
tree 2264 3720 72 0 179
tree 2248 3736 70 0 179
fre 2644 3716 8 179 179
fre 2724 3732 12 179 179
fre 2756 3724 11 179 179
fre 2932 3732 8 179 179
fre 2972 3716 76 179 179
stand 3160 3720 402 0 179
fre 3148 3724 205 179 179
fre 3172 3724 73 179 179
stand 3464 3736 296 0 179
tree 3496 3720 44 0 179
fre 3500 3732 205 179 179
lay 3528 3736 38 0 179
stand 3656 3736 402 0 179
zabor 880 3760 30 0 8
fre 988 3756 76 179 179
lay 1128 3768 38 0 179
fre 1340 3764 76 179 179
fre 1460 3756 76 179 179
fre 1444 3764 198 179 179
stand 1480 3752 400 0 179
tree 1640 3752 72 0 179
stand 1832 3752 294 0 179
stand 2104 3752 14 0 179
tree 2168 3768 71 0 179
fre 2148 3764 76 179 179
tree 2248 3752 74 0 179
fre 2772 3756 76 179 179
fre 2876 3772 8 179 179
fre 2972 3756 205 179 179
fre 3204 3756 205 179 179
fre 3324 3756 76 179 179
fre 3364 3772 8 179 179
tree 3416 3752 67 0 179
fre 3412 3748 76 179 179
stand 3464 3768 312 0 179
fre 3676 3772 76 179 179
fre 3700 3764 49 179 179
fre 3748 3756 76 179 179
zabor 880 3792 25 0 8
fre 1012 3780 76 179 179
fre 1020 3780 8 179 179
stand 1080 3784 294 0 179
fre 1164 3804 76 179 179
stand 1304 3784 320 0 179
fre 1380 3796 81 179 179
fre 1708 3804 76 179 179
fre 1780 3780 76 179 179
fre 1788 3780 81 179 179
tree 1800 3784 71 0 179
fre 1860 3788 76 179 179
fre 1900 3796 8 179 179
tree 1976 3800 70 0 179
tree 2168 3784 70 0 179
tree 2152 3800 72 0 179
fre 2212 3780 76 179 179
fre 2276 3796 8 179 179
tree 2408 3800 74 0 179
fre 3116 3788 8 179 179
stand 3176 3784 404 0 179
stand 3432 3784 294 0 179
stand 3448 3784 296 0 179
stand 3496 3784 296 0 179
fre 3644 3780 205 179 179
fre 3748 3804 8 179 179
fre 3828 3788 8 179 179
fre 3868 3788 8 179 179
zabor 880 3824 27 0 8
fre 1292 3820 76 179 179
fre 1300 3828 8 179 179
fre 1724 3812 8 179 179
tree 1944 3816 73 0 179
tree 2248 3816 70 0 179
tree 2264 3832 72 0 179
fre 2412 3836 76 179 179
stand 2760 3816 402 0 179
fre 2868 3828 8 179 179
zabor 880 3856 28 0 8
tree 936 3864 70 0 179
fre 1444 3852 8 179 179
tree 2008 3848 70 0 179
tree 1992 3864 72 0 179
trop 2060 3852 48 179 179
tree 2152 3864 71 0 179
fre 2196 3852 49 179 179
tree 2280 3848 72 0 179
fre 2436 3860 8 179 179
stand 2808 3848 404 0 179
fre 3036 3860 74 179 179
lay 3832 3848 22 0 179
zabor 880 3888 29 0 8
tree 904 3896 73 0 179
fre 932 3900 49 179 179
lay 1496 3880 25 0 179
tree 1624 3896 70 0 179
tree 1816 3880 73 0 179
tree 1800 3896 74 0 179
tree 1880 3880 73 0 179
tree 1912 3880 72 0 179
tree 1944 3880 71 0 179
tree 1928 3896 74 0 179
tree 2152 3880 71 0 179
tree 2296 3880 74 0 179
fre 2676 3892 8 179 179
stand 3112 3880 399 0 179
fre 3556 3876 74 179 179
zabor 880 3920 24 0 8
tree 1784 3912 72 0 179
tree 1784 3928 70 0 179
tree 1896 3928 73 0 179
tree 1928 3912 72 0 179
fre 2020 3924 51 179 179
trop 2060 3908 48 179 179
fre 2532 3916 76 179 179
lay 3304 3928 17 0 179
fre 3452 3924 8 179 179
fre 3764 3924 76 179 179
zabor 880 3952 28 0 8
tree 1608 3960 72 0 179
tree 1624 3960 72 0 179
tree 1752 3944 72 0 179
tree 1752 3960 71 0 179
tree 1944 3944 74 0 179
tree 2296 3960 70 0 179
lay 2888 3944 21 0 179
zabor 880 3984 26 0 8
fre 3012 4004 8 179 179
