dom 2880 1856 1 0 179
dom 3200 1856 67 0 179
dom 3296 1856 70 0 179
dom 3456 1856 71 0 179
dom 4064 1856 74 0 179
dom 2720 1888 0 0 179
dom 3008 1888 2 0 179
dom 3136 1888 66 0 179
dom 3872 1888 73 0 179
dom 4224 1888 75 0 179
dom 3648 1920 72 0 179
dom 2688 2080 76 0 179
dom 3200 2080 78 0 179
dom 3872 2080 82 0 179
dom 4128 2080 83 0 179
dom 4416 2080 84 0 179
dom 2944 2112 77 0 179
dom 3392 2112 79 0 179
dom 3616 2112 80 0 179
dom 3712 2112 81 0 179
dom 4192 2272 100 0 179
dom 3872 2304 98 0 179
dom 4032 2304 99 0 179
dom 3104 2336 87 0 179
dom 3296 2336 88 0 179
dom 3680 2336 97 0 179
dom 4352 2336 103 0 179
dom 4480 2336 116 0 179
dom 2784 2368 85 0 179
dom 2976 2368 86 0 179
dom 3488 2368 90 0 179
dom 4384 2496 133 0 179
dom 3520 2528 126 0 179
dom 3648 2528 128 0 179
dom 3808 2528 129 0 179
dom 3936 2528 130 0 179
dom 4096 2528 131 0 179
dom 4224 2528 132 0 179
dom 3136 2560 123 0 179
dom 3264 2560 124 0 179
dom 3392 2560 125 0 179
dom 2816 2592 119 0 179
dom 2976 2592 122 0 179
dom 2720 2624 117 0 179
dom 3712 2720 141 0 179
dom 4064 2720 143 0 179
dom 4288 2720 154 0 179
dom 4448 2720 155 0 179
dom 4640 2720 156 0 179
dom 2880 2752 136 0 179
dom 3200 2752 138 0 179
dom 3392 2752 139 0 179
dom 3584 2752 140 0 179
dom 3936 2752 142 0 179
dom 2688 2784 134 0 179
dom 2784 2784 135 0 179
dom 3040 2784 137 0 179
dom 2720 2976 157 0 179
dom 2880 2976 158 0 179
dom 3584 2976 162 0 179
dom 4160 2976 167 0 179
dom 4288 2976 168 0 179
dom 3072 3008 159 0 179
dom 3424 3008 161 0 179
dom 3712 3008 163 0 179
dom 3840 3008 164 0 179
dom 3968 3008 165 0 179
dom 4064 3008 166 0 179
dom 4448 3008 169 0 179
dom 4544 3008 170 0 179
dom 3264 3040 160 0 179
dom 4256 3136 181 0 179
dom 4768 3136 184 0 179
dom 4000 3168 179 0 179
dom 4128 3168 180 0 179
dom 4640 3168 183 0 179
dom 3104 3200 174 0 179
dom 3296 3200 175 0 179
dom 3424 3200 176 0 179
dom 3616 3200 177 0 179
dom 3808 3200 178 0 179
dom 4448 3200 182 0 179
dom 2976 3232 173 0 179
dom 2720 3264 171 0 179
dom 2848 3264 172 0 179
dom 4480 3360 196 0 179
dom 3168 3392 188 0 179
dom 3264 3392 189 0 179
dom 3424 3392 190 0 179
dom 3648 3392 191 0 179
dom 3776 3392 192 0 179
dom 3904 3392 193 0 179
dom 4096 3392 194 0 179
dom 4288 3392 195 0 179
dom 4704 3392 197 0 179
dom 4896 3392 198 0 179
dom 2720 3456 185 0 179
dom 2848 3456 186 0 179
dom 3040 3456 187 0 179
dom 3040 3616 203 0 179
dom 4416 3616 217 0 179
dom 4544 3616 218 0 179
dom 4672 3616 219 0 179
dom 4736 3616 220 0 179
dom 4864 3616 221 0 179
dom 4960 3616 222 0 179
dom 5088 3616 223 0 179
dom 2784 3648 200 0 179
dom 2880 3648 201 0 179
dom 2976 3648 202 0 179
dom 3136 3648 204 0 179
dom 3232 3648 205 0 179
dom 3328 3648 206 0 179
dom 3424 3648 207 0 179
dom 3520 3648 208 0 179
dom 3616 3648 209 0 179
dom 3680 3648 210 0 179
dom 3776 3648 211 0 179
dom 3872 3648 212 0 179
dom 3968 3648 213 0 179
dom 4096 3648 214 0 179
dom 4192 3648 215 0 179
dom 4288 3648 216 0 179
dom 2720 3680 199 0 179
dom 3296 3808 228 0 179
dom 3456 3808 229 0 179
dom 4000 3808 232 0 179
dom 4160 3808 233 0 179
dom 4704 3808 236 0 179
dom 4896 3808 237 0 179
dom 5088 3808 238 0 179
dom 3040 3840 226 0 179
dom 3168 3840 227 0 179
dom 3648 3840 230 0 179
dom 3808 3840 231 0 179
dom 4352 3840 234 0 179
dom 4544 3840 235 0 179
dom 2720 3872 224 0 179
dom 2880 3872 225 0 179
dom 4864 4032 253 0 179
dom 5024 4032 254 0 179
dom 2720 4064 239 0 179
dom 3744 4064 244 0 179
dom 3904 4064 245 0 179
dom 4032 4064 246 0 179
dom 4128 4064 247 0 179
dom 4512 4064 251 0 179
dom 4704 4064 252 0 179
dom 5216 4064 255 0 179
dom 3360 4096 242 0 179
dom 3552 4096 243 0 179
dom 4256 4096 248 0 179
dom 4384 4096 250 0 179
dom 2976 4128 240 0 179
dom 3136 4128 241 0 179
dom 2720 4288 256 0 179
dom 3200 4288 262 0 179
dom 4384 4288 272 0 179
dom 4512 4288 275 0 179
dom 3040 4320 260 0 179
dom 3520 4320 267 0 179
dom 3744 4320 268 0 179
dom 3872 4320 269 0 179
dom 4672 4320 276 0 179
dom 4832 4320 277 0 179
dom 5280 4320 279 0 179
dom 2912 4352 258 0 179
dom 3328 4352 265 0 179
dom 4032 4352 270 0 179
dom 4224 4352 271 0 179
dom 5056 4352 278 0 179
dom 2752 4384 257 0 179
dom 3040 4384 259 0 179
dom 3232 4416 263 0 179
dom 3168 4448 261 0 179
dom 3328 4448 264 0 179
dom 4416 4448 273 0 179
dom 4576 4448 274 0 179
dom 4448 4736 280 0 179
dom 4640 4736 281 0 179
dom 4832 4736 282 0 179
dom 4416 4928 283 0 179
dom 4928 4992 285 0 179
dom 4672 5056 284 0 179
dom 4960 5120 292 0 179
dom 4384 5184 286 0 179
dom 4704 5248 289 0 179
dom 4896 5280 291 0 179
dom 5088 5312 295 0 179
dom 4704 5376 288 0 179
dom 4416 5408 287 0 179
dom 4864 5408 290 0 179
dom 5056 5440 293 0 179
dom 5344 5600 299 0 179
dom 4320 5632 296 0 179
dom 5248 5632 298 0 179
dom 4800 5664 295 0 179
dom 4960 5664 296 0 179
dom 5120 5664 297 0 179
dom 4608 5696 294 0 179
dom 4288 5824 301 0 179
dom 5152 5856 314 0 179
dom 5408 5856 318 0 179
dom 5536 5856 320 0 179
dom 4896 5888 309 0 179
dom 5312 5888 315 0 179
dom 4544 5920 302 0 179
dom 4704 5920 306 0 179
dom 5024 5920 311 0 179
dom 5536 5920 319 0 179
dom 5408 5952 317 0 179
dom 4640 5984 304 0 179
dom 5152 5984 313 0 179
dom 5056 6016 310 0 179
dom 5312 6016 316 0 179
dom 4864 6048 308 0 179
dom 4384 6080 300 0 179
dom 4768 6080 307 0 179
dom 4544 6112 303 0 179
dom 4992 6112 312 0 179
dom 4672 6144 305 0 179
dom 4288 6304 390 0 179
dom 4640 6304 392 0 179
dom 4832 6336 393 0 179
dom 4480 6368 391 0 179
