tree 1624 24 39 0 179
tree 1640 24 23 0 179
tree 1512 56 16 0 179
tree 1624 40 39 0 179
tree 1608 40 20 0 179
tree 1640 40 13 0 179
tree 1512 88 31 0 179
tree 1656 72 14 0 179
trop 2284 84 204 179 179
tree 2456 88 40 0 179
tree 2472 88 17 0 179
tree 1512 120 15 0 179
trop 2300 116 204 179 179
trop 204 156 63 179 179
trop 380 156 64 179 179
tree 1512 152 16 0 179
tree 1640 136 9 0 179
trop 140 164 64 179 179
dom 224 160 251 0 179
trop 556 172 63 179 179
trop 716 180 63 179 179
trop 852 188 65 179 179
stand 1192 184 185 0 179
trop 1332 172 204 179 179
tree 1496 168 22 0 179
tree 1528 184 13 0 179
tree 1624 184 38 0 179
tree 1624 168 19 0 179
trop 1644 164 204 179 179
lay 1704 168 12 0 179
lay 1752 184 18 0 179
tree 3000 184 13 0 179
lay 3240 168 42 0 179
trop 380 204 62 179 179
dom 512 192 251 0 179
trop 884 196 65 179 179
trop 1052 204 65 179 179
stand 1208 216 184 0 179
trop 1212 220 204 179 179
lay 1272 216 28 0 179
lay 1336 216 2 0 179
lay 1368 200 0 0 179
tree 1464 216 3 0 179
tree 1544 200 27 0 179
tree 1560 200 20 0 179
tree 1592 200 8 0 179
tree 1608 200 13 0 179
lay 1624 216 15 0 179
lay 1672 216 20 0 179
lay 1720 216 15 0 179
trop 2332 220 202 179 179
tree 2408 216 24 0 179
trop 2412 196 202 179 179
trop 2460 220 202 179 179
trop 2476 196 204 179 179
tree 2504 216 18 0 179
tree 2504 200 31 0 179
tree 3016 216 21 0 179
lay 3240 216 18 0 179
lay 3288 216 46 0 179
lay 3320 200 40 0 179
tree 3624 200 35 0 179
lay 3896 200 0 0 179
lay 3880 216 1 0 179
stand 152 232 179 0 179
stand 136 248 161 0 179
stand 136 232 179 0 179
trop 380 244 62 179 179
dom 384 224 250 0 179
dom 896 224 245 0 179
dom 960 224 245 0 179
dom 1056 224 245 0 179
trop 1100 244 65 179 179
dom 1120 224 245 0 179
trop 1156 228 65 179 179
stand 1208 232 184 0 179
tree 1288 248 11 0 179
trop 1532 228 204 179 179
lay 1592 232 33 0 179
lay 1640 248 1 0 179
trop 2364 236 202 179 179
trop 2388 244 206 179 179
tree 2424 232 35 0 179
trop 2404 244 207 179 179
trop 2484 252 207 179 179
tree 2920 248 32 0 179
tree 3032 232 14 0 179
tree 3064 248 34 0 179
lay 3288 248 14 0 179
lay 3400 248 40 0 179
tree 3560 232 17 0 179
lay 3608 232 2 0 179
lay 3656 232 4 0 179
trop 252 276 150 179 179
dom 384 256 250 0 179
dom 768 256 248 0 179
trop 1028 268 65 179 179
lay 1320 264 3 0 179
lay 1336 264 28 0 179
lay 1352 280 1 0 179
tree 1416 280 12 0 179
tree 1448 264 24 0 179
lay 1656 264 38 0 179
trop 2236 260 204 179 179
tree 2440 264 7 0 179
tree 2488 280 24 0 179
tree 2472 280 30 0 179
trop 2484 276 202 179 179
lay 2680 280 28 0 179
tree 2776 264 38 0 179
tree 2824 264 15 0 179
tree 2936 264 3 0 179
tree 2952 280 0 0 179
tree 2984 280 30 0 179
tree 3080 264 19 0 179
lay 3208 264 4 0 179
lay 3272 280 46 0 179
trop 3324 276 126 179 179
lay 3592 264 0 0 179
lay 3608 264 0 0 179
lay 3848 280 3 0 179
lay 3912 264 1 0 179
trop 316 316 148 179 179
stand 392 312 4 0 179
trop 436 308 73 179 179
trop 548 292 150 179 179
trop 700 300 65 179 179
trop 924 292 65 179 179
trop 1036 292 65 179 179
trop 1124 292 65 179 179
trop 1228 292 204 179 179
tree 1432 312 11 0 179
lay 1416 312 3 0 179
lay 1752 296 5 0 179
trop 1868 300 204 179 179
tree 2472 296 36 0 179
tree 2520 312 15 0 179
trop 2500 316 202 179 179
trop 2564 300 204 179 179
tree 2776 312 35 0 179
tree 2824 296 11 0 179
tree 2856 312 13 0 179
tree 2872 312 16 0 179
tree 3000 296 40 0 179
tree 3000 312 23 0 179
lay 3272 312 19 0 179
lay 3304 296 14 0 179
trop 3380 292 69 179 179
lay 3640 312 0 0 179
trop 140 340 62 179 179
trop 188 340 148 179 179
stand 440 344 163 0 179
stand 424 328 160 0 179
trop 484 324 148 179 179
trop 940 324 204 179 179
stand 968 344 162 0 179
trop 1012 332 65 179 179
trop 1028 324 204 179 179
trop 1188 348 65 179 179
trop 1324 324 205 179 179
tree 1464 328 16 0 179
trop 1620 332 204 179 179
tree 2472 328 29 0 179
tree 2584 344 33 0 179
tree 2568 344 36 0 179
trop 2693 328 94 179 179
tree 2776 344 0 0 179
tree 2824 344 37 0 179
tree 2824 328 2 0 179
tree 2936 328 12 0 179
tree 3000 328 37 0 179
tree 3096 344 12 0 179
vor 3301 323 16 0 0
tree 3880 328 17 0 179
trop 252 372 150 179 179
trop 356 372 73 179 179
dom 384 352 250 0 179
trop 412 356 73 179 179
stand 424 360 163 0 179
trop 540 356 150 179 179
trop 604 364 148 179 179
stand 1048 360 160 0 179
stand 1032 360 178 0 179
stand 1032 376 160 0 179
stand 1064 360 178 0 179
trop 1124 356 202 179 179
trop 1244 380 204 179 179
tree 1256 376 23 0 179
lay 1304 376 28 0 179
trop 1388 380 206 179 179
tree 1480 360 26 0 179
tree 1512 360 25 0 179
tree 1544 376 34 0 179
tree 1592 376 16 0 179
tree 1592 360 24 0 179
tree 1576 376 26 0 179
trop 2428 380 202 179 179
tree 2472 360 38 0 179
trop 2540 380 202 179 179
tree 2888 376 12 0 179
trop 2964 372 207 179 179
tree 2968 376 0 0 179
tree 2968 360 10 0 179
trop 3324 364 126 179 179
trop 3412 364 65 179 179
trop 244 396 148 179 179
dom 384 384 250 0 179
trop 388 396 66 179 179
trop 732 396 65 179 179
dom 768 384 286 0 179
trop 804 396 65 179 179
trop 868 412 65 179 179
stand 888 392 181 0 179
stand 888 408 181 0 179
trop 988 388 204 179 179
trop 1092 388 204 179 179
trop 1196 404 204 179 179
lay 1192 392 28 0 179
tree 1288 392 26 0 179
tree 1304 408 26 0 179
tree 1320 392 39 0 179
trop 1428 388 205 179 179
trop 1588 404 204 179 179
tree 1608 408 32 0 179
trop 2420 388 202 179 179
tree 2456 392 37 0 179
tree 2440 408 38 0 179
tree 2488 408 26 0 179
tree 2488 392 34 0 179
trop 2476 412 207 179 179
tree 2504 392 4 0 179
tree 2872 408 38 0 179
tree 2856 408 36 0 179
trop 2948 396 207 179 179
tree 3273 412 7 0 179
tree 3289 412 14 0 179
tree 3305 396 13 0 179
trop 3364 412 65 179 179
trop 3364 404 126 179 179
lay 3512 408 6 0 179
stand 392 440 4 0 179
trop 540 444 148 179 179
trop 716 444 65 179 179
trop 836 444 65 179 179
stand 984 440 12 0 179
trop 972 444 65 179 179
tree 1032 440 22 0 179
tree 1048 440 25 0 179
trop 1068 444 202 179 179
trop 1076 428 202 179 179
trop 1060 436 204 179 179
trop 1092 428 204 179 179
trop 1172 444 202 179 179
tree 1224 424 23 0 179
tree 1240 424 26 0 179
tree 1256 440 21 0 179
tree 1288 424 21 0 179
tree 1288 440 39 0 179
trop 1332 420 205 179 179
tree 1320 440 25 0 179
tree 1352 440 23 0 179
trop 1428 428 206 179 179
tree 1624 440 15 0 179
tree 1608 440 18 0 179
tree 1656 440 38 0 179
tree 1656 424 39 0 179
tree 1640 440 9 0 179
lay 2200 440 17 0 179
lay 2184 440 35 0 179
tree 2472 440 11 0 179
tree 2472 424 13 0 179
lay 2488 424 59 0 179
tree 2617 444 12 0 179
tree 2808 424 40 0 179
tree 2872 424 40 0 179
trop 2900 436 207 179 179
tree 2920 440 13 0 179
tree 2936 424 2 0 179
tree 3000 440 2 0 179
trop 3132 444 65 179 179
tree 3209 428 5 0 179
tree 3225 428 7 0 179
tree 3257 444 12 0 179
tree 3257 428 4 0 179
tree 3273 428 15 0 179
trop 3324 428 126 179 179
trop 3381 416 66 179 179
trop 252 468 150 179 179
trop 380 460 155 179 179
trop 540 468 150 179 179
stand 664 456 12 0 179
stand 904 456 160 0 179
stand 920 472 159 0 179
tree 1064 456 25 0 179
trop 1116 452 204 179 179
tree 1096 456 39 0 179
tree 1112 456 23 0 179
tree 1128 456 22 0 179
tree 1336 472 39 0 179
tree 1352 456 23 0 179
trop 1420 452 205 179 179
tree 1592 472 28 0 179
tree 1608 456 24 0 179
lay 2184 472 7 0 179
lay 2184 456 35 0 179
lay 2216 456 37 0 179
tree 2440 472 27 0 179
tree 2456 472 30 0 179
trop 2444 452 202 179 179
lay 2536 456 28 0 179
lay 2616 472 28 0 179
tree 2824 456 15 0 179
trop 2868 468 204 179 179
tree 2904 456 17 0 179
tree 2904 472 16 0 179
trop 2980 460 125 179 179
trop 3405 472 69 179 179
trop 3421 464 65 179 179
trop 140 508 62 179 179
trop 348 492 161 179 179
trop 444 492 162 179 179
trop 636 500 161 179 179
stand 936 488 162 0 179
tree 1064 504 39 0 179
tree 1064 488 24 0 179
tree 1080 488 25 0 179
trop 1236 508 202 179 179
trop 1228 492 204 179 179
tree 1320 488 39 0 179
tree 1336 504 23 0 179
tree 1576 488 2 0 179
tree 1608 488 28 0 179
trop 1604 484 204 179 179
tree 1656 504 19 0 179
lay 1688 504 59 0 179
lay 2168 488 43 0 179
lay 2168 504 32 0 179
lay 2152 504 40 0 179
trop 2452 484 202 179 179
lay 2472 504 38 0 179
trop 2500 508 202 179 179
tree 2584 488 21 0 179
tree 2568 504 30 0 179
trop 2640 508 206 179 179
trop 2693 488 94 179 179
tree 2888 488 35 0 179
trop 2916 492 207 179 179
tree 2936 488 11 0 179
tree 2920 504 15 0 179
tree 3000 488 14 0 179
tree 3032 488 34 0 179
tree 3080 504 36 0 179
trop 3148 500 65 179 179
trop 3292 484 65 179 179
stand 3353 492 164 0 179
trop 3389 496 65 179 179
trop 3477 504 65 179 179
dom 3505 484 175 0 179
lay 3752 504 43 0 179
stand 168 536 4 0 179
trop 788 524 144 179 179
trop 988 532 144 179 179
trop 1196 540 202 179 179
trop 1428 540 206 179 179
trop 1444 516 205 179 179
tree 1592 536 8 0 179
tree 1592 520 40 0 179
tree 1688 536 25 0 179
tree 1720 536 6 0 179
tree 1752 536 39 0 179
tree 1736 536 31 0 179
tree 1768 536 4 0 179
lay 2168 536 34 0 179
trop 2404 524 202 179 179
tree 2444 536 39 0 179
lay 2556 520 45 0 179
lay 2572 520 41 0 179
lay 2728 536 28 0 179
tree 2840 520 38 0 179
tree 2856 520 11 0 179
tree 2968 536 13 0 179
tree 2945 542 0 0 0
trop 3036 516 207 179 179
tree 3032 536 37 0 179
tree 3736 536 10 0 179
trop 252 564 150 179 179
trop 1540 572 205 179 179
tree 1624 568 6 0 179
tree 1608 552 15 0 179
tree 1656 568 29 0 179
tree 1672 552 8 0 179
tree 1688 552 13 0 179
tree 1768 568 26 0 179
tree 1784 552 33 0 179
tree 2840 568 36 0 179
tree 2824 568 2 0 179
tree 2904 568 2 0 179
tree 2920 568 10 0 179
tree 2936 568 36 0 179
trop 2964 556 207 179 179
tree 2993 558 6 0 0
trop 3068 564 207 179 179
trop 3220 548 65 179 179
dom 3345 548 176 0 179
tree 3609 572 12 0 179
tree 3625 572 7 0 179
tree 3625 556 13 0 179
trop 188 604 148 179 179
trop 356 588 146 179 179
trop 444 588 146 179 179
trop 532 580 150 179 179
trop 636 588 146 179 179
trop 708 588 146 179 179
trop 812 596 150 179 179
trop 924 596 146 179 179
trop 1044 596 146 179 179
trop 1132 596 146 179 179
trop 1308 588 202 179 179
trop 1460 580 205 179 179
lay 1480 584 28 0 179
tree 1656 584 16 0 179
trop 1660 596 205 179 179
tree 1672 600 3 0 179
lay 1720 600 7 0 179
lay 1752 584 2 0 179
lay 1784 600 45 0 179
trop 2396 588 202 179 179
trop 2380 580 202 179 179
trop 2420 588 202 179 179
tree 2476 584 20 0 179
tree 2492 600 25 0 179
tree 2476 600 14 0 179
trop 2500 588 207 179 179
lay 2620 584 43 0 179
trop 2684 588 204 179 179
lay 2744 600 28 0 179
tree 2897 590 8 0 0
tree 2920 584 38 0 179
trop 3004 580 207 179 179
trop 3004 604 125 179 179
tree 3064 600 34 0 179
tree 3080 584 15 0 179
tree 3161 604 5 0 179
trop 3389 576 65 179 179
tree 3721 604 9 0 179
lay 3800 584 12 0 179
tree 1320 632 39 0 179
trop 1532 636 206 179 179
trop 1652 628 204 179 179
lay 1784 632 20 0 179
tree 2456 616 8 0 179
trop 2452 628 202 179 179
tree 2488 616 8 0 179
tree 2472 616 11 0 179
tree 2476 616 14 0 179
tree 2492 616 17 0 179
trop 2476 636 206 179 179
tree 2520 616 3 0 179
tree 2524 616 26 0 179
tree 2536 616 31 0 179
trop 2536 628 198 179 179
tree 2872 616 10 0 179
tree 2936 616 40 0 179
tree 2936 632 2 0 179
tree 3016 616 36 0 179
tree 3032 632 34 0 179
trop 3124 636 207 179 179
trop 3309 624 65 179 179
trop 3397 624 62 179 179
trop 3477 632 65 179 179
tree 3625 620 11 0 179
tree 3721 620 15 0 179
tree 3737 620 9 0 179
lay 3848 616 3 0 179
stand 152 648 160 0 179
stand 136 664 162 0 179
trop 252 668 150 179 179
trop 820 644 144 179 179
trop 1092 652 144 179 179
tree 1336 648 21 0 179
tree 1352 664 21 0 179
lay 1384 648 18 0 179
trop 1460 660 206 179 179
tree 1528 664 23 0 179
tree 1512 664 27 0 179
trop 1612 668 205 179 179
tree 1656 648 37 0 179
trop 2548 668 206 179 179
lay 2600 648 28 0 179
trop 2717 640 98 179 179
lay 2776 648 28 0 179
tree 2888 664 38 0 179
tree 2904 664 17 0 179
tree 2936 648 14 0 179
tree 2968 664 38 0 179
tree 3000 664 36 0 179
tree 2984 664 36 0 179
trop 3020 668 125 179 179
trop 3084 644 207 179 179
tree 3193 668 15 0 179
tree 3209 668 4 0 179
dom 3345 644 132 0 179
stand 3481 668 140 0 179
trop 3485 664 65 179 179
stand 3577 668 147 0 179
tree 3705 664 8 0 0
trop 132 684 62 179 179
stand 152 680 163 0 179
trop 524 684 150 179 179
trop 1236 684 202 179 179
trop 1308 684 202 179 179
lay 1368 696 19 0 179
tree 1544 680 35 0 179
tree 1576 696 32 0 179
tree 1736 680 27 0 179
tree 1752 696 31 0 179
tree 2520 680 24 0 179
tree 2552 696 34 0 179
tree 2552 680 5 0 179
tree 2856 680 37 0 179
tree 2904 680 17 0 179
tree 3000 680 40 0 179
tree 3048 680 17 0 179
tree 3048 696 15 0 179
tree 3145 684 4 0 179
tree 3161 684 12 0 179
tree 3721 680 6 0 0
tree 3841 686 0 0 0
lay 3912 696 34 0 179
stand 152 712 163 0 179
trop 348 716 146 179 179
trop 420 716 146 179 179
trop 628 708 146 179 179
trop 708 708 146 179 179
trop 796 716 146 179 179
trop 900 716 146 179 179
trop 1004 724 146 179 179
trop 1108 724 146 179 179
tree 1288 728 26 0 179
tree 1336 712 39 0 179
tree 1336 728 22 0 179
tree 1368 728 21 0 179
tree 1384 728 20 0 179
trop 1508 708 206 179 179
trop 1508 724 205 179 179
trop 1580 708 205 179 179
tree 1608 712 6 0 179
tree 1688 728 19 0 179
trop 1684 716 204 179 179
tree 1704 712 4 0 179
tree 1752 712 34 0 179
tree 1736 728 36 0 179
trop 1812 724 204 179 179
trop 2196 724 202 179 179
tree 2552 712 8 0 179
tree 2633 732 10 0 179
lay 2824 728 28 0 179
tree 2936 712 35 0 179
tree 2936 728 13 0 179
tree 2952 728 35 0 179
trop 2996 716 207 179 179
tree 2984 728 37 0 179
tree 3000 728 38 0 179
trop 3044 724 207 179 179
trop 3413 704 65 179 179
trop 3405 720 66 179 179
trop 3453 704 65 179 179
trop 3549 704 65 179 179
tree 3793 718 0 1 0
tree 3873 718 7 0 0
lay 3880 712 40 0 179
lay 3928 712 1 0 179
trop 252 764 150 179 179
trop 1236 756 203 179 179
trop 1244 756 204 179 179
tree 1304 744 24 0 179
tree 1320 744 24 0 179
trop 1404 756 206 179 179
trop 1580 764 205 179 179
tree 1672 760 24 0 179
tree 1672 744 33 0 179
tree 1704 744 19 0 179
trop 2196 756 202 179 179
trop 2356 740 202 179 179
tree 2568 744 0 0 179
tree 2601 748 11 0 179
lay 2712 744 28 0 179
tree 2872 744 14 0 179
tree 2904 760 40 0 179
tree 2888 744 35 0 179
tree 2936 760 16 0 179
tree 2936 744 15 0 179
trop 2964 764 207 179 179
tree 2952 760 16 0 179
trop 3012 764 125 179 179
trop 3397 760 65 179 179
tree 3481 764 4 0 179
tree 3497 764 15 0 179
tree 3561 764 7 0 179
vor 3693 754 25 0 0
vor 3717 754 25 0 0
vor 3837 754 25 0 0
vor 3845 762 25 0 0
lay 3928 744 46 0 179
trop 524 796 150 179 179
trop 732 780 144 179 179
trop 1068 780 144 179 179
trop 1356 772 205 179 179
lay 1352 776 1 0 179
lay 1400 792 10 0 179
tree 1560 776 23 0 179
tree 1672 776 5 0 179
tree 2312 776 22 0 179
tree 2568 776 15 0 179
lay 2824 792 28 0 179
trop 2908 780 125 179 179
tree 2920 792 2 0 179
tree 3032 792 38 0 179
trop 3044 788 125 179 179
tree 3048 776 2 0 179
tree 3096 792 37 0 179
trop 3221 792 65 179 179
dom 3217 772 162 0 179
tree 3513 780 9 0 179
tree 3625 780 13 0 179
vor 3805 770 25 0 0
vor 3877 770 25 0 0
trop 244 820 148 179 179
trop 348 812 163 179 179
trop 436 812 160 179 179
trop 580 820 169 179 179
stand 792 824 162 0 179
tree 1144 824 25 0 179
lay 1352 808 2 0 179
trop 1436 804 207 179 179
trop 1436 820 205 179 179
tree 1592 824 10 0 179
tree 1576 824 18 0 179
tree 1576 808 11 0 179
trop 1612 828 204 179 179
lay 1736 824 6 0 179
trop 2100 804 204 179 179
tree 2280 808 25 0 179
trop 2420 820 202 179 179
trop 2436 828 202 179 179
tree 2584 808 16 0 179
trop 2604 820 206 179 179
trop 2684 820 125 179 179
trop 2996 812 195 179 179
trop 2988 804 195 179 179
trop 3044 812 207 179 179
trop 3357 800 65 179 179
tree 3721 828 7 0 179
tree 3737 812 7 0 179
tree 3817 828 15 0 179
trop 132 836 66 179 179
stand 376 856 161 0 179
trop 404 852 154 179 179
stand 392 840 161 0 179
stand 392 856 178 0 179
stand 408 856 161 0 179
trop 508 852 148 179 179
dom 672 832 247 0 179
trop 700 860 204 179 179
stand 760 840 161 0 179
stand 776 856 159 0 179
stand 808 856 163 0 179
trop 1116 852 204 179 179
tree 1096 856 24 0 179
tree 1096 840 21 0 179
tree 1128 840 25 0 179
tree 1144 840 25 0 179
tree 1176 840 26 0 179
tree 1192 856 25 0 179
tree 1208 856 25 0 179
tree 1224 856 20 0 179
lay 1432 840 28 0 179
tree 1560 856 11 0 179
tree 1544 840 36 0 179
tree 1592 840 22 0 179
tree 1704 856 23 0 179
tree 2296 840 24 0 179
trop 2340 844 202 179 179
tree 2392 856 5 0 179
tree 2408 856 24 0 179
tree 2536 856 39 0 179
tree 2600 840 8 0 179
trop 2732 860 125 179 179
dom 2720 832 131 0 179
trop 2797 840 102 179 179
trop 2860 844 125 179 179
trop 3012 852 195 179 179
trop 3092 844 202 179 179
tree 3097 860 14 0 179
trop 3325 832 65 179 179
trop 3333 840 65 179 179
tree 3817 844 7 0 179
tree 3952 840 14 0 179
tree 3968 840 17 0 179
tree 3976 840 15 0 179
trop 252 876 150 179 179
stand 376 872 178 0 179
stand 392 888 178 0 179
stand 424 888 161 0 179
trop 692 876 65 179 179
trop 796 876 65 179 179
stand 824 888 162 0 179
stand 808 872 179 0 179
stand 856 872 163 0 179
trop 956 868 204 179 179
trop 1004 892 204 179 179
tree 1112 872 26 0 179
tree 1112 888 20 0 179
trop 1204 892 204 179 179
trop 1196 884 204 179 179
tree 1240 872 25 0 179
trop 1412 892 205 179 179
tree 1576 872 5 0 179
tree 1592 872 0 0 179
tree 1672 872 14 0 179
tree 1720 872 20 0 179
tree 1704 888 4 0 179
trop 2132 868 202 179 179
tree 2328 888 26 0 179
trop 2396 884 206 179 179
lay 2376 888 59 0 179
tree 2408 872 25 0 179
lay 2520 888 62 0 179
tree 2552 888 23 0 179
tree 2536 872 12 0 179
lay 2536 872 59 0 179
tree 2616 888 13 0 179
trop 2700 868 125 179 179
trop 3020 868 207 179 179
tree 3113 876 7 0 179
tree 3145 892 13 0 179
tree 3161 892 11 0 179
trop 3212 892 125 179 179
trop 3469 864 65 179 179
trop 3533 864 65 179 179
stand 3657 872 32 0 0
tree 3800 888 14 0 179
tree 3784 872 11 0 179
tree 3784 888 14 0 179
tree 3816 872 11 0 179
tree 3833 892 4 0 179
tree 3897 892 12 0 179
tree 3897 876 15 0 179
tree 3992 880 18 0 179
tree 3968 872 26 0 179
trop 388 924 204 179 179
trop 524 900 150 179 179
trop 676 916 204 179 179
trop 1044 900 204 179 179
tree 1080 904 21 0 179
tree 1064 920 24 0 179
trop 1092 908 204 179 179
tree 1096 920 23 0 179
tree 1128 904 21 0 179
trop 1268 908 205 179 179
tree 1528 920 28 0 179
tree 1576 904 34 0 179
lay 1624 920 1 0 179
tree 1640 904 30 0 179
tree 1656 920 10 0 179
tree 1656 904 35 0 179
trop 1636 924 204 179 179
tree 2392 904 30 0 179
tree 2456 904 40 0 179
tree 2472 920 34 0 179
tree 2504 920 41 0 179
tree 2616 920 9 0 179
trop 2612 908 127 179 179
trop 2652 908 126 179 179
fre 2748 900 34 179 179
trop 2940 908 125 179 179
trop 2948 908 125 179 179
trop 3068 908 125 179 179
trop 3084 916 207 179 179
trop 3124 924 195 179 179
tree 3129 920 8 0 0
trop 3325 920 65 179 179
tree 3784 904 14 0 179
tree 3800 904 13 0 179
tree 3817 924 9 0 179
tree 3833 908 14 0 179
tree 3881 908 7 0 179
tree 3960 912 39 0 179
stand 392 936 155 0 179
stand 680 936 153 0 179
trop 796 940 204 179 179
trop 788 940 200 179 179
trop 836 956 204 179 179
tree 1080 936 22 0 179
tree 1112 952 26 0 179
tree 1144 952 26 0 179
tree 1160 952 23 0 179
tree 1512 936 14 0 179
tree 1560 936 40 0 179
lay 1608 936 7 0 179
trop 1724 956 205 179 179
trop 2348 948 202 179 179
tree 2376 952 29 0 179
trop 2436 948 206 179 179
tree 2472 936 4 0 179
trop 2492 948 206 179 179
tree 2520 936 31 0 179
trop 2524 946 120 179 179
tree 2552 952 32 0 179
tree 2536 952 35 0 179
tree 2584 952 12 0 179
tree 2568 952 8 0 179
tree 2632 936 5 0 179
tree 2664 942 24 0 179
dom 2752 928 132 0 179
trop 3060 948 202 179 179
trop 3172 932 207 179 179
trop 3220 940 195 179 179
trop 3228 932 195 179 179
trop 3325 928 65 179 179
trop 3397 936 65 179 179
trop 3413 944 65 179 179
dom 3537 932 156 0 179
trop 3565 944 65 179 179
trop 3605 952 65 179 179
trop 3621 936 65 179 179
tree 3800 952 39 0 179
tree 3784 952 39 0 179
tree 3784 936 23 0 179
tree 3816 952 22 0 179
trop 132 988 73 179 179
trop 260 972 150 179 179
trop 412 964 204 179 179
stand 392 968 155 0 179
trop 692 980 204 179 179
trop 748 980 204 179 179
trop 764 988 200 179 179
trop 764 964 200 179 179
trop 908 972 204 179 179
trop 964 964 204 179 179
trop 1084 972 204 179 179
tree 1160 984 21 0 179
trop 1372 980 206 179 179
tree 1464 968 21 0 179
tree 1464 984 29 0 179
tree 1496 984 29 0 179
trop 1484 972 207 179 179
tree 1512 984 33 0 179
tree 1544 968 20 0 179
tree 1544 984 25 0 179
lay 1544 984 16 0 179
lay 1624 968 12 0 179
trop 1604 964 205 179 179
trop 1692 980 205 179 179
trop 2332 964 202 179 179
trop 2332 972 206 179 179
tree 2392 984 4 0 179
tree 2392 968 28 0 179
tree 2456 984 26 0 179
tree 2456 968 5 0 179
tree 2488 968 30 0 179
tree 2488 984 18 0 179
tree 2472 968 13 0 179
tree 2616 968 41 0 179
tree 2648 984 26 0 179
tree 2632 968 28 0 179
tree 2632 974 23 0 179
trop 2908 972 195 179 179
tree 2905 988 6 0 179
trop 3084 964 202 179 179
trop 3180 988 207 179 179
trop 3293 976 65 179 179
trop 3325 976 65 179 179
dom 3345 964 185 0 179
trop 3525 984 65 179 179
trop 3581 960 65 179 179
trop 3756 964 197 179 179
trop 3764 972 204 179 179
lay 3832 968 2 0 179
tree 3848 984 11 0 179
tree 3864 984 10 0 179
lay 3880 984 13 0 179
tree 3960 984 17 0 179
tree 3992 968 35 0 179
trop 524 996 150 179 179
trop 1164 996 205 179 179
tree 1160 1000 39 0 179
trop 1228 1004 205 179 179
tree 1368 1016 31 0 179
tree 1384 1000 10 0 179
tree 1448 1000 8 0 179
trop 1468 1012 206 179 179
tree 1512 1000 26 0 179
tree 1560 1000 35 0 179
tree 1576 1016 3 0 179
lay 1592 1000 30 0 179
trop 2364 996 204 179 179
tree 2392 1000 40 0 179
tree 2408 1000 10 0 179
tree 2456 1000 19 0 179
tree 2520 1016 23 0 179
trop 2508 1002 126 179 179
tree 2552 1000 2 0 179
tree 2536 1000 23 0 179
trop 2564 994 126 179 179
trop 2604 1012 126 179 179
tree 2632 1000 40 0 179
tree 2648 1000 15 0 179
tree 2680 1006 21 0 179
trop 2861 1008 98 179 179
trop 2900 1004 195 179 179
trop 2932 1012 195 179 179
lay 2968 1016 27 0 179
lay 2969 1004 3 0 179
tree 3033 1020 7 0 179
trop 3116 996 125 179 179
trop 3164 996 195 179 179
tree 3225 1020 11 0 179
stand 3465 1004 165 0 179
trop 3637 1008 65 179 179
tree 3864 1000 35 0 179
tree 3928 1000 10 0 179
trop 404 1028 204 179 179
stand 392 1032 155 0 179
trop 740 1052 204 179 179
trop 1164 1036 204 179 179
trop 1340 1044 205 179 179
tree 1528 1048 12 0 179
trop 1516 1052 205 179 179
tree 1544 1032 1 0 179
tree 1592 1032 14 0 179
trop 1636 1044 205 179 179
tree 2392 1048 28 0 179
trop 2380 1028 206 179 179
tree 2456 1048 37 0 179
tree 2456 1032 35 0 179
tree 2504 1032 6 0 179
trop 2572 1050 120 179 179
lay 2584 1048 59 0 179
tree 2632 1038 24 0 179
tree 2664 1032 25 0 179
tree 2664 1054 25 0 179
tree 2696 1048 41 0 179
tree 2728 1038 10 0 179
lay 2953 1052 1 0 179
lay 3001 1052 0 0 179
tree 3177 1052 12 0 179
tree 3193 1052 13 0 179
trop 3260 1052 125 179 179
stand 3321 1052 166 0 179
stand 3369 1052 165 0 179
trop 3397 1040 65 179 179
trop 3469 1024 65 179 179
trop 3684 1044 205 179 179
trop 3740 1044 207 179 179
trop 3772 1028 205 179 179
trop 3804 1028 197 179 179
tree 3944 1048 16 0 179
stand 392 1064 155 0 179
trop 796 1068 200 179 179
trop 796 1060 204 179 179
tree 904 1064 16 0 179
tree 920 1064 17 0 179
tree 936 1080 24 0 179
tree 952 1064 40 0 179
tree 968 1064 34 0 179
tree 1000 1064 11 0 179
tree 1016 1064 33 0 179
tree 1128 1080 12 0 179
tree 1128 1064 39 0 179
trop 1420 1076 207 179 179
tree 1496 1080 20 0 179
tree 1512 1064 39 0 179
trop 1644 1068 204 179 179
tree 2312 1080 31 0 179
tree 2360 1080 5 0 179
tree 2376 1064 9 0 179
stand 2456 1080 24 0 179
trop 2508 1074 126 179 179
trop 2516 1084 206 179 179
tree 2536 1080 28 0 179
tree 2536 1064 37 0 179
trop 2604 1084 126 179 179
tree 2648 1086 22 0 179
tree 2712 1080 18 0 179
tree 2744 1070 15 0 179
tree 2776 1064 38 0 179
tree 2776 1080 6 0 179
lay 2953 1084 1 0 179
tree 3001 1084 14 0 179
trop 3092 1060 125 179 179
tree 3289 1068 10 0 179
trop 3308 1076 125 179 179
trop 3405 1072 65 179 179
trop 3469 1064 96 179 179
trop 3493 1064 65 179 179
stand 3577 1084 153 0 179
trop 3660 1068 204 179 179
lay 3800 1064 28 0 179
trop 348 1108 198 179 179
trop 692 1092 204 179 179
tree 824 1096 12 0 179
tree 1192 1096 2 0 179
tree 1208 1096 8 0 179
tree 1240 1112 31 0 179
tree 1256 1112 15 0 179
trop 1372 1092 206 179 179
tree 1432 1112 23 0 179
tree 1480 1096 32 0 179
tree 1496 1112 30 0 179
tree 1496 1096 18 0 179
tree 1512 1096 30 0 179
tree 1576 1112 22 0 179
tree 1592 1112 41 0 179
trop 2092 1108 202 179 179
trop 2164 1092 202 179 179
trop 2204 1108 202 179 179
trop 2228 1100 204 179 179
tree 2328 1096 28 0 179
tree 2344 1096 29 0 179
trop 2428 1116 202 179 179
lay 2408 1112 35 0 179
trop 2452 1092 202 179 179
trop 2436 1100 206 179 179
tree 2552 1096 12 0 179
trop 2556 1090 120 179 179
trop 2556 1092 206 179 179
tree 2632 1118 26 0 179
tree 2728 1102 11 0 179
tree 2744 1096 25 0 179
tree 2792 1112 26 0 179
lay 2809 1116 0 0 179
tree 2840 1112 20 0 179
tree 2825 1100 14 0 179
tree 3257 1100 10 0 179
tree 3273 1100 16 0 179
lay 3592 1112 50 0 179
stand 3609 1116 158 0 179
stand 3641 1116 162 0 179
trop 3756 1092 205 179 179
trop 3932 1100 106 179 179
trop 3956 1108 202 179 179
trop 132 1148 73 179 179
trop 188 1140 65 179 179
trop 204 1124 204 179 179
trop 244 1132 204 179 179
dom 224 1120 244 0 179
trop 268 1148 65 179 179
trop 412 1140 204 179 179
trop 412 1140 65 179 179
dom 512 1120 244 0 179
trop 548 1148 205 179 179
trop 548 1148 65 179 179
trop 676 1140 205 179 179
stand 824 1144 159 0 179
lay 952 1144 26 0 179
lay 1128 1128 26 0 179
tree 1240 1144 11 0 179
tree 1560 1144 11 0 179
tree 1576 1128 35 0 179
trop 1588 1140 204 179 179
trop 1604 1148 205 179 179
trop 2100 1132 202 179 179
lay 2440 1128 17 0 179
trop 2476 1124 206 179 179
tree 2552 1128 30 0 179
trop 2564 1138 126 179 179
lay 2616 1134 11 0 179
tree 2744 1134 12 0 179
lay 2825 1148 2 0 179
lay 2873 1148 0 0 179
trop 2965 1136 105 179 179
lay 3032 1144 27 0 179
trop 3101 1136 97 179 179
trop 3245 1128 97 179 179
trop 3357 1128 97 179 179
trop 3373 1128 97 179 179
trop 3493 1128 65 179 179
tree 3529 1148 7 0 179
tree 3529 1132 16 0 179
tree 3545 1148 11 0 179
stand 3609 1148 156 0 179
tree 3784 1144 20 0 179
trop 3884 1148 205 179 179
lay 3880 1128 28 0 179
trop 3972 1148 202 179 179
lay 3976 1128 28 0 179
trop 324 1172 204 179 179
trop 644 1180 205 179 179
stand 824 1176 157 0 179
lay 1064 1176 26 0 179
tree 1240 1160 36 0 179
tree 1240 1176 31 0 179
trop 1412 1156 205 179 179
tree 1528 1176 30 0 179
tree 1512 1176 12 0 179
tree 1560 1176 33 0 179
tree 2328 1160 20 0 179
tree 2360 1176 7 0 179
tree 2376 1160 9 0 179
trop 2500 1154 126 179 179
lay 2632 1176 28 0 179
tree 2728 1166 35 0 179
tree 2776 1160 29 0 179
lay 2872 1176 27 0 179
lay 2905 1180 1 0 179
tree 3369 1180 16 0 179
trop 3477 1168 96 179 179
tree 3800 1168 12 0 179
tree 3784 1168 17 0 179
tree 3800 1176 39 0 179
tree 3832 1176 22 0 179
trop 3860 1156 207 179 179
trop 572 1188 200 179 179
trop 596 1212 200 179 179
trop 628 1204 200 179 179
trop 764 1204 206 179 179
stand 824 1208 158 0 179
stand 872 1208 9 0 179
stand 936 1208 154 0 179
lay 1176 1208 26 0 179
tree 1384 1208 36 0 179
tree 1544 1208 14 0 179
lay 1608 1208 30 0 179
tree 2232 1192 21 0 179
tree 2232 1208 0 0 179
tree 2248 1192 0 0 179
tree 2280 1208 27 0 179
tree 2376 1208 15 0 179
trop 2396 1212 206 179 179
trop 2556 1210 126 179 179
tree 2712 1198 11 0 179
tree 2744 1214 12 0 179
tree 2744 1208 22 0 179
tree 2760 1208 20 0 179
tree 3305 1212 14 0 179
tree 3321 1212 11 0 179
tree 3385 1196 6 0 179
tree 3401 1196 8 0 179
tree 3545 1212 9 0 179
tree 3545 1196 16 0 179
tree 3784 1192 23 0 179
tree 3816 1192 22 0 179
trop 452 1220 204 179 179
trop 540 1228 200 179 179
trop 724 1220 204 179 179
trop 756 1236 198 179 179
stand 984 1224 178 0 179
tree 1232 1236 7 0 0
tree 1528 1240 1 0 179
lay 1576 1240 20 0 179
trop 1612 1220 204 179 179
tree 2232 1224 9 0 179
tree 2232 1240 34 0 179
tree 2328 1224 29 0 179
tree 2312 1224 0 0 179
trop 2308 1236 202 179 179
tree 2424 1224 6 0 179
tree 2408 1224 40 0 179
tree 2456 1224 29 0 179
tree 2472 1240 25 0 179
trop 2612 1220 126 179 179
trop 2652 1220 126 179 179
tree 2744 1240 24 0 179
tree 2760 1224 25 0 179
tree 2872 1240 32 0 179
tree 2856 1240 6 0 179
tree 2888 1240 9 0 179
tree 2889 1228 11 0 179
lay 2921 1228 4 0 179
tree 3305 1228 4 0 179
tree 3401 1244 9 0 179
tree 3401 1228 14 0 179
tree 3529 1228 13 0 179
tree 3545 1228 16 0 179
tree 3561 1228 16 0 179
tree 3784 1216 23 0 179
trop 204 1252 204 179 179
trop 388 1276 200 179 179
trop 404 1252 200 179 179
trop 452 1276 200 179 179
trop 636 1276 204 179 179
stand 936 1272 154 0 179
stand 984 1256 179 0 179
stand 1000 1256 179 0 179
tree 1232 1252 0 0 0
trop 1308 1260 96 179 179
tree 1544 1256 27 0 179
tree 2232 1256 22 0 179
tree 2216 1272 26 0 179
tree 2232 1272 5 0 179
lay 2408 1272 40 0 179
tree 2472 1256 26 0 179
trop 2588 1252 126 179 179
trop 2596 1276 126 179 179
trop 2652 1252 126 179 179
trop 2652 1268 126 179 179
tree 2776 1272 21 0 179
tree 2856 1272 27 0 179
tree 3401 1260 12 0 179
trop 3540 1268 204 179 179
trop 3676 1252 204 179 179
tree 3768 1256 17 0 179
tree 3752 1272 24 0 179
tree 3768 1272 23 0 179
tree 3800 1272 21 0 179
tree 3848 1272 17 0 179
tree 3880 1272 21 0 179
tree 3992 1256 0 0 179
tree 3992 1272 15 0 179
tree 4008 1256 17 0 179
tree 4008 1272 17 0 179
trop 492 1308 200 179 179
tree 840 1288 6 0 179
trop 980 1284 65 179 179
lay 1480 1288 2 0 179
tree 1544 1304 29 0 179
lay 2120 1304 2 0 179
tree 2232 1304 37 0 179
tree 2232 1288 32 0 179
trop 2380 1300 206 179 179
lay 2440 1304 45 0 179
lay 2520 1288 45 0 179
lay 2504 1304 1 0 179
trop 2620 1292 126 179 179
tree 2728 1288 22 0 179
tree 2760 1304 26 0 179
tree 2953 1308 10 0 179
lay 3036 1288 28 0 179
tree 3016 1304 21 0 179
trop 3088 1292 197 179 179
trop 3096 1292 197 179 179
trop 3088 1308 197 179 179
lay 3100 1304 45 0 179
lay 3100 1288 41 0 179
lay 3084 1288 33 0 179
trop 3128 1308 197 179 179
trop 3128 1300 197 179 179
lay 3116 1304 43 0 179
trop 3104 1308 197 179 179
trop 3136 1292 197 179 179
tree 3305 1308 12 0 179
tree 3401 1292 9 0 179
stand 3641 1292 154 0 179
tree 3736 1288 39 0 179
tree 3720 1304 25 0 179
tree 3736 1304 39 0 179
tree 3768 1288 23 0 179
tree 3800 1304 21 0 179
tree 3784 1304 26 0 179
tree 3896 1288 24 0 179
tree 3912 1288 39 0 179
tree 3976 1304 25 0 179
trop 364 1340 200 179 179
trop 420 1324 200 179 179
trop 428 1332 198 179 179
trop 804 1340 206 179 179
dom 1120 1312 231 0 179
trop 1204 1316 106 179 179
trop 1204 1332 106 179 179
trop 1276 1316 104 179 179
lay 1448 1336 37 0 179
tree 1528 1320 28 0 179
trop 2036 1332 204 179 179
tree 2232 1320 28 0 179
tree 2264 1320 30 0 179
tree 2264 1336 34 0 179
trop 2308 1340 206 179 179
tree 2728 1336 25 0 179
tree 2760 1336 26 0 179
tree 3016 1320 15 0 179
tree 3016 1336 9 0 179
trop 3064 1324 197 179 179
trop 3088 1324 197 179 179
lay 3084 1320 46 0 179
trop 3120 1332 197 179 179
lay 3132 1336 10 0 179
trop 3104 1316 197 179 179
trop 3104 1332 197 179 179
lay 3244 1336 28 0 179
tree 3273 1324 17 0 179
tree 3401 1324 8 0 179
tree 3545 1340 11 0 179
stand 3593 1340 155 0 179
trop 3668 1340 205 179 179
tree 3801 1324 16 0 179
tree 4024 1320 17 0 179
tree 4008 1320 24 0 179
tree 824 1368 8 0 179
trop 1124 1356 65 179 179
trop 1260 1348 101 179 179
lay 1336 1352 1 0 179
tree 1624 1368 30 0 179
lay 1768 1368 30 0 179
trop 2108 1348 204 179 179
lay 2136 1368 34 0 179
lay 2168 1368 36 0 179
tree 2232 1368 31 0 179
tree 2232 1352 13 0 179
tree 2280 1368 40 0 179
tree 2392 1368 5 0 179
tree 2408 1368 29 0 179
tree 2424 1368 27 0 179
trop 2644 1356 126 179 179
tree 2728 1368 20 0 179
tree 2760 1368 25 0 179
tree 2776 1368 26 0 179
tree 2856 1352 19 0 179
trop 3000 1356 202 179 179
lay 3100 1352 43 0 179
lay 3116 1352 28 0 179
lay 3132 1352 7 0 179
lay 3116 1368 10 0 179
trop 3144 1356 197 179 179
trop 3136 1348 197 179 179
lay 3180 1368 33 0 179
trop 3477 1352 96 179 179
trop 3493 1368 9 179 179
tree 3641 1372 17 0 179
trop 3772 1364 205 179 179
trop 3764 1372 207 179 179
trop 3812 1364 205 179 179
stand 888 1400 9 0 179
lay 952 1400 2 0 179
dom 1056 1376 226 0 179
trop 1108 1388 65 179 179
trop 1204 1404 106 179 179
lay 1336 1400 0 0 179
tree 1560 1400 7 0 179
tree 1592 1384 9 0 179
tree 1576 1384 16 0 179
lay 1576 1400 45 0 179
tree 1624 1400 12 0 179
lay 1608 1400 18 0 179
tree 1656 1384 34 0 179
tree 1656 1400 1 0 179
tree 1672 1400 21 0 179
lay 2120 1384 31 0 179
lay 2152 1384 19 0 179
trop 2308 1380 206 179 179
tree 2344 1400 1 0 179
tree 2392 1384 17 0 179
tree 2424 1400 19 0 179
tree 2408 1400 9 0 179
tree 2408 1384 22 0 179
tree 2456 1400 10 0 179
tree 2440 1400 37 0 179
tree 2488 1400 17 0 179
tree 2520 1400 27 0 179
tree 2728 1400 39 0 179
tree 2776 1400 25 0 179
tree 2760 1384 25 0 179
tree 2824 1400 8 0 179
tree 3068 1400 26 0 179
tree 3052 1384 21 0 179
tree 3084 1384 26 0 179
lay 3212 1384 28 0 179
stand 3593 1388 155 0 179
trop 3605 1384 15 179 179
tree 3768 1384 5 0 179
tree 3784 1400 8 0 179
trop 3820 1388 205 179 179
trop 492 1428 200 179 179
trop 540 1436 200 179 179
trop 612 1428 204 179 179
lay 936 1432 1 0 179
trop 1020 1420 65 179 179
stand 1144 1432 177 0 179
trop 1164 1436 90 179 179
trop 1260 1436 104 179 179
trop 1292 1436 93 179 179
tree 1544 1432 38 0 179
lay 1592 1416 13 0 179
trop 1596 1420 206 179 179
trop 2084 1420 204 179 179
tree 2312 1416 14 0 179
tree 2328 1416 36 0 179
tree 2328 1432 31 0 179
tree 2312 1432 16 0 179
tree 2344 1432 37 0 179
tree 2728 1432 20 0 179
tree 2760 1416 20 0 179
tree 2924 1432 21 0 179
tree 2924 1416 22 0 179
tree 2940 1416 24 0 179
tree 2940 1432 21 0 179
tree 2956 1432 20 0 179
tree 3132 1416 16 0 179
trop 3192 1436 202 179 179
lay 3372 1432 28 0 179
trop 3804 1420 205 179 179
trop 172 1444 205 179 179
trop 548 1460 200 179 179
trop 548 1460 198 179 179
trop 852 1460 200 179 179
lay 968 1464 0 0 179
trop 980 1468 72 179 179
tree 1448 1464 20 0 179
tree 1464 1464 28 0 179
tree 1480 1464 24 0 179
tree 1496 1464 1 0 179
tree 1528 1464 31 0 179
tree 1560 1448 37 0 179
tree 1560 1464 9 0 179
tree 1592 1464 17 0 179
tree 1576 1464 15 0 179
trop 1588 1444 206 179 179
lay 1608 1448 35 0 179
trop 2196 1452 202 179 179
tree 2328 1464 19 0 179
tree 2312 1448 29 0 179
tree 2328 1448 8 0 179
tree 2344 1448 7 0 179
trop 2348 1460 202 179 179
trop 2380 1468 206 179 179
tree 2424 1448 29 0 179
tree 2408 1464 18 0 179
trop 2904 1468 197 179 179
trop 2920 1444 197 179 179
trop 2920 1460 197 179 179
lay 2924 1464 46 0 179
trop 2912 1460 197 179 179
lay 3052 1464 28 0 179
trop 3200 1452 202 179 179
trop 3724 1460 205 179 179
trop 828 1476 200 179 179
lay 1112 1496 3 0 179
tree 1432 1480 12 0 179
trop 1516 1492 206 179 179
lay 1640 1480 43 0 179
lay 2104 1496 41 0 179
lay 2120 1480 37 0 179
trop 2164 1476 204 179 179
tree 2344 1480 13 0 179
tree 2376 1496 34 0 179
tree 2392 1480 22 0 179
tree 2376 1480 24 0 179
trop 2548 1484 206 179 179
tree 2776 1480 22 0 179
tree 2824 1480 3 0 179
tree 2840 1480 2 0 179
tree 2840 1496 40 0 179
tree 2856 1480 39 0 179
trop 2904 1500 197 179 179
lay 2892 1480 31 0 179
lay 2892 1496 40 0 179
trop 2928 1492 197 179 179
trop 2912 1500 197 179 179
lay 2972 1480 28 0 179
trop 3040 1484 202 179 179
trop 3112 1484 202 179 179
trop 3144 1484 202 179 179
trop 3376 1500 206 179 179
tree 1096 1528 7 0 179
tree 1256 1528 26 0 179
tree 1272 1512 31 0 179
tree 1288 1512 5 0 179
tree 1320 1512 37 0 179
tree 1352 1528 34 0 179
tree 1368 1528 5 0 179
tree 1560 1528 18 0 179
tree 1608 1512 5 0 179
tree 1608 1528 35 0 179
lay 2024 1528 20 0 179
tree 2424 1512 2 0 179
tree 2408 1512 6 0 179
tree 2456 1528 27 0 179
lay 2440 1528 29 0 179
tree 2488 1512 24 0 179
tree 2504 1528 18 0 179
tree 2536 1512 32 0 179
tree 2552 1528 9 0 179
tree 2536 1528 27 0 179
tree 2792 1512 25 0 179
tree 2808 1528 26 0 179
tree 2792 1528 22 0 179
lay 2908 1528 43 0 179
lay 2892 1528 20 0 179
trop 2936 1524 202 179 179
trop 2920 1516 197 179 179
lay 2940 1512 10 0 179
tree 2940 1528 23 0 179
trop 2912 1532 197 179 179
trop 2912 1524 197 179 179
lay 3064 1512 28 0 179
lay 3260 1512 28 0 179
lay 3260 1528 45 0 179
lay 3292 1512 45 0 179
lay 3308 1512 41 0 179
lay 3308 1528 31 0 179
lay 3356 1528 9 0 179
lay 3372 1528 7 0 179
trop 3380 1516 205 179 179
trop 3388 1524 205 179 179
trop 3420 1532 205 179 179
trop 748 1548 198 179 179
tree 952 1560 7 0 179
lay 1128 1560 28 0 179
tree 1560 1544 21 0 179
trop 1540 1540 206 179 179
trop 2348 1564 202 179 179
trop 2388 1556 207 179 179
tree 2408 1544 9 0 179
lay 2440 1560 19 0 179
tree 2792 1560 20 0 179
lay 2892 1560 39 0 179
lay 2908 1560 40 0 179
trop 2912 1540 197 179 179
trop 2976 1564 202 179 179
lay 3068 1544 28 0 179
trop 3176 1564 200 179 179
tree 3208 1544 41 0 179
tree 3208 1560 23 0 179
lay 3260 1560 4 0 179
lay 3292 1544 44 0 179
lay 3308 1560 33 0 179
tree 3304 1560 17 0 179
lay 3340 1560 32 0 179
trop 3340 1564 205 179 179
lay 3388 1544 8 0 179
lay 3372 1544 7 0 179
tree 3388 1544 0 0 179
tree 3388 1560 35 0 179
trop 3372 1556 205 179 179
trop 3412 1556 205 179 179
tree 936 1576 5 0 179
tree 984 1576 9 0 179
tree 968 1576 9 0 179
tree 1000 1576 6 0 179
tree 1512 1576 22 0 179
tree 1560 1576 29 0 179
trop 2116 1588 204 179 179
tree 2424 1576 17 0 179
trop 2420 1588 206 179 179
tree 2440 1576 16 0 179
trop 2508 1580 206 179 179
lay 2908 1576 7 0 179
lay 2892 1576 9 0 179
lay 2892 1592 10 0 179
tree 3228 1592 25 0 179
lay 3308 1592 20 0 179
lay 3324 1592 30 0 179
trop 3316 1580 205 179 179
trop 3324 1580 205 179 179
lay 3340 1576 36 0 179
lay 3356 1576 43 0 179
trop 3404 1580 205 179 179
lay 1176 1624 28 0 179
tree 1296 1620 7 0 0
lay 1336 1624 28 0 179
tree 1496 1624 36 0 179
tree 1592 1624 19 0 179
tree 1608 1608 22 0 179
tree 1624 1608 40 0 179
lay 1976 1608 32 0 179
trop 2076 1620 204 179 179
lay 2232 1624 40 0 179
trop 2316 1612 202 179 179
tree 2456 1624 38 0 179
tree 2440 1624 12 0 179
tree 2456 1608 2 0 179
trop 2960 1604 202 179 179
trop 2960 1612 202 179 179
lay 3000 1608 28 0 179
dom 3136 1600 175 0 179
trop 3188 1604 204 179 179
trop 3272 1620 198 179 179
tree 56 1656 12 0 179
tree 1296 1636 0 0 0
lay 1336 1640 28 0 179
tree 1480 1656 36 0 179
tree 1560 1640 1 0 179
tree 1576 1640 6 0 179
trop 1580 1652 206 179 179
lay 2088 1640 45 0 179
tree 2456 1640 17 0 179
trop 2508 1660 206 179 179
lay 2568 1640 59 0 179
trop 3092 1636 65 179 179
trop 3124 1644 65 179 179
tree 56 1672 16 0 179
tree 88 1672 27 0 179
tree 120 1688 32 0 179
tree 168 1688 18 0 179
tree 184 1688 8 0 179
tree 200 1688 29 0 179
tree 328 1688 21 0 179
tree 344 1688 15 0 179
dom 1024 1664 175 0 179
dom 1120 1664 175 0 179
stand 1160 1672 9 0 179
tree 1464 1672 10 0 179
tree 1656 1688 7 0 179
tree 1656 1672 36 0 179
tree 2456 1688 6 0 179
tree 2472 1672 35 0 179
tree 2744 1672 14 0 179
dom 3040 1664 176 0 179
trop 3060 1692 65 179 179
tree 184 1704 12 0 179
tree 200 1704 34 0 179
tree 200 1720 36 0 179
tree 312 1720 7 0 179
tree 328 1704 26 0 179
tree 536 1720 40 0 179
tree 552 1720 0 0 179
tree 584 1704 25 0 179
tree 600 1720 4 0 179
tree 760 1720 3 0 179
tree 872 1720 30 0 179
lay 1224 1704 28 0 179
tree 1560 1704 18 0 179
tree 1656 1704 41 0 179
tree 1640 1720 26 0 179
tree 1688 1720 25 0 179
lay 2104 1720 3 0 179
trop 2316 1700 207 179 179
tree 2424 1720 23 0 179
tree 2488 1720 23 0 179
lay 2856 1720 28 0 179
tree 2888 1720 7 0 179
trop 2972 1716 205 179 179
stand 2984 1720 10 0 179
tree 232 1736 25 0 179
tree 264 1752 31 0 179
tree 296 1736 17 0 179
tree 312 1736 14 0 179
tree 312 1752 18 0 179
tree 328 1736 4 0 179
tree 360 1752 11 0 179
tree 520 1752 16 0 179
tree 536 1752 36 0 179
tree 552 1752 9 0 179
tree 568 1736 21 0 179
tree 600 1736 6 0 179
tree 744 1736 38 0 179
trop 980 1740 7 179 179
trop 1044 1732 65 179 179
trop 1060 1732 10 179 179
tree 1312 1748 8 0 0
tree 1328 1732 7 0 0
lay 1400 1736 1 0 179
tree 1592 1736 26 0 179
tree 1592 1752 30 0 179
tree 1576 1736 23 0 179
tree 1624 1736 23 0 179
trop 1604 1740 206 179 179
tree 1672 1752 30 0 179
tree 1688 1752 21 0 179
tree 1704 1736 16 0 179
tree 2408 1752 2 0 179
tree 2408 1736 31 0 179
tree 2472 1752 32 0 179
tree 2472 1736 11 0 179
tree 2728 1752 8 0 179
tree 2728 1736 14 0 179
stand 3144 1736 147 0 179
tree 312 1784 23 0 179
tree 328 1768 30 0 179
tree 536 1784 36 0 179
tree 568 1784 18 0 179
tree 568 1768 35 0 179
tree 616 1784 40 0 179
trop 660 1764 205 179 179
tree 696 1768 14 0 179
tree 712 1784 5 0 179
dom 928 1760 176 0 179
trop 996 1772 65 179 179
stand 1192 1768 153 0 179
tree 1360 1780 7 0 0
lay 1400 1784 0 0 179
tree 1528 1784 22 0 179
tree 1560 1784 7 0 179
tree 1576 1784 31 0 179
tree 1592 1768 24 0 179
tree 1656 1784 4 0 179
lay 1752 1768 29 0 179
tree 2392 1784 32 0 179
tree 2424 1784 28 0 179
tree 2408 1784 6 0 179
tree 2408 1768 41 0 179
tree 2456 1768 18 0 179
tree 2456 1784 18 0 179
tree 2440 1784 5 0 179
tree 2472 1768 33 0 179
tree 2488 1768 18 0 179
tree 2488 1784 39 0 179
tree 2504 1784 33 0 179
tree 2728 1768 9 0 179
tree 2952 1784 6 0 179
trop 3068 1772 65 179 179
trop 3236 1780 204 179 179
tree 312 1800 39 0 179
tree 328 1816 24 0 179
tree 328 1800 16 0 179
tree 616 1800 34 0 179
trop 612 1812 205 179 179
trop 644 1796 205 179 179
trop 844 1820 205 179 179
trop 892 1820 203 179 179
trop 924 1820 9 179 179
trop 1044 1812 99 179 179
trop 1036 1812 100 179 179
lay 1064 1800 28 0 179
trop 1060 1812 100 179 179
tree 1328 1796 0 0 0
tree 1640 1800 3 0 179
trop 1724 1804 206 179 179
lay 1784 1800 34 0 179
tree 2520 1800 9 0 179
trop 2500 1820 204 179 179
tree 728 1832 20 0 179
tree 728 1848 19 0 179
trop 916 1852 205 179 179
lay 1144 1832 28 0 179
trop 1196 1836 197 179 179
trop 1212 1852 197 179 179
trop 1204 1836 197 179 179
trop 1196 1852 197 179 179
lay 1208 1848 45 0 179
lay 1208 1832 41 0 179
lay 1192 1832 33 0 179
trop 1236 1852 197 179 179
trop 1244 1836 197 179 179
trop 1236 1844 197 179 179
lay 1224 1848 43 0 179
tree 1360 1835 8 0 0
tree 1376 1851 8 0 0
tree 1408 1828 0 0 0
tree 1456 1844 7 0 0
tree 1624 1848 28 0 179
tree 1608 1832 10 0 179
tree 1640 1848 26 0 179
lay 1736 1832 36 0 179
trop 1740 1836 204 179 179
trop 1748 1852 204 179 179
lay 1768 1848 17 0 179
trop 2516 1844 207 179 179
tree 2536 1832 24 0 179
tree 2568 1848 33 0 179
lay 2632 1832 59 0 179
lay 2952 1848 28 0 179
trop 2988 1852 65 179 179
trop 724 1884 205 179 179
trop 748 1868 205 179 179
trop 916 1868 205 179 179
trop 956 1884 205 179 179
trop 980 1876 91 179 179
lay 1048 1864 28 0 179
trop 1172 1868 197 179 179
lay 1176 1880 3 0 179
trop 1196 1868 197 179 179
trop 1212 1860 197 179 179
trop 1212 1876 197 179 179
lay 1192 1864 46 0 179
trop 1228 1876 197 179 179
lay 1240 1880 10 0 179
lay 1352 1880 28 0 179
tree 1488 1860 0 0 0
lay 1480 1864 9 0 179
tree 1640 1864 26 0 179
trop 1860 1860 204 179 179
tree 2568 1880 11 0 179
tree 2584 1864 9 0 179
tree 2712 1880 40 0 179
tree 2728 1880 7 0 179
dom 2880 1856 253 0 179
trop 2916 1884 65 179 179
dom 3104 1856 177 0 179
trop 868 1908 205 179 179
trop 924 1908 205 179 179
trop 1108 1900 202 179 179
tree 1112 1912 37 0 179
lay 1208 1896 43 0 179
lay 1224 1896 28 0 179
trop 1244 1892 197 179 179
lay 1240 1896 7 0 179
lay 1224 1912 10 0 179
trop 1252 1900 197 179 179
lay 1288 1912 33 0 179
trop 1540 1900 206 179 179
tree 1720 1912 41 0 179
trop 1812 1892 204 179 179
trop 1828 1908 204 179 179
tree 2488 1912 17 0 179
tree 2504 1912 19 0 179
tree 2584 1912 34 0 179
tree 2568 1896 35 0 179
tree 2696 1896 9 0 179
tree 2744 1912 11 0 179
tree 2728 1912 4 0 179
trop 2892 1900 205 179 179
trop 3092 1908 65 179 179
trop 3140 1900 65 179 179
lay 3176 1912 27 0 179
tree 792 1928 31 0 179
tree 776 1928 12 0 179
tree 776 1944 25 0 179
tree 824 1928 19 0 179
tree 840 1944 15 0 179
tree 904 1944 40 0 179
tree 904 1928 8 0 179
tree 1128 1928 17 0 179
tree 1144 1928 13 0 179
tree 1176 1944 26 0 179
tree 1160 1928 21 0 179
tree 1192 1928 26 0 179
tree 1264 1947 8 0 0
lay 1320 1928 28 0 179
tree 1704 1928 37 0 179
tree 1704 1944 30 0 179
tree 1736 1928 17 0 179
trop 2180 1940 204 179 179
lay 2280 1928 44 0 179
lay 2344 1944 12 0 179
tree 2584 1944 32 0 179
tree 2616 1928 6 0 179
tree 2632 1928 30 0 179
tree 2648 1944 40 0 179
tree 2680 1928 13 0 179
tree 2664 1928 7 0 179
lay 2792 1928 7 0 179
lay 2808 1944 9 0 179
stand 2808 1928 10 0 179
trop 2900 1932 205 179 179
trop 2892 1932 65 179 179
trop 2972 1948 205 179 179
tree 776 1960 33 0 179
tree 856 1976 21 0 179
tree 872 1976 35 0 179
tree 904 1960 27 0 179
tree 1032 1976 21 0 179
tree 1032 1960 22 0 179
tree 1048 1960 24 0 179
tree 1048 1976 21 0 179
tree 1064 1976 20 0 179
tree 1240 1960 16 0 179
trop 1300 1980 202 179 179
lay 1480 1976 28 0 179
tree 1688 1960 23 0 179
tree 1688 1976 32 0 179
tree 1752 1976 30 0 179
tree 1752 1960 1 0 179
tree 1768 1976 27 0 179
lay 2296 1976 18 0 179
lay 2344 1976 31 0 179
trop 2404 1980 204 179 179
tree 2488 1976 21 0 179
tree 2520 1976 25 0 179
tree 2504 1976 20 0 179
tree 2728 1976 17 0 179
tree 776 1992 20 0 179
tree 792 1992 25 0 179
tree 808 1992 6 0 179
tree 824 1992 23 0 179
tree 840 2008 16 0 179
tree 856 2008 26 0 179
tree 840 1992 38 0 179
tree 888 1992 25 0 179
tree 888 2008 22 0 179
tree 904 1992 22 0 179
trop 1028 1988 197 179 179
trop 1028 2004 197 179 179
lay 1032 2008 46 0 179
trop 1092 1988 202 179 179
lay 1160 2008 28 0 179
trop 1308 1996 202 179 179
trop 1284 2004 202 179 179
tree 1624 1992 21 0 179
tree 1688 1992 11 0 179
tree 1720 1992 35 0 179
tree 1752 2008 19 0 179
tree 1752 1992 38 0 179
trop 2300 2004 204 179 179
lay 2328 2008 1 0 179
tree 2488 1992 29 0 179
tree 2488 2008 41 0 179
tree 2552 1992 22 0 179
tree 2536 1992 0 0 179
tree 2584 2008 27 0 179
tree 2584 1992 33 0 179
tree 2568 1992 7 0 179
tree 2728 2008 10 0 179
tree 2728 1992 4 0 179
trop 3116 1988 205 179 179
tree 904 2024 39 0 179
trop 1036 2036 197 179 179
lay 1080 2024 28 0 179
tree 1088 2036 0 0 0
trop 1148 2028 202 179 179
trop 1220 2028 202 179 179
tree 1232 2043 8 0 0
trop 1252 2028 202 179 179
trop 1332 2044 202 179 179
trop 1484 2044 206 179 179
tree 1592 2040 39 0 179
tree 1640 2024 6 0 179
tree 1752 2024 24 0 179
trop 2308 2036 204 179 179
trop 2388 2020 204 179 179
tree 2504 2024 12 0 179
tree 2584 2024 10 0 179
tree 2744 2024 4 0 179
trop 2892 2036 205 179 179
trop 3068 2028 205 179 179
trop 940 2060 205 179 179
trop 1044 2068 202 179 179
trop 1028 2060 197 179 179
lay 1048 2056 10 0 179
tree 1048 2072 23 0 179
tree 1272 2072 22 0 179
tree 1288 2072 39 0 179
lay 1368 2056 28 0 179
lay 1368 2072 45 0 179
lay 1400 2056 45 0 179
lay 1416 2056 41 0 179
lay 1416 2072 31 0 179
lay 1464 2072 9 0 179
lay 1480 2072 7 0 179
tree 1608 2056 34 0 179
tree 1640 2056 5 0 179
trop 1748 2076 206 179 179
lay 2296 2056 40 0 179
tree 2776 2056 15 0 179
tree 2808 2072 16 0 179
tree 2792 2072 15 0 179
tree 1032 2088 35 0 179
tree 1032 2104 10 0 179
trop 1084 2108 202 179 179
lay 1176 2088 28 0 179
trop 1284 2108 200 179 179
lay 1368 2104 4 0 179
lay 1400 2088 44 0 179
lay 1416 2104 33 0 179
tree 1624 2088 37 0 179
tree 1640 2088 14 0 179
tree 1688 2088 19 0 179
tree 1672 2088 30 0 179
tree 1704 2104 4 0 179
tree 1720 2104 5 0 179
tree 1720 2088 3 0 179
tree 1704 2088 3 0 179
tree 2472 2104 3 0 179
tree 2664 2104 21 0 179
tree 2680 2104 7 0 179
trop 3084 2084 205 179 179
trop 1012 2140 205 179 179
tree 1320 2120 20 0 179
tree 1336 2136 25 0 179
tree 1320 2136 14 0 179
tree 1640 2136 12 0 179
trop 1724 2132 206 179 179
lay 2216 2136 41 0 179
tree 2424 2120 25 0 179
tree 2456 2120 1 0 179
tree 2440 2120 12 0 179
tree 2504 2136 4 0 179
tree 2616 2136 9 0 179
tree 2648 2120 1 0 179
tree 2632 2120 22 0 179
lay 2744 2136 28 0 179
tree 2824 2136 7 0 179
tree 2908 2112 22 0 179
tree 3000 2136 8 0 179
tree 2984 2136 0 0 179
lay 1048 2168 28 0 179
trop 1036 2172 197 179 179
trop 1068 2148 202 179 179
trop 1068 2156 202 179 179
trop 1236 2164 198 179 179
lay 1240 2152 28 0 179
trop 1244 2164 207 179 179
tree 2408 2168 28 0 179
tree 2536 2168 15 0 179
lay 2904 2168 28 0 179
tree 3000 2152 28 0 179
tree 3032 2168 0 0 179
tree 3832 2152 30 0 179
tree 3848 2168 4 0 179
trop 4012 2156 206 179 179
tree 1592 2184 29 0 179
tree 1576 2184 14 0 179
tree 1608 2200 41 0 179
tree 1608 2184 12 0 179
tree 1624 2184 17 0 179
lay 2344 2184 20 0 179
tree 2424 2184 3 0 179
tree 2456 2200 12 0 179
tree 2440 2200 41 0 179
tree 2440 2184 30 0 179
tree 2504 2200 40 0 179
tree 2536 2184 19 0 179
tree 2584 2184 30 0 179
tree 2568 2184 32 0 179
tree 2600 2200 22 0 179
tree 2600 2184 21 0 179
tree 3080 2200 20 0 179
trop 3092 2196 205 179 179
tree 3160 2200 36 0 179
tree 3256 2184 8 0 179
tree 3288 2200 26 0 179
tree 3304 2184 25 0 179
tree 3960 2200 12 0 179
lay 1176 2216 28 0 179
tree 1640 2216 5 0 179
tree 1672 2232 23 0 179
trop 1756 2236 206 179 179
trop 1764 2228 206 179 179
lay 1768 2216 0 0 179
lay 1848 2216 17 0 179
lay 1880 2216 33 0 179
lay 2040 2232 0 0 179
lay 2360 2232 41 0 179
tree 2472 2216 6 0 179
tree 2600 2216 13 0 179
lay 2696 2232 28 0 179
lay 2792 2216 28 0 179
tree 3240 2216 17 0 179
tree 3304 2216 31 0 179
tree 3352 2232 25 0 179
tree 3384 2216 3 0 179
tree 3432 2232 2 0 179
tree 3464 2216 21 0 179
tree 3480 2232 1 0 179
tree 3512 2232 32 0 179
tree 3816 2232 23 0 179
tree 3864 2232 11 0 179
tree 3960 2216 39 0 179
tree 4040 2232 8 0 179
trop 1068 2244 205 179 179
tree 1704 2248 33 0 179
tree 1736 2248 33 0 179
lay 1944 2264 38 0 179
tree 2424 2264 18 0 179
tree 2440 2264 39 0 179
lay 2440 2248 17 0 179
tree 2504 2264 12 0 179
tree 2552 2264 31 0 179
tree 2584 2248 33 0 179
tree 2680 2248 25 0 179
tree 2664 2264 28 0 179
lay 2792 2264 59 0 179
tree 3052 2240 23 0 179
tree 3252 2264 18 0 179
tree 3816 2264 32 0 179
tree 3832 2264 22 0 179
tree 3864 2264 19 0 179
tree 3896 2248 2 0 179
tree 3880 2264 29 0 179
tree 3896 2264 41 0 179
tree 3912 2264 11 0 179
tree 3928 2264 41 0 179
tree 3944 2248 41 0 179
tree 3960 2248 7 0 179
tree 3976 2264 12 0 179
tree 4024 2248 21 0 179
tree 4040 2248 16 0 179
tree 4040 2264 4 0 179
trop 1108 2284 205 179 179
tree 1832 2296 11 0 179
lay 1912 2296 20 0 179
lay 2360 2296 12 0 179
tree 2520 2280 2 0 179
tree 2536 2280 23 0 179
tree 2552 2296 38 0 179
tree 2536 2296 15 0 179
tree 2584 2280 6 0 179
tree 2568 2280 20 0 179
tree 2664 2280 28 0 179
lay 3000 2280 28 0 179
tree 3768 2280 24 0 179
tree 3800 2296 31 0 179
tree 3800 2280 11 0 179
tree 3784 2280 24 0 179
tree 3816 2296 35 0 179
tree 3832 2296 12 0 179
tree 3848 2280 15 0 179
tree 3848 2296 35 0 179
tree 3896 2280 41 0 179
tree 3896 2296 6 0 179
tree 3944 2280 15 0 179
tree 3960 2296 41 0 179
tree 3944 2296 20 0 179
tree 3960 2280 29 0 179
tree 3976 2296 32 0 179
tree 4008 2296 13 0 179
tree 4008 2280 20 0 179
tree 4024 2280 38 0 179
trop 108 2316 200 179 179
tree 217 2332 16 0 179
tree 233 2316 6 0 179
tree 233 2332 5 0 179
tree 1048 2312 11 0 179
tree 1816 2328 19 0 179
tree 1832 2312 27 0 179
lay 1880 2312 1 0 179
lay 2424 2312 8 0 179
tree 2552 2312 10 0 179
tree 2568 2312 25 0 179
tree 2584 2328 23 0 179
tree 3308 2320 7 0 179
tree 3816 2312 5 0 179
tree 3832 2328 13 0 179
tree 3848 2312 19 0 179
tree 3864 2328 12 0 179
tree 3880 2312 1 0 179
tree 3880 2328 14 0 179
tree 3928 2312 39 0 179
tree 3912 2328 12 0 179
tree 3944 2312 39 0 179
tree 3960 2312 41 0 179
tree 3992 2312 8 0 179
tree 3976 2312 17 0 179
tree 3976 2328 8 0 179
tree 217 2348 4 0 179
trop 300 2364 202 179 179
lay 1208 2344 28 0 179
tree 1608 2344 21 0 179
tree 1624 2360 29 0 179
tree 1784 2360 32 0 179
tree 1800 2360 41 0 179
tree 2584 2344 34 0 179
tree 2616 2344 9 0 179
lay 2760 2344 28 0 179
lay 2888 2344 28 0 179
tree 3832 2344 2 0 179
tree 3848 2344 20 0 179
tree 3864 2344 18 0 179
tree 3912 2360 36 0 179
tree 3944 2360 20 0 179
tree 3976 2360 12 0 179
lay 124 2376 28 0 179
trop 124 2396 202 179 179
trop 140 2388 200 179 179
tree 180 2388 0 0 0
trop 176 2380 197 179 179
trop 184 2380 197 179 179
trop 176 2396 197 179 179
lay 188 2392 45 0 179
lay 188 2376 41 0 179
lay 172 2376 33 0 179
trop 216 2396 197 179 179
trop 216 2388 197 179 179
lay 204 2392 43 0 179
trop 192 2396 197 179 179
trop 224 2380 197 179 179
tree 1576 2376 22 0 179
tree 1640 2376 1 0 179
tree 1752 2392 3 0 179
tree 1800 2376 9 0 179
tree 2600 2376 5 0 179
tree 2632 2376 25 0 179
trop 92 2428 200 179 179
tree 124 2408 14 0 179
tree 124 2424 15 0 179
trop 152 2412 197 179 179
tree 140 2424 10 0 179
trop 176 2412 197 179 179
lay 172 2408 46 0 179
trop 208 2420 197 179 179
lay 220 2424 10 0 179
trop 192 2404 197 179 179
trop 192 2420 197 179 179
trop 220 2412 200 179 179
trop 284 2428 200 179 179
lay 312 2408 28 0 179
lay 332 2424 28 0 179
tree 1592 2408 33 0 179
tree 1736 2424 27 0 179
tree 1752 2408 13 0 179
tree 1768 2424 29 0 179
tree 1848 2408 4 0 179
tree 1832 2408 7 0 179
tree 1880 2424 36 0 179
tree 2520 2424 2 0 179
tree 2504 2408 15 0 179
lay 2792 2408 28 0 179
tree 3928 2408 35 0 179
tree 3944 2408 6 0 179
trop 88 2444 202 179 179
lay 188 2440 43 0 179
lay 204 2440 28 0 179
lay 220 2440 7 0 179
lay 204 2456 10 0 179
trop 232 2444 197 179 179
trop 224 2436 197 179 179
lay 268 2456 33 0 179
trop 300 2436 200 179 179
trop 356 2444 202 179 179
tree 1032 2456 15 0 179
lay 1144 2440 28 0 179
dom 1280 2432 175 0 179
trop 1332 2436 204 179 179
tree 1608 2440 17 0 179
tree 1720 2456 28 0 179
tree 1784 2456 30 0 179
tree 1912 2440 10 0 179
tree 1896 2440 7 0 179
tree 2664 2440 37 0 179
tree 2712 2456 18 0 179
lay 2728 2440 28 0 179
lay 2760 2456 59 0 179
lay 2968 2440 28 0 179
tree 156 2488 26 0 179
tree 140 2472 21 0 179
tree 172 2472 26 0 179
lay 300 2472 28 0 179
trop 1236 2468 65 179 179
trop 1268 2476 65 179 179
trop 1292 2468 125 179 179
tree 1624 2472 24 0 179
tree 1640 2488 36 0 179
tree 1704 2472 32 0 179
tree 1784 2488 33 0 179
tree 1800 2488 29 0 179
tree 1800 2472 13 0 179
tree 1864 2488 27 0 179
tree 1896 2488 16 0 179
tree 1928 2488 23 0 179
tree 2472 2472 27 0 179
lay 2632 2472 59 0 179
tree 2696 2472 25 0 179
tree 2728 2472 33 0 179
lay 2776 2472 28 0 179
trop 3172 2484 198 179 179
trop 3796 2476 203 179 179
trop 3916 2476 202 179 179
trop 172 2500 202 179 179
tree 220 2504 16 0 179
trop 280 2524 202 179 179
tree 425 2524 7 0 179
lay 460 2520 28 0 179
tree 888 2504 14 0 179
dom 1184 2496 176 0 179
trop 1204 2524 65 179 179
tree 1656 2520 18 0 179
tree 1672 2504 20 0 179
tree 1688 2504 36 0 179
tree 1816 2520 11 0 179
tree 1800 2504 6 0 179
trop 2004 2516 205 179 179
tree 2472 2504 30 0 179
tree 2472 2520 11 0 179
tree 2632 2504 41 0 179
tree 2648 2520 12 0 179
tree 2664 2520 4 0 179
tree 2680 2520 0 0 179
lay 3000 2520 2 0 179
lay 3032 2504 0 0 179
trop 3108 2516 198 179 179
trop 3180 2508 198 179 179
trop 3748 2500 203 179 179
trop 180 2540 200 179 179
trop 264 2548 202 179 179
trop 288 2540 202 179 179
lay 392 2552 28 0 179
tree 425 2556 13 0 179
tree 425 2540 5 0 179
lay 1000 2552 28 0 179
tree 1032 2552 7 0 179
trop 1116 2548 205 179 179
stand 1128 2552 10 0 179
tree 1528 2552 27 0 179
tree 1656 2536 22 0 179
tree 1800 2536 36 0 179
tree 2488 2536 6 0 179
tree 2472 2536 38 0 179
tree 2504 2536 13 0 179
tree 2632 2552 31 0 179
tree 2632 2536 14 0 179
lay 2744 2536 28 0 179
tree 2952 2552 11 0 179
trop 3356 2548 195 179 179
trop 4044 2556 205 179 179
trop 200 2572 202 179 179
trop 232 2572 202 179 179
trop 312 2588 202 179 179
trop 308 2588 200 179 179
tree 425 2572 15 0 179
trop 464 2588 206 179 179
trop 509 2560 91 179 179
tree 872 2584 8 0 179
tree 872 2568 14 0 179
trop 884 2588 205 179 179
stand 1288 2568 147 0 179
trop 1348 2580 125 179 179
tree 1560 2584 24 0 179
tree 1544 2568 25 0 179
tree 1576 2584 20 0 179
tree 1688 2568 33 0 179
trop 1812 2572 204 179 179
tree 2456 2568 21 0 179
tree 2488 2584 14 0 179
tree 2472 2584 25 0 179
tree 2472 2568 30 0 179
tree 2504 2568 11 0 179
tree 2552 2584 13 0 179
tree 2536 2568 36 0 179
lay 2984 2568 3 0 179
lay 3016 2584 1 0 179
tree 3080 2584 12 0 179
trop 3172 2572 198 179 179
trop 3180 2572 198 179 179
trop 3924 2564 202 179 179
tree 252 2616 22 0 179
trop 228 2604 200 179 179
tree 268 2616 39 0 179
trop 308 2620 202 179 179
lay 348 2600 28 0 179
lay 348 2616 45 0 179
trop 340 2620 200 179 179
lay 380 2600 45 0 179
trop 364 2596 202 179 179
lay 396 2600 41 0 179
lay 396 2616 31 0 179
lay 444 2616 9 0 179
lay 460 2616 7 0 179
trop 588 2604 205 179 179
trop 796 2620 205 179 179
tree 872 2600 9 0 179
trop 964 2620 205 179 179
tree 1096 2616 6 0 179
trop 1212 2604 65 179 179
trop 1380 2612 204 179 179
tree 1624 2616 0 0 179
tree 1704 2600 40 0 179
trop 1812 2612 204 179 179
lay 1816 2600 38 0 179
trop 1828 2612 205 179 179
lay 1880 2616 0 0 179
trop 2092 2612 205 179 179
tree 2424 2600 2 0 179
tree 2408 2616 17 0 179
trop 2428 2604 204 179 179
tree 2456 2616 8 0 179
tree 2456 2600 5 0 179
tree 2488 2600 26 0 179
tree 2552 2600 31 0 179
lay 2712 2600 28 0 179
dom 2752 2592 175 3 179
lay 3080 2616 3 0 179
trop 3164 2620 198 179 179
trop 3164 2612 198 179 179
trop 3564 2620 192 179 179
trop 3684 2604 203 179 179
lay 156 2632 28 0 179
tree 152 2648 5 0 179
tree 136 2648 33 0 179
trop 212 2644 202 179 179
trop 264 2652 200 179 179
lay 348 2648 4 0 179
tree 378 2654 4 0 179
tree 362 2654 13 0 179
lay 380 2632 44 0 179
lay 396 2648 33 0 179
trop 388 2636 200 179 179
lay 428 2648 32 0 179
lay 476 2632 8 0 179
lay 460 2632 7 0 179
tree 476 2632 0 0 179
tree 476 2648 35 0 179
trop 596 2628 205 179 179
tree 1352 2648 7 0 179
tree 1368 2632 7 0 179
tree 1400 2632 15 0 179
tree 1720 2632 33 0 179
tree 1736 2648 1 0 179
trop 1844 2628 205 179 179
lay 1832 2648 36 0 179
trop 1876 2652 205 179 179
tree 2456 2632 0 0 179
tree 2504 2632 15 0 179
tree 2504 2648 31 0 179
tree 2520 2648 34 0 179
tree 2584 2632 20 0 179
lay 2808 2632 28 0 179
trop 2980 2636 65 179 179
trop 3276 2628 198 179 179
trop 3764 2652 203 179 179
trop 3844 2644 203 179 179
trop 3868 2628 202 179 179
trop 236 2660 202 179 179
tree 300 2664 20 0 179
tree 316 2680 25 0 179
tree 300 2680 14 0 179
tree 348 2680 22 0 179
lay 396 2680 20 0 179
lay 412 2680 30 0 179
lay 428 2664 36 0 179
lay 444 2664 43 0 179
trop 628 2684 205 179 179
lay 1096 2680 28 0 179
trop 1132 2684 65 179 179
tree 1768 2680 31 0 179
lay 1880 2664 13 0 179
trop 1900 2668 205 179 179
trop 2044 2660 204 179 179
tree 2504 2664 39 0 179
tree 2504 2680 23 0 179
tree 2520 2680 40 0 179
tree 2552 2680 4 0 179
tree 2552 2664 29 0 179
tree 2568 2680 25 0 179
tree 2568 2664 36 0 179
tree 2584 2680 8 0 179
tree 2584 2664 11 0 179
lay 3048 2680 49 0 179
trop 3708 2668 203 179 179
trop 3892 2684 205 179 179
tree 136 2696 9 0 179
tree 300 2696 14 0 179
tree 316 2696 17 0 179
trop 292 2708 200 179 179
tree 348 2696 26 0 179
trop 360 2708 198 179 179
tree 441 2716 10 0 179
trop 501 2688 92 179 179
tree 552 2696 21 0 179
trop 668 2692 205 179 179
trop 724 2708 205 179 179
dom 1024 2688 253 0 179
trop 1060 2716 65 179 179
dom 1248 2688 177 0 179
trop 1500 2692 125 179 179
tree 1736 2712 18 0 179
tree 1784 2712 40 0 179
lay 2232 2712 15 0 179
trop 2660 2692 204 179 179
tree 2696 2696 24 0 179
tree 2696 2712 12 0 179
stand 2856 2712 178 0 179
trop 2932 2716 65 179 179
dom 2944 2688 177 0 179
trop 2948 2708 65 179 179
stand 3048 2712 166 0 179
lay 3048 2712 49 0 179
trop 3292 2716 198 179 179
trop 3884 2700 203 179 179
lay 104 2728 1 0 179
tree 441 2748 15 0 179
tree 441 2732 4 0 179
tree 600 2744 13 0 179
trop 860 2724 205 179 179
tree 888 2744 11 0 179
tree 872 2744 4 0 179
trop 1036 2732 205 179 179
trop 1196 2732 125 179 179
trop 1236 2740 65 179 179
trop 1236 2740 125 179 179
trop 1284 2732 65 179 179
lay 1320 2744 27 0 179
tree 1720 2728 13 0 179
tree 1768 2728 13 0 179
tree 1800 2728 23 0 179
trop 1852 2724 204 179 179
lay 2200 2744 17 0 179
lay 2760 2728 28 0 179
trop 2852 2732 195 179 179
lay 3048 2744 49 0 179
trop 3628 2724 203 179 179
trop 3892 2740 203 179 179
lay 104 2776 38 0 179
trop 220 2780 206 179 179
trop 700 2756 205 179 179
lay 936 2760 7 0 179
lay 952 2776 9 0 179
stand 952 2760 10 0 179
trop 1044 2764 205 179 179
trop 1036 2764 65 179 179
trop 1116 2780 205 179 179
lay 1464 2760 3 0 179
trop 1452 2764 125 179 179
trop 1652 2772 207 179 179
trop 1684 2756 207 179 179
tree 1704 2760 15 0 179
tree 1800 2776 33 0 179
tree 1800 2760 17 0 179
lay 2136 2776 18 0 179
tree 2552 2776 21 0 179
tree 2536 2776 8 0 179
tree 2536 2760 41 0 179
trop 2804 2756 195 179 179
lay 2904 2776 4 0 179
trop 3740 2772 203 179 179
trop 196 2796 204 179 179
tree 616 2792 21 0 179
tree 872 2808 17 0 179
trop 1140 2812 125 179 179
trop 1188 2804 206 179 179
tree 1288 2808 17 0 179
tree 1640 2808 17 0 179
tree 1672 2792 22 0 179
lay 1752 2808 59 0 179
trop 1780 2788 204 179 179
tree 1800 2808 12 0 179
lay 2200 2792 6 0 179
trop 2420 2804 204 179 179
tree 2552 2792 16 0 179
tree 2568 2792 8 0 179
tree 2616 2792 40 0 179
tree 2632 2808 32 0 179
trop 2684 2804 204 179 179
trop 2772 2804 195 179 179
trop 3004 2788 65 179 179
trop 3292 2804 198 179 179
trop 3468 2796 205 179 179
trop 3516 2812 203 179 179
trop 3588 2812 205 179 179
trop 3924 2804 203 179 179
trop 156 2828 204 179 179
lay 248 2824 28 0 179
tree 584 2840 41 0 179
tree 872 2840 10 0 179
tree 872 2824 4 0 179
trop 1068 2828 124 179 179
trop 1196 2828 124 179 179
trop 1372 2844 125 179 179
trop 1396 2828 125 179 179
trop 1500 2820 125 179 179
tree 1592 2840 32 0 179
tree 1608 2824 40 0 179
tree 1624 2824 41 0 179
lay 2504 2824 33 0 179
tree 2584 2840 32 0 179
tree 2648 2824 36 0 179
tree 2664 2840 11 0 179
trop 2844 2844 65 179 179
trop 3324 2828 203 179 179
trop 3540 2828 205 179 179
trop 3652 2836 205 179 179
trop 3732 2844 205 179 179
lay 120 2856 28 0 179
trop 124 2876 207 179 179
trop 260 2868 204 179 179
trop 708 2876 206 179 179
tree 888 2856 4 0 179
trop 1036 2868 205 179 179
trop 1092 2852 206 179 179
trop 1212 2860 205 179 179
trop 1332 2852 206 179 179
trop 1444 2868 125 179 179
tree 1704 2872 31 0 179
tree 1720 2872 15 0 179
lay 2504 2856 31 0 179
trop 2548 2868 204 179 179
tree 2600 2872 32 0 179
tree 2664 2872 19 0 179
trop 2956 2868 99 179 179
trop 3292 2852 198 179 179
trop 3348 2860 198 179 179
trop 3836 2860 205 179 179
trop 244 2884 206 179 179
trop 340 2900 206 179 179
trop 620 2900 198 179 179
trop 660 2908 203 179 179
trop 644 2892 203 179 179
tree 712 2904 37 0 179
tree 920 2888 15 0 179
tree 952 2904 16 0 179
tree 936 2904 15 0 179
trop 1076 2884 124 179 179
tree 1656 2904 14 0 179
tree 1672 2888 30 0 179
tree 1720 2904 15 0 179
tree 1752 2888 40 0 179
lay 2536 2888 8 0 179
tree 2696 2888 21 0 179
tree 2696 2904 20 0 179
trop 2804 2908 15 179 179
trop 3220 2908 195 179 179
dom 3456 2880 251 0 179
trop 3460 2884 65 179 179
trop 3564 2900 65 179 179
trop 3572 2884 205 179 179
trop 3948 2900 203 179 179
trop 501 2912 91 179 179
tree 728 2936 6 0 179
tree 744 2920 0 0 179
tree 776 2920 34 0 179
tree 808 2936 17 0 179
tree 824 2936 13 0 179
trop 1244 2916 124 179 179
tree 1340 2928 3 0 179
trop 1364 2940 124 179 179
tree 1688 2936 30 0 179
tree 1704 2920 33 0 179
lay 2552 2920 40 0 179
trop 2620 2932 204 179 179
tree 2696 2920 25 0 179
dom 2816 2912 197 0 179
trop 2844 2916 65 179 179
trop 2916 2916 94 179 179
trop 3116 2924 195 179 179
trop 3148 2940 195 179 179
trop 3292 2932 198 179 179
trop 3460 2932 65 179 179
trop 3716 2916 65 179 179
dom 3744 2912 251 0 179
trop 3804 2916 65 179 179
stand 529 2974 4 0 0
trop 716 2948 206 179 179
trop 764 2972 204 179 179
tree 968 2968 7 0 179
trop 964 2948 206 179 179
tree 1052 2944 22 0 179
trop 1084 2948 205 179 179
tree 1132 2944 3 0 179
tree 1180 2944 6 0 179
trop 1260 2948 124 179 179
dom 1440 2944 254 0 179
trop 1508 2948 65 179 179
tree 1688 2952 4 0 179
tree 2632 2952 15 0 179
tree 2712 2952 38 0 179
trop 3268 2964 203 179 179
trop 3268 2972 195 179 179
trop 3284 2972 195 179 179
trop 3300 2956 195 179 179
trop 3948 2956 203 179 179
trop 140 2980 204 179 179
trop 628 2988 198 179 179
trop 724 2980 206 179 179
tree 760 3000 6 0 179
tree 792 3000 20 0 179
tree 872 3000 41 0 179
tree 1116 2976 20 0 179
tree 1148 2992 15 0 179
trop 1228 2980 205 179 179
tree 1656 2984 2 0 179
tree 1672 2984 2 0 179
lay 1736 3000 59 0 179
trop 2556 2980 204 179 179
trop 2604 2980 204 179 179
tree 2680 3000 30 0 179
tree 2664 2984 41 0 179
tree 2712 3000 26 0 179
trop 2772 2988 204 179 179
trop 3236 2988 198 179 179
trop 3932 3004 203 179 179
trop 100 3012 204 179 179
trop 724 3012 204 179 179
trop 764 3036 206 179 179
trop 820 3036 206 179 179
tree 1100 3008 11 0 179
tree 1256 3032 7 0 179
tree 1324 3024 8 0 179
tree 1388 3024 4 0 179
trop 1388 3028 205 179 179
trop 1572 3012 125 179 179
tree 1704 3032 8 0 179
trop 1708 3036 204 179 179
tree 2776 3032 8 0 179
tree 2840 3032 8 0 179
lay 3032 3032 28 0 179
trop 3300 3012 195 179 179
trop 3476 3012 150 179 179
stand 3592 3016 159 0 179
trop 3636 3012 65 179 179
stand 3624 3032 161 0 179
trop 3796 3028 150 179 179
trop 196 3060 206 179 179
trop 493 3040 92 179 179
trop 652 3044 203 179 179
trop 644 3060 198 179 179
trop 796 3044 204 179 179
trop 828 3068 204 179 179
trop 860 3044 206 179 179
tree 856 3048 12 0 179
tree 904 3048 22 0 179
tree 920 3064 25 0 179
tree 1100 3056 14 0 179
tree 1116 3056 17 0 179
tree 1148 3040 21 0 179
tree 1276 3056 8 0 179
tree 1256 3048 7 0 179
tree 1388 3040 8 0 179
tree 1688 3064 20 0 179
tree 1688 3048 39 0 179
trop 1692 3044 207 179 179
tree 2744 3064 5 0 179
tree 2776 3048 4 0 179
tree 2792 3048 3 0 179
tree 2808 3048 0 0 179
tree 2824 3048 31 0 179
trop 2916 3044 94 179 179
trop 3276 3044 195 179 179
trop 3468 3052 150 179 179
stand 3640 3048 161 0 179
lay 136 3080 50 0 179
tree 152 3096 19 0 179
tree 184 3096 32 0 179
tree 168 3096 9 0 179
trop 501 3072 91 179 179
trop 708 3100 206 179 179
trop 788 3100 206 179 179
tree 809 3084 7 0 179
tree 825 3084 8 0 179
tree 872 3080 25 0 179
trop 1004 3084 206 179 179
trop 1076 3100 125 179 179
tree 1108 3072 9 0 179
tree 1116 3088 26 0 179
tree 1124 3088 6 0 179
tree 1196 3072 23 0 179
tree 1324 3088 30 0 179
trop 1340 3092 206 179 179
tree 1396 3096 18 0 179
trop 1500 3084 125 179 179
trop 1620 3076 207 179 179
tree 1688 3096 9 0 179
tree 1704 3080 16 0 179
tree 1704 3096 9 0 179
tree 1768 3096 7 0 179
lay 2248 3096 35 0 179
trop 2516 3092 204 179 179
tree 2680 3096 7 0 179
tree 2680 3080 8 0 179
tree 2744 3080 20 0 179
trop 2756 3076 204 179 179
trop 3540 3076 148 179 179
stand 3608 3080 153 0 179
trop 3724 3092 148 179 179
tree 152 3112 7 0 179
lay 168 3128 50 0 179
lay 184 3112 50 0 179
tree 216 3112 4 0 179
lay 376 3128 30 0 179
tree 425 3132 5 0 179
tree 425 3116 7 0 179
tree 569 3132 8 0 179
tree 792 3112 8 0 179
tree 920 3112 25 0 179
tree 921 3132 5 0 179
tree 937 3132 6 0 179
trop 1124 3116 125 179 179
tree 1292 3120 3 0 179
tree 1284 3128 7 0 179
tree 1284 3112 10 0 179
tree 1316 3128 16 0 179
tree 1364 3128 39 0 179
trop 1384 3132 203 179 179
tree 1688 3112 33 0 179
tree 1800 3112 28 0 179
tree 1832 3128 25 0 179
lay 2232 3112 8 0 179
lay 2328 3128 14 0 179
lay 2328 3112 15 0 179
tree 2552 3112 24 0 179
tree 2568 3128 11 0 179
trop 2636 3132 207 179 179
tree 2648 3112 5 0 179
tree 2664 3112 11 0 179
trop 2924 3132 94 179 179
tree 3192 3112 5 0 179
tree 3224 3128 9 0 179
tree 3208 3128 9 0 179
trop 3204 3108 195 179 179
trop 3220 3124 195 179 179
trop 3252 3108 195 179 179
trop 3468 3116 150 179 179
trop 3628 3116 65 179 179
trop 3788 3108 150 179 179
trop 3804 3108 150 179 179
lay 152 3160 50 0 179
lay 200 3160 50 0 179
stand 888 3144 35 0 179
lay 920 3144 27 0 179
tree 953 3148 6 0 179
trop 1108 3140 206 179 179
tree 1180 3136 20 0 179
trop 1156 3156 205 179 179
tree 1260 3152 22 0 179
tree 1412 3144 17 0 179
tree 1452 3152 7 0 179
lay 1640 3160 59 0 179
tree 1688 3144 17 0 179
lay 1704 3160 59 0 179
tree 1848 3160 6 0 179
trop 1868 3140 204 179 179
tree 1912 3160 31 0 179
tree 1928 3160 21 0 179
lay 2280 3160 2 0 179
lay 2312 3160 38 0 179
trop 2660 3156 207 179 179
tree 2792 3144 23 0 179
tree 2808 3144 6 0 179
tree 2808 3160 32 0 179
tree 2824 3144 8 0 179
tree 2968 3144 19 0 179
tree 2984 3160 8 0 179
tree 3208 3144 6 0 179
tree 3224 3144 8 0 179
tree 3240 3144 6 0 179
trop 3260 3148 195 179 179
trop 3828 3164 108 179 179
trop 3868 3148 148 179 179
trop 3924 3156 8 179 179
tree 280 3192 1 0 179
trop 300 3172 206 179 179
lay 408 3176 49 0 179
trop 493 3176 91 179 179
tree 665 3180 5 0 179
tree 681 3180 4 0 179
tree 697 3180 8 0 179
tree 745 3180 5 0 179
tree 761 3180 6 0 179
tree 904 3192 24 0 179
tree 969 3196 6 0 179
trop 1212 3172 125 179 179
trop 1308 3188 205 179 179
trop 1292 3196 125 179 179
tree 1364 3192 8 0 179
tree 1404 3168 5 0 179
tree 1380 3192 20 0 179
tree 1428 3192 24 0 179
trop 1492 3196 125 179 179
trop 1588 3172 207 179 179
tree 1848 3192 31 0 179
tree 1880 3176 7 0 179
tree 1880 3192 9 0 179
tree 1896 3192 0 0 179
tree 1912 3176 27 0 179
lay 1960 3192 18 0 179
trop 2588 3180 206 179 179
tree 2712 3176 37 0 179
tree 2808 3176 29 0 179
tree 3000 3176 40 0 179
tree 3016 3176 33 0 179
tree 3096 3176 8 0 179
trop 3284 3172 195 179 179
trop 3292 3172 195 179 179
stand 3608 3176 3 0 179
trop 3644 3196 168 179 179
trop 3652 3196 168 179 179
trop 3804 3180 150 179 179
trop 3788 3188 148 179 179
lay 120 3224 28 0 179
lay 136 3224 63 0 179
tree 248 3224 33 0 179
lay 264 3208 50 0 179
tree 280 3208 19 0 179
tree 264 3224 19 0 179
tree 969 3212 5 0 179
tree 969 3228 4 0 179
tree 1145 3212 6 0 179
trop 1420 3212 206 179 179
tree 1784 3208 23 0 179
tree 1800 3224 11 0 179
tree 1816 3208 18 0 179
tree 1800 3208 22 0 179
tree 1848 3208 37 0 179
tree 1832 3208 2 0 179
tree 1832 3224 29 0 179
tree 1912 3224 24 0 179
tree 1912 3208 31 0 179
lay 1928 3208 16 0 179
lay 2264 3208 30 0 179
trop 2556 3212 206 179 179
tree 2696 3208 25 0 179
trop 3372 3212 162 179 179
trop 3468 3204 150 179 179
trop 3484 3212 148 179 179
trop 3532 3220 110 179 179
trop 3596 3204 155 179 179
trop 3692 3220 158 179 179
trop 3780 3212 150 179 179
trop 3820 3228 108 179 179
lay 168 3240 50 0 179
lay 232 3256 50 0 179
lay 232 3240 50 0 179
tree 248 3240 30 0 179
lay 1000 3240 27 0 179
trop 1044 3236 126 179 179
trop 1492 3244 125 179 179
tree 1752 3240 32 0 179
tree 1768 3240 36 0 179
lay 1912 3256 31 0 179
tree 1928 3256 31 0 179
lay 1944 3256 34 0 179
tree 2520 3240 35 0 179
tree 2552 3240 34 0 179
tree 2536 3256 5 0 179
tree 2616 3240 33 0 179
tree 2600 3240 18 0 179
trop 2932 3236 144 179 179
trop 3116 3236 144 179 179
trop 3220 3236 144 179 179
trop 3564 3236 161 179 179
trop 3684 3236 162 179 179
trop 3868 3260 148 179 179
lay 104 3272 63 0 179
trop 268 3276 206 179 179
trop 308 3268 206 179 179
trop 493 3288 81 179 179
dom 625 3268 196 0 179
trop 653 3280 65 179 179
trop 797 3288 65 179 179
dom 817 3268 195 0 179
stand 985 3292 180 0 179
dom 1105 3268 175 0 179
trop 1189 3288 65 179 179
dom 1201 3268 175 0 179
trop 1364 3276 125 179 179
tree 1688 3288 15 0 179
tree 1736 3272 6 0 179
trop 1796 3292 207 179 179
lay 1944 3272 2 0 179
trop 2436 3276 206 179 179
tree 2504 3288 7 0 179
tree 2520 3288 24 0 179
tree 2536 3288 29 0 179
trop 2580 3292 207 179 179
trop 2596 3284 206 179 179
tree 2648 3288 9 0 179
trop 2828 3292 205 179 179
trop 3476 3268 150 179 179
trop 3588 3292 105 179 179
trop 3756 3276 103 179 179
trop 3804 3268 150 179 179
trop 3924 3284 5 179 179
trop 901 3304 65 179 179
trop 1093 3304 65 179 179
trop 1229 3296 10 179 179
trop 1476 3324 125 179 179
tree 1528 3320 40 0 179
tree 1544 3320 34 0 179
tree 1672 3320 33 0 179
tree 1688 3320 24 0 179
tree 1688 3304 6 0 179
tree 1720 3304 11 0 179
tree 1720 3320 34 0 179
tree 1832 3304 14 0 179
tree 1832 3320 16 0 179
tree 1848 3304 36 0 179
tree 1848 3320 0 0 179
trop 1852 3308 207 179 179
trop 1884 3300 204 179 179
tree 2520 3320 14 0 179
trop 2684 3316 204 179 179
trop 2796 3308 202 179 179
trop 2812 3308 146 179 179
trop 2884 3316 109 179 179
trop 2924 3300 146 179 179
trop 2948 3308 109 179 179
trop 3012 3308 146 179 179
trop 3100 3308 146 179 179
trop 3140 3308 109 179 179
trop 3172 3308 146 179 179
trop 3220 3308 109 179 179
trop 3292 3300 146 179 179
trop 3388 3308 146 179 179
trop 3396 3300 104 179 179
trop 3452 3308 104 179 179
trop 3436 3316 109 179 179
trop 3588 3324 146 179 179
trop 3772 3316 150 179 179
lay 168 3336 28 0 179
lay 200 3352 63 0 179
lay 216 3336 63 0 179
tree 441 3356 7 0 179
trop 941 3336 97 179 179
trop 1101 3336 97 179 179
trop 1197 3352 97 179 179
tree 1560 3336 14 0 179
tree 1608 3336 19 0 179
tree 1672 3336 28 0 179
tree 1704 3352 41 0 179
tree 1720 3352 41 0 179
tree 1720 3336 18 0 179
tree 1704 3336 24 0 179
lay 1784 3336 59 0 179
tree 2520 3352 35 0 179
trop 2540 3340 206 179 179
trop 2676 3356 204 179 179
trop 2660 3332 204 179 179
trop 2748 3340 202 179 179
trop 2780 3348 202 179 179
trop 2892 3356 144 179 179
trop 3676 3332 146 179 179
trop 3692 3332 150 179 179
trop 3756 3340 118 179 179
trop 3804 3348 150 179 179
trop 124 3372 198 179 179
trop 116 3364 198 179 179
lay 136 3368 28 0 179
trop 340 3380 202 179 179
tree 441 3372 9 0 179
trop 653 3368 65 179 179
trop 909 3368 101 179 179
stand 921 3388 181 0 179
trop 1013 3384 101 179 179
trop 1037 3384 95 179 179
tree 1193 3388 11 0 179
trop 1301 3360 95 179 179
trop 1380 3388 206 179 179
tree 1656 3368 24 0 179
tree 1688 3368 28 0 179
lay 1704 3368 59 0 179
trop 1916 3372 204 179 179
tree 2520 3368 2 0 179
trop 2500 3372 206 179 179
tree 2536 3368 31 0 179
trop 3108 3364 144 179 179
trop 3332 3372 101 179 179
trop 3428 3364 144 179 179
trop 3476 3364 150 179 179
trop 3516 3372 97 179 179
trop 3564 3372 101 179 179
trop 3612 3380 115 179 179
trop 3668 3364 104 179 179
trop 76 3404 198 179 179
trop 132 3404 204 179 179
trop 204 3396 204 179 179
trop 228 3420 204 179 179
trop 236 3412 198 179 179
trop 485 3408 92 179 179
lay 584 3400 50 0 179
trop 645 3416 65 179 179
trop 781 3392 65 179 179
trop 797 3392 100 179 179
tree 905 3420 14 0 179
stand 937 3404 163 0 179
stand 953 3404 161 0 179
trop 1101 3400 100 179 179
tree 1161 3404 8 0 179
tree 1209 3404 5 0 179
trop 1333 3400 100 179 179
tree 1353 3404 13 0 179
tree 1385 3404 15 0 179
trop 1460 3412 206 179 179
tree 1656 3416 25 0 179
tree 1720 3416 19 0 179
tree 1736 3400 35 0 179
trop 1844 3396 204 179 179
lay 2024 3416 8 0 179
trop 2524 3396 204 179 179
trop 2532 3404 204 179 179
tree 2616 3416 38 0 179
trop 2692 3420 204 179 179
trop 2828 3420 146 179 179
trop 2900 3420 146 179 179
trop 2948 3412 146 179 179
trop 3020 3420 146 179 179
trop 3100 3420 146 179 179
trop 3196 3420 146 179 179
trop 3188 3420 109 179 179
trop 3612 3412 101 179 179
trop 3772 3396 150 179 179
trop 3804 3420 150 179 179
trop 76 3428 198 179 179
lay 104 3432 50 0 179
trop 108 3444 198 179 179
lay 168 3448 28 0 179
lay 200 3448 49 0 179
dom 625 3428 176 0 179
trop 757 3448 99 179 179
stand 825 3436 147 0 179
trop 1077 3424 105 179 179
trop 1117 3424 100 179 179
trop 1245 3448 104 179 179
stand 1305 3452 157 0 179
stand 1321 3452 158 0 179
tree 1337 3436 14 0 179
tree 1384 3434 7 0 179
tree 1400 3434 4 0 179
stand 1385 3436 204 1 179
trop 1492 3436 125 179 179
trop 1500 3436 125 179 179
tree 1640 3432 14 0 179
tree 1656 3448 38 0 179
tree 1688 3432 6 0 179
tree 1720 3432 39 0 179
lay 1752 3432 59 0 179
lay 2008 3432 8 0 179
lay 2056 3448 37 0 179
tree 2520 3448 9 0 179
trop 2556 3428 207 179 179
tree 2584 3448 26 0 179
tree 2600 3432 24 0 179
tree 2632 3448 38 0 179
tree 2632 3432 7 0 179
trop 2692 3452 202 179 179
trop 2924 3428 109 179 179
trop 3028 3428 109 179 179
trop 3268 3428 109 179 179
trop 3308 3428 146 179 179
trop 3380 3428 146 179 179
trop 3540 3444 114 179 179
trop 3588 3436 146 179 179
trop 3604 3436 101 179 179
trop 3676 3452 146 179 179
trop 3836 3436 108 179 179
trop 3868 3436 148 179 179
tree 88 3464 32 0 179
tree 104 3480 33 0 179
tree 104 3464 19 0 179
trop 172 3460 198 179 179
lay 200 3480 49 0 179
tree 425 3484 5 0 179
tree 537 3484 6 0 179
lay 616 3480 50 0 179
lay 632 3464 50 0 179
trop 653 3480 65 179 179
stand 761 3484 200 1 179
tree 777 3468 12 0 179
trop 981 3472 104 179 179
trop 1085 3456 105 179 179
stand 1273 3484 156 0 179
stand 1305 3468 156 0 179
stand 1321 3468 156 0 179
stand 1353 3484 161 0 179
tree 1384 3482 7 0 179
tree 1400 3466 5 0 179
lay 1560 3464 28 0 179
lay 2040 3464 10 0 179
lay 2072 3464 0 0 179
tree 2472 3480 17 0 179
tree 2520 3480 28 0 179
tree 2520 3464 3 0 179
tree 2552 3464 8 0 179
tree 2552 3480 5 0 179
tree 2616 3480 30 0 179
tree 2632 3464 28 0 179
trop 2692 3468 202 179 179
trop 2692 3468 204 179 179
trop 3100 3460 109 179 179
trop 3468 3468 150 179 179
trop 3460 3476 102 179 179
trop 3700 3460 150 179 179
trop 3772 3460 150 179 179
trop 3924 3460 5 179 179
lay 72 3512 58 0 179
lay 88 3512 50 0 179
trop 84 3492 198 179 179
lay 104 3496 28 0 179
lay 184 3512 10 0 179
lay 200 3496 49 0 179
tree 409 3500 7 0 179
tree 425 3516 8 0 179
tree 425 3500 5 0 179
stand 633 3516 181 0 179
stand 665 3516 182 0 179
trop 701 3512 96 179 179
tree 985 3516 14 0 179
tree 1065 3500 14 0 179
tree 1081 3516 9 0 179
tree 1177 3516 9 0 179
tree 1208 3514 8 0 179
tree 1208 3498 15 0 179
tree 1224 3498 9 0 179
tree 1256 3498 4 0 179
tree 1368 3498 11 0 179
tree 1384 3498 14 0 179
tree 1384 3514 6 0 179
tree 1656 3496 2 0 179
tree 1672 3512 12 0 179
trop 1828 3500 204 179 179
tree 2488 3512 8 0 179
tree 2488 3496 1 0 179
tree 2504 3496 15 0 179
tree 2520 3496 19 0 179
tree 2664 3496 10 0 179
tree 2680 3496 12 0 179
tree 2696 3512 13 0 179
trop 2924 3492 144 179 179
trop 3180 3492 144 179 179
trop 3508 3500 99 179 179
trop 3804 3492 150 179 179
trop 124 3540 198 179 179
lay 168 3528 9 0 179
trop 204 3532 198 179 179
trop 292 3548 204 179 179
tree 553 3548 7 0 179
lay 632 3528 50 0 179
trop 853 3536 100 179 179
trop 1157 3544 102 179 179
tree 1288 3530 14 0 179
tree 1288 3546 8 0 179
tree 1320 3530 5 0 179
tree 1336 3530 12 0 179
tree 1640 3544 20 0 179
tree 1656 3544 2 0 179
tree 1688 3528 21 0 179
tree 1704 3544 36 0 179
tree 1736 3544 0 0 179
tree 1752 3544 5 0 179
tree 1736 3528 21 0 179
lay 2040 3528 15 0 179
trop 2516 3524 207 179 179
trop 2636 3548 204 179 179
trop 2684 3524 202 179 179
trop 2668 3524 207 179 179
trop 2692 3548 202 179 179
trop 2700 3548 204 179 179
tree 2904 3528 7 0 179
tree 2984 3528 11 0 179
stand 3128 3544 189 0 179
tree 3240 3544 13 0 179
trop 3372 3524 160 179 179
trop 3468 3548 150 179 179
trop 3476 3548 148 179 179
trop 3564 3532 163 179 179
trop 3556 3540 169 179 179
trop 3684 3532 160 179 179
trop 3764 3548 116 179 179
trop 3788 3540 148 179 179
lay 104 3560 58 0 179
trop 116 3580 198 179 179
lay 168 3576 13 0 179
lay 264 3576 17 0 179
lay 360 3560 15 0 179
tree 408 3576 26 0 179
tree 392 3560 39 0 179
lay 568 3576 50 0 179
lay 584 3576 50 0 179
lay 600 3560 50 0 179
trop 693 3576 103 179 179
tree 792 3576 11 0 179
tree 808 3576 28 0 179
tree 824 3560 10 0 179
tree 840 3560 39 0 179
tree 856 3560 26 0 179
tree 1224 3562 13 0 179
tree 1320 3562 13 0 179
tree 1336 3562 12 0 179
tree 1352 3562 13 0 179
tree 1352 3578 11 0 179
tree 1368 3562 14 0 179
lay 1544 3576 28 0 179
dom 1552 3554 131 0 179
tree 1672 3560 23 0 179
trop 2500 3556 207 179 179
tree 2712 3576 34 0 179
trop 2692 3580 204 179 179
tree 3256 3560 13 0 179
trop 3332 3556 154 179 179
stand 3608 3576 160 0 179
stand 3640 3576 161 0 179
stand 3624 3576 159 0 179
stand 3624 3560 159 0 179
trop 3652 3572 154 179 179
trop 3748 3564 102 179 179
trop 3780 3556 150 179 179
lay 72 3592 58 0 179
trop 84 3588 198 179 179
lay 120 3608 58 0 179
lay 136 3592 58 0 179
lay 216 3608 12 0 179
tree 440 3608 39 0 179
tree 440 3592 21 0 179
trop 493 3608 91 179 179
trop 741 3600 104 179 179
tree 872 3594 10 0 179
tree 1160 3610 12 0 179
tree 1176 3592 31 0 179
tree 1192 3608 7 0 179
tree 1240 3594 8 0 179
tree 1256 3610 6 0 179
tree 1336 3594 8 0 179
tree 1352 3594 16 0 179
tree 1688 3592 1 0 179
tree 1720 3592 16 0 179
tree 1704 3592 6 0 179
tree 2552 3592 32 0 179
trop 2652 3604 207 179 179
trop 2660 3612 204 179 179
trop 2932 3612 65 179 179
stand 3640 3608 159 0 179
stand 3656 3608 159 0 179
stand 3656 3592 162 0 179
trop 3812 3596 150 179 179
trop 3924 3596 9 179 179
trop 140 3620 204 179 179
lay 296 3640 16 0 179
lay 456 3624 7 0 179
tree 761 3644 6 0 179
tree 936 3624 10 0 179
tree 952 3624 3 0 179
tree 952 3640 16 0 179
tree 968 3640 24 0 179
tree 1129 3644 16 0 179
tree 1208 3624 35 0 179
tree 1192 3624 40 0 179
tree 1240 3626 11 0 179
lay 1384 3624 26 0 179
tree 2472 3640 28 0 179
trop 2524 3628 204 179 179
tree 2552 3624 26 0 179
tree 2568 3624 14 0 179
tree 2568 3640 36 0 179
dom 2848 3616 196 0 179
dom 3072 3616 195 0 179
trop 3124 3636 65 179 179
stand 3288 3640 162 0 179
trop 3468 3636 150 179 179
trop 3476 3636 108 179 179
stand 3624 3624 154 0 179
trop 3780 3636 150 179 179
trop 629 3664 100 179 179
trop 764 3654 98 179 179
tree 968 3656 25 0 179
dom 1488 3650 158 0 179
dom 1552 3650 158 0 179
tree 1736 3672 26 0 179
trop 2492 3668 204 179 179
tree 2504 3656 7 0 179
tree 2584 3672 32 0 179
tree 2584 3656 30 0 179
trop 2652 3668 204 179 179
trop 2972 3668 97 179 179
stand 3272 3656 158 0 179
stand 3304 3672 163 0 179
stand 3352 3672 4 0 179
trop 3404 3668 148 179 179
trop 3532 3676 148 179 179
trop 3636 3652 65 179 179
trop 3828 3660 108 179 179
trop 3820 3668 108 179 179
trop 164 3684 204 179 179
trop 220 3684 204 179 179
trop 860 3710 65 179 179
dom 880 3682 156 0 179
tree 1688 3704 9 0 179
tree 1720 3688 1 0 179
tree 1720 3704 21 0 179
tree 1704 3704 35 0 179
tree 1736 3704 17 0 179
tree 1736 3688 10 0 179
trop 2532 3692 204 179 179
tree 2568 3688 9 0 179
tree 2616 3688 36 0 179
tree 2648 3704 30 0 179
trop 2692 3692 204 179 179
trop 2812 3700 204 179 179
trop 2868 3700 65 179 179
trop 3068 3692 95 179 179
trop 3044 3708 204 179 179
stand 3256 3704 161 0 179
stand 3256 3688 162 0 179
stand 3272 3688 159 0 179
stand 3288 3688 163 0 179
stand 3272 3704 162 0 179
stand 3304 3688 158 0 179
trop 3716 3700 148 179 179
trop 3804 3692 150 179 179
trop 3868 3684 148 179 179
tree 408 3720 21 0 179
trop 485 3728 92 179 179
tree 952 3738 6 0 179
trop 1140 3726 65 179 179
dom 1168 3714 253 0 179
trop 1260 3742 65 179 179
dom 1360 3714 185 0 179
trop 1460 3718 98 179 179
dom 1488 3714 157 0 179
stand 1544 3738 153 0 179
tree 1688 3720 41 0 179
tree 1720 3720 17 0 179
tree 1736 3720 10 0 179
tree 2536 3736 19 0 179
tree 2536 3720 41 0 179
tree 2664 3720 20 0 179
trop 2660 3716 204 179 179
tree 2712 3736 11 0 179
tree 2728 3736 8 0 179
tree 2808 3720 22 0 179
trop 2820 3716 204 179 179
tree 2856 3720 35 0 179
tree 2872 3720 0 0 179
trop 2868 3732 204 179 179
stand 2952 3720 147 0 179
trop 2964 3732 204 179 179
trop 2988 3724 65 179 179
stand 3080 3736 163 0 179
trop 3468 3716 150 179 179
trop 3636 3724 65 179 179
trop 3780 3724 150 179 179
trop 3804 3732 150 179 179
tree 1161 3772 12 0 179
trop 1420 3758 94 179 179
trop 1444 3750 65 179 179
tree 2536 3768 6 0 179
trop 2756 3748 204 179 179
trop 2980 3772 102 179 179
stand 2984 3768 161 0 179
trop 3044 3772 99 179 179
stand 3096 3768 163 0 179
trop 3092 3748 204 179 179
stand 3112 3768 162 0 179
dom 3616 3744 276 0 179
tree 233 3804 5 0 179
tree 249 3804 4 0 179
tree 281 3804 6 0 179
lay 392 3800 50 0 179
trop 868 3790 105 179 179
trop 1476 3782 97 179 179
tree 1672 3784 37 0 179
tree 2552 3800 10 0 179
tree 2568 3800 14 0 179
trop 2700 3788 207 179 179
trop 2756 3780 127 179 179
stand 2984 3784 162 0 179
stand 2984 3800 160 0 179
stand 3064 3784 155 0 179
dom 3200 3776 231 0 179
trop 3924 3780 8 179 179
lay 360 3832 17 0 179
stand 425 3820 204 1 179
lay 905 3836 4 0 179
trop 1028 3822 95 179 179
trop 1180 3830 95 179 179
trop 1324 3830 101 179 179
trop 1356 3814 101 179 179
trop 1380 3814 95 179 179
tree 1688 3816 6 0 179
lay 2264 3816 31 0 179
trop 2460 3828 206 179 179
tree 2568 3832 1 0 179
tree 2568 3816 12 0 179
tree 2696 3832 34 0 179
tree 2696 3816 31 0 179
trop 2820 3812 204 179 179
trop 2948 3828 65 179 179
stand 3064 3816 155 0 179
trop 3636 3820 65 179 179
lay 280 3864 11 0 179
lay 360 3864 50 0 179
lay 392 3848 50 0 179
lay 857 3852 2 0 179
trop 1068 3870 100 179 179
trop 1252 3846 100 179 179
tree 1272 3866 6 0 179
tree 1288 3866 10 0 179
stand 1336 3850 165 0 179
trop 1452 3862 98 179 179
trop 2004 3868 204 179 179
tree 2552 3864 7 0 179
tree 2536 3864 30 0 179
tree 2568 3848 39 0 179
trop 2676 3868 204 179 179
trop 2804 3868 204 179 179
stand 3000 3848 162 0 179
stand 3064 3848 155 0 179
tree 3544 3848 16 0 179
trop 3620 3844 96 179 179
trop 3644 3844 72 179 179
trop 3756 3852 72 179 179
lay 312 3880 10 0 179
lay 488 3896 5 0 179
lay 841 3900 0 0 179
trop 893 3896 65 179 179
lay 921 3900 1 0 179
dom 1104 3874 176 0 179
trop 1172 3894 91 179 179
tree 1256 3882 15 0 179
trop 1428 3878 99 179 179
trop 1532 3894 99 179 179
lay 2328 3896 30 0 179
lay 2312 3896 33 0 179
tree 2536 3880 8 0 179
trop 2612 3876 204 179 179
trop 2676 3876 207 179 179
trop 2796 3884 207 179 179
trop 2988 3892 103 179 179
tree 3176 3880 15 0 179
tree 3192 3880 15 0 179
stand 3320 3896 159 0 179
stand 3304 3880 163 0 179
stand 3320 3880 163 0 179
stand 3352 3880 161 0 179
stand 3336 3896 160 0 179
stand 3368 3880 161 0 179
stand 3400 3880 153 0 179
trop 3612 3876 103 179 179
trop 3924 3876 9 179 179
trop 948 3934 65 179 179
trop 996 3910 91 179 179
trop 1212 3910 99 179 179
stand 1276 3922 141 0 179
trop 1284 3934 65 179 179
trop 1348 3934 102 179 179
trop 1468 3910 102 179 179
tree 1624 3912 20 0 179
tree 1640 3912 36 0 179
lay 2232 3912 10 0 179
lay 2360 3928 12 0 179
trop 2964 3924 65 179 179
trop 3076 3932 72 179 179
trop 3132 3924 97 179 179
trop 3244 3924 97 179 179
trop 3388 3924 97 179 179
trop 3524 3924 104 179 179
trop 3620 3924 103 179 179
lay 873 3948 6 0 179
stand 953 3948 201 1 179
tree 1048 3944 21 0 179
trop 1388 3958 94 179 179
tree 1480 3944 38 0 179
tree 1576 3944 0 0 179
tree 1608 3944 35 0 179
lay 2312 3960 17 0 179
trop 2996 3956 95 179 179
trop 3356 3964 101 179 179
trop 3348 3940 72 179 179
trop 3572 3940 104 179 179
tree 1416 3992 7 0 179
tree 1592 3976 34 0 179
tree 1640 3992 2 0 179
tree 2664 3992 12 0 179
tree 1656 4008 22 0 179
tree 1672 4008 4 0 179
tree 2648 4024 31 0 179
tree 2664 4008 33 0 179
