tree 2232 72 6 0 0
tree 2216 88 62 0 0
tree 2248 72 8 0 0
tree 1016 120 0 0 0
tree 1064 120 46 0 0
tree 1112 120 6 0 0
tree 2200 120 7 0 0
tree 2232 120 46 0 0
tree 2248 104 32 0 0
tree 936 152 23 0 0
tree 968 152 6 0 0
tree 1048 136 62 0 0
tree 1064 152 14 0 0
tree 1128 152 53 0 0
tree 1160 152 22 0 0
tree 1176 152 30 0 0
tree 1240 152 62 0 0
tree 1704 152 53 0 0
tree 1720 152 16 0 0
tree 1736 152 8 0 0
tree 1784 152 46 0 0
stand 2216 152 66 0 0
stand 2248 152 66 0 0
lay 2568 136 20 0 0
tree 2568 152 8 0 0
tree 2600 136 22 0 0
tree 2616 136 30 0 0
tree 2664 136 22 0 0
tree 2696 136 14 0 0
tree 2728 152 38 0 0
tree 2760 152 54 0 0
tree 2824 152 14 0 0
tree 2872 152 24 0 0
tree 2888 152 8 0 0
tree 824 184 15 0 0
tree 840 184 32 0 0
tree 888 184 15 0 0
tree 872 184 23 0 0
tree 936 168 0 0 0
tree 1096 168 30 0 0
tree 1160 168 0 0 0
tree 1240 168 32 0 0
tree 1240 184 30 0 0
trop 1608 168 48 0 0
stand 1644 164 23 0 0
tree 1720 184 30 0 0
tree 1704 168 16 0 0
tree 1752 184 45 0 0
tree 1784 184 24 0 0
tree 1848 168 23 0 0
tree 1912 184 32 0 0
stand 2200 184 66 0 0
stand 2232 184 66 0 0
tree 2392 184 14 0 0
lay 2456 184 21 0 0
lay 2520 184 20 0 0
lay 2520 168 9 0 0
lay 2536 168 8 0 0
tree 2584 168 45 0 0
tree 2568 168 32 0 0
tree 2616 168 15 0 0
tree 2680 168 16 0 0
lay 2744 184 14 0 0
tree 2776 168 23 0 0
tree 2808 184 8 0 0
tree 2824 168 22 0 0
tree 2872 168 15 0 0
tree 2888 184 3 0 179
trop 3228 188 123 0 0
tree 1144 200 32 0 0
tree 1240 216 23 0 0
tree 1288 216 45 0 0
tree 1384 216 54 0 0
tree 1416 216 8 0 0
tree 1464 216 23 0 0
tree 1480 216 46 0 0
tree 1496 200 24 0 0
tree 1512 200 54 0 0
tree 1564 196 42 0 0
trop 1608 216 48 0 0
tree 1660 212 42 0 0
tree 1676 212 42 0 0
tree 1708 212 48 0 0
tree 1708 196 33 0 0
tree 1736 200 45 0 0
tree 1944 200 16 0 0
tree 1992 200 31 0 0
tree 2008 216 46 0 0
tree 2024 216 22 0 0
stand 2200 216 66 0 0
stand 2232 216 66 0 0
lay 2296 200 11 0 0
lay 2392 200 11 0 0
tree 2440 216 45 0 0
lay 2488 200 9 0 0
lay 2504 200 8 0 0
lay 2552 200 10 0 0
lay 2600 200 21 0 0
tree 2808 200 38 0 0
tree 2792 216 14 0 0
tree 2840 216 23 0 0
tree 2872 216 44 0 179
tree 2856 216 26 0 179
tree 2904 200 45 0 179
tree 2888 200 14 0 179
tree 2888 216 19 0 179
tree 2936 216 17 0 179
tree 2920 216 33 0 179
tree 2920 200 44 0 179
fre 140 252 82 0 0
tree 152 248 15 0 179
tree 136 248 45 0 179
fre 180 228 82 0 0
tree 168 248 24 0 179
fre 644 244 83 0 0
tree 648 248 8 0 179
tree 856 248 15 0 0
tree 1144 232 38 0 0
tree 1240 232 7 0 0
tree 1256 232 8 0 0
tree 1272 248 53 0 0
tree 1320 248 15 0 0
tree 1320 232 23 0 0
tree 1352 232 54 0 0
tree 1532 228 34 0 0
tree 1580 228 34 0 0
tree 1708 228 56 0 0
tree 1832 248 22 0 0
tree 1848 232 0 0 0
tree 1864 232 16 0 0
tree 1928 248 46 0 0
stand 2200 248 66 0 0
stand 2232 248 66 0 0
lay 2248 248 6 0 0
lay 2456 232 11 0 0
lay 2504 248 21 0 0
tree 2776 232 38 0 0
tree 2760 248 14 0 0
tree 2840 232 26 0 179
tree 2840 248 12 0 179
tree 2824 248 8 0 0
tree 2856 232 62 0 179
tree 3512 248 36 0 179
tree 3928 232 31 0 0
tree 3928 248 15 0 0
tree 648 264 14 0 179
tree 824 264 6 0 0
tree 840 264 23 0 0
tree 920 264 53 0 0
tree 936 280 14 0 0
tree 1144 280 30 0 0
tree 1496 280 61 0 0
tree 1548 260 42 0 0
tree 1692 276 34 0 0
tree 1676 260 42 0 0
tree 1708 276 41 0 0
tree 1708 260 33 0 0
tree 1816 280 14 0 0
tree 1816 264 15 0 0
tree 1944 264 61 0 0
stand 2232 280 66 0 0
lay 2264 264 21 0 0
lay 2328 264 6 0 0
lay 2424 280 21 0 0
lay 2456 280 11 0 0
lay 2552 264 21 0 0
lay 2568 264 9 0 0
lay 2664 264 14 0 0
tree 2760 280 61 0 0
tree 2776 280 24 0 0
tree 2840 264 56 0 179
tree 2856 280 8 0 179
trop 3228 284 67 0 0
tree 3544 280 14 0 179
tree 3864 280 32 0 0
tree 3896 264 16 0 0
tree 3880 280 54 0 0
tree 3912 264 31 0 0
tree 3928 264 6 0 0
tree 3928 280 38 0 0
tree 3944 264 54 0 0
tree 3960 280 61 0 0
tree 3976 264 53 0 0
tree 3992 280 0 0 0
fre 116 316 82 0 0
stand 832 312 8 0 0
tree 984 312 8 0 0
tree 968 312 8 0 0
tree 1144 296 7 0 0
tree 1416 296 30 0 0
tree 1432 312 15 0 0
tree 1564 292 34 0 0
trop 1608 296 48 0 0
tree 1676 308 42 0 0
tree 1692 292 41 0 0
tree 1676 292 41 0 0
tree 1816 296 6 0 0
tree 2220 308 57 0 0
tree 2440 312 24 0 0
lay 2488 296 11 0 0
lay 2472 296 2 0 0
tree 2520 296 8 0 0
tree 2536 296 61 0 0
tree 2648 312 8 0 0
tree 2728 312 23 0 0
tree 2744 312 8 0 0
tree 2760 296 7 0 0
tree 2840 288 32 0 0
tree 2856 296 43 0 179
tree 2856 312 58 0 179
tree 2872 312 20 0 179
tree 2872 296 57 0 179
tree 2952 296 19 0 179
tree 3544 296 37 0 179
tree 3560 296 12 0 179
lay 3576 312 11 0 0
tree 3656 312 20 0 179
tree 3816 296 32 0 0
tree 3832 296 32 0 0
tree 3896 312 31 0 0
tree 3880 312 24 0 0
tree 3896 296 54 0 0
tree 3912 296 45 0 0
tree 3992 296 22 0 0
tree 632 328 45 0 179
tree 648 328 0 0 179
tree 984 344 45 0 0
tree 1000 344 46 0 0
tree 1000 328 23 0 0
tree 1448 328 0 0 0
tree 1480 328 62 0 0
tree 1496 344 32 0 0
tree 1564 324 42 0 0
tree 1676 340 34 0 0
tree 2360 328 61 0 0
tree 2376 328 0 0 0
lay 2456 344 8 0 0
tree 2648 328 8 0 0
tree 2664 344 0 0 0
tree 2680 344 32 0 0
tree 2728 328 38 0 0
tree 2808 336 8 0 0
tree 2824 320 32 0 0
tree 2856 328 27 0 179
tree 2856 344 22 0 179
tree 2872 328 4 0 179
tree 3480 344 54 0 179
tree 3880 328 23 0 0
tree 3992 328 31 0 0
tree 3976 344 46 0 0
fre 284 356 83 0 0
tree 280 376 24 0 179
tree 280 360 6 0 179
fre 300 372 83 0 0
tree 296 376 38 0 179
tree 296 360 6 0 179
fre 628 356 83 0 0
tree 808 376 38 0 0
tree 952 360 16 0 0
tree 968 360 46 0 0
tree 1528 360 0 0 0
tree 1564 372 42 0 0
tree 1548 356 42 0 0
tree 1560 360 54 0 0
tree 1576 376 15 0 0
trop 1608 376 48 0 0
tree 1692 372 34 0 0
tree 1692 356 48 0 0
tree 1708 356 33 0 0
tree 2332 372 56 0 0
tree 2316 372 33 0 0
tree 2364 372 33 0 0
lay 2396 372 4 0 0
lay 2396 356 7 0 0
lay 2380 356 5 0 0
lay 2552 360 4 0 0
tree 3080 360 26 0 179
trop 3228 380 67 0 0
tree 3480 376 17 0 179
tree 3480 360 2 0 179
tree 3976 360 15 0 0
tree 3992 376 15 0 0
tree 3992 360 16 0 0
tree 296 392 22 0 179
tree 632 408 53 0 179
tree 648 408 8 0 179
stand 864 408 14 0 0
dom 888 384 10 0 0
tree 1032 408 22 0 0
tree 1032 392 7 0 0
tree 1532 404 41 0 0
tree 1532 388 48 0 0
tree 1548 388 42 0 0
tree 1692 404 34 0 0
tree 1676 404 34 0 0
tree 1692 388 42 0 0
tree 1708 404 34 0 0
tree 1928 392 61 0 0
tree 2124 404 35 0 0
tree 2172 404 51 0 0
tree 2156 404 1 0 0
tree 2204 404 33 0 0
tree 2188 404 48 0 0
tree 2268 404 56 0 0
tree 2348 404 41 0 0
tree 2348 388 33 0 0
lay 2440 408 21 0 0
tree 2728 392 23 0 0
fre 2796 412 81 0 0
tree 3480 392 56 0 179
tree 3496 392 15 0 179
tree 632 424 62 0 179
fre 660 436 83 0 0
trop 884 428 16 0 0
lay 984 440 7 0 0
tree 984 440 54 0 0
tree 1000 424 0 0 0
tree 1496 424 22 0 0
lay 1512 440 7 0 0
tree 1512 424 23 0 0
tree 1564 420 34 0 0
trop 1608 428 48 0 0
tree 1676 436 34 0 0
fre 2060 420 33 0 0
tree 2268 420 48 0 0
tree 2300 436 1 0 0
tree 2284 436 1 0 0
tree 2284 420 41 0 0
lay 2380 420 12 0 0
lay 2456 424 20 0 0
lay 2440 424 4 0 0
lay 2520 440 21 0 0
lay 2584 440 3 0 0
fre 3284 444 35 0 0
tree 3368 440 50 0 179
lay 3560 424 11 0 0
tree 3624 416 56 0 0
tree 3656 416 33 0 0
tree 3880 440 8 0 0
tree 3896 440 38 0 0
tree 3912 440 31 0 0
tree 3928 440 23 0 0
tree 3944 424 38 0 0
fre 580 452 83 0 0
tree 632 456 15 0 179
dom 760 448 5 0 0
trop 852 460 16 0 0
stand 928 472 0 0 0
fre 1020 468 83 0 0
tree 1468 468 48 0 0
tree 1532 468 48 0 0
tree 1564 468 34 0 0
tree 1548 468 48 0 0
tree 1548 452 41 0 0
trop 1608 456 48 0 0
trop 1608 476 48 0 0
tree 1676 468 34 0 0
tree 1676 452 42 0 0
tree 1708 452 48 0 0
tree 2332 468 41 0 0
tree 2332 452 48 0 0
tree 2348 468 48 0 0
cliff 2420 460 11 179 179
lay 2424 472 21 0 0
lay 2456 472 11 0 0
lay 2504 472 21 0 0
lay 2504 456 11 0 0
lay 2552 472 21 0 0
tree 2856 472 24 0 0
tree 2856 456 38 0 0
tree 2872 472 38 0 0
tree 2888 472 8 0 0
trop 3228 476 67 0 0
tree 3864 456 8 0 0
tree 3880 456 15 0 0
tree 3912 456 53 0 0
tree 3944 456 31 0 0
tree 344 504 7 0 179
fre 356 500 83 0 0
tree 360 504 61 0 179
lay 1064 488 7 0 0
lay 1448 504 7 0 0
tree 1468 500 41 0 0
tree 1468 484 48 0 0
tree 1548 484 34 0 0
dom 2196 492 34 0 0
fre 2836 484 81 0 0
tree 2888 488 16 0 0
tree 2936 496 41 0 0
tree 2968 496 56 0 0
tree 2952 480 1 0 0
tree 3000 496 1 0 0
tree 3464 488 45 0 179
tree 3480 488 0 0 179
tree 3848 488 31 0 0
tree 3864 504 61 0 0
tree 3864 488 16 0 0
tree 3880 488 22 0 0
tree 3944 488 6 0 0
zabor 496 528 34 0 9
zabor 528 528 36 0 9
zabor 560 528 24 0 8
zabor 592 528 27 0 8
zabor 624 528 27 0 8
zabor 656 528 31 0 8
stand 696 536 56 0 0
trop 796 540 124 0 0
stand 848 520 72 0 0
lay 984 520 7 0 0
tree 1112 536 0 0 0
tree 1096 536 8 0 0
tree 1144 520 7 0 0
tree 1128 536 53 0 0
fre 1124 540 83 0 0
tree 1240 520 15 0 0
tree 1224 520 6 0 0
tree 1548 516 34 0 0
trop 1608 536 48 0 0
tree 1672 520 32 0 0
dom 2292 524 35 0 0
tree 2348 532 2 0 0
lay 2488 520 20 0 0
tree 2984 528 41 0 0
tree 3032 528 48 0 0
tree 3016 528 1 0 0
tree 3400 528 24 0 0
tree 3672 512 8 0 0
tree 3688 528 1 0 0
tree 3720 512 32 0 0
tree 3768 536 32 0 0
tree 3928 536 32 0 0
tree 3944 536 61 0 0
tree 3960 536 14 0 0
tree 3976 536 30 0 0
tree 184 568 46 0 0
fre 188 564 82 0 0
fre 180 564 83 0 0
fre 196 564 83 0 0
fre 284 556 82 0 0
tree 280 568 53 0 179
zabor 496 560 32 0 9
zabor 656 560 27 0 8
trop 716 564 70 0 0
tree 952 552 53 0 0
tree 968 552 24 0 0
tree 1000 552 0 0 0
tree 1080 552 38 0 0
tree 1064 552 61 0 0
tree 1112 568 23 0 0
tree 1096 552 0 0 0
tree 1208 568 54 0 0
tree 1240 552 6 0 0
tree 1224 568 22 0 0
fre 1236 548 83 0 0
fre 1228 572 83 0 0
tree 1272 568 62 0 0
tree 1256 552 62 0 0
tree 1288 568 14 0 0
tree 1500 564 33 0 0
tree 1484 564 1 0 0
tree 1548 564 34 0 0
trop 1608 556 48 0 0
tree 1688 552 46 0 0
tree 1688 568 54 0 0
tree 1752 568 22 0 0
tree 1944 552 38 0 0
trop 2256 544 7 0 0
cliff 2420 556 10 179 179
lay 2456 552 21 0 0
lay 2440 552 11 0 0
lay 2472 568 11 0 0
lay 2472 552 8 0 0
lay 2504 552 20 0 0
lay 2536 552 8 0 0
tree 2888 560 56 0 0
tree 2904 544 48 0 0
tree 2920 560 33 0 0
tree 3032 544 8 0 0
fre 3228 572 36 0 0
trop 3228 572 66 0 0
tree 3560 560 0 0 0
tree 3576 544 32 0 0
tree 3592 560 0 0 0
tree 3736 560 41 0 0
tree 3752 560 33 0 0
tree 3752 552 7 0 0
tree 3752 568 16 0 0
tree 3928 568 6 0 0
tree 3992 568 6 0 0
tree 4008 568 45 0 0
tree 200 584 30 0 0
fre 196 596 82 0 0
tree 232 584 22 0 0
tree 264 584 62 0 0
zabor 496 592 31 0 8
zabor 656 592 26 0 8
zabor 912 592 26 0 8
zabor 944 592 30 0 8
zabor 976 592 25 0 8
zabor 1008 592 28 0 8
zabor 1040 592 30 0 8
zabor 1072 592 31 0 8
zabor 1104 592 26 0 8
tree 1208 584 23 0 0
tree 1224 584 8 0 0
tree 1452 596 56 0 0
tree 1484 596 56 0 0
tree 1500 580 33 0 0
tree 1496 584 15 0 0
trop 2224 576 17 0 0
dom 2292 588 35 0 0
lay 2472 584 20 0 0
tree 2552 600 45 0 0
fre 2556 604 82 0 0
fre 2580 596 82 0 0
fre 2812 580 81 0 0
tree 2904 576 56 0 0
tree 2888 576 41 0 0
tree 2936 576 1 0 0
tree 3000 592 1 0 0
tree 3000 576 1 0 0
tree 3032 576 8 0 0
tree 3080 576 48 0 0
tree 3384 592 16 0 0
tree 3768 600 7 0 0
tree 3928 600 30 0 0
tree 4008 584 6 0 0
fre 180 636 82 0 0
fre 164 628 82 0 0
zabor 496 624 27 0 8
zabor 560 624 26 0 8
zabor 592 624 30 0 8
zabor 624 624 28 0 8
zabor 656 624 25 0 8
zabor 912 624 26 0 8
tree 1240 616 8 0 0
tree 1436 628 1 0 0
tree 1436 612 33 0 0
tree 1420 612 56 0 0
tree 1468 628 1 0 0
tree 1452 628 33 0 0
tree 1468 612 56 0 0
lay 1484 628 3 0 0
trop 1608 608 48 0 0
trop 1608 636 48 0 0
tree 1720 632 53 0 0
tree 1736 632 54 0 0
lay 1788 628 10 0 0
lay 1804 628 7 0 0
lay 1804 612 6 0 0
tree 1992 632 61 0 0
dom 2068 620 37 0 0
dom 2196 620 32 0 0
trop 2216 624 23 0 0
trop 2248 624 9 0 0
tree 2348 628 56 0 0
cliff 2420 620 9 179 179
lay 2472 616 21 0 0
fre 2636 620 81 0 0
tree 2808 632 6 0 0
tree 2824 632 15 0 0
tree 2872 624 24 0 0
tree 2888 624 41 0 0
tree 2920 624 1 0 0
tree 2920 608 56 0 0
tree 2968 624 16 0 0
tree 3000 608 24 0 0
tree 2984 608 48 0 0
fre 3116 620 81 0 0
tree 3400 624 0 0 0
tree 3592 608 16 0 0
tree 3624 608 48 0 0
tree 3848 632 8 0 0
tree 168 664 45 0 0
zabor 496 656 28 0 8
zabor 560 656 28 0 8
trop 692 652 65 0 0
tree 792 648 62 0 0
tree 776 648 0 0 0
stand 832 664 8 0 0
zabor 912 656 31 0 8
lay 1436 644 6 0 0
lay 1484 644 4 0 0
tree 1720 648 38 0 0
tree 1720 664 16 0 0
tree 1752 648 0 0 0
tree 1736 664 46 0 0
lay 1788 644 3 0 0
lay 1948 644 3 0 0
trop 2120 648 25 0 0
trop 2168 648 25 0 0
dom 2292 652 35 0 0
trop 2288 664 9 0 0
lay 2456 664 20 0 0
lay 2520 664 20 0 0
lay 2600 648 3 0 0
fre 2620 652 81 0 0
tree 2904 640 33 0 0
tree 2936 648 24 0 0
tree 3000 640 32 0 0
tree 3048 656 56 0 0
trop 3228 660 66 0 0
stand 3240 648 129 0 179
tree 3400 656 16 0 0
tree 3896 664 0 0 0
tree 3944 648 30 0 0
fre 284 684 82 0 0
tree 280 696 53 0 179
stand 352 696 16 0 0
zabor 496 688 30 0 8
zabor 560 688 25 0 8
dom 632 672 6 0 0
tree 744 696 53 0 0
fre 756 700 6 0 0
fre 788 700 6 0 0
zabor 848 688 30 0 8
zabor 912 688 29 0 8
lay 1404 676 7 0 0
lay 1980 692 7 0 0
lay 1980 676 10 0 0
lay 1964 676 12 0 0
fre 2252 700 83 0 0
fre 2244 700 83 0 0
cliff 2420 684 9 179 179
tree 2776 688 8 0 0
tree 2808 688 41 0 0
tree 2792 688 48 0 0
tree 2872 688 56 0 0
tree 2872 672 0 0 0
tree 2904 672 48 0 0
tree 2888 672 48 0 0
lay 2968 696 11 0 0
tree 3032 672 16 0 0
dom 3280 680 2 1 0
tree 3384 688 0 0 0
tree 3400 672 48 0 0
tree 3512 688 33 0 0
tree 3528 672 16 0 0
tree 3896 696 15 0 0
tree 3960 696 62 0 0
fre 252 732 82 0 0
tree 264 728 38 0 179
fre 460 724 11 0 0
zabor 496 720 27 0 8
zabor 528 720 24 0 8
zabor 560 720 29 0 8
fre 740 724 6 0 0
lay 776 712 1 0 0
fre 772 724 6 0 0
fre 780 724 6 0 0
fre 780 716 6 0 0
fre 772 708 6 0 0
fre 812 732 6 0 0
zabor 912 720 26 0 8
tree 952 712 7 0 0
tree 1272 712 24 0 0
tree 1272 728 24 0 0
tree 1368 728 45 0 0
tree 1352 728 16 0 0
trop 1608 716 48 0 0
trop 2104 712 6 0 0
trop 2136 704 7 0 0
tree 2200 728 54 0 0
tree 2232 728 31 0 0
fre 2236 732 83 0 0
tree 2248 712 54 0 0
tree 2248 728 22 0 0
fre 2244 716 83 0 0
fre 2244 724 83 0 0
fre 2252 716 83 0 0
fre 2260 708 83 0 0
cliff 2388 716 2 179 179
lay 2424 728 6 0 0
fre 2668 716 81 0 0
tree 2776 704 16 0 0
tree 2824 720 8 0 0
tree 2824 704 32 0 0
tree 2856 728 46 0 0
tree 2904 720 48 0 0
tree 2968 704 48 0 0
tree 3048 704 24 0 0
tree 3400 704 41 0 0
tree 3512 704 48 0 0
tree 3528 720 48 0 0
tree 3608 720 32 0 0
tree 3608 728 61 0 0
tree 3624 728 23 0 0
tree 3928 728 23 0 0
tree 3912 712 6 0 0
tree 3960 728 22 0 0
tree 456 744 8 0 0
tree 504 760 61 0 0
tree 520 744 46 0 0
fre 572 764 3 0 0
trop 692 740 66 0 0
zabor 720 752 26 0 8
zabor 752 752 29 0 8
zabor 784 752 27 0 8
fre 780 756 6 0 0
zabor 816 752 31 0 8
fre 812 756 6 0 0
fre 812 740 6 0 0
zabor 848 752 29 0 8
zabor 880 752 28 0 8
zabor 912 752 31 0 8
tree 1272 744 15 0 0
tree 1272 760 0 0 0
tree 1336 760 62 0 0
tree 1528 760 53 0 0
cliff 2068 748 35 179 179
tree 2060 740 26 0 0
dom 2100 748 36 0 0
dom 2164 748 36 0 0
tree 2232 744 24 0 0
lay 2412 740 12 0 0
tree 2808 752 8 0 0
tree 2808 736 8 0 0
tree 2872 760 45 0 0
tree 2984 752 33 0 0
tree 2984 736 41 0 0
fre 3116 748 81 0 0
trop 3228 748 66 0 0
tree 3368 752 0 0 0
tree 3448 752 0 0 0
tree 3960 744 30 0 0
tree 3976 744 45 0 0
tree 4008 760 16 0 0
fre 580 772 3 0 0
fre 596 772 3 0 0
fre 604 780 3 0 0
stand 616 792 129 0 179
fre 628 796 3 0 0
fre 612 796 3 0 0
fre 620 772 3 0 0
fre 636 780 3 0 0
fre 812 780 34 0 0
zabor 912 784 30 0 8
tree 1272 776 24 0 0
tree 1320 792 22 0 0
tree 1528 776 53 0 0
tree 1528 792 31 0 0
trop 1608 796 48 0 0
cliff 2356 780 47 179 179
lay 2412 772 13 0 0
tree 2744 784 16 0 0
tree 2728 768 24 0 0
tree 2776 784 41 0 0
tree 2808 768 24 0 0
tree 2856 792 7 0 0
tree 2872 792 22 0 0
tree 2904 768 56 0 0
tree 2888 768 48 0 0
tree 2984 784 48 0 0
fre 3004 788 81 0 0
tree 3368 768 24 0 0
tree 3480 768 0 0 0
tree 3464 768 48 0 0
tree 3544 784 48 0 0
lay 3608 776 11 0 0
tree 3768 768 32 0 0
tree 3976 792 0 0 0
tree 3992 792 14 0 0
tree 4008 776 30 0 0
tree 4008 792 0 0 0
tree 4024 776 30 0 0
tree 392 824 32 0 0
fre 420 820 11 0 0
trop 692 828 67 0 0
dom 760 800 2 0 0
stand 848 808 6 0 0
zabor 912 816 25 0 8
tree 1320 808 38 0 0
tree 1528 824 54 0 0
cliff 2132 812 33 179 179
tree 2188 820 29 0 0
cliff 2292 812 7 179 179
tree 2520 824 24 0 0
tree 2840 816 48 0 0
tree 2872 816 56 0 0
tree 2856 816 8 0 0
tree 2856 824 14 0 0
tree 2856 808 45 0 0
tree 2968 800 48 0 0
tree 3160 816 32 0 0
fre 3332 820 33 0 0
tree 3512 816 48 0 0
tree 3496 816 48 0 0
tree 3640 824 62 0 0
tree 3688 824 45 0 0
tree 3736 800 41 0 0
tree 3800 816 48 0 0
tree 4008 824 62 0 0
tree 4024 808 7 0 0
tree 216 856 38 0 0
tree 216 840 46 0 0
tree 232 856 6 0 0
tree 392 856 16 0 0
dom 504 832 9 0 0
dom 600 832 4 0 0
stand 656 856 72 0 0
zabor 912 848 26 0 8
tree 1320 840 8 0 0
tree 1320 856 38 0 0
fre 1364 844 33 0 0
cliff 2164 844 32 179 179
tree 2188 836 3 0 0
cliff 2228 844 28 179 179
tree 2520 840 6 0 0
tree 2544 848 42 0 0
tree 2568 856 32 0 0
tree 2584 856 14 0 0
tree 2600 856 45 0 0
tree 2616 840 7 0 0
tree 2776 848 8 0 0
tree 2808 848 33 0 0
tree 2920 848 24 0 0
tree 2936 832 56 0 0
tree 2952 848 24 0 0
tree 2984 848 24 0 0
tree 3160 848 8 0 0
trop 3228 836 67 0 0
tree 3480 848 33 0 0
tree 3512 848 8 0 0
tree 3496 832 24 0 0
tree 3560 848 16 0 0
tree 3560 832 1 0 0
tree 3624 848 56 0 0
tree 3688 840 46 0 0
tree 3736 848 33 0 0
tree 3752 848 56 0 0
tree 3800 832 1 0 0
tree 3848 856 46 0 0
tree 3864 840 6 0 0
tree 3880 856 23 0 0
tree 3896 856 54 0 0
tree 3928 856 14 0 0
tree 3976 840 62 0 0
tree 3992 840 23 0 0
tree 216 872 16 0 0
tree 200 888 53 0 0
tree 232 872 53 0 0
tree 232 888 22 0 0
tree 392 872 8 0 0
tree 392 888 7 0 0
tree 408 888 45 0 0
trop 500 892 125 0 0
trop 588 892 116 0 0
fre 652 868 11 0 0
fre 852 892 6 0 0
zabor 912 880 31 0 8
tree 1320 872 61 0 0
trop 1608 868 48 0 0
lay 2124 868 7 0 0
tree 2544 880 42 0 0
tree 2552 872 45 0 0
tree 2576 864 42 0 0
tree 2648 872 15 0 0
tree 2648 888 45 0 0
tree 2656 880 34 0 0
tree 2672 880 34 0 0
tree 2712 872 61 0 0
tree 2728 872 15 0 0
tree 2744 872 45 0 0
tree 2776 888 8 0 0
tree 2792 864 1 0 0
tree 2904 880 41 0 0
tree 2984 864 16 0 0
tree 3496 880 41 0 0
lay 3544 888 11 0 0
tree 3592 864 16 0 0
tree 3640 880 8 0 0
tree 3624 864 16 0 0
tree 3736 880 48 0 0
tree 3768 864 48 0 0
tree 3848 872 32 0 0
tree 216 920 46 0 0
tree 232 904 6 0 0
tree 344 920 54 0 0
tree 376 920 0 0 0
tree 408 904 45 0 0
trop 668 916 117 0 0
trop 692 924 68 0 0
fre 828 900 6 0 0
tree 856 904 38 0 0
fre 836 908 6 0 0
tree 872 904 30 0 0
zabor 912 912 30 0 8
tree 2592 912 42 0 0
tree 2608 912 34 0 0
tree 2624 896 42 0 0
tree 2656 896 42 0 0
tree 2656 912 34 0 0
tree 2776 920 14 0 0
tree 2760 920 24 0 0
tree 2808 896 16 0 0
tree 2936 912 33 0 0
tree 2920 896 41 0 0
lay 2952 904 11 0 0
fre 2964 924 81 0 0
tree 3000 896 0 0 0
tree 3032 912 16 0 0
tree 3032 896 0 0 0
tree 3096 912 56 0 0
tree 3144 912 24 0 0
fre 3228 924 34 0 0
trop 3228 924 67 0 0
tree 3800 896 56 0 0
tree 3832 904 62 0 0
tree 3816 904 23 0 0
tree 3816 920 16 0 0
tree 3944 904 45 0 0
tree 184 952 31 0 0
tree 184 936 14 0 0
tree 216 936 23 0 0
tree 200 952 45 0 0
tree 232 936 31 0 0
fre 308 940 36 0 0
dom 472 928 1 0 0
dom 600 928 6 0 0
stand 664 936 57 0 0
dom 760 928 5 0 0
zabor 912 944 28 0 8
tree 1304 936 14 0 0
tree 1304 952 32 0 0
tree 1404 948 41 0 0
tree 1388 948 33 0 0
tree 1420 932 33 0 0
tree 1500 948 33 0 0
tree 1516 948 1 0 0
trop 1608 928 48 0 0
lay 2376 952 11 0 0
tree 2920 944 1 0 0
tree 3032 944 16 0 0
lay 3064 936 10 0 0
tree 3080 944 33 0 0
tree 3128 928 8 0 0
tree 3480 944 33 0 0
tree 3480 928 41 0 0
tree 3592 944 33 0 0
tree 3624 944 33 0 0
tree 3816 952 46 0 0
tree 152 984 24 0 0
tree 184 984 8 0 0
tree 168 984 8 0 0
stand 560 984 11 0 0
stand 864 968 16 0 0
stand 864 984 40 0 0
zabor 912 976 28 0 8
tree 936 984 15 0 0
tree 1304 984 8 0 0
tree 1304 968 46 0 0
tree 1320 984 46 0 0
tree 1336 968 8 0 0
tree 1368 968 53 0 0
tree 1352 968 6 0 0
tree 1404 964 41 0 0
fre 1380 972 83 0 0
tree 1420 980 33 0 0
tree 1468 964 56 0 0
fre 1460 972 83 0 0
tree 1500 964 1 0 0
tree 1484 964 1 0 0
tree 1564 980 33 0 0
tree 2352 976 33 0 0
tree 2384 976 41 0 0
tree 2592 976 41 0 0
dom 2664 968 8 3 0
tree 2744 968 0 0 0
tree 2744 984 45 0 0
tree 2728 968 8 0 0
tree 2776 984 31 0 0
tree 2936 976 48 0 0
tree 2920 960 56 0 0
tree 2952 976 56 0 0
tree 2984 976 33 0 0
tree 3000 960 8 0 0
tree 3016 976 0 0 0
lay 3048 984 11 0 0
tree 3064 976 32 0 0
tree 3048 960 32 0 0
tree 3080 976 48 0 0
tree 3480 960 48 0 0
tree 3480 984 30 0 0
tree 3496 960 41 0 0
tree 3640 976 33 0 0
tree 3624 976 33 0 0
tree 3624 960 33 0 0
tree 3656 960 48 0 0
tree 3816 968 30 0 0
tree 3816 984 45 0 0
tree 3832 968 61 0 0
tree 3848 984 0 0 0
tree 3864 984 24 0 0
tree 3880 984 61 0 0
tree 3896 984 14 0 0
tree 3912 984 32 0 0
tree 3928 984 0 0 0
tree 3944 968 24 0 0
tree 3960 984 0 0 0
tree 152 1000 32 0 0
tree 152 1016 38 0 0
tree 168 1000 7 0 0
tree 200 1000 6 0 0
tree 232 1016 8 0 0
fre 540 1020 82 0 0
trop 716 1004 118 0 0
zabor 912 1008 27 0 8
zabor 944 1008 25 0 8
zabor 976 1008 29 0 8
zabor 1008 1008 31 0 8
zabor 1040 1008 30 0 8
zabor 1072 1008 31 0 8
zabor 1104 1008 26 0 8
zabor 1136 1008 26 0 8
zabor 1168 1008 24 0 8
tree 1304 1000 15 0 0
tree 1468 996 1 0 0
dom 1556 1004 16 0 0
trop 1608 1008 48 0 0
tree 1660 1012 34 0 0
tree 1644 996 34 0 0
tree 1676 1012 42 0 0
tree 1676 996 42 0 0
tree 1724 996 48 0 0
tree 1708 996 41 0 0
tree 1756 1012 48 0 0
tree 2320 1008 29 0 0
lay 2344 1016 11 0 0
tree 2336 1008 49 0 0
tree 2352 1008 37 0 0
tree 2368 992 12 0 0
tree 2384 992 40 0 0
tree 2416 1008 37 0 0
tree 2448 1008 42 0 0
tree 2640 1008 32 0 0
dom 2664 1000 8 2 0
tree 2744 1000 54 0 0
tree 2760 1016 16 0 0
tree 2808 1000 62 0 0
lay 2800 992 4 0 0
tree 2840 1000 23 0 0
tree 2824 1000 61 0 0
tree 2968 1008 16 0 0
tree 3000 1008 16 0 0
tree 3064 992 33 0 0
tree 3080 1008 56 0 0
trop 3228 1012 67 0 0
tree 3416 1008 24 0 0
tree 3464 1000 38 0 0
tree 3912 1000 62 0 0
tree 3976 1000 45 0 0
tree 3992 1016 30 0 0
tree 4008 1016 46 0 0
tree 248 1032 54 0 0
tree 264 1032 46 0 0
tree 344 1032 32 0 0
tree 360 1032 22 0 0
tree 392 1032 8 0 0
tree 424 1048 24 0 0
tree 520 1048 53 0 0
tree 520 1032 31 0 0
trop 788 1028 124 0 0
trop 868 1028 127 0 0
trop 980 1044 127 0 0
trop 1028 1044 127 0 0
trop 1060 1044 127 0 0
fre 1372 1028 83 0 0
tree 1416 1048 16 0 0
tree 1416 1032 62 0 0
fre 1412 1036 83 0 0
tree 1788 1028 1 0 0
tree 1804 1028 33 0 0
tree 2320 1040 34 0 0
tree 2416 1024 36 0 0
tree 2792 1032 8 0 0
tree 3000 1024 41 0 0
tree 2984 1024 56 0 0
tree 3032 1040 8 0 0
tree 3016 1024 0 0 0
tree 3416 1040 32 0 0
tree 3512 1040 32 0 0
tree 3544 1024 41 0 0
tree 3528 1024 1 0 0
tree 3576 1040 0 0 0
tree 3576 1024 24 0 0
tree 3576 1032 38 0 0
tree 3560 1048 16 0 0
tree 3608 1040 33 0 0
tree 3592 1040 0 0 0
tree 3592 1032 31 0 0
tree 3640 1040 33 0 0
tree 3864 1032 62 0 0
tree 3880 1048 22 0 0
tree 3896 1048 7 0 0
tree 3912 1032 53 0 0
tree 504 1080 53 0 0
tree 504 1064 14 0 0
fre 564 1076 82 0 0
tree 632 1080 15 0 0
tree 616 1080 62 0 0
stand 800 1080 0 0 0
trop 1196 1060 127 0 0
trop 1252 1068 125 0 0
tree 1416 1080 53 0 0
tree 2320 1056 42 0 0
dom 2408 1064 2 2 0
dom 2504 1064 4 2 0
tree 2656 1056 24 0 0
dom 2728 1064 9 1 0
tree 2808 1064 0 0 0
tree 2824 1080 53 0 0
dom 2856 1064 5 1 0
tree 3096 1072 0 0 0
tree 3080 1072 24 0 0
tree 3416 1072 8 0 0
tree 3448 1072 1 0 0
tree 3880 1064 32 0 0
tree 504 1096 45 0 0
tree 568 1112 14 0 0
tree 568 1096 6 0 0
tree 600 1096 7 0 0
tree 680 1112 6 0 0
trop 1332 1092 117 0 0
fre 1420 1116 83 0 0
stand 1564 1108 40 0 0
trop 1608 1088 48 0 0
tree 2352 1104 34 0 0
tree 3000 1088 1 0 0
tree 3032 1104 48 0 0
tree 3016 1088 1 0 0
tree 3064 1088 16 0 0
tree 3080 1088 24 0 0
trop 3228 1108 122 0 0
trop 3234 1092 67 0 0
tree 3432 1104 8 0 0
tree 3448 1088 56 0 0
tree 3432 1088 56 0 0
tree 3496 1104 33 0 0
tree 3528 1104 33 0 0
tree 3576 1104 33 0 0
tree 3560 1104 41 0 0
tree 3704 1088 8 0 0
tree 3880 1096 31 0 0
tree 3880 1112 62 0 0
lay 200 1144 21 0 0
lay 312 1128 21 0 0
tree 680 1144 22 0 0
fre 676 1132 82 0 0
fre 820 1140 6 0 0
fre 828 1124 6 0 0
tree 920 1144 32 0 0
tree 904 1144 23 0 0
tree 936 1144 38 0 0
tree 2352 1120 34 0 0
tree 2368 1136 34 0 0
tree 2840 1144 8 0 0
tree 2856 1128 54 0 0
tree 2856 1144 14 0 0
tree 3000 1136 56 0 0
tree 3016 1136 48 0 0
tree 3048 1120 16 0 0
dom 3142 1144 1 0 0
tree 3592 1120 1 0 0
tree 3640 1136 0 0 0
tree 3672 1120 16 0 0
tree 3960 1128 48 0 0
tree 3960 1144 33 0 0
tree 3976 1144 56 0 0
tree 3992 1128 33 0 0
tree 4008 1128 33 0 0
tree 4008 1144 41 0 0
lay 408 1160 21 0 0
stand 544 1176 16 0 0
tree 680 1160 0 0 0
fre 836 1164 6 0 0
tree 920 1160 61 0 0
tree 920 1176 61 0 0
tree 952 1176 32 0 0
tree 936 1160 8 0 0
fre 980 1180 82 0 0
fre 1052 1156 82 0 0
tree 1080 1176 7 0 0
tree 1144 1176 46 0 0
tree 1128 1176 31 0 0
fre 1132 1156 82 0 0
tree 1160 1160 54 0 0
fre 1180 1172 82 0 0
trop 1380 1164 118 0 0
trop 1540 1180 124 0 0
trop 1608 1168 48 0 0
tree 2432 1152 24 0 0
tree 2808 1176 32 0 0
tree 2840 1160 14 0 0
tree 2888 1168 48 0 0
tree 2936 1168 0 0 0
tree 2920 1168 56 0 0
tree 2984 1152 1 0 0
trop 3234 1180 67 0 0
tree 3432 1152 0 0 0
zabor 240 1200 105 2 8
zabor 272 1200 104 2 8
zabor 304 1200 104 2 8
zabor 336 1200 105 2 8
zabor 368 1200 104 2 8
lay 408 1208 21 0 0
tree 592 1192 5 0 0
tree 920 1192 14 0 0
fre 900 1212 82 0 0
fre 948 1204 83 0 0
tree 1048 1192 32 0 0
tree 1032 1208 0 0 0
tree 1064 1192 14 0 0
fre 1092 1188 82 0 0
tree 1144 1208 53 0 0
tree 1128 1192 6 0 0
tree 1144 1192 31 0 0
fre 1228 1212 83 0 0
trop 1452 1188 116 0 0
zabor 1680 1200 28 0 8
zabor 1712 1200 24 0 8
zabor 1744 1200 34 0 9
zabor 1776 1200 28 0 8
fre 2876 1204 33 0 0
tree 2952 1200 0 0 0
tree 3112 1200 8 0 0
tree 3432 1200 16 0 0
tree 3640 1184 8 0 0
zabor 240 1232 104 2 8
zabor 368 1232 104 2 8
lay 392 1224 10 0 0
lay 472 1240 21 0 0
fre 796 1220 82 0 0
fre 844 1228 82 0 0
tree 1016 1224 7 0 0
tree 1016 1240 7 0 0
tree 1032 1224 0 0 0
tree 1144 1240 61 0 0
tree 1160 1224 6 0 0
zabor 1680 1232 31 0 8
zabor 1776 1232 29 0 8
stand 1858 1218 16 0 0
tree 1976 1224 24 0 0
tree 1976 1240 45 0 0
tree 1992 1240 38 0 0
tree 2024 1240 24 0 0
tree 2040 1240 30 0 0
tree 2168 1240 53 0 0
tree 2152 1240 15 0 0
tree 2616 1240 6 0 0
fre 2644 1244 82 0 0
tree 2824 1224 46 0 0
tree 2968 1216 16 0 0
tree 3000 1232 8 0 0
tree 3032 1232 0 0 0
tree 3096 1216 0 0 0
tree 3080 1216 24 0 0
tree 3112 1216 8 0 0
zabor 208 1264 104 2 8
zabor 240 1264 105 2 8
dom 288 1248 115 0 0
zabor 368 1264 105 2 8
zabor 400 1264 105 2 8
zabor 432 1264 105 2 8
zabor 464 1264 105 2 8
zabor 496 1264 105 2 8
zabor 528 1264 105 2 8
zabor 560 1264 104 2 8
zabor 592 1264 104 2 8
zabor 624 1264 113 2 9
tree 776 1272 31 0 0
fre 772 1260 82 0 0
fre 812 1252 82 0 0
fre 860 1252 82 0 0
fre 860 1260 82 0 0
tree 984 1272 54 0 0
fre 972 1260 83 0 0
tree 1016 1256 61 0 0
tree 1000 1256 54 0 0
tree 1144 1272 24 0 0
tree 1128 1272 53 0 0
tree 1144 1256 6 0 0
tree 1176 1272 61 0 0
trop 1608 1248 48 0 0
zabor 1680 1264 29 0 8
zabor 1776 1264 28 0 8
tree 2040 1272 8 0 0
tree 2120 1272 24 0 0
tree 2248 1256 15 0 0
tree 2616 1256 7 0 0
tree 2648 1256 24 0 0
fre 2652 1252 82 0 0
tree 2664 1256 22 0 0
tree 2808 1272 32 0 0
stand 3134 1248 26 0 0
trop 3202 1268 62 0 0
trop 3234 1268 67 0 0
trop 368 1306 127 0 0
trop 400 1306 127 0 0
trop 444 1300 115 0 0
trop 532 1300 115 0 0
trop 628 1300 124 0 0
fre 772 1284 82 0 0
fre 980 1284 83 0 0
tree 1032 1304 31 0 0
tree 1064 1288 8 0 0
tree 1096 1288 53 0 0
fre 1148 1300 83 0 0
zabor 1680 1296 31 0 8
zabor 1776 1296 26 0 8
dom 1818 1290 4 0 0
tree 2040 1288 31 0 0
stand 2098 1298 6 0 0
tree 2536 1304 8 0 0
tree 2568 1288 15 0 0
tree 2808 1304 30 0 0
fre 2812 1300 83 0 0
tree 3016 1304 45 0 0
trop 3178 1292 57 0 0
tree 3416 1296 16 0 0
tree 3400 1296 32 0 0
tree 3416 1280 24 0 0
tree 3480 1304 22 0 0
trop 296 1338 70 0 0
trop 352 1322 71 0 0
fre 1084 1316 83 0 0
fre 1092 1332 33 0 0
tree 1176 1336 16 0 0
tree 1192 1336 14 0 0
fre 1204 1340 83 0 0
tree 1240 1336 24 0 0
fre 1236 1340 83 0 0
tree 1256 1320 61 0 0
trop 1608 1312 48 0 0
zabor 1680 1328 31 0 8
zabor 1776 1328 24 0 8
stand 1890 1314 14 0 0
dom 1978 1322 5 0 0
trop 2126 1326 15 0 0
dom 2202 1322 9 0 0
tree 2280 1336 46 0 0
tree 2280 1320 6 0 0
tree 2296 1320 8 0 0
tree 2312 1320 62 0 0
tree 2344 1320 61 0 0
tree 2424 1320 30 0 0
fre 2420 1316 81 0 0
fre 2428 1332 81 0 0
fre 2428 1324 81 0 0
tree 2808 1336 23 0 0
tree 3016 1320 22 0 0
tree 3016 1336 45 0 0
trop 3114 1340 56 0 0
stand 3208 1336 42 0 0
tree 3432 1312 0 0 0
tree 3464 1320 32 0 0
tree 3480 1320 6 0 0
tree 3544 1328 8 0 0
tree 3528 1328 16 0 0
tree 3928 1336 41 0 0
stand 392 1352 56 0 0
trop 400 1346 117 0 0
tree 488 1352 30 0 0
tree 504 1368 23 0 0
lay 568 1352 21 0 0
zabor 624 1360 112 2 9
tree 1176 1368 38 0 0
tree 1176 1352 22 0 0
fre 1180 1348 83 0 0
tree 1208 1352 62 0 0
tree 1192 1368 6 0 0
tree 1224 1352 38 0 0
stand 1548 1364 11 0 0
zabor 1680 1360 25 0 8
zabor 1712 1360 30 0 8
zabor 1744 1360 29 0 8
zabor 1776 1360 24 0 8
trop 1806 1366 5 0 0
trop 1902 1366 5 0 0
stand 1906 1346 72 0 0
stand 2098 1346 0 0 0
stand 2130 1362 34 0 0
tree 2776 1368 54 0 0
fre 2788 1372 82 0 0
fre 2828 1372 35 0 0
tree 2984 1368 16 0 0
fre 2996 1356 81 0 0
tree 3016 1352 0 0 0
tree 3016 1368 32 0 0
fre 3012 1348 81 0 0
dom 3142 1368 5 0 0
trop 3234 1364 67 0 0
tree 3384 1368 23 0 0
tree 3400 1368 22 0 0
tree 3448 1344 32 0 0
tree 3480 1360 16 0 0
tree 3464 1360 8 0 0
tree 3560 1344 24 0 0
tree 3784 1368 41 0 0
tree 3800 1352 56 0 0
tree 3816 1352 48 0 0
zabor 624 1392 104 2 8
lay 680 1400 21 0 0
lay 920 1384 2 0 179
trop 980 1396 126 179 179
lay 1016 1384 3 0 179
tree 1336 1400 6 0 0
tree 1432 1400 54 0 0
trop 1608 1392 48 0 0
trop 1600 1384 115 0 0
trop 1692 1388 124 0 0
trop 1806 1390 125 0 0
trop 1894 1390 116 0 0
trop 1982 1390 115 0 0
trop 2078 1390 114 0 0
trop 2166 1390 113 0 0
trop 2254 1390 113 0 0
trop 2350 1390 114 0 0
tree 2792 1384 32 0 0
tree 2840 1384 0 0 0
tree 2824 1384 23 0 0
tree 2872 1400 30 0 0
fre 2900 1404 83 0 0
tree 3000 1400 31 0 0
tree 2984 1384 16 0 0
fre 3004 1404 81 0 0
fre 3004 1396 81 0 0
fre 2996 1396 81 0 0
tree 3032 1384 32 0 0
tree 3016 1384 6 0 0
fre 3012 1404 81 0 0
tree 3368 1400 6 0 0
tree 3368 1384 32 0 0
tree 3896 1384 41 0 0
tree 3912 1384 33 0 0
tree 3928 1400 15 0 0
tree 3944 1400 14 0 0
tree 3960 1400 61 0 0
tree 3992 1384 22 0 0
trop 272 1426 68 0 0
dom 256 1408 106 0 0
dom 356 1414 37 0 0
trop 424 1426 66 0 0
dom 480 1408 119 0 0
dom 576 1408 115 0 0
zabor 624 1424 104 2 8
lay 664 1432 21 0 0
cliff 1140 1420 18 179 179
tree 1336 1416 31 0 0
tree 1368 1432 53 0 0
lay 1356 1412 7 0 0
tree 1416 1416 8 0 0
trop 1520 1408 70 0 0
stand 1740 1428 18 1 0
trop 1870 1438 16 0 0
tree 2392 1432 32 0 0
trop 2420 1412 117 0 0
tree 2520 1432 54 0 0
fre 2772 1436 82 0 0
tree 2872 1432 32 0 0
tree 2904 1432 7 0 0
fre 2908 1428 83 0 0
fre 2884 1436 83 0 0
tree 2920 1416 62 0 0
trop 3066 1436 39 0 0
lay 3112 1432 10 0 0
trop 3260 1428 18 0 0
trop 3252 1428 18 0 0
tree 3688 1432 41 0 0
tree 3832 1432 23 0 0
tree 3832 1416 45 0 0
tree 3864 1416 31 0 0
tree 3880 1416 54 0 0
trop 240 1466 127 0 0
trop 232 1458 127 0 0
dom 480 1440 119 0 0
zabor 624 1456 104 2 8
lay 648 1448 21 0 0
cliff 884 1452 41 179 179
cliff 944 1440 15 179 179
cliff 1088 1456 15 179 179
tree 1096 1448 15 0 0
stand 1372 1444 9 1 0
lay 1356 1444 2 0 0
lay 1404 1460 5 0 0
tree 1564 1444 33 0 0
tree 1688 1448 30 0 0
tree 1704 1448 45 0 0
fre 2030 1446 12 0 0
trop 2054 1470 17 0 0
stand 2242 1442 72 0 0
tree 2376 1448 24 0 0
tree 2520 1448 0 0 0
fre 2524 1444 35 0 0
fre 2508 1460 81 0 0
tree 2568 1448 45 0 0
fre 2588 1460 81 0 0
fre 2564 1452 81 0 0
tree 2792 1448 30 0 0
fre 2796 1452 82 0 0
tree 3144 1464 45 0 0
fre 3196 1444 35 0 0
trop 3234 1452 67 0 0
tree 3672 1464 56 0 0
tree 3672 1448 56 0 0
tree 3736 1464 33 0 0
tree 3752 1464 1 0 0
tree 3800 1464 56 0 0
tree 3800 1448 56 0 0
tree 3832 1448 53 0 0
tree 3848 1464 0 0 0
fre 596 1484 82 0 0
zabor 624 1488 105 2 8
cliff 884 1484 39 179 179
tree 1288 1480 23 0 0
tree 1352 1496 24 0 0
trop 1472 1480 69 0 0
trop 1608 1472 48 0 0
dom 1818 1482 3 0 0
dom 2010 1482 6 0 0
trop 2078 1486 16 0 0
dom 2170 1482 8 0 0
stand 2210 1474 6 0 0
trop 2444 1492 68 0 0
fre 2532 1484 81 0 0
fre 2556 1476 81 0 0
fre 2564 1484 82 0 0
tree 2888 1480 23 0 0
fre 2892 1484 82 0 0
fre 2900 1476 82 0 0
dom 3142 1496 6 0 0
tree 3672 1480 56 0 0
tree 3784 1480 48 0 0
tree 3848 1480 6 0 0
trop 272 1514 68 0 0
trop 424 1514 65 0 0
fre 484 1524 82 0 0
fre 596 1532 82 0 0
zabor 624 1520 104 2 8
cliff 884 1516 39 179 179
tree 888 1528 22 0 0
tree 872 1528 14 0 0
tree 1304 1528 15 0 0
trop 1400 1520 70 0 0
trop 1440 1512 70 0 0
stand 1644 1524 35 0 0
tree 2088 1512 45 0 0
tree 2104 1512 6 0 0
trop 2444 1516 67 0 0
tree 2552 1512 62 0 0
fre 2556 1516 81 0 0
fre 2540 1524 82 0 0
fre 2564 1516 81 0 0
dom 2982 1528 59 0 0
trop 3058 1524 65 0 0
trop 3300 1516 22 0 0
tree 3432 1528 23 0 0
tree 3464 1512 61 0 0
tree 3480 1512 38 0 0
tree 3672 1528 14 0 0
tree 3688 1528 14 0 0
dom 356 1542 37 0 0
tree 504 1544 24 0 0
tree 584 1560 38 0 0
tree 600 1560 16 0 0
lay 632 1560 21 0 0
zabor 624 1552 104 2 8
fre 668 1540 82 0 0
fre 852 1564 82 0 0
tree 872 1560 23 0 0
fre 932 1548 82 0 0
fre 972 1540 82 0 0
fre 1012 1548 82 0 0
fre 1076 1556 82 0 0
tree 1288 1544 16 0 0
lay 1308 1556 3 0 0
stand 1340 1540 19 0 0
vor 1320 1544 40 0 0
tree 1452 1556 0 0 0
trop 1608 1552 48 0 0
tree 1688 1544 38 0 0
tree 1704 1544 24 0 0
stand 1778 1538 8 0 0
fre 1998 1566 11 0 0
zabor 2096 1552 30 0 8
zabor 2128 1552 24 0 8
zabor 2160 1552 31 0 8
zabor 2192 1552 25 0 8
zabor 2224 1552 28 0 8
fre 2286 1566 13 0 0
tree 2280 1560 7 0 0
tree 2520 1544 23 0 0
tree 2504 1560 0 0 0
fre 2524 1540 81 0 0
fre 2516 1556 81 0 0
fre 2500 1564 81 0 0
fre 2516 1540 82 0 0
fre 2540 1548 81 0 0
fre 2548 1564 82 0 0
dom 2694 1560 58 0 0
dom 2790 1560 60 0 0
trop 3234 1540 65 0 0
tree 3416 1560 23 0 0
tree 3432 1560 46 0 0
tree 3672 1560 6 0 0
tree 3688 1544 61 0 0
tree 3752 1560 32 0 0
trop 272 1570 121 0 0
trop 440 1570 126 0 0
tree 504 1576 0 0 0
fre 572 1572 82 0 0
tree 600 1576 15 0 0
tree 600 1592 0 0 0
fre 604 1588 82 0 0
zabor 624 1584 104 2 8
lay 664 1592 21 0 0
lay 664 1576 21 0 0
lay 696 1576 21 0 0
cliff 884 1580 39 179 179
tree 872 1576 15 0 0
fre 868 1580 82 0 0
cliff 1204 1580 11 179 179
trop 1360 1584 69 0 0
trop 1424 1568 68 0 0
vor 1464 1568 1 0 0
tree 1676 1572 42 0 0
zabor 1904 1584 27 0 8
zabor 1936 1584 27 0 8
zabor 1968 1584 27 0 8
zabor 2000 1584 29 0 8
zabor 2032 1584 24 0 8
zabor 2096 1584 28 0 8
fre 2166 1598 12 0 0
zabor 2224 1584 25 0 8
fre 2286 1598 13 0 0
fre 2286 1582 12 0 0
trop 2468 1588 118 0 0
fre 2508 1572 81 0 0
stand 2616 1592 58 0 0
stand 2888 1576 24 0 0
tree 3384 1576 38 0 0
tree 3416 1576 38 0 0
tree 3688 1592 31 0 0
tree 3736 1576 6 0 0
tree 3720 1576 0 0 0
trop 248 1610 127 0 0
dom 224 1600 95 0 0
trop 296 1626 118 0 0
stand 328 1624 58 0 0
stand 392 1624 56 0 0
trop 424 1610 66 0 0
lay 584 1624 18 0 0
zabor 624 1616 104 2 8
tree 856 1624 61 0 0
tree 872 1608 14 0 0
fre 900 1604 82 0 0
tree 1112 1624 16 0 0
trop 1304 1624 70 0 0
lay 1388 1604 20 0 0
lay 1452 1604 21 0 0
tree 1688 1624 8 0 0
tree 1672 1624 16 0 0
zabor 1904 1616 28 0 8
fre 2030 1630 11 0 0
zabor 2032 1616 29 0 8
tree 2056 1624 62 0 0
tree 2056 1608 8 0 0
zabor 2096 1616 29 0 8
stand 2210 1618 16 0 0
fre 2388 1620 83 0 0
trop 2540 1612 116 0 0
trop 2572 1612 125 0 0
trop 2650 1612 114 0 0
trop 2746 1612 114 0 0
trop 2826 1612 114 0 0
trop 2914 1612 114 0 0
trop 3002 1612 114 0 0
trop 3058 1612 67 0 0
tree 3096 1608 31 0 0
tree 3128 1624 22 0 0
tree 3112 1608 24 0 0
fre 3132 1620 81 0 0
stand 3166 1600 72 0 0
dom 3296 1600 2 0 0
tree 3656 1624 56 0 0
trop 352 1650 71 0 0
tree 504 1656 14 0 0
lay 600 1656 21 0 0
zabor 624 1648 105 2 8
cliff 884 1644 39 179 179
fre 1084 1644 82 0 0
trop 1424 1640 67 0 0
trop 1608 1632 48 0 0
tree 1880 1640 16 0 0
tree 1864 1656 38 0 0
zabor 1904 1648 31 0 8
fre 1934 1662 11 0 0
fre 1966 1662 12 0 0
zabor 2032 1648 29 0 8
tree 2072 1640 61 0 0
zabor 2096 1648 25 0 8
zabor 2128 1648 38 0 9
zabor 2160 1648 36 0 9
dom 2266 1642 10 0 0
tree 2408 1656 53 0 0
tree 2408 1640 38 0 0
tree 2424 1640 54 0 0
tree 2424 1656 15 0 0
tree 2440 1656 0 0 0
dom 2566 1656 43 0 0
trop 2706 1660 67 0 0
stand 2776 1640 24 0 0
dom 2886 1656 58 0 0
dom 3110 1656 43 0 0
fre 3132 1636 81 0 0
fre 3188 1636 81 0 0
stand 3208 1656 42 0 0
trop 3234 1636 65 0 0
tree 3640 1656 33 0 0
trop 392 1666 117 0 0
tree 488 1672 38 0 0
tree 488 1688 45 0 0
dom 544 1664 110 0 0
zabor 624 1680 104 2 8
fre 860 1668 82 0 0
tree 1660 1684 42 0 0
tree 1660 1668 42 0 0
lay 1692 1684 21 0 0
zabor 1904 1680 25 0 8
zabor 1936 1680 24 0 8
zabor 1968 1680 31 0 8
zabor 2000 1680 28 0 8
zabor 2032 1680 38 0 9
tree 2120 1688 54 0 0
tree 2136 1688 31 0 0
tree 2152 1688 15 0 0
tree 2168 1688 45 0 0
tree 2296 1688 45 0 0
tree 2376 1688 6 0 0
tree 2392 1672 23 0 0
fre 2380 1692 83 0 0
fre 2412 1668 83 0 0
dom 3014 1688 61 0 0
trop 3244 1684 16 0 0
tree 3544 1688 56 0 0
tree 3560 1688 1 0 0
tree 3560 1672 41 0 0
tree 3592 1688 1 0 0
tree 3640 1672 41 0 0
tree 3784 1688 32 0 0
tree 3800 1688 46 0 0
tree 3816 1688 53 0 0
tree 3848 1688 0 0 0
tree 3864 1688 53 0 0
tree 152 1720 23 0 0
tree 312 1720 23 0 0
tree 328 1720 54 0 0
fre 364 1708 35 0 0
fre 372 1708 81 0 0
trop 424 1698 67 0 0
zabor 624 1712 104 2 8
lay 648 1704 18 0 0
fre 708 1700 82 0 0
cliff 884 1708 39 179 179
tree 888 1720 38 0 0
trop 1288 1704 68 0 0
vor 1472 1712 16 0 0
trop 1608 1712 48 0 0
lay 1724 1700 21 0 0
tree 1864 1720 45 0 0
tree 1880 1720 61 0 0
tree 2072 1704 53 0 0
tree 2200 1704 16 0 0
tree 2296 1704 8 0 0
tree 2312 1704 46 0 0
tree 2312 1720 14 0 0
tree 2344 1720 30 0 0
tree 2360 1704 16 0 0
tree 2376 1704 23 0 0
tree 2520 1720 30 0 0
fre 2524 1716 83 0 0
trop 2706 1700 67 0 0
dom 2758 1720 60 0 0
trop 3018 1700 30 0 0
trop 3058 1708 67 0 0
tree 3416 1720 46 0 0
tree 3432 1720 45 0 0
tree 3496 1720 8 0 0
tree 3512 1704 8 0 0
tree 3512 1720 16 0 0
tree 3528 1720 23 0 0
tree 3752 1704 38 0 0
tree 3768 1704 22 0 0
tree 3832 1704 24 0 0
tree 3960 1720 22 0 0
tree 3976 1720 54 0 0
tree 3992 1720 16 0 0
tree 3992 1704 54 0 0
tree 152 1736 61 0 0
tree 168 1752 62 0 0
tree 200 1752 45 0 0
tree 504 1736 16 0 0
lay 568 1736 19 0 0
zabor 624 1744 105 2 8
fre 668 1732 82 0 0
cliff 884 1740 39 179 179
fre 900 1740 82 0 0
fre 948 1756 82 0 0
vor 1240 1728 41 0 0
trop 1424 1728 68 0 0
lay 1724 1748 20 0 0
lay 1772 1748 20 0 0
tree 1816 1736 53 0 0
tree 1928 1752 8 0 0
tree 1960 1752 30 0 0
tree 1992 1752 53 0 0
tree 2008 1752 46 0 0
tree 2136 1736 31 0 0
tree 2296 1736 45 0 0
tree 2296 1752 38 0 0
tree 2360 1736 0 0 0
fre 2364 1732 83 0 0
tree 2376 1752 53 0 0
trop 2698 1740 67 0 0
trop 3162 1756 17 0 0
trop 3234 1732 65 0 0
tree 3288 1736 32 0 0
tree 3320 1736 33 0 0
tree 3336 1736 1 0 0
tree 3352 1736 1 0 0
tree 3576 1736 45 0 0
tree 3592 1736 8 0 0
tree 3624 1736 53 0 0
dom 256 1760 110 0 0
tree 360 1768 46 0 0
trop 420 1788 122 0 0
zabor 624 1776 105 2 8
vor 756 1788 90 179 179
cliff 916 1772 35 179 179
tree 920 1784 6 0 0
tree 936 1784 8 0 0
fre 956 1788 82 0 0
lay 988 1764 3 0 0
lay 1020 1764 12 0 0
trop 1264 1784 69 0 0
vor 1352 1760 48 0 0
tree 1724 1780 1 0 0
tree 1708 1780 56 0 0
tree 1896 1768 31 0 0
tree 2136 1784 22 0 0
tree 2200 1784 0 0 0
tree 2216 1784 62 0 0
tree 2280 1768 31 0 0
tree 2680 1768 45 0 0
tree 2664 1768 24 0 0
tree 2664 1784 0 0 0
dom 2918 1784 57 0 0
dom 3142 1784 42 0 0
zabor 3280 1776 104 2 8
zabor 3312 1776 105 2 8
zabor 3344 1776 105 2 8
zabor 3376 1776 104 2 8
zabor 3408 1776 105 2 8
zabor 3440 1776 104 2 8
zabor 3472 1776 104 2 8
zabor 3504 1776 104 2 8
zabor 3536 1776 105 2 8
zabor 3568 1776 105 2 8
zabor 3600 1776 104 2 8
zabor 3632 1776 104 2 8
zabor 3664 1776 104 2 8
zabor 3696 1776 104 2 8
zabor 3728 1776 104 2 8
zabor 3760 1776 105 2 8
zabor 3792 1776 104 2 8
zabor 3824 1776 105 2 8
zabor 3856 1776 105 2 8
zabor 3888 1776 105 2 8
zabor 3920 1776 105 2 8
zabor 3952 1776 104 2 8
zabor 3984 1776 104 2 8
tree 200 1816 45 0 0
tree 360 1800 45 0 0
fre 396 1804 81 0 0
zabor 624 1808 104 2 8
fre 652 1812 82 0 0
fre 772 1804 81 0 0
trop 1064 1816 125 0 0
trop 1112 1808 113 0 0
trop 1192 1808 113 0 0
trop 1424 1808 68 0 0
tree 1484 1796 1 0 0
trop 1608 1792 48 0 0
tree 1724 1812 41 0 0
tree 1708 1796 48 0 0
tree 2024 1800 24 0 0
tree 2024 1816 23 0 0
fre 2372 1804 36 0 0
dom 2758 1816 42 0 0
stand 3032 1816 28 0 0
trop 3018 1804 33 0 0
trop 3058 1804 67 0 0
zabor 3280 1808 104 2 8
stand 3336 1816 3 0 0
stand 3592 1800 9 0 0
stand 3864 1800 59 0 179
zabor 368 1840 112 2 9
zabor 464 1840 104 2 8
zabor 496 1840 112 2 9
dom 544 1824 115 0 0
zabor 624 1840 104 2 8
lay 664 1832 19 0 0
cliff 980 1836 32 179 179
trop 1200 1824 70 0 0
vor 1312 1824 33 0 0
lay 1356 1844 22 0 0
vor 1384 1824 8 0 0
stand 1484 1828 19 1 0
tree 1724 1844 33 0 0
tree 1708 1844 33 0 0
tree 1740 1844 41 0 0
tree 1880 1848 6 0 0
tree 1896 1848 61 0 0
tree 1912 1832 32 0 0
tree 2040 1832 0 0 0
tree 2616 1832 53 0 0
fre 2612 1828 82 0 0
fre 2620 1836 82 0 0
fre 2604 1844 82 0 0
trop 2698 1836 67 0 0
tree 3096 1848 45 0 0
trop 3234 1828 65 0 0
zabor 3280 1840 104 2 8
lay 136 1864 18 0 0
lay 168 1864 21 0 0
lay 200 1880 20 0 0
lay 232 1864 20 0 0
dom 288 1856 115 0 0
zabor 368 1872 112 2 9
lay 392 1864 9 0 0
fre 388 1860 81 0 0
zabor 464 1872 105 2 8
lay 536 1880 21 0 0
zabor 624 1872 105 2 8
lay 680 1880 21 0 0
tree 1004 1876 56 0 0
stand 1132 1876 18 0 0
lay 1260 1860 19 0 0
stand 1292 1876 17 1 0
trop 1608 1872 48 0 0
tree 1676 1876 1 0 0
tree 1692 1860 48 0 0
vor 1796 1876 8 0 0
tree 1864 1864 15 0 0
tree 1896 1864 8 0 0
fre 1956 1860 35 0 0
tree 2120 1864 7 0 0
trop 2778 1868 36 0 0
trop 2786 1876 36 0 0
tree 2872 1864 45 0 0
tree 2872 1880 46 0 0
tree 2856 1880 24 0 0
fre 2868 1868 83 0 0
tree 2888 1864 22 0 0
fre 2900 1884 83 0 0
fre 2908 1884 83 0 0
zabor 3280 1872 105 2 8
stand 3416 1864 99 0 0
dom 3552 1856 98 0 0
zabor 112 1904 105 2 8
zabor 144 1904 104 2 8
zabor 176 1904 104 2 8
zabor 208 1904 105 2 8
lay 232 1912 18 0 0
zabor 240 1904 104 2 8
zabor 272 1904 105 2 8
zabor 304 1904 105 2 8
zabor 336 1904 104 2 8
zabor 368 1904 104 2 8
zabor 464 1904 105 2 8
zabor 496 1904 104 2 8
zabor 528 1904 105 2 8
zabor 560 1904 104 2 8
zabor 592 1904 105 2 8
zabor 624 1904 104 2 8
lay 680 1912 12 0 0
lay 680 1896 21 0 0
tree 892 1892 56 0 0
trop 1176 1912 67 0 0
trop 1176 1888 67 0 0
trop 1424 1888 68 0 0
dom 1780 1900 36 0 0
tree 2216 1912 8 0 0
tree 2360 1912 30 0 0
fre 2380 1908 82 0 0
dom 2598 1912 5 0 0
trop 2778 1900 36 0 0
dom 2822 1912 43 0 0
dom 2982 1912 59 0 0
trop 3058 1900 67 0 0
dom 3174 1912 61 0 0
trop 3234 1916 66 0 0
zabor 3280 1904 105 2 8
dom 3712 1888 84 0 0
dom 3776 1888 84 0 0
dom 3840 1888 84 0 0
dom 3904 1888 84 0 0
lay 168 1944 20 0 0
lay 200 1944 20 0 0
lay 360 1944 20 0 0
lay 472 1944 9 0 0
fre 452 1948 81 0 0
lay 632 1928 20 0 0
lay 616 1944 20 0 0
lay 680 1944 22 0 0
tree 1020 1940 48 0 0
stand 1580 1924 19 0 0
lay 1852 1940 18 0 0
vor 1876 1924 8 0 0
tree 2344 1928 38 0 0
fre 2340 1948 82 0 0
fre 2340 1924 82 0 0
trop 2690 1940 67 0 0
dom 2758 1944 60 0 0
trop 2786 1932 36 0 0
tree 3096 1928 62 0 0
tree 3096 1944 32 0 0
trop 3236 1948 122 0 0
zabor 3280 1936 105 2 8
lay 536 1976 20 0 0
lay 568 1960 20 0 0
lay 552 1960 20 0 0
lay 648 1960 20 0 0
lay 664 1960 20 0 0
tree 1004 1972 48 0 0
cliff 1364 1964 11 179 179
trop 1424 1976 67 0 0
trop 1608 1952 48 0 0
stand 1816 1976 99 0 0
lay 2558 1952 4 0 0
stand 2664 1976 58 0 0
trop 3082 1980 118 0 0
zabor 3280 1968 104 2 8
dom 3584 1952 80 0 0
trop 3692 1964 127 0 0
most 3680 1952 12 0 179
trop 3748 1964 127 0 0
trop 3828 1964 127 0 0
trop 3860 1964 127 0 0
most 3872 1952 12 0 179
fre 548 1988 81 0 0
dom 1108 1996 11 0 0
trop 1176 1992 67 0 0
stand 1596 2004 22 0 0
stand 1800 2008 99 0 0
tree 2344 2008 30 0 0
trop 2516 2004 125 0 0
trop 2610 1996 115 0 0
trop 2698 1996 115 0 0
trop 2786 1996 115 0 0
trop 2874 1996 116 0 0
trop 2962 1996 115 0 0
trop 3050 1996 115 0 0
trop 3130 1996 115 0 0
trop 3204 1996 124 0 0
zabor 3280 2000 104 2 8
dom 3424 1984 97 0 0
trop 3476 2012 126 0 0
most 3680 1984 12 0 179
most 3872 1984 12 0 179
tree 360 2040 62 0 0
tree 444 2046 51 0 0
tree 460 2046 52 0 0
stand 1276 2020 17 1 0
tree 1308 2036 1 0 0
tree 1468 2020 33 0 0
vor 1540 2036 16 0 0
dom 1728 2016 105 1 179
dom 1920 2016 105 2 179
vor 2028 2028 16 0 0
tree 2280 2040 7 0 0
tree 2328 2024 38 0 0
fre 2324 2036 82 0 0
stand 2680 2040 24 0 0
dom 2758 2040 7 0 0
trop 2866 2044 66 0 0
dom 2982 2040 58 0 0
trop 3026 2036 59 0 0
dom 3142 2040 7 0 0
zabor 3280 2032 104 2 8
trop 3388 2020 127 0 0
trop 3548 2028 127 0 0
tree 152 2056 61 0 0
tree 136 2056 46 0 0
tree 168 2072 54 0 0
tree 184 2072 31 0 0
tree 184 2056 54 0 0
tree 444 2062 18 0 0
tree 428 2062 51 0 0
cliff 484 2054 6 179 179
fre 636 2052 81 0 0
fre 668 2068 81 0 0
tree 1084 2068 48 0 0
tree 1084 2052 41 0 0
trop 1184 2072 38 0 0
stand 1228 2068 11 0 0
tree 1292 2068 1 0 0
cliff 1364 2060 10 179 179
trop 1424 2064 67 0 0
vor 1716 2076 8 0 0
vor 1860 2052 8 0 0
tree 2264 2072 22 0 0
tree 2264 2056 15 0 0
tree 2280 2056 22 0 0
fre 2364 2068 82 0 0
fre 2380 2076 82 0 0
tree 2584 2072 16 0 0
fre 2580 2076 81 0 0
fre 2564 2076 81 0 0
fre 2580 2060 81 0 0
tree 2600 2072 23 0 0
tree 2632 2072 8 0 0
fre 2652 2068 81 0 0
fre 2644 2068 81 0 0
trop 2866 2068 66 0 0
zabor 3280 2064 105 2 8
fre 596 2092 81 0 0
tree 636 2110 5 0 0
tree 636 2094 60 0 0
fre 660 2100 81 0 0
tree 1084 2100 33 0 0
tree 1292 2100 1 0 0
vor 1772 2084 8 0 0
tree 2424 2088 61 0 0
fre 2412 2092 82 0 0
fre 2420 2108 82 0 0
fre 2612 2084 81 0 0
tree 2712 2104 24 0 0
stand 3016 2088 56 0 0
trop 3042 2084 66 0 0
stand 3118 2096 33 0 0
zabor 3280 2096 113 2 9
dom 3648 2080 111 0 179
dom 3776 2080 84 0 179
dom 3840 2080 84 0 0
dom 3904 2080 84 0 0
cliff 484 2118 3 179 179
trop 568 2122 123 0 0
tree 636 2126 35 0 0
tree 1068 2132 56 0 0
tree 1292 2116 41 0 0
cliff 1364 2124 10 179 179
tree 1500 2116 1 0 0
vor 1540 2124 16 0 0
vor 1668 2132 8 0 0
vor 1972 2116 16 0 0
fre 2268 2132 82 0 0
tree 2712 2120 16 0 0
trop 2866 2124 65 0 0
dom 2982 2136 61 0 0
trop 3098 2116 118 0 0
trop 3170 2140 114 0 0
trop 3276 2140 124 0 0
tree 636 2158 25 0 0
tree 1052 2164 56 0 0
tree 1068 2148 41 0 0
dom 1140 2156 11 0 0
trop 1192 2144 60 0 0
tree 1292 2164 1 0 0
trop 1424 2152 67 0 0
vor 1496 2144 8 0 0
dom 1632 2144 105 1 179
vor 1748 2156 89 179 179
tree 1916 2148 50 0 0
tree 1932 2164 13 0 0
fre 2324 2164 82 0 0
tree 2776 2168 16 0 0
tree 2792 2168 54 0 0
trop 3042 2148 66 0 0
zabor 3600 2160 104 2 8
zabor 3632 2160 104 2 8
zabor 3664 2160 105 2 8
zabor 3696 2160 105 2 8
zabor 3728 2160 105 2 8
zabor 3760 2160 105 2 8
zabor 3792 2160 104 2 8
zabor 3824 2160 105 2 8
zabor 3856 2160 105 2 8
zabor 3888 2160 104 2 8
zabor 3920 2160 104 2 8
zabor 3952 2160 113 2 9
zabor 3984 2160 112 2 9
zabor 4016 2160 105 2 8
zabor 4048 2160 113 2 9
tree 856 2200 14 0 0
tree 872 2184 32 0 0
tree 872 2200 15 0 0
tree 1052 2196 41 0 0
tree 1036 2196 41 0 0
tree 1036 2180 1 0 0
tree 1068 2196 48 0 0
tree 1308 2180 41 0 0
tree 1292 2180 1 0 0
cliff 1364 2188 11 179 179
vor 1676 2196 16 0 0
lay 1964 2196 22 0 0
tree 2312 2200 53 0 0
tree 2328 2200 24 0 0
tree 2472 2200 30 0 0
fre 2748 2188 81 0 0
fre 2748 2204 81 0 0
tree 2776 2184 38 0 0
tree 2760 2184 7 0 0
fre 2764 2188 81 0 0
stand 2904 2184 58 0 0
trop 2890 2196 118 0 0
trop 3042 2180 65 0 0
zabor 3152 2192 105 2 8
zabor 3184 2192 105 2 8
stand 3400 2184 46 0 0
zabor 3600 2192 113 2 9
zabor 3632 2192 112 2 9
trop 568 2218 67 0 0
tree 648 2232 8 0 0
tree 840 2216 8 0 0
tree 1084 2212 48 0 0
trop 1200 2232 68 0 0
dom 1556 2220 36 0 0
vor 1836 2220 17 0 0
fre 2356 2212 82 0 0
fre 2380 2212 82 0 0
tree 2472 2216 16 0 0
fre 2500 2236 82 0 0
tree 2568 2232 7 0 0
tree 2680 2216 0 0 0
tree 2680 2232 6 0 0
tree 2712 2216 14 0 0
tree 2696 2216 53 0 0
fre 2708 2228 82 0 0
fre 2700 2212 81 0 0
tree 2840 2232 45 0 0
tree 2856 2232 53 0 0
tree 2872 2232 24 0 0
trop 2970 2220 116 0 0
trop 3010 2220 116 0 0
trop 3036 2228 126 0 0
trop 3052 2212 126 0 0
zabor 3152 2224 104 2 8
zabor 3184 2224 112 2 9
zabor 3600 2224 104 2 8
tree 3640 2232 41 0 0
tree 3672 2232 56 0 0
tree 184 2264 46 0 0
tree 632 2248 32 0 0
tree 940 2260 2 0 0
tree 988 2260 11 0 0
tree 1020 2260 48 0 0
tree 1004 2244 33 0 0
tree 1292 2260 41 0 0
tree 1308 2244 35 0 0
cliff 1332 2252 7 179 179
trop 1424 2240 67 0 0
stand 1468 2260 18 0 0
fre 2476 2268 82 0 0
fre 2516 2252 82 0 0
fre 2516 2260 82 0 0
tree 2552 2264 32 0 0
tree 2536 2264 22 0 0
tree 2552 2248 14 0 0
tree 2568 2248 16 0 0
tree 2616 2264 45 0 0
tree 2632 2248 24 0 0
tree 2664 2248 6 0 0
zabor 3152 2256 105 2 8
stand 3192 2248 17 0 0
trop 3412 2244 50 0 0
zabor 3600 2256 104 2 8
tree 460 2286 40 0 0
cliff 484 2278 13 179 179
tree 632 2296 46 0 0
tree 632 2280 22 0 0
tree 760 2296 31 0 0
tree 776 2280 61 0 0
tree 808 2280 14 0 0
tree 1020 2276 56 0 0
tree 1116 2276 1 0 0
tree 1132 2276 56 0 0
cliff 1300 2284 4 179 179
lay 1372 2292 8 0 0
stand 1372 2276 75 1 0
trop 1420 2300 122 0 0
vor 1668 2284 33 0 0
trop 1776 2288 114 0 0
trop 1856 2288 124 0 0
tree 2120 2296 22 0 0
tree 2136 2296 53 0 0
tree 2152 2296 22 0 0
fre 2348 2276 82 0 0
tree 2392 2296 61 0 0
tree 2424 2296 30 0 0
fre 2444 2292 82 0 0
fre 2516 2292 82 0 0
tree 2600 2280 61 0 0
fre 2612 2292 82 0 0
fre 2668 2276 35 0 0
tree 2664 2296 54 0 0
fre 2740 2292 81 0 0
tree 2952 2280 61 0 0
tree 2968 2280 38 0 0
tree 2984 2280 7 0 0
trop 3044 2276 126 0 0
zabor 3152 2288 105 2 8
dom 3328 2272 95 0 0
trop 3340 2276 35 0 0
zabor 3568 2288 112 2 9
zabor 3600 2288 105 2 8
tree 3704 2296 1 0 0
tree 3752 2280 56 0 0
tree 3752 2296 48 0 0
trop 568 2314 68 0 0
tree 956 2308 41 0 0
tree 940 2308 27 0 0
tree 1000 2328 32 0 0
tree 1016 2328 16 0 0
tree 1036 2308 41 0 0
trop 1200 2312 122 0 0
tree 1260 2324 41 0 0
lay 1340 2308 9 0 0
tree 1560 2328 16 0 0
tree 1576 2328 15 0 0
trop 1724 2316 70 0 0
tree 2088 2312 15 0 0
tree 2104 2312 46 0 0
tree 2136 2312 16 0 0
tree 2168 2328 7 0 0
tree 2184 2312 53 0 0
zabor 2224 2320 33 0 9
tree 2360 2312 45 0 0
tree 2376 2312 32 0 0
tree 2472 2312 32 0 0
tree 2488 2312 62 0 0
tree 2520 2312 7 0 0
fre 2516 2316 82 0 0
tree 2552 2328 31 0 0
tree 2760 2328 53 0 0
fre 2764 2324 81 0 0
fre 2756 2316 81 0 0
tree 2968 2312 0 0 0
tree 2968 2328 30 0 0
fre 2948 2332 81 0 0
fre 2972 2324 81 0 0
zabor 3152 2320 104 2 8
trop 3340 2316 36 0 0
trop 3404 2324 48 0 0
tree 3656 2312 14 0 0
tree 3816 2328 31 0 0
tree 3976 2328 22 0 0
tree 280 2344 22 0 0
tree 296 2344 30 0 0
tree 668 2366 51 0 0
tree 668 2350 52 0 0
tree 652 2350 9 0 0
tree 940 2356 1 0 0
tree 940 2340 33 0 0
tree 1244 2356 56 0 0
cliff 1268 2348 3 179 179
tree 1496 2360 62 0 0
tree 1512 2360 38 0 0
tree 1560 2344 22 0 0
tree 1656 2344 53 0 0
vor 1672 2352 17 0 0
tree 1832 2344 53 0 0
tree 1832 2360 53 0 0
zabor 1872 2352 35 0 9
zabor 1904 2352 30 0 8
zabor 1936 2352 28 0 8
zabor 1968 2352 29 0 8
zabor 2000 2352 25 0 8
zabor 2032 2352 25 0 8
zabor 2064 2352 28 0 8
zabor 2096 2352 29 0 8
zabor 2128 2352 26 0 8
zabor 2160 2352 25 0 8
zabor 2192 2352 24 0 8
zabor 2224 2352 29 0 8
zabor 2256 2352 34 0 9
zabor 2288 2352 32 0 9
zabor 2320 2352 37 0 9
zabor 2352 2352 30 0 8
zabor 2384 2352 30 0 8
zabor 2416 2352 28 0 8
zabor 2448 2352 31 0 8
zabor 2512 2352 24 0 8
zabor 2544 2352 39 0 9
tree 2632 2360 45 0 0
tree 2712 2360 0 0 0
fre 2700 2356 82 0 0
fre 2772 2340 82 0 0
fre 2764 2348 82 0 0
fre 2996 2348 81 0 0
zabor 3152 2352 104 2 8
stand 3176 2344 48 0 179
tree 3544 2360 56 0 0
tree 3528 2360 48 0 0
tree 3576 2344 41 0 0
tree 3800 2360 22 0 0
tree 3960 2360 14 0 0
tree 3960 2344 22 0 0
tree 520 2392 30 0 0
trop 592 2386 118 0 0
tree 956 2372 56 0 0
tree 940 2372 1 0 0
tree 1004 2388 33 0 0
stand 1052 2388 2 1 0
tree 1052 2388 1 0 0
lay 1404 2388 20 0 0
trop 1700 2396 67 0 0
tree 1800 2392 53 0 0
tree 1816 2392 15 0 0
zabor 1872 2384 25 0 8
zabor 2352 2384 39 0 9
zabor 2384 2384 32 0 9
zabor 2512 2384 35 0 9
zabor 2544 2384 31 0 8
tree 2648 2376 61 0 0
fre 2644 2388 82 0 0
tree 2680 2376 15 0 0
tree 2696 2376 30 0 0
fre 2692 2380 82 0 0
tree 2728 2392 16 0 0
fre 2724 2372 82 0 0
dom 2918 2396 44 0 0
trop 3036 2380 126 0 0
zabor 3152 2384 105 2 8
trop 3340 2388 36 0 0
tree 3528 2376 56 0 0
tree 3528 2392 48 0 0
tree 3624 2392 1 0 0
tree 3640 2392 56 0 0
tree 3656 2392 56 0 0
tree 3672 2376 56 0 0
tree 3688 2376 41 0 0
tree 3720 2376 53 0 0
tree 3736 2376 61 0 0
tree 3768 2392 62 0 0
tree 3800 2376 22 0 0
tree 3784 2392 32 0 0
tree 3800 2392 16 0 0
tree 3848 2392 56 0 0
zabor 3888 2384 28 0 8
zabor 3952 2384 27 0 8
tree 3960 2392 23 0 0
tree 536 2408 54 0 0
trop 660 2428 117 0 0
tree 712 2408 16 0 0
tree 728 2408 8 0 0
lay 972 2404 6 0 0
cliff 1076 2412 27 179 179
cliff 1204 2412 49 179 179
lay 1372 2404 21 0 0
vor 1400 2424 8 0 0
tree 1768 2424 7 0 0
tree 1800 2408 22 0 0
tree 1816 2424 45 0 0
tree 1832 2408 8 0 0
tree 1848 2424 62 0 0
tree 1848 2408 6 0 0
zabor 1872 2416 31 0 8
zabor 2544 2416 30 0 8
zabor 3152 2416 104 2 8
trop 3404 2404 48 0 0
tree 3512 2408 48 0 0
stand 3550 2404 71 1 0
lay 3566 2404 5 0 0
zabor 3632 2416 30 0 8
zabor 3664 2416 24 0 8
zabor 3696 2416 27 0 8
zabor 3728 2416 31 0 8
zabor 3760 2416 25 0 8
zabor 3792 2416 25 0 8
zabor 3824 2416 24 0 8
zabor 3856 2416 30 0 8
zabor 3888 2416 30 0 8
zabor 3952 2416 27 0 8
zabor 3984 2416 26 0 8
tree 536 2440 22 0 0
tree 556 2462 37 0 0
tree 600 2456 38 0 0
lay 636 2462 9 0 0
lay 620 2446 8 0 0
lay 620 2462 8 0 0
tree 776 2440 16 0 0
tree 936 2456 32 0 0
fre 956 2460 82 0 0
lay 1004 2436 7 0 0
lay 1164 2452 3 0 0
trop 1208 2432 123 0 0
stand 1260 2452 68 1 0
lay 1340 2436 21 0 0
lay 1388 2452 20 0 0
tree 1656 2456 1 0 0
tree 1672 2440 53 0 0
tree 1768 2440 45 0 0
tree 1768 2456 22 0 0
tree 1816 2456 30 0 0
tree 1848 2440 62 0 0
tree 1848 2456 15 0 0
zabor 1872 2448 24 0 8
tree 1864 2456 62 0 0
tree 1864 2440 24 0 0
zabor 2544 2448 26 0 8
tree 2728 2456 32 0 0
zabor 3152 2448 104 2 8
dom 3328 2432 106 0 0
trop 3340 2436 35 0 0
fre 3498 2440 22 0 0
stand 3566 2436 75 1 0
zabor 3888 2448 26 0 8
zabor 3952 2448 30 0 8
tree 572 2478 60 0 0
tree 588 2494 29 0 0
trop 684 2492 68 0 0
tree 744 2472 62 0 0
tree 968 2472 30 0 0
fre 988 2476 82 0 0
tree 1000 2488 24 0 0
tree 1000 2472 15 0 0
tree 1656 2472 56 0 0
tree 1656 2488 41 0 0
trop 1708 2484 67 0 0
tree 1784 2488 61 0 0
tree 1832 2472 31 0 0
zabor 1872 2480 29 0 8
zabor 2544 2480 24 0 8
dom 2598 2492 2 0 0
dom 2662 2492 8 0 0
trop 2794 2464 67 0 0
tree 2872 2472 0 0 0
tree 2936 2488 61 0 0
tree 2920 2488 54 0 0
fre 2940 2484 81 0 0
trop 3036 2476 123 0 0
zabor 3152 2480 105 2 8
stand 3192 2472 43 0 179
stand 3192 2488 112 0 179
stand 3368 2472 113 0 0
trop 3404 2484 48 0 0
stand 3566 2468 113 1 0
dom 3654 2492 1 0 0
tree 604 2526 19 0 0
tree 604 2510 25 0 0
tree 588 2510 37 0 0
tree 588 2526 59 0 0
tree 760 2504 30 0 0
fre 964 2516 80 0 0
trop 1204 2524 122 0 0
tree 1656 2504 33 0 0
tree 1640 2520 56 0 0
tree 1832 2504 14 0 0
tree 1832 2520 14 0 0
zabor 1872 2512 30 0 8
zabor 2544 2512 27 0 8
stand 2750 2500 18 0 0
dom 2854 2524 9 0 0
dom 2918 2524 1 0 0
zabor 3152 2512 112 2 9
stand 3368 2504 113 0 0
stand 3448 2504 20 0 0
tree 4008 2520 41 0 0
tree 4024 2520 41 0 0
trop 684 2556 68 0 0
tree 968 2536 30 0 0
fre 972 2540 80 0 0
fre 964 2532 80 0 0
trop 1004 2556 123 0 0
tree 1800 2552 23 0 0
tree 1800 2536 0 0 0
tree 1832 2552 22 0 0
zabor 1872 2544 25 0 8
zabor 2544 2544 31 0 8
trop 2610 2552 15 0 0
trop 2674 2544 15 0 0
trop 2738 2544 15 0 0
trop 2794 2544 67 0 0
zabor 3152 2544 104 2 8
zabor 3184 2544 104 2 8
zabor 3216 2544 105 2 8
zabor 3248 2544 105 2 8
zabor 3280 2544 104 2 8
zabor 3312 2544 105 2 8
zabor 3344 2544 112 2 9
zabor 3440 2544 105 2 8
zabor 3472 2544 104 2 8
zabor 3504 2544 105 2 8
trop 3772 2548 8 0 0
trop 3756 2532 8 0 0
tree 3800 2536 33 0 0
tree 3976 2536 1 0 0
tree 3976 2552 48 0 0
tree 3992 2536 33 0 0
tree 4008 2552 56 0 0
tree 4008 2536 41 0 0
fre 972 2564 80 0 0
tree 1512 2584 41 0 0
trop 1708 2564 67 0 0
tree 1752 2568 16 0 0
tree 1752 2584 23 0 0
tree 1816 2584 24 0 0
tree 1816 2568 30 0 0
fre 1820 2564 82 0 0
zabor 1872 2576 25 0 8
zabor 2544 2576 26 0 8
trop 2642 2584 17 0 0
trop 2650 2560 30 0 0
zabor 2672 2576 66 1 8
zabor 2704 2576 66 1 8
zabor 2736 2576 65 1 8
zabor 2768 2576 66 1 8
trop 3036 2564 66 0 0
trop 3404 2564 48 0 0
zabor 3504 2576 105 2 8
zabor 3536 2576 104 2 8
tree 3976 2568 33 0 0
tree 3992 2584 1 0 0
tree 4024 2584 48 0 0
tree 200 2600 46 0 0
tree 216 2600 61 0 0
tree 232 2600 8 0 0
stand 644 2600 32 0 0
tree 760 2616 23 0 0
tree 1400 2616 33 0 0
tree 1416 2616 33 0 0
tree 1448 2616 56 0 0
tree 1480 2616 56 0 0
tree 1496 2616 56 0 0
tree 1496 2600 41 0 0
tree 1768 2600 46 0 0
tree 1784 2616 45 0 0
tree 1800 2600 61 0 0
tree 1816 2600 14 0 0
fre 1796 2612 82 0 0
zabor 1872 2608 27 0 8
zabor 2544 2608 30 0 8
tree 2584 2600 0 0 0
zabor 2672 2608 64 1 8
zabor 2768 2608 65 1 8
dom 2854 2620 4 0 0
trop 2906 2600 29 0 0
trop 2898 2600 30 0 0
lay 2984 2616 11 0 0
tree 3128 2616 48 0 0
tree 3160 2616 1 0 0
tree 3144 2600 41 0 0
tree 3192 2600 41 0 0
tree 3208 2600 48 0 0
fre 3252 2596 33 0 0
lay 3560 2616 21 0 0
trop 3628 2596 36 0 0
trop 3700 2604 22 0 0
trop 3820 2604 32 0 0
dom 3872 2592 10 0 0
tree 3976 2600 56 0 0
tree 3992 2616 1 0 0
tree 4024 2600 1 0 0
tree 4024 2616 33 0 0
trop 688 2636 67 0 0
tree 760 2632 61 0 0
tree 776 2632 31 0 0
tree 888 2648 61 0 0
fre 908 2652 82 0 0
tree 936 2632 45 0 0
fre 932 2628 82 0 0
trop 1008 2636 66 0 0
tree 1384 2632 41 0 0
tree 1464 2632 33 0 0
tree 1480 2632 41 0 0
tree 1624 2648 24 0 0
trop 1708 2652 67 0 0
tree 1800 2632 24 0 0
tree 1816 2648 23 0 0
tree 1816 2632 30 0 0
zabor 1872 2640 27 0 8
zabor 1904 2640 30 0 8
zabor 1936 2640 27 0 8
zabor 1968 2640 24 0 8
zabor 2000 2640 27 0 8
zabor 2128 2640 27 0 8
zabor 2160 2640 24 0 8
zabor 2192 2640 25 0 8
zabor 2224 2640 24 0 8
zabor 2256 2640 30 0 8
zabor 2288 2640 26 0 8
zabor 2320 2640 26 0 8
zabor 2352 2640 25 0 8
zabor 2384 2640 29 0 8
zabor 2416 2640 28 0 8
zabor 2448 2640 25 0 8
zabor 2480 2640 24 0 8
zabor 2512 2640 25 0 8
zabor 2544 2640 26 0 8
tree 2584 2632 54 0 0
stand 2622 2628 72 0 0
trop 2634 2640 29 0 0
zabor 2672 2640 64 1 8
tree 2728 2632 5 0 179
zabor 2768 2640 64 1 8
trop 2794 2632 67 0 0
tree 2968 2648 53 0 0
trop 3036 2652 66 0 0
tree 3128 2632 41 0 0
tree 3160 2632 56 0 0
tree 3224 2632 56 0 0
tree 3224 2648 48 0 0
tree 3208 2632 41 0 0
trop 3402 2648 48 0 0
stand 3438 2628 18 0 0
cliff 3536 2624 46 179 179
lay 3544 2632 19 0 0
trop 3844 2644 6 0 0
tree 3992 2632 1 0 0
tree 4008 2648 33 0 0
tree 4024 2632 1 0 0
tree 4024 2648 56 0 0
tree 216 2680 6 0 179
dom 576 2656 6 0 179
tree 1624 2664 16 0 0
tree 1624 2680 15 0 0
tree 1784 2680 7 0 0
tree 1816 2664 15 0 0
tree 2056 2664 32 0 0
fre 2076 2676 82 0 0
trop 2610 2656 30 0 0
trop 2610 2664 30 0 0
trop 2674 2672 27 0 0
zabor 2672 2672 64 1 8
zabor 2704 2672 66 1 8
zabor 2736 2672 65 1 8
zabor 2768 2672 65 1 8
tree 2872 2680 46 0 0
trop 2906 2680 28 0 0
lay 2952 2664 11 0 0
tree 3112 2680 1 0 0
tree 3144 2680 46 0 0
tree 3144 2664 62 0 0
fre 3172 2660 35 0 0
tree 3512 2680 32 0 0
fre 3500 2668 83 0 0
cliff 3520 2656 43 179 179
trop 3636 2676 36 0 0
trop 3732 2676 24 0 0
dom 3808 2656 9 0 0
tree 3992 2680 33 0 0
tree 4008 2680 41 0 0
tree 200 2696 61 0 179
dom 288 2688 4 0 179
tree 1464 2712 1 0 0
tree 1528 2696 54 0 0
tree 1528 2712 23 0 0
tree 1576 2696 7 0 0
tree 1784 2712 22 0 0
tree 1816 2696 30 0 0
tree 2168 2712 22 0 0
tree 2152 2712 8 0 0
fre 2172 2708 81 0 0
tree 2184 2712 31 0 0
fre 2204 2716 81 0 0
tree 2392 2712 6 0 0
tree 2392 2696 53 0 0
tree 2456 2696 8 0 0
tree 2472 2712 7 0 0
trop 2602 2712 17 0 0
trop 2746 2704 25 0 0
trop 2762 2696 29 0 0
stand 2958 2692 72 0 0
tree 3128 2712 1 0 0
tree 3128 2696 41 0 0
tree 3112 2696 1 0 0
trop 3258 2688 22 0 0
tree 3496 2696 22 0 0
tree 3512 2696 61 0 0
lay 3512 2712 21 0 0
cliff 3526 2716 39 179 179
fre 3524 2716 83 0 0
lay 3592 2712 21 0 0
stand 3624 2712 72 0 0
tree 3960 2696 41 0 0
tree 3976 2696 1 0 0
tree 3992 2696 48 0 0
trop 688 2724 67 0 0
dom 956 2720 61 0 0
trop 1008 2724 66 0 0
tree 1352 2728 31 0 0
tree 1368 2728 24 0 0
tree 1416 2744 33 0 0
tree 1432 2744 33 0 0
tree 1480 2728 33 0 0
tree 1496 2728 41 0 0
tree 1512 2728 1 0 0
trop 1700 2732 69 0 0
tree 1784 2744 61 0 0
tree 1816 2728 45 0 0
tree 1800 2744 0 0 0
tree 1864 2728 6 0 0
tree 1944 2728 61 0 0
tree 1976 2744 22 0 0
tree 1960 2744 46 0 0
tree 1992 2744 31 0 0
tree 2040 2744 24 0 0
tree 2024 2744 62 0 0
fre 2068 2740 82 0 0
fre 2188 2724 82 0 0
fre 2212 2740 83 0 0
tree 2264 2744 30 0 0
tree 2264 2728 6 0 0
tree 2248 2728 53 0 0
fre 2268 2732 83 0 0
fre 2268 2740 82 0 0
tree 2296 2744 23 0 0
tree 2280 2744 23 0 0
fre 2276 2748 81 0 0
tree 2360 2744 32 0 0
tree 2344 2728 53 0 0
tree 2488 2744 62 0 0
tree 2488 2728 32 0 0
trop 2570 2736 25 0 0
dom 2598 2748 9 0 0
trop 2666 2720 15 0 0
trop 2746 2728 15 0 0
trop 2722 2728 15 0 0
trop 2794 2720 65 0 0
dom 2886 2748 42 0 0
trop 2938 2720 26 0 0
trop 3036 2732 66 0 0
tree 3128 2744 56 0 0
fre 3132 2748 83 0 0
tree 3144 2744 54 0 0
trop 3402 2728 48 0 0
fre 3516 2724 83 0 0
lay 3528 2744 19 0 0
lay 3528 2728 19 0 0
trop 3674 2728 25 0 0
trop 3708 2724 23 0 0
dom 3744 2720 66 0 0
tree 3976 2744 56 0 0
trop 132 2772 115 0 0
trop 220 2772 115 0 0
tree 456 2760 38 0 0
tree 632 2776 14 0 0
tree 648 2776 8 0 0
tree 744 2776 61 0 0
tree 776 2776 0 0 0
tree 1400 2760 33 0 0
trop 1560 2764 57 0 0
trop 1652 2756 116 0 0
tree 1784 2760 38 0 0
zabor 1872 2768 30 0 8
zabor 1904 2768 28 0 8
fre 1972 2756 82 0 0
fre 2140 2764 82 0 0
fre 2260 2780 81 0 0
tree 2392 2776 53 0 0
tree 2392 2760 7 0 0
fre 2372 2772 80 0 0
tree 2408 2776 45 0 0
fre 2532 2772 35 0 0
trop 2754 2752 28 0 0
tree 3112 2760 33 0 0
tree 3144 2760 30 0 0
dom 3270 2780 10 0 0
lay 3528 2760 21 0 0
lay 3544 2776 19 0 0
lay 3576 2776 21 0 0
tree 3656 2776 16 0 0
zabor 3696 2768 29 0 8
stand 3790 2756 8 0 0
tree 3976 2760 1 0 0
tree 3992 2760 33 0 0
trop 308 2788 58 0 0
trop 384 2796 64 0 0
trop 488 2812 114 0 0
trop 640 2812 113 0 0
trop 728 2812 113 0 0
trop 712 2796 118 0 0
trop 816 2812 113 0 0
trop 904 2812 113 0 0
stand 900 2792 12 0 0
trop 1008 2804 68 0 0
trop 992 2812 116 0 0
trop 1064 2812 116 0 0
trop 1152 2812 116 0 0
stand 1160 2792 36 0 0
trop 1224 2812 116 0 0
trop 1312 2812 116 0 0
trop 1376 2812 116 0 0
trop 1464 2804 63 0 0
trop 1720 2788 66 0 0
tree 1832 2808 38 0 0
tree 1832 2792 14 0 0
zabor 1872 2800 26 0 8
tree 2104 2792 54 0 0
tree 2120 2792 32 0 0
tree 2136 2792 38 0 0
tree 2152 2792 23 0 0
tree 2200 2792 23 0 0
fre 2204 2804 81 0 0
tree 2392 2792 31 0 0
tree 2408 2792 45 0 0
tree 2424 2808 16 0 0
fre 2404 2804 80 0 0
tree 2696 2792 6 0 0
stand 2734 2788 18 0 0
trop 2794 2800 65 0 0
tree 2840 2792 33 0 0
trop 3066 2808 17 0 0
lay 3086 2804 21 0 0
dom 3206 2812 6 0 0
trop 3402 2808 48 0 0
lay 3512 2792 21 0 0
cliff 3526 2812 39 179 179
lay 3528 2808 21 0 0
lay 3544 2808 19 0 0
lay 3576 2792 21 0 0
tree 3624 2792 48 0 0
zabor 3696 2800 30 0 8
zabor 3728 2800 28 0 8
zabor 3760 2800 24 0 8
zabor 3792 2800 27 0 8
zabor 3824 2800 24 0 8
zabor 3856 2800 27 0 8
zabor 3888 2800 24 0 8
zabor 3920 2800 24 0 8
zabor 3952 2800 27 0 8
zabor 3984 2800 26 0 8
zabor 4016 2800 31 0 8
trop 456 2828 117 0 0
trop 560 2820 114 0 0
tree 1832 2824 38 0 0
zabor 1872 2832 24 0 8
tree 2424 2840 15 0 0
fre 2420 2844 80 0 0
stand 2510 2820 8 0 0
zabor 2576 2832 24 0 8
zabor 2608 2832 28 0 8
zabor 2640 2832 25 0 8
zabor 2672 2832 25 0 8
zabor 2704 2832 24 0 8
zabor 2736 2832 26 0 8
stand 2760 2840 1 0 0
trop 2850 2840 57 0 0
trop 2930 2832 113 0 0
trop 3010 2816 69 0 0
tree 3032 2840 16 0 0
lay 3102 2820 21 0 0
tree 3544 2824 38 0 0
lay 3576 2824 11 0 0
tree 3560 2824 16 0 0
stand 3774 2820 17 0 0
tree 3912 2824 41 0 0
tree 136 2856 36 0 179
stand 436 2856 18 0 0
dom 508 2848 7 0 0
tree 600 2856 30 0 0
tree 616 2856 53 0 0
tree 632 2856 32 0 0
tree 648 2856 8 0 0
tree 664 2856 6 0 0
trop 736 2852 67 0 0
tree 824 2872 23 0 0
tree 840 2872 16 0 0
dom 1084 2848 42 0 0
dom 1276 2848 58 0 0
trop 1360 2860 68 0 0
stand 1396 2856 32 0 0
tree 1464 2856 14 0 0
tree 1464 2872 8 0 0
tree 1496 2872 32 0 0
tree 1544 2872 31 0 0
tree 1560 2872 31 0 0
tree 1576 2856 23 0 0
dom 1660 2848 57 1 0
trop 1720 2876 66 0 0
tree 1816 2856 54 0 0
tree 1816 2872 23 0 0
zabor 1872 2864 31 0 8
zabor 2576 2864 26 0 8
zabor 2736 2864 26 0 8
dom 2950 2876 43 0 0
trop 3002 2872 25 0 0
trop 3050 2872 23 0 0
lay 3086 2868 21 0 0
lay 3496 2856 19 0 0
tree 3544 2872 32 0 0
lay 3544 2856 21 0 0
lay 3560 2856 21 0 0
lay 3576 2856 21 0 0
trop 3738 2864 71 0 0
trop 3722 2872 127 0 0
trop 3802 2864 113 0 0
trop 3892 2860 116 0 0
trop 3972 2860 113 0 0
tree 424 2904 31 0 0
trop 480 2908 38 0 0
tree 600 2904 16 0 0
dom 764 2880 57 0 0
trop 1008 2892 68 0 0
tree 1512 2888 15 0 0
tree 1560 2888 16 0 0
tree 1816 2888 0 0 0
tree 1816 2904 22 0 0
zabor 1872 2896 26 0 8
tree 2440 2888 16 0 0
zabor 2480 2896 33 0 9
zabor 2576 2896 31 0 8
zabor 2736 2896 25 0 8
trop 2794 2880 65 0 0
dom 2854 2908 5 0 0
stand 3064 2888 72 0 0
tree 3304 2904 14 0 0
stand 3374 2900 31 0 0
trop 3402 2888 48 0 0
stand 3438 2900 24 0 0
tree 3496 2888 6 0 0
tree 3496 2904 61 0 0
tree 3512 2904 0 0 0
tree 3512 2888 54 0 0
lay 3544 2904 11 0 0
cliff 3526 2908 39 179 179
tree 3528 2888 7 0 0
tree 3576 2888 53 0 0
tree 3576 2904 15 0 0
trop 3692 2884 70 0 0
tree 3880 2904 14 0 0
tree 376 2936 62 0 0
tree 392 2936 32 0 0
tree 408 2920 54 0 0
tree 392 2920 8 0 0
tree 424 2920 30 0 0
tree 600 2920 38 0 0
trop 736 2940 67 0 0
dom 924 2912 59 0 0
fre 1108 2932 81 0 0
tree 1144 2936 14 0 0
tree 1160 2936 15 0 0
tree 1208 2920 8 0 0
fre 1212 2916 83 0 0
tree 1224 2920 31 0 0
trop 1360 2940 68 0 0
tree 1464 2920 16 0 0
tree 1576 2920 23 0 0
tree 1816 2920 38 0 0
tree 1816 2936 46 0 0
tree 1832 2936 53 0 0
zabor 1872 2928 27 0 8
tree 2440 2936 38 0 0
zabor 2480 2928 37 0 9
zabor 2576 2928 24 0 8
zabor 2736 2928 26 0 8
trop 2954 2928 25 0 0
tree 3160 2920 45 0 0
tree 3176 2920 0 0 0
tree 3224 2920 24 0 0
tree 3240 2936 0 0 0
tree 3256 2936 14 0 0
tree 3272 2920 15 0 0
stand 3342 2932 63 0 0
stand 3358 2932 63 0 0
stand 3374 2932 63 0 0
stand 3422 2932 63 0 0
stand 3454 2932 63 0 0
stand 3438 2932 63 0 0
trop 3658 2928 62 0 0
tree 3768 2936 23 0 0
lay 3768 2936 21 0 0
tree 3784 2936 22 0 0
tree 3800 2936 0 0 0
lay 3800 2936 21 0 0
lay 3816 2920 21 0 0
tree 3896 2920 7 0 0
lay 3880 2936 21 0 0
fre 3892 2932 82 0 0
tree 3912 2920 62 0 0
tree 3928 2936 14 0 0
tree 3944 2936 32 0 0
tree 376 2952 38 0 0
tree 392 2952 31 0 0
tree 424 2952 14 0 0
tree 536 2952 38 0 0
tree 552 2952 15 0 0
tree 568 2952 8 0 0
tree 584 2968 38 0 0
trop 1008 2972 68 0 0
dom 1052 2944 57 0 0
lay 1128 2952 10 0 0
fre 1148 2956 82 0 0
dom 1308 2944 57 0 0
tree 1432 2952 45 0 0
tree 1432 2968 53 0 0
tree 1416 2968 15 0 0
tree 1448 2952 31 0 0
tree 1464 2968 30 0 0
tree 1448 2968 8 0 0
tree 1592 2952 22 0 0
tree 1640 2968 14 0 0
tree 1656 2968 7 0 0
trop 1720 2964 66 0 0
tree 1832 2952 0 0 0
zabor 1872 2960 27 0 8
tree 2424 2968 53 0 0
tree 2440 2968 46 0 0
zabor 2480 2960 25 0 8
zabor 2576 2960 24 0 8
zabor 2704 2960 39 0 9
zabor 2736 2960 29 0 8
trop 2796 2964 66 0 0
trop 2834 2952 29 0 0
trop 3058 2968 127 0 0
trop 3082 2968 127 0 0
trop 3130 2952 127 0 0
trop 3178 2952 127 0 0
trop 3226 2968 127 0 0
trop 3202 2968 127 0 0
trop 3282 2968 127 0 0
trop 3314 2960 127 0 0
trop 3346 2960 127 0 0
trop 3402 2968 48 0 0
trop 3450 2960 127 0 0
trop 3474 2960 127 0 0
trop 3530 2952 127 0 0
trop 3578 2952 125 0 0
fre 3676 2972 82 0 0
lay 3736 2968 21 0 0
tree 3800 2968 23 0 0
fre 3780 2972 83 0 0
tree 3816 2952 14 0 0
tree 3832 2952 14 0 0
lay 3816 2952 21 0 0
fre 3812 2972 82 0 0
tree 3848 2952 46 0 0
lay 3864 2952 21 0 0
fre 3852 2948 83 0 0
fre 3860 2948 82 0 0
tree 3880 2952 61 0 0
fre 3884 2948 83 0 0
fre 3900 2972 82 0 0
fre 3932 2964 83 0 0
fre 3916 2956 82 0 0
tree 3960 2952 6 0 0
tree 3944 2968 61 0 0
fre 3948 2948 82 0 0
fre 3964 2948 82 0 0
fre 3988 2956 82 0 0
fre 3980 2956 82 0 0
fre 4020 2956 82 0 0
fre 4004 2964 82 0 0
tree 440 2984 61 0 0
tree 456 3000 32 0 0
trop 528 3004 37 0 0
tree 552 2984 46 0 0
dom 668 2976 59 0 0
tree 776 2984 22 0 0
tree 776 3000 54 0 0
tree 840 3000 32 0 0
fre 1180 2988 35 0 0
tree 1400 2984 24 0 0
tree 1464 2984 24 0 0
tree 1448 2984 22 0 0
tree 1560 2984 16 0 0
tree 1544 3000 23 0 0
tree 1576 2984 24 0 0
tree 1816 2984 54 0 0
zabor 1872 2992 30 0 8
zabor 2480 2992 28 0 8
zabor 2576 2992 31 0 8
zabor 2736 2992 33 0 9
trop 2938 2984 127 0 0
trop 2922 2992 127 0 0
trop 2914 2992 71 0 0
trop 3002 2976 127 0 0
trop 2986 2984 127 0 0
trop 3026 2976 127 0 0
trop 3130 2976 127 0 0
trop 3162 2992 126 0 0
stand 3342 2980 63 0 0
stand 3358 2980 63 0 0
stand 3374 2980 63 0 0
stand 3422 2980 63 0 0
stand 3454 2980 63 0 0
stand 3438 2980 63 0 0
tree 3448 3000 7 0 0
trop 3514 2984 127 0 0
trop 3586 2976 127 0 0
fre 3692 3004 83 0 0
tree 3736 3000 61 0 0
tree 3768 2984 23 0 0
fre 3764 2996 83 0 0
tree 3784 2984 15 0 0
fre 3828 2980 83 0 0
tree 3848 3000 6 0 0
tree 3864 3000 8 0 0
tree 3864 2984 15 0 0
fre 3892 2988 83 0 0
tree 3928 2984 30 0 0
tree 3944 2984 53 0 0
fre 3996 2988 83 0 0
fre 4004 2988 83 0 0
tree 472 3032 46 0 0
trop 736 3028 66 0 0
tree 776 3016 54 0 0
tree 792 3032 30 0 0
tree 856 3016 14 0 0
tree 872 3016 54 0 0
tree 904 3016 46 0 0
tree 936 3032 32 0 0
tree 952 3032 54 0 0
tree 952 3016 62 0 0
tree 968 3016 45 0 0
tree 1112 3032 45 0 0
fre 1116 3036 81 0 0
tree 1128 3032 24 0 0
tree 1144 3032 45 0 0
fre 1140 3036 81 0 0
trop 1360 3028 68 0 0
fre 1484 3020 36 0 0
tree 1832 3016 61 0 0
tree 1832 3032 7 0 0
zabor 1872 3024 29 0 8
tree 2440 3016 22 0 0
zabor 2480 3024 29 0 8
zabor 2576 3024 30 0 8
zabor 2672 3024 39 0 9
zabor 2736 3024 38 0 9
trop 2794 3008 127 0 0
trop 2786 3032 70 0 0
trop 2850 3008 63 0 0
lay 3198 3028 18 0 0
trop 3170 3008 126 0 0
tree 3352 3032 6 0 0
tree 3464 3016 30 0 0
fre 3540 3028 83 0 0
fre 3548 3020 83 0 0
fre 3580 3020 83 0 0
fre 3612 3012 83 0 0
fre 3596 3012 83 0 0
fre 3620 3028 83 0 0
fre 3644 3028 82 0 0
fre 3660 3020 83 0 0
fre 3708 3020 83 0 0
tree 3736 3032 62 0 0
tree 3736 3016 54 0 0
trop 600 3052 64 0 0
trop 672 3052 113 0 0
tree 776 3048 53 0 0
trop 1008 3060 66 0 0
fre 1100 3052 81 0 0
trop 1720 3052 66 0 0
zabor 1872 3056 27 0 8
zabor 2416 3056 30 0 8
zabor 2448 3056 24 0 8
zabor 2480 3056 29 0 8
zabor 2576 3056 26 0 8
zabor 2608 3056 30 0 8
zabor 2640 3056 28 0 8
zabor 2672 3056 37 0 9
zabor 2704 3056 32 0 9
tree 2808 3064 16 0 0
lay 2846 3060 20 0 0
tree 2872 3064 0 0 0
tree 2888 3064 61 0 0
tree 2936 3048 24 0 0
tree 2984 3048 16 0 0
lay 3022 3044 20 0 0
tree 3016 3048 62 0 0
tree 3064 3048 32 0 0
stand 3118 3044 18 0 0
trop 3162 3040 126 0 0
trop 3162 3064 126 0 0
tree 3256 3048 7 0 0
tree 3272 3048 31 0 0
trop 3402 3048 48 0 0
tree 3464 3048 0 0 0
tree 3528 3048 46 0 0
fre 596 3100 82 0 0
fre 644 3100 82 0 0
dom 1276 3072 59 0 0
dom 1436 3072 61 0 0
dom 1628 3072 59 0 0
tree 1816 3096 6 0 0
zabor 1872 3088 27 0 8
tree 1896 3080 31 0 0
tree 1896 3096 24 0 0
zabor 2416 3088 26 0 8
tree 2456 3096 23 0 0
tree 2440 3096 54 0 0
trop 2708 3100 63 0 0
tree 2824 3080 6 0 0
tree 2872 3080 23 0 0
trop 3314 3088 127 0 0
trop 3346 3080 127 0 0
trop 3410 3088 125 0 0
trop 3442 3096 119 0 0
trop 3434 3072 119 0 0
trop 3434 3088 119 0 0
trop 3442 3072 119 0 0
tree 584 3112 45 0 179
lay 632 3112 11 0 0
tree 616 3112 38 0 179
tree 648 3112 24 0 179
trop 736 3108 66 0 0
dom 924 3104 58 0 0
dom 1084 3104 60 0 0
stand 1192 3128 36 0 0
trop 1360 3116 68 0 0
tree 1528 3112 16 0 0
trop 1720 3132 66 0 0
tree 1784 3112 31 0 0
tree 1800 3128 23 0 0
tree 1832 3112 0 0 0
zabor 1872 3120 26 0 8
tree 1896 3112 23 0 0
zabor 2416 3120 28 0 8
trop 2612 3116 57 0 0
trop 2762 3120 68 0 0
lay 3016 3128 20 0 0
trop 3250 3128 126 0 0
trop 3258 3120 126 0 0
trop 3274 3112 126 0 0
trop 3290 3120 126 0 0
trop 3314 3112 126 0 0
trop 3346 3104 126 0 0
trop 3378 3104 126 0 0
trop 3402 3112 48 0 0
trop 3474 3112 117 0 0
fre 596 3148 83 0 0
lay 632 3144 11 0 0
fre 628 3148 82 0 0
trop 832 3164 115 0 0
stand 856 3144 36 0 0
trop 920 3164 115 0 0
trop 1008 3164 115 0 0
trop 1008 3148 66 0 0
trop 1080 3164 115 0 0
trop 1160 3164 114 0 0
trop 1248 3164 115 0 0
trop 1336 3164 115 0 0
stand 1396 3144 59 0 0
trop 1416 3164 113 0 0
trop 1488 3164 115 0 0
trop 1576 3164 115 0 0
trop 1664 3164 115 0 0
stand 1748 3144 9 0 0
tree 1832 3144 61 0 0
tree 1832 3160 62 0 0
zabor 1872 3152 25 0 8
zabor 2416 3152 28 0 8
lay 2440 3144 11 0 0
tree 2648 3144 0 0 0
tree 2648 3160 16 0 0
tree 2712 3144 53 0 0
lay 2984 3160 20 0 0
trop 3218 3152 126 0 0
trop 3234 3144 126 0 0
stand 3368 3160 1 0 0
stand 3438 3140 23 0 0
lay 3736 3160 11 0 0
trop 736 3188 66 0 0
trop 780 3180 58 179 179
trop 1152 3196 65 0 0
trop 1536 3180 117 0 0
trop 1736 3172 58 0 0
trop 1796 3188 117 0 0
zabor 1872 3184 25 0 8
zabor 2416 3184 24 0 8
trop 2530 3176 56 0 0
tree 2632 3176 16 0 0
tree 2712 3192 22 0 0
trop 2754 3184 68 0 0
trop 3402 3184 48 0 0
lay 3592 3176 11 0 0
fre 3676 3188 82 0 0
lay 3688 3176 11 0 0
fre 3764 3196 82 0 0
tree 3816 3192 0 0 0
tree 3864 3192 14 0 0
fre 620 3212 83 0 0
tree 632 3224 16 0 179
fre 660 3220 82 0 0
fre 644 3228 82 0 0
dom 768 3200 43 0 179
tree 872 3224 46 0 0
tree 888 3224 30 0 0
tree 888 3208 14 0 0
tree 904 3208 6 0 0
tree 920 3224 24 0 0
tree 936 3208 23 0 0
trop 1008 3204 67 0 0
dom 1052 3200 42 0 0
dom 1308 3200 58 0 0
tree 1400 3224 0 0 0
tree 1416 3224 7 0 0
tree 1432 3224 24 0 0
fre 1428 3228 83 0 0
zabor 1872 3216 31 0 8
zabor 2416 3216 30 0 8
dom 2630 3228 1 0 0
dom 2854 3228 9 0 0
fre 3100 3220 81 0 0
tree 3128 3224 45 0 0
tree 3112 3224 8 0 0
fre 3140 3220 81 0 0
fre 3148 3228 81 0 0
trop 3218 3216 126 0 0
tree 3256 3208 30 0 0
fre 3252 3228 81 0 0
fre 3252 3212 81 0 0
fre 3252 3204 81 0 0
dom 3334 3228 13 0 0
tree 3448 3208 23 0 0
fre 3452 3212 81 0 0
tree 3464 3224 30 0 0
fre 3460 3204 81 0 0
fre 3460 3220 81 0 0
fre 3468 3228 81 0 0
trop 3538 3216 37 0 0
stand 3582 3204 18 0 0
tree 3704 3208 7 0 0
fre 3708 3204 81 0 0
tree 3720 3208 53 0 0
tree 3736 3224 6 0 0
fre 3716 3220 81 0 0
tree 3752 3224 24 0 0
tree 3768 3208 30 0 0
fre 3756 3220 81 0 0
fre 3780 3204 82 0 0
tree 3816 3208 23 0 0
tree 3832 3208 62 0 0
tree 3848 3208 8 0 0
fre 3860 3212 82 0 0
tree 3880 3208 24 0 0
fre 3884 3204 82 0 0
fre 588 3252 82 0 0
dom 608 3232 40 0 179
tree 664 3240 22 0 179
fre 676 3260 83 0 0
fre 692 3260 82 0 0
fre 676 3244 82 0 0
tree 680 3256 46 0 179
dom 1212 3232 61 0 0
dom 1500 3232 57 0 0
trop 1560 3260 68 0 0
fre 1756 3252 35 0 0
zabor 1872 3248 29 0 8
zabor 2416 3248 25 0 8
trop 2754 3232 126 0 0
trop 2754 3256 126 0 0
stand 2792 3240 18 0 0
tree 2968 3256 14 0 0
tree 3032 3256 0 0 0
fre 3012 3244 82 0 0
fre 3068 3236 81 0 0
tree 3096 3240 16 0 0
tree 3112 3240 54 0 0
fre 3124 3244 81 0 0
fre 3116 3244 82 0 0
fre 3108 3244 82 0 0
fre 3164 3236 82 0 0
fre 3460 3236 81 0 0
trop 3642 3256 115 0 0
trop 3724 3252 115 0 0
fre 3732 3236 81 0 0
trop 3812 3252 115 0 0
trop 3892 3252 115 0 0
trop 3940 3252 115 0 0
fre 380 3268 82 0 0
fre 404 3292 82 0 0
fre 388 3284 82 0 0
tree 392 3288 38 0 179
tree 680 3288 14 0 0
fre 676 3276 83 0 0
fre 692 3276 82 0 0
trop 736 3268 66 0 0
tree 1080 3288 45 0 0
tree 1080 3272 23 0 0
tree 1128 3288 16 0 0
trop 1152 3284 65 0 0
tree 1288 3272 23 0 0
tree 1304 3272 53 0 0
dom 1372 3264 39 0 0
dom 1628 3264 60 0 0
trop 1820 3268 68 0 0
zabor 1872 3280 24 0 8
zabor 2416 3280 30 0 8
trop 2482 3264 39 0 0
tree 2520 3272 38 0 0
trop 2554 3288 4 0 0
tree 2536 3288 38 0 0
tree 2552 3288 38 0 0
tree 2568 3288 38 0 0
trop 2594 3288 29 0 0
trop 2738 3272 126 0 0
trop 2762 3264 126 0 0
trop 2794 3288 127 0 0
trop 2786 3280 127 0 0
trop 2874 3280 127 0 0
fre 3124 3268 81 0 0
trop 3186 3264 62 0 0
trop 3170 3288 124 0 0
trop 3218 3264 126 0 0
trop 3402 3264 48 0 0
tree 3448 3288 46 0 0
fre 3460 3292 81 0 0
fre 3460 3276 81 0 0
trop 3820 3276 70 0 0
fre 396 3316 82 0 0
tree 408 3304 62 0 179
lay 584 3320 11 0 0
fre 676 3308 82 0 0
trop 1008 3300 67 0 0
tree 1128 3304 15 0 0
zabor 1872 3312 31 0 8
zabor 2416 3312 30 0 8
trop 2458 3312 126 0 0
trop 2466 3296 126 0 0
trop 2602 3296 5 0 0
trop 2626 3312 30 0 0
stand 2670 3316 0 0 0
trop 2778 3320 126 0 0
trop 2802 3296 113 0 0
trop 2890 3296 113 0 0
trop 2986 3296 113 0 0
trop 3066 3296 116 0 0
trop 3042 3312 117 0 0
trop 3146 3296 124 0 0
trop 3146 3304 127 0 0
trop 3218 3312 126 0 0
fre 3460 3300 81 0 0
zabor 3856 3312 26 0 8
zabor 3888 3312 30 0 8
zabor 3920 3312 31 0 8
zabor 3952 3312 26 0 8
zabor 3984 3312 27 0 8
fre 156 3356 80 0 0
fre 668 3356 82 0 0
trop 736 3348 66 0 0
tree 1144 3352 61 0 0
trop 1560 3348 68 0 0
tree 1768 3352 8 0 0
trop 1820 3356 68 0 0
zabor 1872 3344 31 0 8
tree 2280 3352 7 0 0
zabor 2416 3344 26 0 8
trop 2450 3336 126 0 0
trop 2458 3328 126 0 0
trop 2618 3344 6 0 0
stand 2750 3332 1 0 0
trop 2778 3328 126 0 0
zabor 2832 3344 26 0 8
zabor 2864 3344 25 0 8
zabor 2896 3344 26 0 8
zabor 2928 3344 28 0 8
zabor 2960 3344 30 0 8
zabor 2992 3344 31 0 8
stand 3038 3332 1 0 0
zabor 3024 3344 29 0 8
trop 3090 3328 126 0 0
dom 3142 3356 6 0 0
trop 3218 3344 126 0 0
stand 3352 3352 113 0 0
trop 3402 3344 48 0 0
stand 3454 3348 24 0 0
trop 3804 3340 68 0 0
zabor 3856 3344 29 0 8
fre 116 3364 82 0 0
fre 124 3372 80 0 0
tree 136 3384 24 0 179
fre 156 3388 80 0 0
fre 164 3372 80 0 0
fre 196 3364 80 0 0
tree 664 3384 7 0 0
fre 668 3388 82 0 0
fre 668 3372 83 0 0
dom 924 3360 59 0 0
tree 1128 3368 31 0 0
trop 1152 3380 65 0 0
tree 1288 3368 24 0 0
tree 1304 3384 45 0 0
tree 1320 3384 15 0 0
dom 1468 3360 59 0 0
dom 1628 3360 61 0 0
zabor 1872 3376 24 0 8
tree 2280 3368 8 0 0
tree 2296 3368 46 0 0
tree 2312 3368 6 0 0
zabor 2416 3376 24 0 8
trop 2450 3384 126 0 0
trop 2442 3360 126 0 0
trop 2466 3376 68 0 0
dom 2566 3388 44 0 0
trop 2618 3376 6 0 0
trop 2650 3368 0 0 0
tree 2744 3384 32 0 0
tree 2760 3384 54 0 0
trop 2794 3360 68 0 0
trop 2786 3360 126 0 0
zabor 2832 3376 27 0 8
tree 2862 3364 25 0 0
dom 2918 3388 7 0 0
zabor 3024 3376 27 0 8
trop 3218 3384 126 0 0
trop 3634 3368 120 0 0
dom 3616 3360 127 0 179
lay 3672 3368 20 0 0
zabor 3856 3376 39 0 9
tree 152 3416 41 0 179
fre 140 3420 82 0 0
fre 156 3396 80 0 0
fre 140 3412 80 0 0
fre 140 3396 80 0 0
tree 568 3416 8 0 0
tree 584 3416 16 0 0
fre 628 3420 83 0 0
tree 664 3400 61 0 0
tree 664 3416 53 0 0
fre 652 3404 82 0 0
dom 796 3392 60 0 0
trop 1008 3396 67 0 0
dom 1084 3392 58 0 0
dom 1212 3392 60 0 0
tree 1336 3400 61 0 0
stand 1396 3416 12 0 0
trop 1560 3396 68 0 0
trop 1560 3420 68 0 0
fre 1740 3404 36 0 0
stand 1844 3400 19 0 0
zabor 1872 3408 24 0 8
zabor 2288 3408 28 0 8
zabor 2320 3408 26 0 8
zabor 2352 3408 24 0 8
zabor 2384 3408 35 0 9
stand 2702 3412 72 0 0
zabor 2832 3408 28 0 8
tree 2856 3400 54 0 0
zabor 3024 3408 30 0 8
trop 3066 3400 68 0 0
tree 3464 3400 0 0 0
fre 3476 3412 81 0 0
fre 3484 3404 81 0 0
fre 3468 3420 81 0 0
stand 3576 3400 132 0 179
trop 3634 3392 120 0 0
lay 3672 3400 16 0 0
lay 3688 3400 17 0 0
trop 3802 3400 60 0 0
zabor 3856 3408 35 0 9
fre 124 3444 82 0 0
fre 172 3428 82 0 0
lay 536 3432 10 0 0
tree 600 3432 22 0 0
tree 600 3448 31 0 0
fre 636 3428 82 0 0
fre 636 3436 83 0 0
tree 664 3448 7 0 0
trop 736 3436 66 0 0
trop 784 3444 115 0 0
trop 880 3444 115 0 0
trop 976 3444 115 0 0
trop 1064 3444 115 0 0
trop 1152 3444 115 0 0
trop 1240 3444 115 0 0
trop 1328 3444 113 0 0
trop 1416 3444 113 0 0
trop 1504 3452 58 0 0
tree 1720 3432 22 0 0
trop 1820 3444 68 0 0
zabor 1872 3440 29 0 8
zabor 2288 3440 25 0 8
lay 2312 3432 11 0 0
stand 2344 3432 14 0 0
trop 2418 3432 69 0 0
trop 2450 3440 126 0 0
tree 2744 3432 7 0 0
trop 2794 3440 67 0 0
zabor 2832 3440 26 0 8
zabor 3024 3440 25 0 8
dom 3110 3452 43 0 0
trop 3218 3424 126 0 0
dom 3302 3452 11 0 0
trop 3402 3424 48 0 0
fre 3444 3452 81 0 0
trop 3634 3424 120 0 0
zabor 3856 3440 34 0 9
tree 56 3464 41 0 0
tree 56 3480 56 0 0
lay 86 3480 1 0 0
fre 108 3460 82 0 0
stand 312 3480 132 0 179
lay 472 3464 10 0 0
lay 680 3464 11 0 0
stand 1256 3480 25 0 0
stand 1524 3480 4 0 0
zabor 1872 3472 25 0 8
tree 1896 3480 8 0 0
zabor 2288 3472 31 0 8
trop 2356 3476 70 0 0
trop 2466 3456 67 0 0
trop 2618 3480 6 0 0
trop 2650 3456 2 0 0
zabor 2832 3472 26 0 8
tree 2856 3480 62 0 0
tree 2872 3480 53 0 0
tree 2872 3464 24 0 0
dom 2918 3484 43 0 0
zabor 3024 3472 24 0 8
trop 3066 3464 60 0 0
trop 3218 3472 126 0 0
fre 3452 3476 81 0 0
dom 3584 3456 115 0 179
trop 3634 3456 120 0 0
trop 3634 3472 120 0 0
zabor 3856 3472 28 0 8
zabor 3888 3472 25 0 8
tree 56 3512 1 0 0
tree 56 3496 48 0 0
tree 88 3496 56 0 0
tree 88 3512 48 0 0
dom 190 3488 5 0 0
stand 246 3496 6 0 0
tree 406 3496 25 0 0
lay 648 3496 11 0 0
tree 680 3512 6 0 0
trop 736 3508 66 0 0
dom 796 3488 42 0 0
trop 1008 3492 65 0 0
dom 1052 3488 7 0 0
tree 1304 3512 46 0 0
trop 1568 3500 66 0 0
dom 1628 3488 57 0 0
trop 1820 3516 68 0 0
zabor 1872 3504 34 0 9
tree 1944 3496 30 0 0
zabor 2288 3504 28 0 8
stand 2424 3512 1 0 0
dom 2566 3516 0 0 0
dom 2694 3516 3 0 0
stand 2830 3508 20 0 0
zabor 2832 3504 26 0 8
trop 2978 3496 6 0 0
zabor 3024 3504 24 0 8
trop 3402 3504 48 0 0
dom 3462 3516 16 0 0
trop 3634 3488 120 0 0
trop 3634 3512 120 0 0
dom 3680 3488 1 0 179
trop 3850 3504 37 0 0
zabor 3888 3504 25 0 8
zabor 3920 3504 30 0 8
zabor 3952 3504 24 0 8
zabor 3984 3504 29 0 8
tree 56 3528 33 0 0
dom 350 3520 4 0 0
tree 696 3544 48 0 0
stand 708 3528 1 0 0
dom 956 3520 57 0 0
trop 1008 3540 65 0 0
tree 1336 3528 31 0 0
tree 1352 3528 7 0 0
tree 1448 3544 30 0 0
tree 1464 3528 31 0 0
fre 1468 3540 83 0 0
zabor 1872 3536 38 0 9
zabor 1904 3536 28 0 8
zabor 1936 3536 31 0 8
zabor 1968 3536 24 0 8
zabor 2000 3536 30 0 8
zabor 2032 3536 26 0 8
zabor 2064 3536 26 0 8
zabor 2096 3536 25 0 8
zabor 2128 3536 39 0 9
zabor 2160 3536 36 0 9
zabor 2192 3536 26 0 8
zabor 2224 3536 30 0 8
zabor 2256 3536 30 0 8
zabor 2288 3536 25 0 8
trop 2466 3544 67 0 0
trop 2794 3528 67 0 0
zabor 2832 3536 31 0 8
lay 2872 3528 20 0 0
zabor 3024 3536 27 0 8
stand 3054 3540 1 0 0
trop 3074 3536 38 0 0
tree 3192 3544 22 0 0
fre 3188 3532 82 0 0
fre 3196 3540 82 0 0
trop 3226 3520 126 0 0
stand 3374 3540 47 0 0
dom 3552 3520 9 0 179
trop 3634 3536 120 0 0
fre 3700 3540 81 0 0
fre 3788 3532 35 0 0
tree 168 3560 7 0 0
trop 162 3580 125 0 0
trop 250 3580 113 0 0
trop 338 3580 116 0 0
fre 460 3580 80 0 0
fre 468 3564 82 0 0
fre 484 3572 80 0 0
tree 664 3576 33 0 0
tree 696 3560 41 0 0
tree 680 3560 33 0 0
tree 792 3576 62 0 0
tree 808 3576 56 0 0
tree 1160 3576 54 0 0
tree 1208 3560 53 0 0
tree 1208 3576 54 0 0
tree 1400 3576 61 0 0
tree 1432 3560 62 0 0
fre 1516 3580 82 0 0
tree 1608 3576 23 0 0
tree 1720 3576 22 0 0
tree 1736 3576 53 0 0
tree 1768 3576 15 0 0
trop 1836 3556 118 0 0
trop 1908 3572 115 0 0
trop 1964 3572 113 0 0
trop 2052 3572 113 0 0
trop 2148 3572 113 0 0
trop 2236 3572 113 0 0
trop 2314 3552 69 0 0
dom 2342 3580 43 0 0
trop 2466 3576 126 0 0
lay 2520 3576 20 0 0
trop 2650 3576 2 0 0
trop 2626 3560 6 0 0
trop 2666 3560 6 0 0
zabor 2832 3568 31 0 8
zabor 3024 3568 29 0 8
dom 3142 3580 3 1 0
trop 3242 3568 127 0 0
trop 3282 3568 127 0 0
trop 3346 3568 127 0 0
trop 3602 3560 120 0 0
trop 3602 3576 120 0 0
trop 3634 3552 120 0 0
trop 3634 3560 120 0 0
trop 3634 3576 120 0 0
fre 3748 3564 81 0 0
fre 3876 3556 81 0 0
trop 3940 3564 117 0 0
trop 372 3588 58 0 0
stand 502 3608 72 0 0
fre 492 3588 82 0 0
trop 732 3596 68 0 0
tree 792 3592 56 0 0
tree 808 3592 1 0 0
tree 888 3608 41 0 0
tree 904 3608 56 0 0
tree 1160 3592 7 0 0
tree 1464 3592 61 0 0
tree 1480 3592 45 0 0
fre 1500 3604 83 0 0
trop 1568 3588 66 0 0
stand 1608 3592 34 0 0
lay 1832 3608 19 0 0
trop 2466 3592 126 0 0
dom 2534 3612 7 0 0
trop 2682 3608 6 0 0
dom 2694 3612 42 0 0
trop 2754 3584 2 0 0
trop 2794 3600 67 0 0
zabor 2832 3600 30 0 8
tree 2872 3592 15 0 0
trop 2970 3584 6 0 0
zabor 3024 3600 25 0 8
trop 3218 3600 36 0 0
stand 3384 3608 1 0 0
trop 3402 3584 48 0 0
trop 3468 3588 125 0 0
trop 3546 3600 58 0 0
trop 3634 3600 114 0 0
trop 3730 3600 114 0 0
trop 3834 3592 116 0 0
trop 3810 3600 116 0 0
trop 3916 3596 113 0 0
tree 56 3624 33 0 0
tree 88 3640 41 0 0
tree 72 3640 33 0 0
zabor 144 3632 36 0 9
zabor 176 3632 34 0 9
zabor 208 3632 28 0 8
zabor 240 3632 24 0 8
zabor 272 3632 27 0 8
dom 350 3616 6 0 0
tree 392 3640 24 0 0
trop 452 3636 59 0 0
tree 792 3624 33 0 0
tree 936 3624 1 0 0
tree 952 3640 33 0 0
trop 1004 3628 68 0 0
tree 1080 3640 41 0 0
tree 1112 3640 15 0 0
tree 1256 3624 62 0 0
tree 1288 3640 38 0 0
lay 1416 3624 11 0 0
fre 1476 3628 83 0 0
tree 1636 3640 35 0 0
tree 1752 3640 14 0 0
lay 1944 3624 22 0 0
zabor 1968 3632 34 0 9
zabor 2000 3632 25 0 8
zabor 2032 3632 37 0 9
lay 2056 3624 12 0 0
zabor 2096 3632 33 0 9
zabor 2128 3632 26 0 8
zabor 2160 3632 26 0 8
zabor 2192 3632 25 0 8
zabor 2224 3632 31 0 8
fre 2300 3636 33 0 0
trop 2402 3640 6 0 0
trop 2474 3616 126 0 0
trop 2466 3616 126 0 0
trop 2618 3632 6 0 0
zabor 2832 3632 25 0 8
stand 2878 3636 72 0 0
lay 2968 3624 20 0 0
trop 2946 3640 123 0 0
zabor 3024 3632 25 0 8
tree 3048 3640 62 0 0
trop 3082 3616 66 0 0
dom 3302 3644 44 0 0
stand 3454 3620 55 0 0
fre 3676 3644 81 0 0
fre 3668 3644 81 0 0
fre 3820 3620 81 0 0
fre 3876 3636 81 0 0
trop 3946 3616 70 0 0
tree 56 3672 56 0 0
tree 56 3656 48 0 0
tree 88 3656 1 0 0
tree 72 3672 48 0 0
tree 104 3656 33 0 0
zabor 272 3664 29 0 8
fre 420 3660 81 0 0
fre 460 3676 81 0 0
tree 536 3656 24 0 0
fre 540 3660 81 0 0
tree 952 3656 48 0 0
tree 1064 3656 56 0 0
fre 1140 3660 81 0 0
fre 1132 3668 81 0 0
tree 1240 3672 16 0 0
tree 1224 3672 45 0 0
fre 1244 3676 81 0 0
tree 1272 3656 30 0 0
tree 1256 3656 24 0 0
tree 1288 3656 7 0 0
fre 1492 3668 82 0 0
tree 1512 3672 7 0 0
tree 1512 3656 31 0 0
trop 1568 3676 66 0 0
tree 1752 3672 24 0 0
lay 1816 3656 16 0 0
lay 1848 3656 17 0 0
tree 1912 3672 7 0 0
zabor 2224 3664 31 0 8
tree 2280 3656 14 0 0
tree 2312 3656 7 0 0
stand 2430 3668 24 0 0
trop 2476 3676 66 0 0
trop 2490 3672 126 0 0
trop 2650 3672 5 0 0
trop 2658 3656 6 0 0
trop 2730 3672 5 0 0
trop 2778 3672 2 0 0
zabor 2832 3664 27 0 8
trop 2946 3664 123 0 0
zabor 3024 3664 29 0 8
tree 3048 3656 45 0 0
dom 3142 3676 0 1 0
trop 3218 3664 36 0 0
trop 3402 3664 48 0 0
fre 3428 3668 82 0 0
dom 3526 3676 3 0 0
fre 3652 3652 81 0 0
fre 3868 3668 82 0 0
fre 3860 3676 81 0 0
fre 3868 3652 81 0 0
tree 56 3688 56 0 0
tree 88 3704 56 0 0
tree 104 3704 56 0 0
zabor 272 3696 28 0 8
fre 452 3692 81 0 0
tree 536 3688 54 0 0
tree 536 3704 31 0 0
fre 540 3684 81 0 0
fre 532 3692 81 0 0
fre 540 3700 81 0 0
trop 732 3684 68 0 0
stand 968 3688 19 0 0
lay 1144 3704 11 0 0
fre 1124 3684 81 0 0
tree 1208 3688 54 0 0
tree 1336 3688 24 0 0
tree 1464 3688 24 0 0
tree 1480 3688 46 0 0
tree 1480 3704 6 0 0
tree 1496 3688 61 0 0
tree 1496 3704 14 0 0
fre 1508 3684 82 0 0
dom 1596 3680 7 0 0
tree 1752 3688 23 0 0
tree 1752 3704 61 0 0
fre 1772 3692 83 0 0
fre 2092 3692 35 0 0
tree 2168 3704 38 0 0
tree 2184 3704 53 0 0
zabor 2224 3696 24 0 8
trop 2626 3688 0 0 0
stand 2760 3704 18 0 0
trop 2794 3688 67 0 0
zabor 2832 3696 26 0 8
zabor 2864 3696 31 0 8
zabor 2896 3696 26 0 8
trop 2946 3688 123 0 0
zabor 2992 3696 28 0 8
zabor 3024 3696 24 0 8
stand 3054 3700 1 0 0
trop 3082 3704 65 0 0
dom 3680 3680 42 0 179
fre 3788 3684 81 0 0
fre 3844 3700 82 0 0
fre 3852 3708 81 0 0
trop 3914 3688 39 0 0
tree 56 3736 48 0 0
tree 56 3720 1 0 0
tree 72 3720 33 0 0
zabor 272 3728 31 0 8
zabor 304 3728 27 0 8
stand 358 3736 0 0 0
tree 472 3736 53 0 0
fre 476 3740 81 0 0
fre 468 3740 81 0 0
fre 460 3732 81 0 0
fre 468 3716 81 0 0
trop 508 3732 60 0 0
fre 500 3740 81 0 0
lay 648 3720 20 0 0
lay 648 3736 9 0 0
fre 964 3716 35 0 0
trop 1004 3716 68 0 0
fre 1044 3732 34 0 0
fre 1300 3724 82 0 0
fre 1300 3740 81 0 0
fre 1372 3740 82 0 0
tree 1496 3720 24 0 0
tree 1512 3720 22 0 0
lay 1736 3736 21 0 0
fre 1788 3724 83 0 0
lay 1960 3720 21 0 0
zabor 2224 3728 31 0 8
trop 2506 3712 113 0 0
trop 2594 3720 58 0 0
trop 2674 3728 64 0 0
trop 2762 3736 113 0 0
trop 2794 3728 127 0 0
trop 2818 3712 127 0 0
trop 2850 3736 113 0 0
trop 2946 3736 113 0 0
trop 3026 3736 113 0 0
trop 3154 3712 35 0 0
trop 3226 3712 35 0 0
stand 3272 3720 72 0 0
stand 3358 3716 18 0 0
trop 3402 3720 48 0 0
stand 3480 3720 72 0 0
trop 3610 3720 22 0 0
trop 3618 3720 25 0 0
trop 3658 3720 25 0 0
fre 3860 3740 82 0 0
stand 3944 3736 18 0 0
tree 56 3752 41 0 0
tree 88 3768 33 0 0
tree 120 3768 41 0 0
tree 120 3752 56 0 0
zabor 272 3760 34 0 9
stand 326 3768 14 0 0
tree 440 3768 48 0 0
fre 492 3748 81 0 0
fre 484 3748 81 0 0
lay 632 3768 8 0 0
lay 664 3752 18 0 0
lay 680 3768 17 0 0
trop 732 3764 68 0 0
trop 1568 3764 66 0 0
fre 1708 3764 83 0 0
lay 1816 3752 21 0 0
lay 2056 3752 21 0 0
zabor 2224 3760 28 0 8
dom 2406 3772 8 0 0
stand 2510 3748 10 0 0
tree 2552 3768 16 0 0
tree 2568 3768 0 0 0
tree 2584 3768 6 0 0
tree 2744 3768 53 0 0
trop 2786 3752 127 0 0
tree 2888 3768 16 0 0
trop 2962 3744 127 0 0
tree 2952 3768 14 0 0
tree 3032 3752 38 0 0
tree 3224 3752 0 0 0
stand 3310 3748 113 0 0
fre 3372 3772 82 0 0
lay 3496 3752 20 0 0
fre 3660 3756 37 0 0
fre 3700 3756 81 0 0
fre 3852 3764 82 0 0
fre 3844 3756 82 0 0
trop 3906 3768 68 0 0
tree 56 3800 56 0 0
tree 120 3784 48 0 0
tree 136 3784 48 0 0
tree 168 3800 33 0 0
zabor 272 3792 36 0 9
tree 440 3784 33 0 0
lay 648 3784 14 0 0
lay 648 3800 11 0 0
trop 1004 3804 68 0 0
fre 1044 3780 36 0 0
tree 1080 3800 31 0 0
lay 1224 3784 11 0 0
fre 1340 3780 82 0 0
fre 1340 3796 81 0 0
fre 1332 3804 81 0 0
lay 1688 3800 21 0 0
fre 1668 3788 82 0 0
fre 1716 3804 83 0 0
fre 1708 3804 83 0 0
fre 1868 3804 82 0 0
lay 1944 3800 11 0 0
zabor 2224 3792 25 0 8
trop 2474 3776 67 0 0
tree 2568 3800 38 0 0
lay 2648 3784 20 0 0
trop 2802 3776 67 0 0
stand 2846 3780 9 0 0
tree 2968 3784 6 0 0
tree 2984 3784 30 0 0
tree 3016 3784 22 0 0
tree 3080 3800 16 0 0
fre 3100 3788 82 0 0
trop 3106 3776 118 0 0
trop 3186 3800 116 0 0
trop 3202 3784 127 0 0
tree 3272 3784 62 0 0
tree 3288 3784 38 0 0
tree 3288 3800 6 0 0
tree 3304 3800 46 0 0
trop 3402 3800 48 0 0
tree 3464 3800 15 0 0
fre 3564 3804 81 0 0
fre 3572 3780 81 0 0
fre 3604 3788 81 0 0
fre 3716 3804 81 0 0
dom 3782 3804 43 0 0
fre 3780 3788 82 0 0
tree 40 3816 1 0 0
tree 56 3832 41 0 0
tree 72 3816 1 0 0
tree 72 3832 1 0 0
tree 152 3832 56 0 0
tree 152 3816 41 0 0
tree 168 3816 48 0 0
zabor 272 3824 38 0 9
tree 376 3832 41 0 0
trop 500 3820 61 0 0
tree 952 3832 41 0 0
tree 936 3816 56 0 0
lay 1400 3832 11 0 0
tree 2168 3832 62 0 0
zabor 2224 3824 30 0 8
trop 2378 3808 20 0 0
tree 2760 3816 53 0 0
trop 2802 3808 67 0 0
tree 2840 3816 0 0 0
tree 2840 3832 15 0 0
dom 2918 3836 6 0 0
tree 3176 3832 32 0 0
trop 3266 3824 117 0 0
fre 3332 3828 82 0 0
tree 3416 3832 45 0 0
fre 3460 3820 82 0 0
lay 3496 3832 20 0 0
lay 3544 3816 20 0 0
trop 3658 3824 27 0 0
tree 3672 3816 8 0 0
fre 3668 3820 82 0 0
fre 3748 3812 81 0 0
tree 40 3848 48 0 0
tree 56 3848 56 0 0
tree 72 3848 41 0 0
tree 152 3864 56 0 0
tree 136 3848 41 0 0
tree 168 3864 33 0 0
lay 278 3848 8 0 0
lay 310 3864 13 0 0
lay 294 3848 10 0 0
tree 344 3864 48 0 0
trop 548 3860 113 0 0
trop 628 3860 113 0 0
trop 708 3844 69 0 0
tree 808 3864 41 0 0
tree 1272 3864 53 0 0
tree 1320 3864 32 0 0
stand 1528 3864 19 0 0
trop 1572 3852 66 0 0
fre 1684 3852 83 0 0
tree 1928 3864 0 0 0
tree 1944 3864 6 0 0
fre 1940 3860 82 0 0
fre 1956 3860 82 0 0
lay 2008 3864 18 0 0
lay 1992 3848 21 0 0
tree 2168 3848 7 0 0
zabor 2224 3856 28 0 8
trop 2322 3864 20 0 0
dom 2374 3868 3 0 0
trop 2426 3856 6 0 0
trop 2474 3864 67 0 0
dom 2534 3868 7 0 0
stand 2622 3844 8 0 0
dom 2694 3868 10 0 0
stand 2776 3864 1 0 0
fre 3180 3852 82 0 0
tree 3208 3848 22 0 0
tree 3224 3864 62 0 0
tree 3256 3864 7 0 0
tree 3336 3848 31 0 0
fre 3348 3860 82 0 0
lay 3384 3848 19 0 0
lay 3416 3864 18 0 0
fre 3468 3868 35 0 0
lay 3480 3864 20 0 0
lay 3480 3848 20 0 0
lay 3512 3864 20 0 0
lay 3544 3848 11 0 0
fre 3692 3868 81 0 0
trop 3722 3856 25 0 0
trop 3770 3856 25 0 0
trop 3834 3864 120 0 0
trop 3906 3856 68 0 0
tree 40 3880 56 0 0
tree 88 3880 33 0 0
tree 88 3896 48 0 0
tree 104 3896 56 0 0
tree 168 3896 33 0 0
tree 344 3896 48 0 0
tree 344 3880 56 0 0
tree 328 3880 56 0 0
trop 460 3884 70 0 0
tree 776 3896 33 0 0
tree 920 3896 48 0 0
tree 952 3880 33 0 0
trop 1004 3884 68 0 0
tree 1080 3880 30 0 0
tree 1080 3896 45 0 0
tree 1096 3896 33 0 0
tree 1176 3896 38 0 0
tree 1288 3896 8 0 0
tree 1288 3880 62 0 0
tree 1304 3896 32 0 0
tree 1304 3880 54 0 0
tree 1320 3880 38 0 0
tree 1512 3896 6 0 0
fre 1772 3900 82 0 0
lay 1816 3896 11 0 0
fre 1908 3876 82 0 0
tree 2072 3896 15 0 0
tree 2056 3880 30 0 0
fre 2092 3892 82 0 0
tree 2200 3880 14 0 0
tree 2184 3896 30 0 0
zabor 2224 3888 30 0 8
stand 2312 3896 72 0 0
trop 2802 3888 67 0 0
tree 3240 3880 45 0 0
tree 3240 3896 54 0 0
lay 3352 3896 16 0 0
fre 3332 3876 82 0 0
lay 3384 3896 19 0 0
trop 3402 3880 48 0 0
lay 3464 3896 22 0 0
tree 3576 3896 6 0 0
tree 3608 3880 16 0 0
tree 3624 3880 6 0 0
lay 3656 3880 11 0 0
lay 3704 3880 11 0 0
fre 3780 3884 82 0 0
tree 88 3928 41 0 0
tree 104 3912 48 0 0
tree 120 3928 48 0 0
tree 104 3928 33 0 0
tree 120 3912 48 0 0
tree 168 3928 41 0 0
tree 168 3912 48 0 0
tree 184 3912 33 0 0
tree 312 3912 1 0 0
tree 344 3928 41 0 0
tree 520 3928 33 0 0
tree 536 3928 41 0 0
tree 552 3928 41 0 0
tree 584 3928 48 0 0
tree 600 3928 41 0 0
tree 920 3912 41 0 0
tree 952 3912 33 0 0
tree 1080 3912 7 0 0
tree 1080 3928 56 0 0
tree 1096 3912 33 0 0
tree 1176 3912 6 0 0
tree 1160 3928 31 0 0
tree 1272 3912 53 0 0
tree 1304 3928 32 0 0
tree 1336 3928 62 0 0
tree 1352 3928 14 0 0
tree 1432 3912 16 0 0
trop 1572 3932 66 0 0
fre 1772 3924 82 0 0
fre 1780 3916 82 0 0
tree 1800 3928 62 0 0
fre 1796 3908 82 0 0
fre 1804 3908 82 0 0
fre 1804 3916 82 0 0
tree 1880 3928 45 0 0
fre 1876 3924 82 0 0
tree 1912 3912 23 0 0
fre 1892 3908 82 0 0
lay 1960 3912 18 0 0
lay 2008 3912 14 0 0
tree 2088 3912 48 0 0
lay 2120 3928 18 0 0
lay 2152 3912 18 0 0
tree 2184 3928 41 0 0
zabor 2224 3920 25 0 8
lay 2648 3928 20 0 0
lay 2744 3928 20 0 0
tree 2856 3912 31 0 0
trop 3298 3904 68 0 0
lay 3400 3912 19 0 0
tree 3464 3928 53 0 0
tree 3480 3928 7 0 0
lay 3528 3912 19 0 0
tree 3576 3912 7 0 0
tree 3592 3912 8 0 0
tree 3608 3912 45 0 0
lay 3640 3912 19 0 0
tree 3704 3912 0 0 0
tree 3688 3928 30 0 0
tree 3720 3912 24 0 0
fre 3716 3916 83 0 0
fre 3764 3916 81 0 0
fre 3820 3924 83 0 0
tree 3848 3928 8 0 0
tree 120 3960 56 0 0
tree 152 3960 1 0 0
tree 152 3944 48 0 0
tree 168 3944 1 0 0
tree 184 3960 41 0 0
tree 168 3960 33 0 0
tree 216 3960 33 0 0
tree 232 3960 56 0 0
tree 280 3960 33 0 0
tree 264 3944 56 0 0
tree 344 3944 48 0 0
trop 436 3964 68 0 0
tree 488 3960 1 0 0
tree 664 3960 33 0 0
tree 680 3960 33 0 0
tree 680 3944 48 0 0
tree 712 3944 48 0 0
tree 824 3944 33 0 0
tree 936 3960 56 0 0
trop 1004 3940 67 0 0
tree 1064 3944 46 0 0
tree 1080 3960 48 0 0
tree 1080 3944 41 0 0
tree 1160 3944 15 0 0
tree 1176 3944 16 0 0
tree 1352 3944 15 0 0
tree 1480 3960 45 0 0
lay 1752 3944 11 0 0
tree 1736 3960 31 0 0
fre 1756 3964 82 0 0
fre 1924 3956 35 0 0
zabor 2224 3952 35 0 9
stand 2974 3940 72 0 0
tree 3080 3960 16 0 0
tree 3080 3944 14 0 0
tree 3096 3944 32 0 0
tree 3112 3944 6 0 0
trop 3402 3960 48 0 0
fre 3516 3956 82 0 0
tree 3528 3960 7 0 0
tree 3544 3960 14 0 0
fre 3540 3948 82 0 0
tree 3576 3944 30 0 0
tree 3560 3960 30 0 0
tree 3576 3960 8 0 0
fre 3572 3948 82 0 0
fre 3612 3940 82 0 0
fre 3596 3964 83 0 0
fre 3636 3940 82 0 0
tree 3672 3944 32 0 0
fre 3652 3948 82 0 0
tree 3704 3944 53 0 0
tree 3720 3944 22 0 0
tree 3736 3944 61 0 0
fre 3772 3964 83 0 0
tree 3784 3960 15 0 0
tree 3832 3960 38 0 0
tree 3848 3960 38 0 0
trop 3906 3944 67 0 0
tree 136 3976 41 0 0
tree 136 3992 56 0 0
tree 168 3976 41 0 0
tree 216 3976 41 0 0
tree 200 3992 33 0 0
tree 232 3976 56 0 0
tree 232 3992 48 0 0
tree 248 3992 56 0 0
tree 280 3992 56 0 0
tree 312 3976 41 0 0
tree 296 3976 56 0 0
tree 328 3976 33 0 0
tree 344 3976 33 0 0
tree 360 3992 1 0 0
tree 488 3976 33 0 0
tree 488 3992 33 0 0
tree 840 3976 41 0 0
tree 920 3976 33 0 0
tree 936 3976 48 0 0
tree 1064 3992 0 0 0
tree 1368 3992 6 0 0
tree 1384 3976 8 0 0
tree 1496 3992 6 0 0
tree 1512 3992 31 0 0
fre 1660 3980 83 0 0
tree 1752 3976 61 0 0
tree 1752 3992 45 0 0
fre 1748 3988 82 0 0
trop 3292 3988 65 0 0
tree 3496 3976 0 0 0
tree 3512 3976 23 0 0
tree 3640 3976 7 0 0
fre 3628 3972 82 0 0
tree 3656 3976 7 0 0
tree 3672 3976 16 0 0
tree 3688 3976 46 0 0
tree 120 4008 1 0 0
tree 152 4008 41 0 0
tree 168 4008 33 0 0
tree 184 4008 41 0 0
tree 200 4008 33 0 0
tree 216 4008 56 0 0
tree 248 4024 33 0 0
tree 232 4008 48 0 0
tree 280 4008 33 0 0
tree 264 4024 41 0 0
tree 280 4024 41 0 0
tree 312 4024 33 0 0
tree 312 4008 48 0 0
tree 344 4008 33 0 0
tree 376 4008 41 0 0
tree 392 4024 48 0 0
tree 504 4008 56 0 0
tree 856 4008 1 0 0
trop 1004 4028 67 0 0
tree 1496 4024 53 0 0
tree 1512 4008 46 0 0
tree 1656 4024 14 0 0
tree 1672 4024 0 0 0
fre 1668 4012 83 0 0
tree 1704 4024 15 0 0
tree 72 4056 41 0 0
tree 280 4040 33 0 0
tree 328 4040 41 0 0
tree 360 4040 56 0 0
trop 436 4044 68 0 0
tree 1416 4040 30 0 0
tree 1496 4040 31 0 0
tree 1528 4040 31 0 0
tree 1496 4072 54 0 0
