tree 120 168 11 0 179
tree 152 200 24 0 179
tree 200 216 28 0 179
tree 248 200 12 0 179
tree 424 216 90 0 179
tree 472 200 1 0 179
tree 472 216 21 0 179
tree 568 216 55 0 179
tree 248 232 117 0 179
tree 424 232 48 0 179
tree 536 232 56 0 179
tree 616 248 19 0 179
tree 312 280 67 0 179
tree 440 264 22 0 179
tree 344 296 45 0 179
tree 392 296 32 0 179
tree 984 296 1 0 179
tree 1032 312 117 0 179
tree 1064 312 103 0 179
tree 152 328 50 0 179
tree 168 328 80 0 179
tree 232 344 47 0 179
tree 504 344 5 0 179
tree 600 344 15 0 179
tree 744 328 92 0 179
tree 824 344 70 0 179
tree 1016 344 31 0 179
tree 1144 328 110 0 179
tree 1160 328 124 0 179
tree 1208 344 63 0 179
trop 2380 332 136 179 179
trop 2428 340 131 179 179
tree 504 376 123 0 179
tree 984 376 13 0 179
tree 1000 360 14 0 179
tree 696 392 52 0 179
tree 680 392 112 0 179
tree 824 392 44 0 179
tree 152 440 107 0 179
tree 360 440 89 0 179
tree 440 424 124 0 179
tree 504 424 126 0 179
tree 488 424 14 0 179
most 896 416 33 0 179
trop 2404 420 139 179 179
tree 312 472 103 0 179
tree 360 456 93 0 179
tree 408 456 117 0 179
tree 424 456 41 0 179
tree 760 456 17 0 179
tree 1096 472 34 0 179
tree 1128 472 26 0 179
tree 1176 472 31 0 179
tree 776 488 5 0 179
tree 792 488 35 0 179
tree 1016 504 21 0 179
tree 1032 488 47 0 179
tree 1064 488 82 0 179
tree 1144 504 105 0 179
trop 868 540 130 179 179
trop 908 532 137 179 179
trop 84 556 133 179 179
trop 172 556 133 179 179
trop 260 556 133 179 179
trop 348 556 133 179 179
trop 436 556 133 179 179
trop 524 556 133 179 179
trop 612 556 133 179 179
trop 700 556 133 179 179
trop 788 556 133 179 179
trop 972 548 135 179 179
trop 1044 548 135 179 179
trop 1124 548 135 179 179
trop 1204 548 135 179 179
trop 1284 572 136 179 179
trop 2404 580 140 179 179
trop 1332 644 137 179 179
trop 1404 668 135 179 179
trop 1492 668 135 179 179
trop 1580 668 135 179 179
trop 1668 668 135 179 179
trop 1756 668 135 179 179
trop 1844 668 135 179 179
trop 1932 668 135 179 179
trop 2020 668 135 179 179
trop 2100 668 135 179 179
trop 2180 668 135 179 179
trop 2268 668 135 179 179
trop 2348 668 135 179 179
trop 2380 644 130 179 179
trop 2428 668 135 179 179
trop 2428 644 137 179 179
trop 2508 668 135 179 179
trop 2588 668 135 179 179
trop 2660 692 136 179 179
trop 2684 772 128 179 179
trop 2684 860 128 179 179
trop 2684 956 128 179 179
trop 2684 1052 128 179 179
trop 2684 1148 128 179 179
trop 2684 1244 128 179 179
trop 2684 1340 128 179 179
trop 2684 1436 128 179 179
trop 2684 1532 128 179 179
trop 2684 1620 128 179 179
trop 2684 1716 128 179 179
trop 2684 1812 128 179 179
trop 2684 1908 128 179 179
trop 2684 1996 128 179 179
trop 2684 2092 128 179 179
trop 2684 2188 128 179 179
trop 2684 2284 128 179 179
trop 2684 2372 128 179 179
trop 2684 2468 128 179 179
trop 2684 2564 128 179 179
trop 2684 2660 128 179 179
trop 2684 2756 128 179 179
trop 2684 2852 128 179 179
trop 2684 2948 128 179 179
trop 2684 3044 128 179 179
trop 2684 3140 128 179 179
trop 2684 3236 128 179 179
trop 2684 3332 128 179 179
trop 2684 3428 128 179 179
trop 2684 3524 128 179 179
trop 2684 3620 128 179 179
trop 2684 3716 128 179 179
trop 2684 3812 128 179 179
trop 2684 3908 128 179 179
trop 2684 4004 128 179 179
