dom 8480 192 110 0 179
dom 8640 224 111 0 179
dom 8800 224 113 0 179
dom 8960 224 120 0 179
dom 9344 224 127 0 179
dom 9184 256 126 0 179
dom 10688 288 262 0 179
dom 9536 320 143 0 179
dom 8512 352 109 0 179
dom 8832 352 114 0 179
dom 8960 352 119 0 179
dom 9760 352 158 0 179
dom 10816 352 228 0 179
dom 8672 384 112 0 179
dom 9344 384 128 0 179
dom 10048 384 211 0 179
dom 10176 384 212 0 179
dom 9184 416 125 0 179
dom 10400 416 213 0 179
dom 8480 480 108 0 179
dom 8800 480 115 0 179
dom 9696 480 157 0 179
dom 10592 480 214 0 179
dom 9024 512 118 0 179
dom 9184 512 124 0 179
dom 9536 512 142 0 179
dom 10080 512 215 0 179
dom 10816 512 227 0 179
dom 8672 544 99 0 179
dom 9344 544 129 0 179
dom 8480 576 98 0 179
dom 10272 576 216 0 179
dom 8864 640 116 0 179
dom 9024 640 117 0 179
dom 9184 640 123 0 179
dom 9728 640 159 0 179
dom 10496 640 217 0 179
dom 8448 672 96 0 179
dom 8672 672 97 0 179
dom 9376 672 130 0 179
dom 9536 672 141 0 179
dom 10656 672 218 0 179
dom 10848 704 226 0 179
dom 8672 768 95 0 179
dom 9024 768 121 0 179
dom 9184 768 122 0 179
dom 9728 768 161 0 179
dom 9344 800 131 0 179
dom 9504 800 140 0 179
dom 10464 800 220 0 179
dom 10656 800 219 0 179
dom 10304 832 221 0 179
dom 8480 864 90 0 179
dom 10848 864 225 0 179
dom 8672 896 94 0 179
dom 8896 896 93 0 179
dom 9088 896 132 0 179
dom 9216 896 133 0 179
dom 9344 928 134 0 179
dom 9536 928 139 0 179
dom 10336 960 222 0 179
dom 10560 960 223 0 179
dom 10816 992 224 0 179
dom 9504 1024 138 0 179
dom 8480 1056 89 0 179
dom 9120 1056 135 0 179
dom 9248 1056 136 0 179
dom 9376 1056 137 0 179
dom 8672 1088 91 0 179
dom 8896 1088 92 0 179
dom 9120 1184 84 0 179
dom 8448 1248 86 0 179
dom 8640 1312 87 0 179
dom 8800 1344 88 0 179
dom 8928 1344 82 0 179
dom 9120 1344 83 0 179
dom 9248 1344 146 0 179
dom 8480 1472 85 0 179
dom 8928 1472 81 0 179
dom 9152 1504 80 0 179
dom 8736 1536 332 0 179
dom 11552 1568 346 0 179
dom 11744 1568 347 0 179
dom 8480 1632 106 0 179
dom 8608 1664 107 0 179
dom 8768 1664 105 0 179
dom 8960 1664 79 0 179
dom 9152 1696 78 0 179
dom 11872 1696 342 0 179
dom 11712 1728 343 0 179
dom 8480 1792 101 0 179
dom 8768 1792 100 0 179
dom 12032 1792 344 0 179
dom 8928 1824 76 0 179
dom 9152 1824 77 0 179
dom 11264 1824 348 0 179
dom 11520 1824 345 0 179
dom 11840 1824 341 0 179
dom 8640 1856 104 0 179
dom 8480 1920 58 0 179
dom 11488 1920 320 0 179
dom 11552 1920 319 0 179
dom 8768 1952 56 0 179
dom 8928 1952 74 0 179
dom 8640 1984 103 0 179
dom 9120 1984 75 0 179
dom 8448 2016 57 0 179
dom 11392 2016 316 0 179
dom 11680 2016 318 0 179
dom 8768 2048 55 0 179
dom 11488 2048 315 0 179
dom 11584 2080 317 0 179
dom 8480 2112 53 0 179
dom 8576 2112 54 0 179
dom 8960 2112 73 0 179
dom 11200 2112 314 0 179
dom 11872 2112 323 0 179
dom 8736 2144 52 0 179
dom 9120 2144 72 0 179
dom 11840 2208 322 0 179
dom 10048 2240 163 0 179
dom 11072 2240 313 0 179
dom 11328 2240 312 0 179
dom 11776 2240 321 0 179
dom 8448 2272 47 0 179
dom 8576 2272 48 0 179
dom 8672 2272 49 0 179
dom 8768 2272 50 0 179
dom 8928 2272 51 0 179
dom 9120 2272 71 0 179
dom 9888 2272 162 0 179
dom 11584 2304 310 0 179
dom 12032 2336 324 0 179
dom 8896 2368 45 0 179
dom 11232 2368 311 0 179
dom 8480 2400 46 0 179
dom 9088 2432 70 0 179
dom 9632 2432 166 0 179
dom 9984 2432 168 0 179
dom 11456 2432 307 0 179
dom 11552 2432 308 0 179
dom 11648 2432 309 0 179
dom 8448 2496 36 0 179
dom 8544 2496 37 0 179
dom 8928 2496 44 0 179
dom 9824 2496 167 0 179
dom 8704 2528 38 0 179
dom 8832 2528 39 0 179
dom 8448 2592 35 0 179
dom 8928 2592 43 0 179
dom 9088 2592 69 0 179
dom 11264 2592 305 0 179
dom 8832 2624 40 0 179
dom 10304 2624 164 0 179
dom 11456 2624 303 0 179
dom 11680 2624 304 0 179
dom 8672 2656 33 0 179
dom 9312 2656 248 0 179
dom 9696 2656 169 0 179
dom 11840 2656 306 0 179
dom 8864 2688 31 0 179
dom 8928 2688 43 0 179
dom 9536 2688 249 0 179
dom 10080 2688 170 0 179
dom 8448 2720 34 0 179
dom 9088 2720 68 0 179
dom 8672 2752 32 0 179
dom 9856 2752 171 0 179
dom 8864 2784 30 0 179
dom 10336 2784 165 0 179
dom 9312 2816 250 0 179
dom 10112 2816 174 0 179
dom 9056 2848 67 0 179
dom 9472 2848 251 0 179
dom 9664 2848 247 0 179
dom 9952 2848 173 0 179
dom 8448 2880 23 0 179
dom 8608 2880 25 0 179
dom 8832 2880 29 0 179
dom 11264 2880 289 0 179
dom 11392 2880 290 0 179
dom 11616 2880 294 0 179
dom 11744 2880 295 0 179
dom 11872 2880 298 0 179
dom 9280 2944 252 0 179
dom 9824 2944 172 0 179
dom 8832 2976 28 0 179
dom 9024 2976 66 0 179
dom 9632 2976 246 0 179
dom 8448 3008 22 0 179
dom 8608 3008 24 0 179
dom 9440 3008 253 0 179
dom 10464 3008 177 0 179
dom 11104 3008 288 0 179
dom 11232 3008 287 0 179
dom 11360 3008 286 0 179
dom 11648 3008 293 0 179
dom 11808 3008 297 0 179
dom 8736 3040 42 0 179
dom 9248 3040 254 0 179
dom 10336 3040 176 0 179
dom 11488 3040 284 0 179
dom 10112 3072 175 0 179
dom 8608 3104 26 0 179
dom 8832 3104 27 0 179
dom 9024 3104 65 0 179
dom 9824 3104 236 0 179
dom 10688 3104 178 0 179
dom 11648 3104 292 0 179
dom 11808 3104 296 0 179
dom 9216 3136 255 0 179
dom 9312 3136 256 0 179
dom 9440 3136 257 0 179
dom 9696 3136 245 0 179
dom 11360 3136 285 0 179
dom 11488 3136 283 0 179
dom 11968 3136 301 0 179
dom 8448 3168 21 0 179
dom 8672 3168 19 0 179
dom 8576 3200 20 0 179
dom 10464 3200 180 0 179
dom 11168 3200 280 0 179
dom 8832 3232 18 0 179
dom 9248 3232 260 0 179
dom 9312 3232 259 0 179
dom 9824 3232 237 0 179
dom 10112 3232 194 0 179
dom 11776 3232 299 0 179
dom 9056 3264 64 0 179
dom 9440 3264 258 0 179
dom 11488 3264 282 0 179
dom 11616 3264 291 0 179
dom 11904 3264 300 0 179
dom 8480 3296 14 0 179
dom 8576 3296 15 0 179
dom 9248 3296 261 0 179
dom 9696 3296 244 0 179
dom 12032 3296 302 0 179
dom 8736 3328 16 0 179
dom 8832 3328 17 0 179
dom 10304 3328 190 0 179
dom 10432 3328 179 0 179
dom 10688 3328 181 0 179
dom 11232 3328 279 0 179
dom 11360 3328 281 0 179
dom 9536 3360 241 0 179
dom 9600 3360 242 0 179
dom 9696 3360 243 0 179
dom 9760 3360 240 0 179
dom 9856 3360 238 0 179
dom 11744 3360 278 0 179
dom 10880 3392 263 0 179
dom 8480 3424 13 0 179
dom 8640 3424 12 0 179
dom 10016 3424 184 0 179
dom 10112 3424 196 0 179
dom 11040 3424 264 0 179
dom 8768 3456 11 0 179
dom 8864 3456 9 0 179
dom 9088 3456 63 0 179
dom 9664 3456 235 0 179
dom 9760 3456 234 0 179
dom 9856 3456 233 0 179
dom 9312 3488 330 0 179
dom 11296 3488 273 0 179
dom 11424 3488 267 0 179
dom 11584 3488 271 0 179
dom 11744 3488 277 0 179
dom 9504 3520 331 0 179
dom 10304 3520 191 0 179
dom 10464 3520 186 0 179
dom 10656 3520 182 0 179
dom 8512 3552 2 0 179
dom 9056 3552 62 0 179
dom 10816 3552 210 0 179
dom 11200 3552 209 0 179
dom 8704 3584 5 0 179
dom 8864 3584 8 0 179
dom 10944 3584 205 0 179
dom 11040 3584 206 0 179
dom 11296 3584 272 0 179
dom 11552 3584 270 0 179
dom 10112 3616 199 0 179
dom 11424 3616 266 0 179
dom 9728 3648 231 0 179
dom 9856 3648 232 0 179
dom 10336 3648 192 0 179
dom 10432 3680 187 0 179
dom 10624 3680 183 0 179
dom 10912 3680 204 0 179
dom 11744 3680 276 0 179
dom 8480 3712 1 0 179
dom 8704 3712 4 0 179
dom 8864 3712 7 0 179
dom 9088 3712 61 0 179
dom 11104 3712 207 0 179
dom 11232 3712 208 0 179
dom 9440 3744 337 0 179
dom 9728 3744 230 0 179
dom 11392 3744 265 0 179
dom 11552 3744 269 0 179
dom 9824 3776 229 0 179
dom 9952 3776 202 0 179
dom 10144 3776 200 0 179
dom 10880 3808 203 0 179
dom 11680 3808 275 0 179
dom 8704 3840 3 0 179
dom 8864 3840 6 0 179
dom 9216 3840 60 0 179
dom 10304 3840 193 0 179
dom 10400 3840 189 0 179
dom 10560 3840 188 0 179
dom 11392 3840 195 0 179
dom 11488 3840 268 0 179
dom 8512 3872 0 0 179
dom 9088 3872 59 0 179
dom 10080 3872 201 0 179
dom 11648 3904 274 0 179
