dom 5088 640 393 0 179
dom 4896 704 392 0 179
dom 5312 800 319 0 179
dom 5184 832 317 0 179
dom 4896 928 391 0 179
dom 5056 928 318 0 179
dom 5248 1024 316 0 179
dom 6368 1056 299 0 179
dom 5472 1088 307 0 179
dom 5600 1088 306 0 179
dom 5792 1120 308 0 179
dom 6656 1120 297 0 179
dom 4960 1152 320 0 179
dom 5184 1152 315 0 179
dom 6080 1152 300 0 179
dom 6496 1152 296 0 179
dom 5376 1216 313 0 179
dom 6368 1216 295 0 179
dom 6880 1216 298 0 179
dom 2304 1280 74 0 179
dom 2080 1312 75 0 179
dom 5056 1312 390 0 179
dom 5248 1312 314 0 179
dom 5600 1312 309 0 179
dom 5856 1312 302 0 179
dom 5984 1312 301 0 179
dom 6080 1344 303 0 179
dom 6560 1344 292 0 179
dom 6752 1344 291 0 179
dom 3328 1376 82 0 179
dom 3776 1376 87 0 179
dom 1088 1408 1 0 179
dom 1472 1408 67 0 179
dom 2560 1408 76 0 179
dom 5440 1408 312 0 179
dom 6976 1408 293 0 179
dom 864 1440 0 0 179
dom 1248 1440 2 0 179
dom 1632 1440 70 0 179
dom 1856 1440 71 0 179
dom 2848 1440 77 0 179
dom 3168 1440 78 0 179
dom 4256 1440 97 0 179
dom 5664 1440 310 0 179
dom 5920 1440 304 0 179
dom 1376 1472 66 0 179
dom 2304 1472 73 0 179
dom 3520 1472 84 0 179
dom 6400 1472 294 0 179
dom 2112 1504 72 0 179
dom 3392 1536 80 0 179
dom 4000 1536 88 0 179
dom 5824 1536 311 0 179
dom 6112 1536 305 0 179
dom 4672 1568 116 0 179
dom 6688 1568 289 0 179
dom 3744 1600 83 0 179
dom 4256 1600 98 0 179
dom 4480 1600 99 0 179
dom 4864 1600 117 0 179
dom 3200 1632 79 0 179
dom 6880 1632 289 0 179
dom 5088 1664 123 0 179
dom 5440 1664 128 0 179
dom 5536 1664 129 0 179
dom 5568 1664 130 0 179
dom 7136 1664 287 0 179
dom 3424 1696 81 0 179
dom 4704 1696 119 0 179
dom 5280 1696 125 0 179
dom 7680 1696 283 0 179
dom 6656 1728 290 0 179
dom 7456 1728 284 0 179
dom 8064 1728 277 0 179
dom 6048 1760 187 0 179
dom 7872 1760 279 0 179
dom 4352 1792 100 0 179
dom 6816 1792 288 0 179
dom 5856 1824 185 0 179
dom 8384 1824 278 0 179
dom 3776 1856 86 0 179
dom 4064 1856 90 0 179
dom 4640 1856 103 0 179
dom 5024 1856 124 0 179
dom 5664 1856 178 0 179
dom 7680 1856 282 0 179
dom 5280 1888 126 0 179
dom 4832 1920 122 0 179
dom 6048 1920 188 0 179
dom 6304 1920 191 0 179
dom 6624 1920 198 0 179
dom 7424 1920 285 0 179
dom 8000 1920 274 0 179
dom 4352 1952 141 0 179
dom 5504 1952 177 0 179
dom 3776 1984 133 0 179
dom 4160 1984 139 0 179
dom 5888 1984 186 0 179
dom 6784 1984 209 0 179
dom 7136 1984 286 0 179
dom 8192 1984 273 0 179
dom 4640 2016 154 0 179
dom 5728 2016 179 0 179
dom 7616 2016 281 0 179
dom 4000 2048 137 0 179
dom 5120 2048 160 0 179
dom 6464 2048 193 0 179
dom 7776 2048 280 0 179
dom 3616 2080 131 0 179
dom 4896 2080 159 0 179
dom 5248 2080 173 0 179
dom 5408 2080 175 0 179
dom 6720 2080 199 0 179
dom 8384 2080 272 0 179
dom 8640 2080 271 0 179
dom 8832 2080 270 0 179
dom 4448 2112 143 0 179
dom 6080 2112 189 0 179
dom 6272 2112 192 0 179
dom 6976 2112 208 0 179
dom 3776 2144 134 0 179
dom 5120 2144 162 0 179
dom 5600 2144 180 0 179
dom 4704 2176 156 0 179
dom 5856 2176 183 0 179
dom 8000 2176 276 0 179
dom 3648 2208 132 0 179
dom 3904 2208 136 0 179
dom 6560 2208 195 0 179
dom 6752 2208 201 0 179
dom 6880 2208 205 0 179
dom 7104 2208 213 0 179
dom 4064 2240 138 0 179
dom 4288 2240 140 0 179
dom 5312 2240 166 0 179
dom 5504 2240 176 0 179
dom 3776 2272 135 0 179
dom 4416 2272 142 0 179
dom 4896 2272 161 0 179
dom 7456 2272 224 0 179
dom 8224 2272 275 0 179
dom 4576 2304 155 0 179
dom 5088 2304 164 0 179
dom 5696 2304 181 0 179
dom 7264 2304 214 0 179
dom 8736 2304 268 0 179
dom 5280 2336 169 0 179
dom 6144 2336 190 0 179
dom 6432 2336 194 0 179
dom 6784 2336 202 0 179
dom 7008 2336 206 0 179
dom 7680 2336 228 0 179
dom 9024 2336 267 0 179
dom 5472 2368 170 0 179
dom 6656 2368 200 0 179
dom 8544 2368 269 0 179
dom 4768 2400 158 0 179
dom 4992 2400 165 0 179
dom 5920 2400 184 0 179
dom 7136 2432 212 0 179
dom 7488 2432 225 0 179
dom 7872 2432 231 0 179
dom 5120 2464 167 0 179
dom 5280 2464 168 0 179
dom 6880 2464 204 0 179
dom 7008 2464 210 0 179
dom 7296 2464 215 0 179
dom 8256 2464 238 0 179
dom 9312 2464 263 0 179
dom 4960 2496 163 0 179
dom 5664 2496 182 0 179
dom 7680 2496 229 0 179
dom 8064 2496 235 0 179
dom 8800 2496 244 0 179
dom 4768 2528 157 0 179
dom 5440 2528 171 0 179
dom 7424 2528 226 0 179
dom 8480 2528 239 0 179
dom 6336 2560 196 0 179
dom 6784 2560 203 0 179
dom 9632 2560 262 0 179
dom 5248 2592 174 0 179
dom 6624 2592 197 0 179
dom 7136 2592 211 0 179
dom 7904 2592 232 0 179
dom 8992 2592 246 0 179
dom 5152 2624 172 0 179
dom 6976 2624 207 0 179
dom 7296 2624 216 0 179
dom 9856 2624 264 0 179
dom 8224 2656 237 0 179
dom 9120 2656 248 0 179
dom 8800 2688 245 0 179
dom 8960 2688 247 0 179
dom 9312 2688 255 0 179
dom 7520 2720 227 0 179
dom 7744 2720 230 0 179
dom 9472 2720 257 0 179
dom 6976 2752 218 0 179
dom 7136 2752 217 0 179
dom 6816 2784 219 0 179
dom 7392 2784 223 0 179
dom 8096 2784 236 0 179
dom 9152 2784 250 0 179
dom 9664 2784 260 0 179
dom 9824 2784 265 0 179
dom 8576 2816 241 0 179
dom 9312 2816 256 0 179
dom 9504 2816 258 0 179
dom 7264 2848 222 0 179
dom 6976 2880 220 0 179
dom 7136 2880 221 0 179
dom 7616 2912 233 0 179
dom 7936 2912 234 0 179
dom 9472 2912 259 0 179
dom 8864 2976 243 0 179
dom 9120 2976 251 0 179
dom 9664 3008 261 0 179
dom 8352 3072 240 0 179
dom 9344 3072 254 0 179
dom 8672 3168 242 0 179
dom 8928 3232 252 0 179
dom 9152 3264 253 0 179
