tree 248 168 4 0 179
lay 440 168 9 0 179
lay 456 184 7 0 179
tree 616 168 19 0 179
cliff 3696 160 48 179 179
tree 168 200 1 0 179
lay 232 216 26 0 179
tree 328 216 5 0 179
tree 344 216 3 0 179
tree 408 200 31 0 179
tree 600 200 1 0 179
tree 744 200 8 0 179
lay 1176 200 64 0 179
tree 1944 200 7 0 179
lay 2200 216 63 0 179
cliff 3696 192 48 179 179
tree 216 232 30 0 179
tree 296 248 4 0 179
tree 408 232 9 0 179
trop 524 236 62 179 179
lay 648 248 62 0 179
tree 648 232 7 0 179
tree 872 232 8 0 179
tree 1496 232 39 0 179
tree 1528 248 24 0 179
tree 1512 232 25 0 179
tree 1544 248 23 0 179
tree 2168 248 21 0 179
tree 2168 232 39 0 179
tree 2152 232 23 0 179
tree 2152 248 20 0 179
trop 3572 252 81 179 179
cliff 3696 224 46 179 179
tree 168 264 5 0 179
tree 296 264 31 0 179
lay 376 280 62 0 179
tree 456 280 33 0 179
tree 584 264 7 0 179
tree 600 264 1 0 179
tree 728 280 5 0 179
tree 968 264 8 0 179
tree 1560 264 23 0 179
tree 1544 264 20 0 179
tree 1656 280 21 0 179
tree 1688 280 21 0 179
tree 1752 264 25 0 179
tree 1736 264 24 0 179
tree 2040 264 20 0 179
tree 2024 264 23 0 179
tree 2056 264 22 0 179
tree 3304 280 22 0 179
cliff 3696 256 47 179 179
tree 376 312 9 0 179
tree 728 296 28 0 179
tree 744 296 19 0 179
tree 760 296 3 0 179
tree 760 312 32 0 179
tree 824 312 29 0 179
tree 840 312 27 0 179
lay 968 296 64 0 179
lay 1112 296 59 0 179
tree 1656 296 25 0 179
tree 1672 296 25 0 179
tree 2008 312 33 0 179
lay 2376 312 63 0 179
tree 3384 312 26 0 179
cliff 3696 288 48 179 179
tree 200 344 5 0 179
tree 248 328 28 0 179
lay 328 344 65 0 179
tree 584 328 10 0 179
tree 664 328 32 0 179
tree 1032 328 31 0 179
tree 1096 344 9 0 179
lay 1288 344 64 0 179
tree 1832 328 1 0 179
tree 2040 344 18 0 179
tree 2024 328 30 0 179
lay 2536 344 63 0 179
tree 2840 328 6 0 179
lay 3048 328 58 0 179
tree 3256 344 22 0 179
cliff 3696 320 47 179 179
tree 3752 344 19 0 179
tree 216 376 3 0 179
lay 312 360 58 0 179
tree 328 360 4 0 179
tree 376 376 1 0 179
tree 408 360 9 0 179
trop 524 364 62 179 179
lay 808 360 58 0 179
lay 840 360 58 0 179
lay 872 376 58 0 179
tree 952 360 4 0 179
tree 1352 360 33 0 179
tree 1448 376 5 0 179
tree 1448 360 5 0 179
tree 1464 360 1 0 179
tree 2040 360 18 0 179
tree 2072 376 5 0 179
tree 2056 360 30 0 179
tree 2088 376 7 0 179
lay 3128 376 63 0 179
tree 3144 376 8 0 179
tree 3160 376 18 0 179
lay 3336 360 64 0 179
trop 3572 364 81 179 179
cliff 3696 352 53 179 179
tree 3864 360 1 0 179
tree 216 408 4 0 179
lay 408 408 61 0 179
lay 440 408 6 0 179
lay 904 408 58 0 179
lay 904 392 58 0 179
lay 2504 408 58 0 179
lay 3080 392 58 0 179
lay 3240 392 62 0 179
tree 3448 408 20 0 179
cliff 3696 384 48 179 179
tree 168 440 18 0 179
tree 280 424 33 0 179
tree 344 440 1 0 179
tree 328 424 4 0 179
tree 344 424 7 0 179
fre 364 428 5 179 179
lay 392 424 60 0 179
lay 760 440 58 0 179
lay 904 424 58 0 179
lay 1112 424 64 0 179
dom 1248 416 88 0 179
trop 1652 420 106 179 179
trop 1876 420 80 179 179
lay 2424 424 58 0 179
lay 2712 440 63 0 179
tree 3336 440 5 0 179
trop 3604 444 94 179 179
cliff 3696 416 53 179 179
tree 168 456 8 0 179
tree 232 456 3 0 179
lay 424 456 67 0 179
lay 424 472 14 0 179
fre 1380 468 24 179 179
trop 1844 452 95 179 179
trop 2020 468 86 179 179
cliff 2304 464 61 179 179
lay 2616 472 58 0 179
tree 2888 456 29 0 179
tree 2904 456 7 0 179
tree 2920 456 33 0 179
tree 2936 472 30 0 179
tree 2968 456 3 0 179
tree 3336 456 18 0 179
cliff 3696 448 46 179 179
stand 328 488 57 0 179
zabor 592 496 38 0 9
zabor 624 496 31 0 8
zabor 656 496 27 0 8
lay 680 504 58 0 179
zabor 688 496 29 0 8
zabor 720 496 31 0 8
zabor 752 496 36 0 9
stand 1064 504 50 0 179
fre 1076 508 34 179 179
trop 1212 492 129 179 179
trop 1308 492 134 179 179
dom 1408 480 66 0 179
trop 1556 484 100 179 179
cliff 2336 480 47 179 179
tree 2408 488 33 0 179
tree 3176 504 25 0 179
tree 3464 504 23 0 179
tree 3480 504 22 0 179
cliff 3696 480 48 179 179
tree 3880 504 28 0 179
trop 492 516 74 179 179
trop 652 532 97 179 179
trop 756 532 97 179 179
trop 948 532 97 179 179
trop 1068 532 97 179 179
trop 1196 532 106 179 179
trop 1284 532 97 179 179
trop 1444 532 104 179 179
cliff 2352 528 24 179 179
cliff 2336 512 21 179 179
lay 2440 520 61 0 179
lay 2632 536 58 0 179
tree 2760 536 6 0 179
cliff 2976 528 16 179 179
tree 3256 520 22 0 179
lay 3352 520 16 0 179
cliff 3696 512 21 179 179
cliff 3712 528 26 179 179
tree 3880 520 3 0 179
tree 3896 520 32 0 179
trop 204 548 63 179 179
trop 348 548 63 179 179
trop 340 572 136 179 179
trop 580 548 67 179 179
trop 2116 556 87 179 179
cliff 2368 544 46 179 179
cliff 2896 560 26 179 179
cliff 2960 560 1 179 179
cliff 3008 544 62 179 179
lay 3208 552 58 0 179
cliff 3728 544 47 179 179
tree 3752 552 7 0 179
lay 3896 552 65 0 179
trop 340 604 137 179 179
trop 676 596 126 179 179
tree 792 584 0 0 179
tree 1656 584 24 0 179
tree 1672 584 21 0 179
tree 1816 584 9 0 179
cliff 1952 592 59 179 179
tree 2264 600 32 0 179
cliff 2368 576 47 179 179
lay 2472 600 65 0 179
lay 2568 584 61 0 179
tree 2568 600 1 0 179
lay 2600 600 58 0 179
cliff 2848 592 13 179 179
cliff 2880 576 3 179 179
cliff 2912 576 22 179 179
cliff 2944 592 8 179 179
tree 3288 584 39 0 179
tree 3304 584 25 0 179
cliff 3728 576 53 179 179
dom 224 608 289 0 179
trop 308 636 139 179 179
tree 536 632 6 0 179
lay 680 616 63 0 179
cliff 1056 624 12 179 179
tree 1640 632 9 0 179
cliff 1920 624 15 179 179
stand 2072 616 41 0 179
lay 2248 616 59 0 179
cliff 2368 608 47 179 179
lay 2456 632 61 0 179
lay 2584 616 58 0 179
lay 2696 616 65 0 179
cliff 2848 624 12 179 179
tree 3240 616 29 0 179
tree 3448 632 39 0 179
cliff 3728 608 23 179 179
cliff 3744 624 26 179 179
lay 264 664 60 0 179
stand 360 664 166 0 179
lay 472 648 58 0 179
stand 632 648 11 0 179
trop 684 660 126 179 179
dom 736 640 288 0 179
cliff 1056 656 12 179 179
cliff 1056 640 65 179 179
lay 1224 664 62 0 179
tree 1272 648 22 0 179
tree 1336 664 20 0 179
tree 1320 664 25 0 179
tree 1640 648 29 0 179
cliff 1920 656 13 179 179
cliff 2368 640 53 179 179
lay 2600 664 26 0 179
tree 2616 648 5 0 179
tree 2744 664 30 0 179
tree 2728 664 32 0 179
cliff 2848 656 13 179 179
tree 3496 664 23 0 179
trop 3604 660 94 179 179
cliff 3760 640 48 179 179
lay 472 696 62 0 179
dom 544 672 291 0 179
cliff 1056 688 11 179 179
tree 1336 680 25 0 179
tree 1368 696 22 0 179
tree 1352 680 20 0 179
lay 1368 696 65 0 179
tree 1496 680 5 0 179
tree 1688 696 33 0 179
tree 1704 696 7 0 179
tree 1864 680 8 0 179
cliff 1920 688 13 179 179
trop 2156 692 83 179 179
cliff 2368 672 53 179 179
tree 2456 680 4 0 179
lay 2600 696 58 0 179
lay 2696 696 62 0 179
cliff 2848 688 15 179 179
lay 3128 696 63 0 179
lay 3256 696 60 0 179
trop 3572 700 81 179 179
cliff 3760 672 53 179 179
lay 232 712 58 0 179
tree 248 728 18 0 179
tree 472 712 16 0 179
tree 488 728 32 0 179
trop 684 716 126 179 179
cliff 1920 720 11 179 179
cliff 2368 704 53 179 179
lay 2440 712 60 0 179
lay 2520 728 60 0 179
lay 2648 712 65 0 179
cliff 3760 704 19 179 179
cliff 3776 704 17 179 179
cliff 3808 720 25 179 179
stand 600 760 158 0 179
trop 692 756 126 179 179
cliff 1040 752 58 179 179
cliff 1072 736 10 179 179
lay 1096 744 63 0 179
lay 1256 760 64 0 179
lay 1496 760 62 0 179
tree 1688 744 32 0 179
cliff 1920 752 12 179 179
tree 2120 760 25 0 179
cliff 2384 752 25 179 179
cliff 2368 736 21 179 179
lay 2472 744 60 0 179
lay 2552 744 60 0 179
lay 2600 760 60 0 179
cliff 2832 752 1 179 179
cliff 2864 736 10 179 179
tree 2968 760 4 0 179
tree 2984 760 28 0 179
tree 3080 744 3 0 179
lay 3160 744 63 0 179
tree 3320 744 3 0 179
lay 3368 744 65 0 179
tree 3432 760 1 0 179
tree 3720 760 30 0 179
cliff 3824 736 20 179 179
cliff 3840 736 54 179 179
cliff 3872 752 26 179 179
tree 248 776 8 0 179
tree 312 792 28 0 179
tree 408 792 8 0 179
lay 520 792 2 0 179
tree 584 792 27 0 179
stand 600 792 160 0 179
stand 616 792 161 0 179
trop 660 788 127 179 179
lay 792 792 50 0 179
lay 936 776 61 0 179
lay 1464 792 62 0 179
lay 1720 792 65 0 179
cliff 1920 784 13 179 179
tree 2136 792 24 0 179
tree 2136 776 21 0 179
tree 2120 776 26 0 179
cliff 2416 784 26 179 179
cliff 2400 768 21 179 179
lay 2552 776 60 0 179
tree 2632 776 8 0 179
cliff 2816 784 7 179 179
cliff 3888 768 21 179 179
cliff 3904 784 24 179 179
tree 328 808 8 0 179
lay 344 824 65 0 179
lay 376 824 59 0 179
tree 472 824 7 0 179
trop 628 820 126 179 179
lay 952 808 58 0 179
tree 1864 808 9 0 179
cliff 1920 816 11 179 179
tree 2056 824 9 0 179
tree 2136 808 21 0 179
trop 2212 812 87 179 179
cliff 2432 800 53 179 179
lay 2568 808 67 0 179
lay 2600 824 68 0 179
cliff 2752 816 13 179 179
cliff 2784 800 3 179 179
trop 3572 812 81 179 179
cliff 3920 800 46 179 179
tree 248 840 9 0 179
tree 440 856 31 0 179
tree 568 840 23 0 179
trop 628 836 126 179 179
tree 1736 856 27 0 179
tree 2056 840 6 0 179
tree 2136 840 22 0 179
tree 2152 856 20 0 179
tree 2152 840 39 0 179
cliff 2448 848 27 179 179
cliff 2432 832 21 179 179
lay 2488 840 2 0 179
zabor 3120 848 64 1 8
zabor 3152 848 65 1 8
zabor 3184 848 65 1 8
zabor 3216 848 66 1 8
zabor 3248 848 64 1 8
tree 3464 856 7 0 179
stand 3640 840 36 0 179
tree 3928 840 27 0 179
cliff 3920 832 48 179 179
tree 328 888 32 0 179
zabor 432 880 28 0 8
zabor 464 880 27 0 8
dom 480 864 289 0 179
tree 584 888 25 0 179
trop 612 884 126 179 179
lay 792 888 58 0 179
cliff 1904 880 3 179 179
cliff 1936 864 7 179 179
tree 2152 872 26 0 179
stand 2184 872 41 0 179
cliff 2480 880 25 179 179
cliff 2464 864 21 179 179
cliff 2736 880 4 179 179
cliff 2768 864 7 179 179
tree 3224 872 8 0 179
zabor 3248 880 65 1 8
tree 3368 888 30 0 179
tree 3800 872 4 0 179
cliff 3920 864 46 179 179
zabor 176 912 29 0 8
zabor 208 912 30 0 8
zabor 240 912 28 0 8
zabor 272 912 29 0 8
zabor 304 912 27 0 8
zabor 336 912 28 0 8
zabor 368 912 30 0 8
zabor 400 912 30 0 8
zabor 432 912 25 0 8
lay 744 920 62 0 179
tree 1400 920 31 0 179
cliff 1888 896 34 179 179
cliff 1904 912 31 179 179
lay 2360 904 59 0 179
tree 2344 920 1 0 179
cliff 2512 896 17 179 179
cliff 2496 896 21 179 179
cliff 2544 896 18 179 179
cliff 2576 896 54 179 179
cliff 2608 896 54 179 179
cliff 2640 896 54 179 179
cliff 2672 896 18 179 179
cliff 2720 912 8 179 179
tree 2904 904 27 0 179
zabor 2992 912 65 1 8
dom 3104 896 83 0 179
zabor 3248 912 65 1 8
tree 3384 904 9 0 179
cliff 3920 896 20 179 179
cliff 3936 912 27 179 179
zabor 176 944 29 0 8
lay 344 952 59 0 179
trop 620 940 126 179 179
tree 1144 936 23 0 179
lay 1256 936 64 0 179
lay 1464 936 11 0 179
lay 1480 936 67 0 179
tree 1656 952 33 0 179
cliff 1920 944 6 179 179
lay 2072 952 65 0 179
trop 2252 948 83 179 179
lay 2312 936 37 0 179
tree 2808 936 21 0 179
tree 2808 952 20 0 179
zabor 2992 944 65 1 8
zabor 3248 944 64 1 8
trop 3580 948 88 179 179
cliff 3952 928 47 179 179
zabor 176 976 30 0 8
tree 568 984 21 0 179
tree 1224 984 21 0 179
lay 1432 968 65 0 179
cliff 1872 976 36 179 179
cliff 1888 960 1 179 179
tree 2424 968 28 0 179
tree 2808 968 21 0 179
tree 2792 984 21 0 179
tree 2824 984 26 0 179
tree 2840 984 26 0 179
zabor 2992 976 66 1 8
tree 3016 968 32 0 179
stand 3064 984 165 0 179
stand 3176 984 165 0 179
zabor 3248 976 65 1 8
stand 3448 984 28 0 179
cliff 3952 960 53 179 179
zabor 176 1008 29 0 8
lay 296 1000 59 0 179
lay 392 1000 60 0 179
lay 392 1016 59 0 179
lay 424 1000 59 0 179
tree 600 1000 23 0 179
tree 1432 1000 3 0 179
tree 1448 1000 30 0 179
lay 1752 1000 50 0 179
cliff 1888 992 30 179 179
cliff 1888 1008 12 179 179
lay 2104 1000 62 0 179
lay 2088 1000 62 0 179
tree 2104 1000 3 0 179
tree 2776 1016 23 0 179
tree 2760 1016 26 0 179
tree 2840 1016 26 0 179
tree 2872 1000 20 0 179
zabor 2992 1008 66 1 8
zabor 3024 1008 66 1 8
zabor 3056 1008 64 1 8
stand 3096 1016 241 0 179
zabor 3088 1008 66 1 8
stand 3160 1016 241 0 179
zabor 3152 1008 65 1 8
zabor 3184 1008 65 1 8
zabor 3216 1008 65 1 8
zabor 3248 1008 65 1 8
cliff 3952 992 22 179 179
zabor 176 1040 31 0 8
lay 264 1032 59 0 179
lay 1320 1032 2 0 179
lay 1640 1048 62 0 179
cliff 1888 1040 14 179 179
trop 2340 1044 82 179 179
trop 2444 1044 80 179 179
trop 2556 1044 80 179 179
trop 2668 1044 80 179 179
trop 2772 1044 80 179 179
trop 2876 1044 80 179 179
trop 3020 1044 97 179 179
trop 3116 1044 90 179 179
trop 3228 1044 80 179 179
trop 3340 1044 80 179 179
trop 3468 1044 89 179 179
zabor 176 1072 24 0 8
tree 296 1064 27 0 179
lay 472 1080 59 0 179
lay 536 1064 60 0 179
trop 620 1076 107 179 179
tree 1832 1080 31 0 179
cliff 1888 1072 14 179 179
trop 2956 1076 95 179 179
zabor 176 1104 31 0 8
lay 296 1112 59 0 179
tree 584 1112 39 0 179
cliff 1888 1104 13 179 179
stand 2360 1112 43 0 179
stand 2712 1112 40 0 179
tree 3768 1112 31 0 179
tree 3896 1096 32 0 179
zabor 176 1136 27 0 8
tree 568 1128 22 0 179
tree 856 1144 6 0 179
tree 1176 1128 25 0 179
lay 1480 1144 63 0 179
lay 1592 1144 61 0 179
lay 1592 1128 61 0 179
tree 1688 1144 6 0 179
cliff 1904 1136 35 179 179
lay 2104 1144 62 0 179
tree 2200 1128 3 0 179
lay 3128 1144 68 0 179
zabor 176 1168 26 0 8
lay 296 1160 59 0 179
lay 472 1176 59 0 179
tree 568 1160 26 0 179
tree 584 1160 26 0 179
zabor 592 1168 31 0 8
tree 856 1176 3 0 179
lay 1592 1160 61 0 179
cliff 1920 1152 32 179 179
cliff 1920 1168 15 179 179
tree 2296 1160 33 0 179
tree 2472 1160 24 0 179
tree 3576 1176 23 0 179
tree 3592 1176 20 0 179
tree 3608 1176 21 0 179
zabor 176 1200 27 0 8
lay 424 1192 59 0 179
lay 472 1208 59 0 179
tree 584 1192 21 0 179
zabor 592 1200 24 0 8
lay 632 1192 3 0 179
tree 936 1192 19 0 179
tree 1368 1208 20 0 179
cliff 1920 1200 14 179 179
lay 2120 1192 58 0 179
lay 2200 1208 59 0 179
tree 2504 1192 21 0 179
tree 2616 1208 7 0 179
tree 3384 1208 22 0 179
tree 3736 1192 29 0 179
zabor 176 1232 24 0 8
zabor 272 1232 29 0 8
zabor 304 1232 27 0 8
zabor 336 1232 31 0 8
zabor 368 1232 26 0 8
zabor 400 1232 26 0 8
zabor 432 1232 26 0 8
zabor 464 1232 25 0 8
zabor 496 1232 25 0 8
zabor 528 1232 30 0 8
zabor 560 1232 30 0 8
zabor 592 1232 24 0 8
lay 968 1240 61 0 179
lay 1208 1240 61 0 179
tree 1368 1224 20 0 179
lay 1704 1224 65 0 179
cliff 1920 1232 13 179 179
lay 2232 1240 65 0 179
tree 2824 1224 3 0 179
tree 2920 1240 6 0 179
lay 3112 1240 62 0 179
tree 3384 1240 20 0 179
tree 3384 1224 20 0 179
tree 3400 1224 22 0 179
tree 3400 1240 39 0 179
tree 3416 1240 39 0 179
tree 3640 1240 21 0 179
zabor 176 1264 26 0 8
zabor 208 1264 25 0 8
zabor 240 1264 24 0 8
zabor 272 1264 26 0 8
dom 320 1248 292 0 179
tree 440 1256 30 0 179
trop 660 1268 108 179 179
tree 1464 1272 24 0 179
tree 1672 1272 31 0 179
tree 1720 1272 29 0 179
tree 1704 1272 33 0 179
tree 1864 1272 3 0 179
cliff 1920 1264 13 179 179
tree 2472 1272 32 0 179
lay 2712 1256 65 0 179
tree 3416 1256 26 0 179
tree 3432 1256 23 0 179
tree 3432 1272 39 0 179
tree 3640 1256 25 0 179
tree 3656 1256 25 0 179
tree 3832 1272 25 0 179
tree 3832 1256 21 0 179
tree 280 1288 35 0 179
tree 1720 1288 4 0 179
tree 1752 1288 27 0 179
tree 1736 1288 3 0 179
tree 1832 1288 32 0 179
cliff 1920 1296 13 179 179
lay 2120 1304 62 0 179
tree 2360 1304 7 0 179
tree 2680 1304 30 0 179
lay 3192 1304 62 0 179
tree 3464 1288 19 0 179
tree 3496 1288 21 0 179
tree 3512 1288 21 0 179
tree 3528 1288 23 0 179
tree 3608 1304 25 0 179
tree 3608 1288 39 0 179
tree 3672 1304 22 0 179
tree 3816 1304 22 0 179
tree 3832 1304 25 0 179
tree 3832 1288 20 0 179
tree 264 1320 33 0 179
tree 264 1336 33 0 179
tree 440 1320 22 0 179
lay 1192 1320 62 0 179
cliff 1920 1328 12 179 179
tree 2184 1320 29 0 179
lay 2392 1320 65 0 179
tree 3448 1336 21 0 179
tree 3576 1320 25 0 179
tree 3608 1336 22 0 179
tree 3608 1320 25 0 179
tree 3592 1336 23 0 179
tree 3672 1336 23 0 179
tree 3704 1336 26 0 179
tree 3784 1336 22 0 179
tree 3800 1336 22 0 179
tree 3816 1320 21 0 179
tree 1592 1368 27 0 179
cliff 1920 1360 12 179 179
lay 2424 1368 62 0 179
trop 2580 1372 94 179 179
lay 3272 1352 67 0 179
tree 3448 1352 21 0 179
tree 3592 1352 24 0 179
tree 3608 1352 24 0 179
tree 3624 1352 22 0 179
tree 3624 1368 39 0 179
tree 3640 1368 20 0 179
tree 3768 1352 24 0 179
tree 3784 1352 39 0 179
dom 224 1376 291 0 179
stand 1016 1384 164 0 179
stand 1048 1400 1 0 179
dom 1152 1376 70 0 179
tree 1240 1400 3 0 179
dom 1280 1376 293 0 179
tree 1832 1400 29 0 179
cliff 1920 1392 12 179 179
lay 2200 1384 64 0 179
lay 2248 1400 60 0 179
tree 2376 1400 33 0 179
lay 2536 1384 62 0 179
tree 2952 1384 4 0 179
lay 2984 1400 65 0 179
tree 3640 1384 23 0 179
tree 3656 1384 26 0 179
trop 476 1436 95 179 179
trop 564 1412 106 179 179
trop 732 1412 97 179 179
stand 1240 1432 165 0 179
lay 1336 1432 67 0 179
lay 2360 1416 61 0 179
lay 2952 1432 62 0 179
fre 3324 1436 25 179 179
tree 3576 1416 30 0 179
tree 3576 1432 31 0 179
tree 3592 1432 3 0 179
tree 3608 1432 3 0 179
tree 280 1464 26 0 179
tree 472 1448 22 0 179
tree 472 1464 21 0 179
zabor 464 1456 28 0 8
zabor 496 1456 31 0 8
zabor 528 1456 25 0 8
zabor 560 1456 30 0 8
zabor 592 1456 24 0 8
zabor 688 1456 30 0 8
zabor 720 1456 24 0 8
zabor 752 1456 28 0 8
zabor 784 1456 29 0 8
zabor 816 1456 29 0 8
tree 856 1464 20 0 179
tree 840 1464 26 0 179
zabor 848 1456 27 0 8
tree 888 1464 24 0 179
tree 872 1464 21 0 179
trop 1028 1444 101 179 179
lay 1352 1448 68 0 179
tree 1832 1464 1 0 179
cliff 1904 1456 3 179 179
cliff 1936 1440 8 179 179
tree 3080 1448 28 0 179
tree 3096 1464 8 0 179
lay 3208 1448 62 0 179
tree 232 1496 27 0 179
fre 300 1492 5 179 179
tree 440 1496 22 0 179
tree 472 1480 26 0 179
tree 456 1496 26 0 179
tree 888 1480 39 0 179
tree 920 1496 22 0 179
tree 904 1496 23 0 179
tree 904 1480 39 0 179
lay 936 1496 64 0 179
dom 992 1472 290 0 179
tree 1560 1480 28 0 179
cliff 1872 1472 12 179 179
trop 2548 1492 103 179 179
tree 2968 1496 19 0 179
lay 3096 1480 63 0 179
tree 3224 1480 29 0 179
lay 3288 1480 65 0 179
lay 264 1528 62 0 179
tree 440 1512 26 0 179
tree 424 1528 21 0 179
tree 440 1528 24 0 179
tree 920 1528 25 0 179
tree 920 1512 21 0 179
tree 936 1528 21 0 179
cliff 1872 1504 14 179 179
lay 3048 1512 65 0 179
tree 3192 1528 33 0 179
tree 3208 1528 29 0 179
tree 280 1544 28 0 179
tree 424 1544 20 0 179
zabor 432 1552 25 0 8
lay 536 1544 62 0 179
tree 952 1560 24 0 179
tree 936 1560 24 0 179
tree 936 1544 20 0 179
zabor 944 1552 25 0 8
lay 1016 1560 67 0 179
lay 1048 1560 67 0 179
lay 1032 1560 67 0 179
lay 1032 1544 67 0 179
lay 1208 1560 63 0 179
tree 1704 1560 3 0 179
tree 1848 1560 28 0 179
cliff 1872 1536 12 179 179
tree 2232 1544 31 0 179
lay 2328 1544 62 0 179
trop 2548 1548 99 179 179
lay 2856 1560 63 0 179
tree 3128 1544 27 0 179
tree 3144 1544 18 0 179
tree 3224 1560 33 0 179
lay 3208 1544 65 0 179
tree 3688 1560 33 0 179
lay 184 1592 61 0 179
zabor 432 1584 29 0 8
tree 952 1576 24 0 179
zabor 944 1584 28 0 8
stand 1064 1592 165 0 179
cliff 1872 1568 15 179 179
lay 2728 1576 59 0 179
tree 2888 1576 30 0 179
tree 2904 1576 29 0 179
tree 2904 1592 5 0 179
tree 2920 1592 9 0 179
tree 3320 1592 9 0 179
tree 3352 1576 31 0 179
tree 3368 1592 27 0 179
tree 3368 1576 18 0 179
lay 248 1608 61 0 179
lay 296 1624 61 0 179
zabor 432 1616 29 0 8
lay 680 1624 62 0 179
zabor 944 1616 30 0 8
tree 1000 1624 5 0 179
lay 1208 1624 67 0 179
tree 1560 1608 18 0 179
cliff 1872 1600 12 179 179
lay 2200 1608 65 0 179
tree 2936 1608 31 0 179
tree 3096 1624 9 0 179
tree 3512 1608 19 0 179
tree 328 1656 18 0 179
tree 360 1640 22 0 179
zabor 432 1648 27 0 8
lay 744 1656 65 0 179
zabor 944 1648 27 0 8
lay 1064 1640 60 0 179
lay 1240 1640 59 0 179
cliff 1872 1632 15 179 179
tree 2184 1656 33 0 179
trop 2476 1652 96 179 179
tree 2936 1656 33 0 179
lay 2920 1640 65 0 179
tree 2952 1656 19 0 179
tree 2968 1656 29 0 179
tree 3096 1640 9 0 179
tree 3096 1656 3 0 179
tree 3208 1656 5 0 179
tree 3784 1656 28 0 179
lay 184 1672 61 0 179
tree 296 1688 31 0 179
tree 376 1688 25 0 179
tree 360 1672 26 0 179
tree 360 1688 20 0 179
zabor 432 1680 30 0 8
lay 504 1672 61 0 179
zabor 944 1680 28 0 8
tree 1816 1688 9 0 179
cliff 1872 1664 15 179 179
tree 2968 1672 6 0 179
lay 3032 1672 65 0 179
tree 3080 1672 31 0 179
tree 3080 1688 4 0 179
tree 3192 1688 6 0 179
tree 3208 1672 1 0 179
tree 3288 1688 19 0 179
tree 3288 1672 33 0 179
tree 3304 1688 4 0 179
tree 360 1704 39 0 179
zabor 432 1712 24 0 8
lay 744 1720 62 0 179
zabor 944 1712 31 0 8
cliff 1888 1712 5 179 179
tree 2008 1720 28 0 179
dom 2432 1696 86 0 179
tree 2968 1720 19 0 179
tree 2968 1704 33 0 179
tree 2984 1720 4 0 179
lay 3128 1720 65 0 179
tree 3192 1704 29 0 179
tree 3208 1720 33 0 179
tree 3304 1704 3 0 179
lay 200 1736 61 0 179
lay 264 1736 61 0 179
tree 376 1736 23 0 179
tree 392 1736 22 0 179
zabor 432 1744 24 0 8
zabor 944 1744 25 0 8
tree 1496 1752 7 0 179
tree 1496 1736 1 0 179
tree 1704 1736 3 0 179
cliff 1856 1728 1 179 179
tree 2008 1736 29 0 179
lay 2488 1752 4 0 179
lay 2728 1752 63 0 179
tree 2984 1736 32 0 179
lay 3016 1752 64 0 179
tree 3160 1752 29 0 179
tree 3208 1736 8 0 179
tree 3208 1752 3 0 179
tree 3224 1752 7 0 179
lay 3320 1752 65 0 179
tree 3688 1752 5 0 179
cliff 3952 1744 45 179 179
lay 296 1784 62 0 179
tree 392 1768 39 0 179
zabor 432 1776 24 0 8
lay 552 1768 62 0 179
tree 696 1768 4 0 179
zabor 848 1776 31 0 8
zabor 944 1776 29 0 8
cliff 1808 1776 1 179 179
cliff 1840 1760 8 179 179
lay 2808 1784 62 0 179
fre 2836 1772 24 179 179
tree 2952 1784 27 0 179
tree 3160 1768 18 0 179
lay 3144 1768 60 0 179
tree 3176 1768 33 0 179
tree 3176 1784 33 0 179
tree 3224 1768 28 0 179
tree 3336 1784 8 0 179
tree 3592 1784 27 0 179
tree 3832 1784 3 0 179
lay 232 1800 61 0 179
zabor 432 1808 26 0 8
fre 668 1796 4 179 179
lay 712 1800 64 0 179
zabor 944 1808 29 0 8
tree 1288 1816 30 0 179
cliff 1664 1808 64 179 179
cliff 1712 1792 17 179 179
cliff 1744 1792 16 179 179
cliff 1792 1808 5 179 179
dom 2336 1792 290 0 179
stand 2424 1800 177 0 179
fre 2884 1812 23 179 179
tree 3048 1800 1 0 179
lay 3048 1816 63 0 179
tree 3112 1816 31 0 179
tree 3352 1816 30 0 179
tree 3336 1816 19 0 179
tree 3336 1800 30 0 179
tree 3864 1816 22 0 179
tree 248 1832 31 0 179
zabor 432 1840 27 0 8
zabor 944 1840 27 0 8
dom 1120 1824 81 0 179
cliff 1696 1824 4 179 179
tree 2136 1848 7 0 179
tree 2152 1848 3 0 179
tree 2280 1848 39 0 179
trop 2508 1852 108 179 179
stand 2536 1832 3 0 179
lay 2984 1848 62 0 179
lay 3640 1832 65 0 179
lay 3912 1832 63 0 179
zabor 432 1872 29 0 8
lay 680 1864 61 0 179
lay 728 1880 61 0 179
lay 760 1880 61 0 179
zabor 816 1872 28 0 8
zabor 848 1872 31 0 8
zabor 880 1872 31 0 8
zabor 912 1872 31 0 8
zabor 944 1872 26 0 8
trop 1252 1884 98 179 179
tree 1624 1864 7 0 179
tree 1624 1880 19 0 179
tree 2264 1880 26 0 179
tree 2296 1880 39 0 179
tree 2280 1880 24 0 179
lay 2664 1864 63 0 179
tree 3208 1864 5 0 179
tree 3224 1864 5 0 179
tree 3240 1864 30 0 179
tree 3960 1864 20 0 179
tree 3944 1864 21 0 179
tree 328 1896 5 0 179
lay 424 1896 62 0 179
zabor 432 1904 30 0 8
lay 520 1896 61 0 179
zabor 816 1904 28 0 8
tree 968 1912 18 0 179
stand 1256 1912 59 0 179
dom 1888 1888 289 0 179
tree 2872 1912 29 0 179
lay 2888 1912 63 0 179
lay 2936 1896 63 0 179
tree 3688 1896 33 0 179
zabor 432 1936 31 0 8
zabor 816 1936 25 0 8
tree 1400 1944 8 0 179
tree 1496 1944 19 0 179
tree 1992 1928 30 0 179
dom 2208 1920 291 0 179
tree 2344 1928 21 0 179
lay 2696 1944 61 0 179
lay 2792 1928 62 0 179
lay 3016 1944 61 0 179
lay 3064 1928 61 0 179
tree 440 1976 20 0 179
zabor 432 1968 28 0 8
tree 504 1960 25 0 179
tree 536 1976 21 0 179
tree 520 1976 39 0 179
tree 520 1960 25 0 179
tree 568 1976 23 0 179
tree 600 1976 22 0 179
zabor 592 1968 26 0 8
zabor 624 1968 29 0 8
zabor 656 1968 28 0 8
zabor 688 1968 24 0 8
zabor 720 1968 31 0 8
zabor 752 1968 25 0 8
zabor 784 1968 30 0 8
zabor 816 1968 27 0 8
tree 1832 1960 33 0 179
tree 2120 1976 21 0 179
tree 2136 1976 20 0 179
trop 2476 1956 117 179 179
lay 2632 1976 61 0 179
lay 3192 1960 63 0 179
tree 280 2008 24 0 179
tree 440 1992 22 0 179
tree 472 1992 24 0 179
tree 456 1992 24 0 179
tree 504 1992 22 0 179
tree 488 1992 39 0 179
tree 536 2008 21 0 179
tree 520 2008 24 0 179
tree 520 1992 20 0 179
tree 552 1992 24 0 179
lay 1112 2008 60 0 179
tree 2136 1992 25 0 179
tree 2152 1992 21 0 179
tree 2168 1992 26 0 179
tree 2184 1992 21 0 179
tree 2200 1992 21 0 179
tree 2760 2008 4 0 179
tree 3080 2008 3 0 179
tree 3544 1992 9 0 179
lay 3896 2008 63 0 179
tree 184 2040 30 0 179
tree 296 2040 18 0 179
tree 888 2040 31 0 179
tree 1096 2024 8 0 179
trop 1372 2028 105 179 179
trop 1460 2028 106 179 179
trop 1868 2028 97 179 179
lay 2040 2040 5 0 179
trop 2396 2028 118 179 179
lay 2504 2024 3 0 179
lay 2680 2024 61 0 179
lay 2792 2040 63 0 179
lay 2808 2040 61 0 179
lay 2888 2040 62 0 179
tree 3240 2024 22 0 179
tree 3288 2024 21 0 179
tree 3368 2040 20 0 179
tree 168 2056 27 0 179
tree 184 2056 31 0 179
lay 328 2072 60 0 179
lay 808 2056 61 0 179
tree 1240 2056 5 0 179
trop 1588 2060 95 179 179
stand 1640 2072 58 0 179
trop 1716 2060 101 179 179
trop 1748 2060 95 179 179
trop 2020 2060 122 179 179
trop 2148 2060 109 179 179
trop 2268 2060 109 179 179
trop 2500 2060 98 179 179
tree 2904 2072 24 0 179
tree 2888 2072 24 0 179
tree 2936 2072 22 0 179
tree 2920 2072 25 0 179
tree 2952 2072 26 0 179
lay 2952 2072 63 0 179
tree 3000 2072 26 0 179
tree 2984 2072 22 0 179
tree 3208 2056 31 0 179
trop 3436 2068 85 179 179
tree 3864 2056 29 0 179
tree 3880 2056 29 0 179
tree 1144 2104 31 0 179
lay 1944 2088 62 0 179
stand 2536 2104 20 0 179
tree 2888 2104 27 0 179
tree 3000 2088 22 0 179
tree 3032 2104 25 0 179
tree 3032 2088 25 0 179
tree 3016 2088 39 0 179
trop 3588 2108 86 179 179
stand 3688 2104 10 0 179
lay 280 2136 60 0 179
lay 712 2120 65 0 179
tree 1064 2136 32 0 179
tree 1720 2120 28 0 179
tree 1960 2120 5 0 179
dom 2112 2112 297 0 179
stand 3176 2120 19 0 179
tree 264 2168 4 0 179
lay 328 2168 60 0 179
lay 472 2168 59 0 179
tree 520 2168 27 0 179
lay 616 2152 60 0 179
tree 648 2168 8 0 179
tree 728 2168 7 0 179
tree 712 2168 7 0 179
tree 712 2152 9 0 179
lay 1336 2152 65 0 179
tree 1592 2168 30 0 179
tree 2232 2152 7 0 179
trop 2580 2164 105 179 179
trop 2692 2164 97 179 179
trop 2876 2172 80 179 179
lay 2872 2168 63 0 179
trop 2980 2172 80 179 179
trop 3092 2172 80 179 179
trop 3204 2172 80 179 179
trop 3324 2172 89 179 179
trop 3708 2164 82 179 179
trop 3820 2164 80 179 179
lay 328 2200 60 0 179
tree 376 2200 21 0 179
tree 376 2184 26 0 179
tree 392 2200 25 0 179
lay 504 2184 65 0 179
lay 584 2200 65 0 179
tree 776 2184 18 0 179
lay 1048 2184 62 0 179
lay 1112 2184 62 0 179
tree 1272 2200 6 0 179
lay 1320 2184 62 0 179
tree 1704 2184 3 0 179
trop 1844 2196 102 179 179
tree 2408 2184 5 0 179
trop 2844 2196 95 179 179
lay 392 2216 65 0 179
lay 728 2232 60 0 179
lay 760 2232 63 0 179
lay 904 2232 65 0 179
tree 904 2216 5 0 179
tree 1096 2232 30 0 179
lay 1240 2232 60 0 179
tree 2072 2216 30 0 179
lay 2168 2232 62 0 179
lay 2776 2232 61 0 179
tree 3544 2216 23 0 179
tree 3816 2232 24 0 179
trop 3956 2212 86 179 179
tree 472 2248 24 0 179
tree 568 2264 18 0 179
tree 552 2248 32 0 179
tree 584 2264 31 0 179
lay 616 2248 63 0 179
lay 632 2264 60 0 179
lay 936 2264 63 0 179
lay 984 2264 62 0 179
lay 1096 2248 65 0 179
tree 1512 2248 19 0 179
tree 1784 2248 18 0 179
tree 1976 2264 31 0 179
tree 3464 2264 3 0 179
tree 3688 2264 9 0 179
tree 696 2280 8 0 179
lay 744 2280 61 0 179
lay 920 2296 60 0 179
lay 936 2280 61 0 179
lay 984 2296 60 0 179
lay 1096 2280 60 0 179
lay 1176 2296 62 0 179
lay 1256 2296 60 0 179
tree 1656 2280 5 0 179
tree 2184 2280 9 0 179
tree 2696 2280 24 0 179
lay 2728 2296 62 0 179
lay 2760 2280 63 0 179
tree 2952 2280 1 0 179
tree 3176 2296 30 0 179
lay 3224 2296 65 0 179
tree 3688 2280 3 0 179
tree 264 2328 20 0 179
tree 392 2312 30 0 179
tree 504 2328 4 0 179
tree 792 2312 27 0 179
lay 888 2328 60 0 179
lay 1176 2312 60 0 179
tree 1464 2328 1 0 179
tree 1688 2328 27 0 179
tree 1704 2328 8 0 179
lay 1880 2312 62 0 179
lay 2120 2328 62 0 179
lay 2344 2312 62 0 179
tree 2536 2328 6 0 179
lay 2632 2312 62 0 179
tree 2632 2312 5 0 179
tree 2696 2328 22 0 179
tree 2808 2312 19 0 179
tree 2792 2312 5 0 179
tree 2824 2312 30 0 179
tree 3320 2328 28 0 179
cliff 3472 2304 45 179 179
cliff 3488 2304 49 179 179
cliff 3520 2304 32 179 179
cliff 3536 2320 35 179 179
tree 376 2360 21 0 179
tree 360 2360 24 0 179
tree 536 2344 19 0 179
tree 520 2344 30 0 179
tree 552 2344 32 0 179
lay 648 2344 0 0 179
lay 760 2360 60 0 179
tree 984 2360 28 0 179
tree 1304 2344 31 0 179
lay 1688 2344 60 0 179
tree 1720 2344 6 0 179
tree 1752 2360 19 0 179
tree 1736 2360 8 0 179
tree 1736 2344 31 0 179
trop 1876 2356 94 179 179
lay 2408 2344 62 0 179
tree 2424 2360 4 0 179
tree 2536 2344 5 0 179
tree 2680 2360 39 0 179
cliff 2784 2352 44 179 179
cliff 2800 2352 49 179 179
cliff 2832 2352 51 179 179
cliff 2864 2352 52 179 179
cliff 2896 2352 51 179 179
cliff 2928 2352 49 179 179
cliff 2960 2352 49 179 179
cliff 2992 2352 50 179 179
cliff 3024 2352 50 179 179
cliff 3056 2352 31 179 179
tree 3224 2360 31 0 179
cliff 3424 2352 45 179 179
cliff 3456 2336 43 179 179
cliff 3552 2336 28 179 179
cliff 3568 2352 33 179 179
lay 3832 2360 62 0 179
tree 3960 2344 21 0 179
tree 376 2376 25 0 179
tree 408 2376 21 0 179
tree 392 2376 25 0 179
tree 488 2392 39 0 179
lay 792 2376 60 0 179
lay 1096 2392 65 0 179
tree 1240 2392 7 0 179
lay 1656 2376 60 0 179
tree 1688 2376 32 0 179
tree 1672 2376 28 0 179
tree 1672 2392 32 0 179
tree 1688 2392 1 0 179
lay 1704 2392 60 0 179
tree 1784 2392 7 0 179
tree 1768 2376 3 0 179
tree 2216 2392 29 0 179
lay 2456 2392 62 0 179
cliff 2784 2368 53 179 179
cliff 3072 2368 33 179 179
cliff 3088 2384 32 179 179
cliff 3408 2384 38 179 179
cliff 3584 2368 28 179 179
cliff 3600 2384 35 179 179
lay 344 2424 60 0 179
tree 328 2424 24 0 179
lay 456 2408 60 0 179
tree 648 2424 1 0 179
tree 984 2424 9 0 179
tree 1176 2424 7 0 179
lay 1496 2408 62 0 179
lay 2056 2424 2 0 179
tree 2168 2424 39 0 179
tree 2168 2408 21 0 179
tree 2152 2408 26 0 179
cliff 2784 2400 53 179 179
tree 2952 2424 12 0 179
cliff 3104 2400 33 179 179
cliff 3120 2416 50 179 179
cliff 3152 2416 50 179 179
cliff 3184 2416 31 179 179
cliff 3312 2400 44 179 179
cliff 3328 2400 49 179 179
cliff 3360 2400 49 179 179
cliff 3616 2400 32 179 179
cliff 3632 2416 34 179 179
tree 3816 2408 31 0 179
lay 280 2440 60 0 179
lay 440 2456 62 0 179
lay 536 2456 62 0 179
lay 904 2440 60 0 179
tree 1368 2456 3 0 179
tree 1592 2456 9 0 179
tree 1576 2456 28 0 179
trop 1860 2460 73 179 179
lay 1880 2456 60 0 179
tree 1944 2440 29 0 179
tree 1960 2456 3 0 179
tree 2200 2456 26 0 179
tree 2200 2440 25 0 179
tree 2184 2440 26 0 179
tree 2360 2456 7 0 179
tree 2376 2456 30 0 179
tree 2600 2456 7 0 179
cliff 2784 2432 53 179 179
cliff 3200 2432 35 179 179
cliff 3216 2448 52 179 179
cliff 3248 2448 49 179 179
cliff 3296 2432 39 179 179
tree 3416 2440 18 0 179
tree 3448 2440 30 0 179
tree 3432 2440 7 0 179
tree 3480 2440 6 0 179
tree 3464 2440 30 0 179
tree 3512 2440 29 0 179
tree 3496 2440 1 0 179
tree 3528 2456 5 0 179
cliff 3648 2432 31 179 179
cliff 3664 2448 33 179 179
tree 3928 2440 6 0 179
lay 696 2472 60 0 179
lay 2056 2488 62 0 179
tree 2216 2472 20 0 179
lay 2216 2472 62 0 179
tree 2376 2472 5 0 179
lay 2568 2472 62 0 179
tree 2616 2472 4 0 179
cliff 2768 2480 37 179 179
lay 3000 2488 62 0 179
cliff 3680 2464 29 179 179
cliff 3696 2480 33 179 179
tree 440 2504 3 0 179
tree 456 2504 8 0 179
lay 664 2504 60 0 179
lay 792 2520 62 0 179
lay 1496 2504 62 0 179
tree 2056 2520 30 0 179
cliff 2736 2512 47 179 179
cliff 2736 2496 45 179 179
tree 2872 2520 6 0 179
tree 2984 2520 28 0 179
tree 3128 2504 19 0 179
lay 3496 2504 62 0 179
cliff 3712 2496 31 179 179
cliff 3712 2512 14 179 179
lay 3864 2504 62 0 179
lay 3912 2520 0 0 179
lay 344 2536 60 0 179
tree 744 2552 1 0 179
tree 760 2552 27 0 179
tree 776 2536 4 0 179
lay 1016 2552 60 0 179
tree 1752 2536 27 0 179
tree 1752 2552 27 0 179
trop 1860 2548 62 179 179
tree 1960 2552 3 0 179
tree 2136 2552 5 0 179
tree 2280 2536 29 0 179
tree 3000 2536 8 0 179
tree 2984 2536 26 0 179
tree 3032 2536 5 0 179
tree 3016 2536 10 0 179
tree 3160 2552 4 0 179
tree 3144 2552 31 0 179
tree 3192 2536 18 0 179
tree 3176 2536 0 0 179
tree 3224 2552 6 0 179
tree 3240 2552 4 0 179
lay 3288 2552 62 0 179
tree 3368 2536 3 0 179
tree 3368 2552 1 0 179
tree 3464 2552 32 0 179
tree 3480 2552 3 0 179
tree 3624 2552 27 0 179
cliff 3728 2544 35 179 179
lay 264 2568 60 0 179
lay 488 2568 62 0 179
tree 600 2584 30 0 179
tree 664 2568 3 0 179
tree 680 2568 9 0 179
lay 1528 2568 60 0 179
tree 2328 2568 29 0 179
cliff 2688 2576 44 179 179
cliff 2720 2560 39 179 179
lay 2888 2584 62 0 179
lay 2952 2584 62 0 179
tree 3256 2584 33 0 179
tree 3256 2568 9 0 179
tree 3240 2568 19 0 179
tree 3272 2584 5 0 179
tree 3528 2568 5 0 179
tree 3640 2568 31 0 179
cliff 3744 2560 30 179 179
cliff 3744 2576 12 179 179
lay 408 2616 62 0 179
lay 584 2616 60 0 179
lay 1592 2600 60 0 179
tree 1720 2616 6 0 179
tree 1736 2616 3 0 179
lay 1880 2600 60 0 179
lay 2008 2616 60 0 179
tree 2040 2600 5 0 179
tree 2376 2600 21 0 179
tree 2504 2600 1 0 179
tree 2584 2600 4 0 179
cliff 2688 2592 53 179 179
tree 2776 2600 26 0 179
lay 2792 2600 62 0 179
dom 3072 2592 317 0 179
cliff 3744 2608 12 179 179
tree 408 2632 6 0 179
lay 1032 2648 60 0 179
lay 1544 2632 62 0 179
tree 1672 2648 9 0 179
lay 1880 2648 60 0 179
lay 1896 2632 60 0 179
tree 2040 2648 7 0 179
lay 2184 2648 60 0 179
cliff 2704 2640 24 179 179
cliff 2688 2624 19 179 179
tree 3160 2648 0 0 179
tree 3288 2648 6 0 179
cliff 3744 2640 14 179 179
tree 3896 2648 19 0 179
lay 296 2680 60 0 179
lay 408 2680 62 0 179
dom 1312 2656 289 0 179
tree 1688 2680 28 0 179
tree 1688 2664 32 0 179
tree 1672 2664 4 0 179
tree 1704 2680 18 0 179
tree 2024 2664 31 0 179
tree 2248 2664 27 0 179
tree 2296 2664 24 0 179
tree 2312 2664 24 0 179
tree 2616 2680 29 0 179
cliff 2720 2656 48 179 179
tree 2888 2680 18 0 179
tree 3016 2680 27 0 179
tree 3288 2664 18 0 179
tree 3320 2680 29 0 179
tree 3304 2680 32 0 179
tree 3304 2664 29 0 179
tree 3400 2680 18 0 179
cliff 3760 2672 36 179 179
lay 408 2712 62 0 179
lay 392 2712 60 0 179
tree 536 2696 28 0 179
tree 536 2712 8 0 179
lay 680 2712 60 0 179
tree 776 2696 9 0 179
dom 1184 2688 79 0 179
lay 1672 2696 60 0 179
tree 1720 2696 32 0 179
tree 1704 2696 9 0 179
lay 1816 2696 62 0 179
tree 2184 2696 32 0 179
tree 2424 2712 24 0 179
cliff 2720 2688 47 179 179
tree 2808 2712 35 0 179
tree 2968 2696 29 0 179
tree 2952 2696 38 0 179
dom 3168 2688 292 0 179
tree 3416 2696 32 0 179
tree 3400 2696 19 0 179
tree 3512 2696 31 0 179
tree 3544 2712 30 0 179
tree 3544 2696 8 0 179
tree 3528 2696 30 0 179
cliff 3776 2688 28 179 179
cliff 3776 2704 13 179 179
tree 3944 2696 1 0 179
tree 456 2744 8 0 179
lay 792 2728 60 0 179
lay 856 2728 60 0 179
trop 1860 2724 62 179 179
tree 1992 2744 4 0 179
lay 2008 2728 60 0 179
tree 2424 2728 22 0 179
tree 2456 2744 26 0 179
tree 2456 2728 39 0 179
tree 2440 2728 39 0 179
cliff 2736 2736 25 179 179
cliff 2720 2720 22 179 179
dom 2944 2720 316 0 179
stand 3144 2744 51 0 179
lay 3432 2728 62 0 179
tree 3640 2728 27 0 179
tree 3640 2744 7 0 179
tree 3624 2744 29 0 179
cliff 3776 2736 14 179 179
tree 472 2776 31 0 179
tree 472 2760 7 0 179
tree 456 2760 31 0 179
tree 488 2776 32 0 179
lay 488 2776 62 0 179
tree 632 2760 8 0 179
tree 648 2760 6 0 179
lay 776 2760 62 0 179
tree 1608 2760 32 0 179
tree 2136 2760 32 0 179
lay 2200 2760 60 0 179
tree 2232 2776 21 0 179
tree 2216 2776 22 0 179
tree 2296 2776 26 0 179
tree 2552 2776 8 0 179
cliff 2752 2752 53 179 179
tree 2856 2760 23 0 179
tree 2920 2760 15 0 179
tree 2920 2776 39 0 179
tree 3032 2760 21 0 179
tree 3160 2776 35 0 179
tree 3480 2760 19 0 179
lay 3560 2760 62 0 179
cliff 3776 2768 12 179 179
tree 3960 2776 20 0 179
tree 504 2792 3 0 179
tree 488 2792 28 0 179
tree 536 2808 25 0 179
lay 872 2792 60 0 179
lay 968 2792 60 0 179
lay 1496 2792 60 0 179
lay 1992 2808 60 0 179
tree 2088 2792 30 0 179
tree 2232 2792 22 0 179
tree 2248 2808 23 0 179
tree 2296 2792 20 0 179
tree 2280 2808 24 0 179
lay 2328 2792 60 0 179
tree 2344 2792 39 0 179
tree 2392 2808 28 0 179
tree 2392 2792 29 0 179
tree 2376 2792 18 0 179
tree 2408 2808 32 0 179
tree 2584 2792 9 0 179
cliff 2752 2784 47 179 179
tree 3032 2808 21 0 179
trop 3108 2804 108 179 179
tree 3384 2792 1 0 179
cliff 3776 2800 12 179 179
tree 536 2824 24 0 179
tree 552 2840 39 0 179
tree 552 2824 23 0 179
dom 1024 2816 82 0 179
tree 1544 2840 31 0 179
lay 2136 2840 60 0 179
lay 2248 2840 60 0 179
lay 2328 2840 60 0 179
tree 2424 2824 7 0 179
tree 2456 2840 31 0 179
tree 2440 2824 32 0 179
tree 2488 2840 3 0 179
tree 2472 2840 28 0 179
lay 2600 2840 62 0 179
cliff 2752 2816 47 179 179
tree 2840 2840 6 0 179
lay 2920 2824 62 0 179
tree 3000 2840 26 0 179
tree 3352 2840 18 0 179
tree 568 2856 26 0 179
trop 1204 2860 65 179 179
tree 1432 2872 22 0 179
tree 2008 2872 27 0 179
tree 2424 2872 22 0 179
cliff 2752 2848 46 179 179
stand 3048 2856 50 0 179
tree 3384 2872 18 0 179
tree 3368 2856 6 0 179
tree 3480 2856 28 0 179
tree 3560 2856 31 0 179
cliff 3760 2864 4 179 179
cliff 3792 2848 10 179 179
tree 3960 2872 28 0 179
tree 632 2888 21 0 179
tree 648 2888 26 0 179
tree 760 2888 27 0 179
lay 1240 2904 60 0 179
lay 1432 2904 60 0 179
lay 1544 2888 60 0 179
tree 1608 2904 9 0 179
trop 1860 2900 62 179 179
tree 2040 2888 4 0 179
tree 2024 2888 18 0 179
tree 2360 2904 23 0 179
tree 2424 2888 20 0 179
tree 2440 2888 25 0 179
tree 2440 2904 25 0 179
cliff 2768 2896 48 179 179
cliff 2752 2880 26 179 179
tree 2920 2888 6 0 179
dom 2944 2880 296 0 179
tree 3384 2888 7 0 179
tree 3656 2888 32 0 179
tree 3672 2888 27 0 179
cliff 3728 2880 13 179 179
lay 3928 2904 61 0 179
lay 824 2920 60 0 179
tree 872 2936 25 0 179
lay 1000 2920 60 0 179
tree 1304 2936 25 0 179
tree 1320 2936 22 0 179
tree 1384 2920 22 0 179
tree 1384 2936 39 0 179
tree 1688 2920 28 0 179
tree 2184 2920 31 0 179
tree 2296 2920 1 0 179
tree 2392 2920 23 0 179
tree 2376 2920 20 0 179
lay 2440 2936 60 0 179
tree 2488 2936 8 0 179
lay 2616 2936 62 0 179
cliff 2768 2928 53 179 179
trop 3108 2916 108 179 179
tree 3448 2936 3 0 179
tree 3464 2936 18 0 179
tree 3560 2920 7 0 179
cliff 3728 2912 13 179 179
lay 3912 2920 60 0 179
tree 3960 2936 9 0 179
zabor 112 2960 30 0 8
zabor 144 2960 27 0 8
zabor 176 2960 24 0 8
zabor 208 2960 27 0 8
zabor 240 2960 28 0 8
zabor 272 2960 25 0 8
zabor 304 2960 24 0 8
zabor 336 2960 35 0 9
zabor 368 2960 36 0 9
zabor 400 2960 32 0 9
zabor 432 2960 37 0 9
zabor 464 2960 31 0 8
zabor 496 2960 28 0 8
zabor 528 2960 25 0 8
zabor 560 2960 28 0 8
zabor 592 2960 25 0 8
zabor 624 2960 25 0 8
zabor 656 2960 27 0 8
zabor 688 2960 29 0 8
zabor 720 2960 29 0 8
zabor 752 2960 28 0 8
zabor 784 2960 25 0 8
zabor 816 2960 25 0 8
zabor 848 2960 26 0 8
zabor 880 2960 25 0 8
tree 920 2968 22 0 179
zabor 912 2960 31 0 8
tree 1272 2968 26 0 179
tree 1288 2952 24 0 179
tree 1304 2952 23 0 179
tree 1752 2968 3 0 179
tree 1752 2952 7 0 179
tree 2616 2952 31 0 179
cliff 2768 2960 48 179 179
tree 2840 2952 5 0 179
tree 3320 2952 39 0 179
tree 3320 2968 7 0 179
tree 3432 2968 23 0 179
tree 3656 2952 9 0 179
tree 3656 2968 33 0 179
tree 3672 2968 32 0 179
cliff 3728 2944 12 179 179
tree 936 2984 20 0 179
tree 952 2984 23 0 179
tree 968 2984 22 0 179
tree 1000 2984 39 0 179
tree 1016 2984 24 0 179
tree 1032 2984 22 0 179
lay 1176 3000 60 0 179
trop 1196 2980 94 179 179
tree 1272 2984 21 0 179
lay 2104 3000 60 0 179
lay 2456 2984 60 0 179
lay 2648 2984 4 0 179
cliff 2768 2992 53 179 179
tree 2840 3000 33 0 179
tree 2824 3000 30 0 179
lay 2888 2984 62 0 179
cliff 3728 2976 14 179 179
lay 3928 3000 61 0 179
lay 840 3016 60 0 179
tree 1080 3016 22 0 179
tree 1096 3016 24 0 179
tree 1128 3032 24 0 179
zabor 1136 3024 25 0 8
tree 1368 3032 39 0 179
tree 1352 3032 21 0 179
tree 1400 3032 26 0 179
tree 1400 3016 21 0 179
lay 1400 3032 60 0 179
tree 1416 3032 24 0 179
tree 1688 3016 7 0 179
tree 2072 3032 29 0 179
tree 2152 3016 8 0 179
tree 2440 3032 29 0 179
tree 2584 3032 33 0 179
cliff 2768 3024 22 179 179
tree 2936 3032 17 0 179
tree 3512 3032 32 0 179
tree 3576 3016 32 0 179
tree 3592 3016 28 0 179
cliff 3744 3008 36 179 179
cliff 3760 3024 32 179 179
lay 3960 3032 61 0 179
tree 3960 3016 33 0 179
tree 1144 3048 26 0 179
zabor 1136 3056 25 0 8
tree 1272 3064 21 0 179
tree 1256 3064 21 0 179
tree 1256 3048 22 0 179
tree 1304 3064 21 0 179
tree 1288 3064 26 0 179
tree 1336 3048 22 0 179
tree 1336 3064 25 0 179
tree 1320 3064 39 0 179
tree 1352 3048 20 0 179
tree 1432 3048 20 0 179
tree 1416 3048 21 0 179
lay 1608 3064 60 0 179
tree 1976 3048 5 0 179
lay 2280 3064 60 0 179
tree 2456 3064 26 0 179
tree 2696 3064 22 0 179
cliff 2784 3040 26 179 179
tree 3432 3048 33 0 179
tree 3432 3064 30 0 179
cliff 3776 3040 36 179 179
cliff 3792 3056 30 179 179
lay 3928 3048 60 0 179
zabor 1136 3088 31 0 8
trop 1164 3100 96 179 179
trop 1860 3084 62 179 179
lay 2168 3080 60 0 179
tree 2552 3080 21 0 179
tree 3224 3080 5 0 179
tree 3208 3080 28 0 179
tree 3256 3096 3 0 179
tree 3288 3096 18 0 179
tree 3304 3096 27 0 179
cliff 3808 3072 33 179 179
cliff 3824 3088 30 179 179
zabor 1136 3120 25 0 8
lay 1352 3128 60 0 179
tree 1768 3128 7 0 179
tree 2440 3112 23 0 179
tree 3416 3112 4 0 179
tree 3640 3128 9 0 179
cliff 3856 3104 64 179 179
cliff 3840 3104 33 179 179
cliff 3856 3120 30 179 179
zabor 1136 3152 31 0 8
trop 1260 3148 105 179 179
most 1440 3136 60 0 179
tree 1592 3144 27 0 179
tree 1656 3160 27 0 179
tree 1640 3160 19 0 179
tree 1672 3160 9 0 179
tree 2312 3144 21 0 179
tree 3592 3144 27 0 179
tree 3720 3144 0 0 179
zabor 1136 3184 26 0 8
tree 2072 3192 7 0 179
tree 2072 3176 18 0 179
tree 2056 3176 27 0 179
tree 2152 3176 33 0 179
tree 2472 3176 26 0 179
tree 3160 3192 19 0 179
tree 3160 3176 22 0 179
tree 3176 3176 11 0 179
trop 3284 3180 121 179 179
zabor 1136 3216 26 0 8
tree 1528 3224 20 0 179
tree 1720 3224 3 0 179
lay 2184 3224 60 0 179
tree 2424 3224 24 0 179
lay 2424 3224 60 0 179
tree 2440 3224 25 0 179
tree 3176 3208 26 0 179
trop 3412 3212 115 179 179
zabor 1136 3248 29 0 8
tree 2056 3256 19 0 179
tree 2632 3256 21 0 179
tree 296 3272 23 0 179
stand 1128 3272 20 0 179
zabor 1136 3280 31 0 8
trop 1196 3268 94 179 179
tree 1256 3288 4 0 179
tree 1464 3288 25 0 179
trop 1860 3268 62 179 179
lay 2312 3272 60 0 179
lay 2520 3288 60 0 179
tree 2632 3272 21 0 179
tree 3336 3272 1 0 179
tree 3336 3288 33 0 179
tree 3384 3288 0 0 179
tree 3400 3288 7 0 179
stand 280 3304 166 0 179
zabor 1136 3312 24 0 8
trop 1164 3316 81 179 179
tree 1352 3304 6 0 179
tree 1976 3304 28 0 179
tree 2216 3320 5 0 179
lay 2360 3304 60 0 179
tree 2552 3304 39 0 179
tree 2568 3304 26 0 179
tree 3400 3304 32 0 179
tree 3416 3304 32 0 179
lay 3432 3320 62 0 179
tree 3432 3304 22 0 179
tree 3432 3320 22 0 179
trop 3596 3300 121 179 179
zabor 1136 3344 31 0 8
tree 1432 3352 7 0 179
tree 1656 3352 3 0 179
lay 2600 3352 60 0 179
tree 2888 3336 32 0 179
tree 2888 3352 7 0 179
tree 3064 3336 9 0 179
tree 3288 3352 1 0 179
tree 3272 3352 28 0 179
tree 3304 3352 6 0 179
trop 3756 3332 122 179 179
trop 3892 3332 109 179 179
zabor 1136 3376 29 0 8
tree 1304 3368 31 0 179
tree 1656 3368 30 0 179
tree 1672 3384 29 0 179
tree 1672 3368 30 0 179
tree 1768 3384 18 0 179
tree 1976 3384 4 0 179
tree 2072 3384 33 0 179
tree 2056 3368 18 0 179
tree 2136 3384 33 0 179
cliff 2800 3376 61 179 179
lay 2936 3368 65 0 179
tree 3240 3384 5 0 179
tree 3384 3384 3 0 179
tree 3528 3368 30 0 179
zabor 1136 3408 29 0 8
tree 1288 3416 29 0 179
tree 1528 3416 19 0 179
tree 1544 3400 9 0 179
tree 1544 3416 28 0 179
tree 2088 3400 8 0 179
tree 2392 3400 24 0 179
dom 2624 3392 292 0 179
cliff 2832 3408 23 179 179
lay 3336 3400 59 0 179
tree 3672 3416 4 0 179
zabor 1136 3440 28 0 8
trop 1164 3428 81 179 179
tree 1448 3448 33 0 179
trop 1860 3452 62 179 179
tree 2024 3448 8 0 179
lay 2440 3448 60 0 179
dom 2496 3424 79 0 179
cliff 2864 3440 48 179 179
cliff 2848 3424 24 179 179
tree 3032 3448 22 0 179
tree 3048 3448 26 0 179
tree 3192 3432 18 0 179
lay 3288 3448 61 0 179
tree 3480 3432 3 0 179
tree 1128 3480 20 0 179
zabor 1136 3472 28 0 8
tree 1256 3480 28 0 179
tree 1960 3480 3 0 179
tree 2104 3480 4 0 179
stand 2600 3480 20 0 179
cliff 2864 3472 46 179 179
tree 2936 3480 1 0 179
tree 3032 3480 24 0 179
tree 3032 3464 24 0 179
tree 3160 3480 18 0 179
lay 3192 3480 61 0 179
lay 3416 3480 65 0 179
tree 3448 3464 31 0 179
tree 3592 3480 7 0 179
tree 3640 3464 28 0 179
tree 3688 3480 25 0 179
tree 1032 3496 39 0 179
tree 1048 3512 24 0 179
tree 1112 3512 22 0 179
tree 1128 3496 39 0 179
tree 1128 3512 26 0 179
tree 1400 3512 18 0 179
tree 1496 3512 32 0 179
tree 1752 3512 8 0 179
cliff 2864 3504 53 179 179
tree 3064 3496 4 0 179
lay 3096 3512 65 0 179
lay 3336 3496 65 0 179
lay 3352 3496 64 0 179
lay 3512 3496 62 0 179
lay 3496 3512 61 0 179
tree 3544 3512 9 0 179
tree 3544 3496 27 0 179
tree 3688 3496 21 0 179
tree 3704 3496 39 0 179
tree 3720 3496 22 0 179
tree 3720 3512 26 0 179
tree 3768 3512 20 0 179
tree 3768 3496 22 0 179
tree 3784 3496 21 0 179
cliff 3888 3488 65 179 179
cliff 3904 3488 28 179 179
cliff 3920 3504 28 179 179
tree 1048 3528 23 0 179
tree 1048 3544 20 0 179
tree 1080 3544 26 0 179
tree 1096 3544 22 0 179
tree 1272 3544 33 0 179
trop 2572 3548 85 179 179
trop 2716 3532 93 179 179
cliff 2864 3536 22 179 179
tree 3000 3544 39 0 179
tree 2984 3544 20 0 179
tree 2984 3528 20 0 179
lay 3144 3544 64 0 179
tree 3320 3544 9 0 179
tree 3336 3544 4 0 179
tree 3416 3544 6 0 179
tree 3592 3544 7 0 179
tree 3736 3544 25 0 179
tree 3720 3544 23 0 179
tree 3720 3528 24 0 179
cliff 3936 3520 28 179 179
cliff 3952 3536 29 179 179
tree 1048 3576 23 0 179
tree 1080 3560 25 0 179
tree 1064 3560 23 0 179
trop 1164 3564 81 179 179
trop 1172 3564 88 179 179
tree 1368 3560 29 0 179
dom 2368 3552 295 0 179
lay 2472 3560 60 0 179
cliff 2896 3568 48 179 179
cliff 2880 3552 27 179 179
tree 3032 3560 23 0 179
tree 3016 3560 26 0 179
tree 3064 3576 23 0 179
tree 3048 3576 25 0 179
lay 3208 3576 65 0 179
tree 3224 3560 19 0 179
lay 3496 3576 62 0 179
lay 3656 3576 64 0 179
tree 3720 3560 18 0 179
cliff 3952 3552 11 179 179
zabor 112 3600 28 0 8
zabor 144 3600 26 0 8
zabor 176 3600 26 0 8
zabor 208 3600 30 0 8
zabor 240 3600 25 0 8
zabor 272 3600 24 0 8
zabor 304 3600 25 0 8
zabor 336 3600 29 0 8
zabor 368 3600 30 0 8
zabor 400 3600 29 0 8
zabor 432 3600 32 0 9
tree 584 3608 21 0 179
tree 600 3608 25 0 179
tree 984 3592 21 0 179
tree 984 3608 26 0 179
tree 1016 3592 23 0 179
tree 1000 3592 23 0 179
tree 1048 3592 39 0 179
tree 1032 3592 24 0 179
tree 1608 3592 30 0 179
tree 1720 3608 8 0 179
cliff 2896 3600 53 179 179
tree 3064 3592 22 0 179
tree 3096 3608 20 0 179
tree 3080 3592 21 0 179
tree 3112 3608 20 0 179
lay 3208 3592 62 0 179
lay 3368 3608 65 0 179
cliff 3952 3584 11 179 179
stand 376 3624 19 0 179
zabor 432 3632 37 0 9
zabor 464 3632 34 0 9
zabor 496 3632 36 0 9
tree 536 3624 25 0 179
zabor 528 3632 24 0 8
tree 568 3624 25 0 179
tree 552 3624 21 0 179
tree 600 3624 22 0 179
tree 632 3624 21 0 179
tree 616 3624 39 0 179
tree 648 3624 26 0 179
zabor 656 3632 26 0 8
zabor 688 3632 26 0 8
zabor 720 3632 31 0 8
zabor 752 3632 31 0 8
zabor 784 3632 29 0 8
zabor 816 3632 25 0 8
zabor 848 3632 30 0 8
zabor 880 3632 29 0 8
zabor 912 3632 26 0 8
tree 952 3624 21 0 179
tree 936 3624 20 0 179
zabor 944 3632 25 0 8
tree 968 3624 23 0 179
tree 1320 3640 5 0 179
tree 1464 3640 31 0 179
trop 1860 3628 62 179 179
lay 2616 3624 45 0 179
cliff 2896 3632 19 179 179
lay 3064 3640 61 0 179
lay 3080 3640 61 0 179
tree 3096 3640 33 0 179
tree 3080 3640 6 0 179
tree 3080 3624 7 0 179
tree 3128 3640 22 0 179
tree 3128 3624 23 0 179
tree 3112 3624 20 0 179
tree 3192 3624 7 0 179
lay 3224 3624 62 0 179
tree 3224 3640 22 0 179
tree 3336 3640 19 0 179
tree 3336 3624 19 0 179
lay 3400 3624 59 0 179
tree 3528 3640 4 0 179
tree 3640 3640 8 0 179
tree 3736 3640 6 0 179
cliff 3952 3616 13 179 179
trop 172 3668 80 179 179
trop 252 3668 80 179 179
trop 364 3668 80 179 179
trop 476 3668 80 179 179
trop 580 3668 80 179 179
trop 700 3668 80 179 179
trop 692 3668 80 179 179
trop 812 3668 80 179 179
trop 924 3668 80 179 179
trop 1052 3668 89 179 179
trop 1164 3676 81 179 179
tree 1272 3656 7 0 179
tree 1800 3656 5 0 179
tree 2152 3672 39 0 179
trop 2500 3668 84 179 179
dom 2560 3648 291 0 179
cliff 2928 3664 21 179 179
cliff 2912 3648 27 179 179
tree 2984 3656 32 0 179
tree 3128 3656 21 0 179
tree 3144 3656 22 0 179
lay 3192 3656 59 0 179
tree 3256 3672 24 0 179
tree 3240 3656 21 0 179
tree 3448 3656 19 0 179
lay 3672 3672 65 0 179
lay 3688 3672 62 0 179
lay 3688 3656 62 0 179
tree 3800 3672 9 0 179
tree 3848 3656 27 0 179
cliff 3952 3648 12 179 179
tree 1576 3704 4 0 179
dom 2336 3680 289 0 179
lay 2728 3688 62 0 179
cliff 2960 3696 48 179 179
cliff 2944 3680 25 179 179
tree 3288 3704 23 0 179
lay 3320 3704 64 0 179
tree 3528 3704 22 0 179
cliff 3952 3680 11 179 179
tree 376 3736 8 0 179
stand 936 3720 17 0 179
tree 1096 3736 5 0 179
tree 1384 3720 29 0 179
tree 1464 3736 1 0 179
tree 1752 3736 3 0 179
tree 2168 3736 25 0 179
tree 2168 3720 23 0 179
stand 2536 3736 36 0 179
cliff 2960 3728 21 179 179
cliff 2976 3728 18 179 179
tree 3192 3720 4 0 179
tree 3208 3720 8 0 179
tree 3368 3736 27 0 179
lay 3512 3736 64 0 179
tree 3512 3720 20 0 179
tree 3496 3736 20 0 179
tree 3528 3720 21 0 179
tree 3560 3736 28 0 179
tree 3624 3736 32 0 179
lay 3672 3736 64 0 179
tree 3880 3720 24 0 179
tree 3880 3736 20 0 179
cliff 3952 3712 14 179 179
tree 232 3752 4 0 179
cliff 272 3760 45 179 179
cliff 288 3760 49 179 179
cliff 320 3760 32 179 179
cliff 480 3744 45 179 179
cliff 496 3744 30 179 179
cliff 512 3760 33 179 179
tree 904 3768 29 0 179
tree 1768 3768 19 0 179
tree 2136 3752 22 0 179
tree 2136 3768 39 0 179
tree 2264 3768 22 0 179
cliff 3024 3760 22 179 179
cliff 3008 3744 26 179 179
lay 3192 3768 61 0 179
lay 3352 3752 64 0 179
tree 3448 3752 24 0 179
tree 3432 3752 22 0 179
tree 3480 3752 20 0 179
tree 3464 3752 20 0 179
lay 3608 3752 64 0 179
tree 3736 3752 33 0 179
tree 3832 3768 39 0 179
tree 3816 3752 39 0 179
tree 3848 3768 24 0 179
cliff 3952 3744 13 179 179
cliff 256 3792 42 179 179
cliff 336 3776 34 179 179
cliff 352 3792 51 179 179
cliff 384 3792 49 179 179
cliff 416 3792 52 179 179
cliff 464 3776 40 179 179
cliff 528 3776 50 179 179
cliff 560 3776 51 179 179
cliff 592 3776 51 179 179
cliff 624 3776 49 179 179
cliff 656 3776 50 179 179
cliff 688 3776 51 179 179
cliff 720 3776 50 179 179
cliff 752 3776 30 179 179
cliff 768 3792 35 179 179
tree 1064 3800 6 0 179
trop 1164 3788 81 179 179
tree 1320 3784 27 0 179
tree 1528 3800 33 0 179
tree 1592 3784 5 0 179
trop 1860 3804 62 179 179
tree 2264 3784 22 0 179
tree 2280 3800 21 0 179
trop 2460 3780 81 179 179
cliff 3056 3792 19 179 179
cliff 3040 3776 24 179 179
lay 3256 3800 62 0 179
tree 3336 3784 29 0 179
lay 3672 3784 62 0 179
cliff 3920 3776 18 179 179
cliff 224 3808 44 179 179
cliff 784 3808 52 179 179
cliff 816 3808 52 179 179
cliff 848 3808 52 179 179
cliff 880 3808 51 179 179
cliff 912 3808 50 179 179
cliff 944 3808 31 179 179
cliff 960 3824 35 179 179
tree 1368 3816 3 0 179
tree 1688 3832 8 0 179
tree 2280 3832 25 0 179
tree 2280 3816 22 0 179
lay 2584 3832 60 0 179
lay 2600 3832 59 0 179
cliff 3088 3824 19 179 179
cliff 3072 3808 24 179 179
tree 3160 3816 18 0 179
tree 3192 3816 1 0 179
tree 3176 3816 30 0 179
tree 3688 3832 32 0 179
cliff 3872 3824 11 179 179
cliff 3904 3808 2 179 179
cliff 160 3856 50 179 179
cliff 208 3840 43 179 179
tree 280 3848 26 0 179
tree 296 3848 22 0 179
tree 376 3864 28 0 179
tree 728 3864 7 0 179
tree 792 3848 21 0 179
cliff 976 3840 49 179 179
cliff 1008 3840 51 179 179
cliff 1040 3840 30 179 179
cliff 1040 3856 14 179 179
tree 1288 3864 27 0 179
tree 1464 3864 9 0 179
tree 2232 3848 20 0 179
tree 2296 3864 22 0 179
cliff 3120 3856 21 179 179
cliff 3104 3840 26 179 179
cliff 3136 3856 54 179 179
lay 3368 3864 62 0 179
tree 3544 3848 6 0 179
tree 3528 3848 4 0 179
tree 3608 3864 21 0 179
tree 3608 3848 21 0 179
tree 3624 3864 23 0 179
lay 3688 3864 62 0 179
tree 264 3896 3 0 179
tree 440 3896 26 0 179
tree 424 3880 22 0 179
tree 520 3880 28 0 179
tree 600 3896 19 0 179
tree 920 3880 1 0 179
tree 1032 3896 21 0 179
cliff 1056 3888 33 179 179
trop 1164 3900 81 179 179
tree 1784 3880 32 0 179
tree 2312 3880 25 0 179
trop 2460 3884 81 179 179
lay 2808 3880 62 0 179
cliff 3184 3888 23 179 179
cliff 3168 3872 27 179 179
tree 3304 3880 3 0 179
lay 3528 3896 62 0 179
lay 3560 3896 62 0 179
tree 3640 3880 21 0 179
tree 3624 3880 22 0 179
cliff 3856 3888 3 179 179
cliff 3888 3872 5 179 179
tree 280 3912 5 0 179
tree 680 3928 33 0 179
tree 776 3928 9 0 179
tree 888 3912 24 0 179
tree 1000 3928 22 0 179
cliff 1072 3904 28 179 179
cliff 1072 3920 11 179 179
tree 1656 3912 28 0 179
cliff 3216 3920 20 179 179
cliff 3200 3904 26 179 179
cliff 3232 3920 18 179 179
tree 3496 3912 18 0 179
cliff 3792 3904 17 179 179
cliff 3840 3920 8 179 179
cliff 1072 3952 15 179 179
tree 1416 3944 18 0 179
tree 1768 3960 3 0 179
cliff 3280 3952 19 179 179
cliff 3264 3936 24 179 179
cliff 3296 3952 16 179 179
cliff 3680 3952 17 179 179
cliff 3712 3952 16 179 179
cliff 3776 3936 4 179 179
tree 312 3976 33 0 179
tree 440 3976 29 0 179
tree 552 3976 19 0 179
tree 616 3992 30 0 179
tree 872 3976 5 0 179
tree 984 3992 6 0 179
cliff 1072 3984 11 179 179
tree 1256 3976 28 0 179
tree 1336 3976 8 0 179
tree 1560 3976 19 0 179
tree 1672 3976 31 0 179
trop 1860 3980 62 179 179
trop 2460 3996 81 179 179
cliff 3344 3984 22 179 179
cliff 3328 3968 27 179 179
cliff 3360 3984 54 179 179
cliff 3392 3984 18 179 179
cliff 3664 3984 1 179 179
cliff 3760 3968 6 179 179
