tree 280 24 49 0 0
tree 56 40 0 0 0
tree 152 40 37 0 0
tree 216 56 24 0 0
tree 280 40 1 0 0
fre 348 60 82 0 0
tree 376 40 1 0 0
tree 360 40 57 0 0
fre 3452 60 82 0 0
tree 152 88 13 0 0
tree 216 88 44 0 0
tree 200 72 34 0 0
tree 232 88 49 0 0
tree 264 88 19 0 0
tree 344 72 18 0 0
tree 376 72 54 0 0
tree 696 88 57 0 0
tree 744 88 19 0 0
tree 840 88 42 0 0
tree 968 88 29 0 0
tree 1528 88 41 0 0
tree 1672 88 21 0 0
trop 2060 84 48 0 0
trop 2276 84 76 0 0
fre 3460 76 82 0 0
fre 3484 92 82 0 0
tree 3464 72 54 0 0
tree 3464 88 30 0 0
tree 40 104 21 0 0
tree 88 104 13 0 0
tree 296 120 24 0 0
tree 328 104 41 0 0
tree 360 104 23 0 0
tree 408 104 33 0 0
trop 436 108 68 0 0
zabor 464 112 25 0 8
zabor 656 112 25 0 8
tree 696 104 49 0 0
tree 792 120 15 0 0
fre 844 108 82 0 0
fre 836 100 82 0 0
tree 840 104 45 0 0
tree 856 120 52 0 0
fre 916 116 83 0 0
tree 904 104 42 0 0
tree 920 104 54 0 0
fre 1044 124 82 0 0
tree 1032 104 17 0 0
fre 1076 116 82 0 0
tree 1080 104 45 0 0
fre 1156 100 82 0 0
fre 1172 124 82 0 0
tree 1192 120 14 0 0
tree 1240 104 36 0 0
tree 1240 120 17 0 0
tree 1288 104 29 0 0
tree 1288 120 16 0 0
tree 1352 104 17 0 0
tree 1416 104 27 0 0
tree 1448 104 26 0 0
tree 1496 120 45 0 0
tree 1688 120 20 0 0
tree 1688 104 50 0 0
tree 1672 104 43 0 0
tree 1800 104 31 0 0
tree 1848 120 8 0 0
tree 1960 104 26 0 0
tree 3464 120 2 0 0
tree 120 136 4 0 0
tree 152 152 16 0 0
tree 184 136 58 0 0
tree 200 136 37 0 0
tree 216 152 33 0 0
tree 232 152 24 0 0
tree 248 136 43 0 0
tree 264 136 29 0 0
fre 372 140 82 0 0
tree 360 152 62 0 0
tree 408 152 51 0 0
tree 392 152 49 0 0
zabor 464 144 29 0 8
zabor 656 144 29 0 8
tree 696 136 56 0 0
tree 856 152 59 0 0
tree 872 136 62 0 0
tree 888 152 7 0 0
fre 980 148 82 0 0
fre 1020 140 82 0 0
tree 1016 136 2 0 0
tree 1000 136 46 0 0
tree 1112 136 42 0 0
tree 1112 152 41 0 0
tree 1224 152 17 0 0
fre 1260 148 82 0 0
tree 1272 152 54 0 0
tree 1288 152 5 0 0
fre 1316 156 83 0 0
tree 1336 136 62 0 0
tree 1448 136 42 0 0
tree 1496 136 18 0 0
tree 1544 136 48 0 0
tree 1624 136 41 0 0
tree 1752 136 29 0 0
tree 1752 152 40 0 0
tree 1768 136 60 0 0
fre 1812 132 83 0 0
fre 1876 140 83 0 0
tree 1896 136 3 0 0
tree 1992 136 31 0 0
stand 2104 152 27 0 0
trop 2276 156 77 0 0
fre 3444 140 82 0 0
fre 3428 140 82 0 0
fre 3460 148 82 0 0
tree 40 168 25 0 0
tree 120 184 15 0 0
tree 152 168 29 0 0
tree 312 168 5 0 0
tree 328 184 25 0 0
tree 376 184 30 0 0
fre 404 172 82 0 0
tree 408 168 53 0 0
zabor 464 176 27 0 8
zabor 656 176 24 0 8
tree 728 168 54 0 0
tree 760 168 25 0 0
fre 828 180 83 0 0
tree 824 184 35 0 0
tree 840 184 22 0 0
tree 936 168 43 0 0
fre 988 180 83 0 0
fre 972 172 82 0 0
tree 968 168 53 0 0
tree 1000 168 62 0 0
tree 1048 184 40 0 0
tree 1080 168 52 0 0
tree 1160 184 12 0 0
tree 1192 184 57 0 0
tree 1224 168 40 0 0
tree 1224 184 34 0 0
tree 1272 184 44 0 0
tree 1288 184 32 0 0
fre 1348 172 83 0 0
tree 1368 184 15 0 0
tree 1384 184 19 0 0
tree 1400 184 20 0 0
tree 1432 168 21 0 0
tree 1496 168 34 0 0
tree 1496 184 35 0 0
tree 1528 184 44 0 0
tree 1576 168 24 0 0
tree 1608 184 50 0 0
tree 1656 168 41 0 0
tree 1640 184 7 0 0
tree 1704 184 13 0 0
tree 1752 168 60 0 0
tree 1752 184 57 0 0
tree 1832 184 22 0 0
tree 1832 168 49 0 0
tree 1896 168 60 0 0
tree 1928 184 24 0 0
tree 1976 168 5 0 0
tree 2008 168 20 0 0
trop 2060 164 48 0 0
fre 2164 180 17 0 0
trop 2196 172 21 179 179
tree 3464 168 14 0 0
fre 3492 164 82 0 0
dom 3904 160 62 0 179
tree 72 216 31 0 0
tree 72 200 50 0 0
tree 152 200 35 0 0
tree 152 216 23 0 0
tree 328 200 11 0 0
tree 360 200 42 0 0
trop 436 196 67 0 0
zabor 464 208 24 0 8
zabor 656 208 24 0 8
tree 728 200 21 0 0
tree 840 200 15 0 0
tree 904 200 12 0 0
tree 920 200 26 0 0
tree 968 200 9 0 0
tree 1096 200 5 0 0
tree 1144 200 43 0 0
tree 1352 200 7 0 0
tree 1464 200 42 0 0
tree 1576 216 17 0 0
tree 1720 200 60 0 0
tree 1704 200 11 0 0
tree 1752 200 61 0 0
tree 1816 216 21 0 0
tree 1864 216 3 0 0
tree 1896 216 1 0 0
tree 1912 200 32 0 0
fre 1956 212 83 0 0
tree 1992 216 46 0 0
tree 2008 216 25 0 0
fre 2180 212 19 0 0
tree 2360 216 49 0 0
fre 2444 220 23 0 0
fre 2572 220 34 0 0
fre 2652 204 18 0 0
fre 2748 196 9 0 0
fre 2852 196 26 0 0
tree 88 248 15 0 0
tree 136 248 37 0 0
tree 168 248 12 0 0
tree 216 232 29 0 0
tree 216 248 2 0 0
tree 264 232 58 0 0
tree 312 232 24 0 0
tree 312 248 59 0 0
tree 392 232 43 0 0
zabor 464 240 31 0 8
zabor 656 240 31 0 8
zabor 688 240 105 2 8
zabor 720 240 105 2 8
zabor 752 240 104 2 8
zabor 784 240 105 2 8
zabor 816 240 104 2 8
zabor 848 240 105 2 8
zabor 880 240 105 2 8
zabor 912 240 105 2 8
zabor 944 240 105 2 8
zabor 976 240 105 2 8
zabor 1008 240 105 2 8
zabor 1040 240 105 2 8
zabor 1072 240 105 2 8
zabor 1104 240 105 2 8
zabor 1136 240 105 2 8
zabor 1168 240 105 2 8
zabor 1200 240 104 2 8
zabor 1232 240 104 2 8
zabor 1264 240 105 2 8
zabor 1296 240 105 2 8
zabor 1328 240 104 2 8
zabor 1360 240 105 2 8
zabor 1392 240 105 2 8
zabor 1424 240 105 2 8
zabor 1456 240 105 2 8
zabor 1488 240 104 2 8
zabor 1520 240 104 2 8
zabor 1552 240 105 2 8
tree 1640 248 52 0 0
tree 1656 248 44 0 0
tree 1752 248 27 0 0
tree 1736 248 37 0 0
tree 1816 232 15 0 0
tree 1960 232 18 0 0
tree 1992 232 25 0 0
tree 2008 232 41 0 0
trop 2060 244 48 0 0
trop 2140 228 16 179 179
trop 2276 244 76 0 0
fre 2500 228 15 0 0
fre 2796 252 35 0 0
tree 2920 232 43 0 0
tree 3464 232 51 0 0
tree 56 264 44 0 0
tree 88 264 36 0 0
tree 168 280 15 0 0
tree 264 264 35 0 0
tree 264 280 15 0 0
tree 376 280 59 0 0
zabor 464 272 25 0 8
zabor 656 272 26 0 8
zabor 688 272 104 2 8
zabor 1552 272 105 2 8
tree 1624 264 0 0 0
tree 1640 264 6 0 0
tree 1736 264 44 0 0
fre 1804 268 83 0 0
tree 1832 280 30 0 179
trop 1884 268 11 179 179
trop 1876 276 11 179 179
fre 1884 268 83 0 0
fre 1916 276 83 0 0
tree 1944 280 14 0 179
trop 1932 260 35 179 179
fre 1980 260 83 0 0
trop 2004 260 25 179 179
tree 2008 280 24 0 0
tree 2104 264 34 0 179
trop 2100 268 23 179 179
fre 2140 268 20 0 0
fre 2380 276 12 0 0
fre 2700 284 15 0 0
tree 3480 264 32 0 0
tree 56 296 42 0 0
tree 56 312 27 0 0
tree 104 312 61 0 0
tree 216 296 52 0 0
tree 200 312 0 0 0
tree 248 296 34 0 0
tree 280 296 16 0 0
tree 296 312 11 0 0
tree 344 312 19 0 0
trop 436 292 66 0 0
zabor 464 304 26 0 8
zabor 656 304 31 0 8
zabor 688 304 104 2 8
zabor 1552 304 104 2 8
tree 1640 312 45 0 0
tree 1656 296 23 0 0
fre 1668 300 83 0 0
tree 1704 296 35 0 0
tree 1736 296 15 0 0
tree 1800 296 35 0 179
trop 1836 308 16 179 179
fre 1852 292 83 0 0
tree 1880 312 38 0 179
tree 1912 296 31 0 179
trop 2276 316 77 0 0
fre 2444 316 20 0 0
fre 2580 316 17 0 0
fre 2588 300 9 0 0
fre 2868 316 23 0 0
fre 3028 316 18 0 0
tree 3480 296 19 0 0
tree 88 344 45 0 0
tree 152 328 43 0 0
tree 216 344 3 0 0
tree 296 344 33 0 0
tree 376 328 2 0 0
tree 360 328 32 0 0
zabor 464 336 28 0 8
zabor 656 336 28 0 8
zabor 688 336 105 2 8
zabor 784 336 104 2 8
zabor 816 336 104 2 8
zabor 848 336 104 2 8
zabor 880 336 105 2 8
zabor 912 336 105 2 8
zabor 944 336 104 2 8
zabor 976 336 105 2 8
zabor 1008 336 104 2 8
zabor 1040 336 105 2 8
zabor 1072 336 105 2 8
zabor 1104 336 105 2 8
zabor 1136 336 105 2 8
zabor 1168 336 104 2 8
zabor 1200 336 105 2 8
zabor 1232 336 104 2 8
zabor 1264 336 105 2 8
zabor 1296 336 105 2 8
zabor 1328 336 104 2 8
zabor 1360 336 104 2 8
zabor 1392 336 105 2 8
zabor 1424 336 104 2 8
zabor 1552 336 104 2 8
tree 1592 328 27 0 0
tree 1608 328 25 0 0
fre 1652 324 83 0 0
tree 1656 328 8 0 0
tree 1720 344 6 0 0
fre 1740 340 83 0 0
tree 1784 328 31 0 0
tree 2024 344 2 0 0
trop 2060 324 48 0 0
fre 2140 348 12 0 0
fre 2676 324 12 0 0
fre 2660 348 18 0 0
tree 2792 344 28 0 0
fre 2940 324 17 0 0
fre 3476 324 83 0 0
tree 3464 328 53 0 0
tree 40 360 27 0 0
tree 120 376 34 0 0
tree 152 376 32 0 0
tree 168 376 37 0 0
tree 232 360 31 0 0
tree 280 360 32 0 0
tree 376 376 51 0 0
zabor 464 368 24 0 8
zabor 656 368 32 0 9
zabor 688 368 113 2 9
zabor 784 368 104 2 8
dom 832 352 27 0 0
dom 1344 352 27 0 0
zabor 1424 368 104 2 8
zabor 1552 368 105 2 8
tree 1592 376 21 0 0
tree 1656 376 48 0 0
tree 1704 360 62 0 0
tree 1720 360 25 0 0
tree 1752 360 24 0 0
trop 1780 364 21 179 179
fre 2468 380 13 0 0
fre 2676 364 26 0 0
fre 2724 372 15 0 0
tree 3080 360 20 0 0
tree 3448 376 1 0 0
tree 3464 376 52 0 0
tree 72 408 54 0 0
tree 120 408 0 0 0
tree 168 408 32 0 0
tree 232 408 16 0 0
tree 264 392 4 0 0
tree 312 392 41 0 0
trop 428 388 122 0 0
zabor 464 400 24 0 8
zabor 656 400 36 0 9
zabor 688 400 112 2 9
zabor 784 400 113 2 9
dom 928 384 66 0 0
zabor 1424 400 104 2 8
zabor 1552 400 105 2 8
tree 1608 392 44 0 0
tree 1656 408 40 0 179
tree 1672 392 42 0 0
trop 1732 412 20 179 179
tree 1992 392 49 0 0
trop 2060 404 48 0 0
trop 2276 404 76 0 0
tree 2360 408 44 0 0
fre 2428 388 82 0 0
fre 2444 412 82 0 0
fre 2588 396 20 0 0
fre 2772 388 33 0 0
fre 2876 404 9 0 0
fre 3428 412 82 0 0
tree 168 440 60 0 0
fre 212 420 82 0 0
fre 220 428 82 0 0
fre 244 436 82 0 0
tree 232 440 46 0 0
fre 276 420 82 0 0
tree 280 424 7 0 0
tree 312 424 49 0 0
zabor 336 432 28 0 8
zabor 368 432 31 0 8
zabor 400 432 28 0 8
zabor 464 432 33 0 9
zabor 656 432 24 0 8
zabor 688 432 105 2 8
zabor 784 432 112 2 9
zabor 1424 432 104 2 8
zabor 1552 432 104 2 8
trop 1588 444 24 179 179
trop 1660 436 5 179 179
tree 1752 440 35 0 179
tree 2008 440 42 0 0
fre 2100 444 9 0 0
fre 2372 428 13 0 0
fre 2436 444 82 0 0
fre 2468 436 82 0 0
tree 2904 424 32 0 0
fre 3436 436 82 0 0
tree 3448 440 7 0 0
fre 3476 444 82 0 0
zabor 112 464 26 0 8
zabor 144 464 27 0 8
zabor 176 464 30 0 8
zabor 208 464 27 0 8
zabor 240 464 25 0 8
zabor 272 464 31 0 8
zabor 304 464 28 0 8
zabor 336 464 24 0 8
zabor 464 464 34 0 9
zabor 656 464 25 0 8
zabor 688 464 105 2 8
zabor 784 464 105 2 8
stand 920 456 5 0 0
dom 1024 448 113 0 179
dom 1120 448 113 0 179
stand 1288 456 5 0 0
zabor 1424 464 104 2 8
zabor 1552 464 105 2 8
fre 1596 468 83 0 0
tree 1592 456 45 0 0
tree 1624 472 43 0 179
tree 1672 456 35 0 179
tree 1720 472 32 0 179
tree 1736 472 41 0 179
fre 2196 476 19 0 0
trop 2276 476 77 0 0
fre 2740 468 22 0 0
fre 3036 468 18 0 0
tree 3448 456 37 0 0
zabor 656 496 26 0 8
zabor 688 496 104 2 8
zabor 784 496 105 2 8
zabor 1424 496 104 2 8
zabor 1552 496 104 2 8
trop 1572 508 17 179 179
tree 1608 488 52 0 179
fre 1628 484 83 0 0
tree 1672 504 52 0 0
fre 1724 492 83 0 0
tree 1736 504 24 0 0
trop 2060 484 48 0 0
fre 2156 500 18 0 0
fre 2148 484 9 0 0
tree 2536 504 32 0 0
tree 2552 504 51 0 0
fre 2780 492 18 0 0
fre 2932 500 17 0 0
tree 3480 504 36 0 0
zabor 656 528 25 0 8
zabor 688 528 104 2 8
zabor 784 528 105 2 8
zabor 1424 528 105 2 8
zabor 1552 528 104 2 8
tree 1720 536 19 0 0
tree 2552 520 43 0 0
tree 2584 536 45 0 0
tree 2600 536 3 0 0
zabor 656 560 24 0 8
zabor 688 560 105 2 8
zabor 784 560 105 2 8
zabor 1424 560 105 2 8
dom 1472 544 40 0 0
zabor 1552 560 105 2 8
trop 1580 564 3 179 179
tree 1592 552 33 0 0
fre 1644 572 82 0 0
tree 1640 552 28 0 0
tree 1656 552 56 0 0
tree 1640 568 23 0 0
tree 1704 552 43 0 0
tree 1720 552 28 0 0
trop 2060 564 48 0 0
stand 2104 552 27 0 0
trop 2276 564 76 0 0
fre 2364 556 15 0 0
fre 2492 556 18 0 0
fre 2588 548 83 0 0
tree 2584 552 38 0 0
fre 3468 548 83 0 0
tree 3464 552 6 0 0
tree 3480 552 8 0 0
zabor 656 592 27 0 8
zabor 688 592 104 2 8
zabor 784 592 104 2 8
dom 1376 576 67 0 0
zabor 1424 592 104 2 8
zabor 1552 592 105 2 8
trop 1580 596 3 179 179
trop 1580 580 4 179 179
tree 2680 584 51 0 0
tree 2792 584 50 0 0
tree 2936 600 33 0 0
tree 3480 600 9 0 0
fre 3932 596 82 0 0
fre 3940 604 83 0 0
tree 3944 600 61 0 0
zabor 656 624 28 0 8
zabor 688 624 104 2 8
zabor 784 624 105 2 8
zabor 1424 624 104 2 8
zabor 1552 624 104 2 8
stand 1720 616 13 0 0
tree 2120 632 48 0 0
fre 2164 636 9 0 0
tree 2200 632 54 0 0
fre 2212 628 82 0 0
trop 2276 636 77 0 0
tree 2744 632 3 0 0
fre 3468 628 82 0 0
fre 3924 620 83 0 0
zabor 656 656 28 0 8
zabor 688 656 105 2 8
zabor 784 656 104 2 8
trop 1052 652 127 0 0
trop 1172 660 125 0 0
trop 1268 660 124 0 0
trop 1372 652 86 0 0
trop 1460 660 79 0 0
trop 1540 660 78 0 0
trop 1620 660 79 0 0
trop 1700 660 78 0 0
trop 2060 644 48 0 0
tree 2200 648 34 0 0
tree 2744 648 56 0 0
tree 3080 664 58 0 0
fre 3476 652 82 0 0
fre 3508 644 82 0 0
tree 3496 648 61 0 0
tree 3704 648 33 0 0
zabor 112 688 25 0 8
zabor 144 688 27 0 8
zabor 176 688 30 0 8
zabor 208 688 31 0 8
zabor 240 688 25 0 8
zabor 272 688 26 0 8
zabor 304 688 29 0 8
zabor 336 688 28 0 8
zabor 368 688 32 0 9
zabor 400 688 34 0 9
zabor 432 688 26 0 8
zabor 464 688 27 0 8
zabor 496 688 24 0 8
zabor 528 688 25 0 8
zabor 560 688 29 0 8
zabor 592 688 27 0 8
zabor 624 688 27 0 8
zabor 656 688 31 0 8
zabor 688 688 104 2 8
zabor 784 688 104 2 8
stand 1240 696 70 0 0
stand 1224 696 70 0 0
stand 1256 696 82 0 0
trop 1284 684 87 0 0
zabor 1424 688 104 2 8
zabor 1552 688 105 2 8
trop 1828 700 88 0 0
tree 3480 680 60 0 0
fre 124 732 16 0 0
fre 140 732 16 0 0
fre 156 732 16 0 0
fre 172 732 16 0 0
fre 188 732 16 0 0
fre 204 732 16 0 0
fre 220 732 16 0 0
fre 236 732 16 0 0
fre 252 732 16 0 0
fre 268 732 16 0 0
fre 292 732 16 0 0
fre 308 732 16 0 0
fre 324 732 16 0 0
fre 340 732 16 0 0
fre 356 732 16 0 0
fre 372 732 16 0 0
fre 388 732 16 0 0
fre 404 732 16 0 0
fre 420 732 16 0 0
fre 436 732 16 0 0
fre 452 732 16 0 0
fre 468 732 16 0 0
fre 484 732 16 0 0
fre 500 732 16 0 0
fre 516 732 16 0 0
fre 532 732 16 0 0
fre 548 732 16 0 0
fre 564 732 16 0 0
fre 580 732 16 0 0
fre 596 732 16 0 0
fre 612 732 16 0 0
fre 628 732 16 0 0
fre 644 732 16 0 0
zabor 688 720 104 2 8
zabor 784 720 105 2 8
stand 1256 712 69 0 0
stand 1256 728 69 0 0
zabor 1424 720 105 2 8
stand 1528 712 44 0 0
zabor 1552 720 105 2 8
zabor 1584 720 35 0 9
zabor 1616 720 27 0 8
zabor 1648 720 29 0 8
zabor 1680 720 25 0 8
zabor 1712 720 26 0 8
zabor 1744 720 28 0 8
zabor 1776 720 28 0 8
trop 2060 724 48 0 0
fre 2132 708 81 0 0
tree 2136 712 31 0 0
fre 2196 732 9 0 0
trop 2276 724 76 0 0
fre 2644 708 82 0 0
tree 2648 712 23 0 0
tree 2808 712 16 0 0
tree 3480 712 4 0 0
fre 100 764 16 0 0
fre 108 764 16 0 0
fre 124 764 16 0 0
fre 140 764 16 0 0
fre 156 764 16 0 0
fre 172 764 16 0 0
fre 188 764 16 0 0
fre 204 764 16 0 0
fre 220 764 16 0 0
fre 236 764 16 0 0
fre 252 764 16 0 0
fre 268 764 16 0 0
fre 284 764 16 0 0
fre 300 764 16 0 0
fre 324 764 16 0 0
fre 340 764 16 0 0
fre 356 764 16 0 0
fre 372 764 16 0 0
fre 388 764 16 0 0
fre 404 764 16 0 0
fre 420 764 16 0 0
fre 436 764 16 0 0
fre 452 764 16 0 0
fre 468 764 16 0 0
fre 484 764 16 0 0
fre 508 764 16 0 0
fre 524 764 16 0 0
fre 540 764 16 0 0
fre 556 764 16 0 0
fre 572 764 16 0 0
fre 588 764 16 0 0
fre 604 764 16 0 0
fre 620 764 16 0 0
fre 636 764 16 0 0
zabor 688 752 105 2 8
zabor 784 752 105 2 8
stand 1240 744 71 0 0
stand 1224 744 71 0 0
stand 1256 744 84 0 0
zabor 1424 752 105 2 8
dom 1472 736 40 0 0
zabor 1552 752 104 2 8
fre 1620 764 83 0 0
tree 1608 760 22 0 0
fre 1660 756 82 0 0
tree 1672 760 54 0 0
fre 1700 764 81 0 0
fre 1708 740 81 0 0
fre 1740 764 82 0 0
tree 1736 760 7 0 0
zabor 1776 752 28 0 8
tree 2456 744 21 0 0
tree 2872 760 61 0 0
fre 2892 764 83 0 0
tree 2888 760 30 0 0
fre 116 788 16 0 0
fre 100 796 16 0 0
fre 132 796 16 0 0
fre 140 796 16 0 0
fre 156 796 16 0 0
fre 180 796 16 0 0
fre 220 796 16 0 0
fre 228 796 16 0 0
fre 260 796 16 0 0
fre 276 796 16 0 0
fre 300 796 16 0 0
fre 316 772 16 0 0
fre 324 796 16 0 0
fre 332 796 16 0 0
fre 348 796 16 0 0
fre 364 796 16 0 0
fre 380 796 16 0 0
fre 396 796 16 0 0
fre 412 796 16 0 0
fre 428 796 16 0 0
fre 444 796 16 0 0
fre 460 796 16 0 0
fre 476 796 16 0 0
fre 492 796 16 0 0
fre 508 796 16 0 0
fre 516 796 16 0 0
fre 532 796 16 0 0
fre 548 796 16 0 0
fre 572 796 16 0 0
fre 580 796 16 0 0
fre 596 796 16 0 0
fre 612 796 16 0 0
fre 620 796 16 0 0
zabor 688 784 104 2 8
zabor 784 784 105 2 8
dom 896 768 109 0 0
zabor 1424 784 104 2 8
zabor 1552 784 105 2 8
zabor 1776 784 27 0 8
trop 1836 788 77 0 0
trop 2276 796 77 0 0
tree 3480 792 24 0 0
tree 3480 776 14 0 0
fre 116 820 16 0 0
fre 108 820 16 0 0
fre 132 820 16 0 0
fre 148 820 16 0 0
fre 188 820 16 0 0
fre 164 820 16 0 0
fre 204 820 16 0 0
fre 252 820 16 0 0
fre 228 820 16 0 0
fre 276 820 16 0 0
fre 292 820 16 0 0
fre 308 820 16 0 0
fre 348 820 16 0 0
fre 324 812 16 0 0
fre 372 820 16 0 0
fre 412 820 16 0 0
fre 388 820 16 0 0
fre 444 820 16 0 0
fre 428 820 16 0 0
fre 468 820 16 0 0
fre 500 820 16 0 0
fre 484 820 16 0 0
fre 532 820 16 0 0
fre 516 820 16 0 0
fre 564 820 16 0 0
fre 548 820 16 0 0
fre 604 820 16 0 0
fre 588 820 16 0 0
fre 628 820 16 0 0
zabor 688 816 104 2 8
zabor 784 816 104 2 8
zabor 1424 816 104 2 8
zabor 1552 816 104 2 8
zabor 1776 816 30 0 8
tree 1992 824 52 0 0
tree 2024 824 59 0 0
trop 2060 804 48 0 0
tree 2616 808 33 0 0
tree 2888 824 62 0 0
tree 3480 824 12 0 0
tree 3480 808 17 0 0
fre 108 844 16 0 0
fre 124 844 16 0 0
fre 140 844 16 0 0
fre 156 844 16 0 0
fre 172 844 16 0 0
fre 188 844 16 0 0
fre 204 844 16 0 0
fre 220 844 16 0 0
fre 268 844 16 0 0
fre 284 844 16 0 0
fre 300 844 16 0 0
fre 316 844 16 0 0
fre 348 844 16 0 0
fre 364 844 16 0 0
fre 380 844 16 0 0
fre 396 844 16 0 0
fre 412 844 16 0 0
fre 428 844 16 0 0
fre 444 844 16 0 0
fre 460 844 16 0 0
fre 476 844 16 0 0
fre 492 844 16 0 0
fre 508 844 16 0 0
fre 524 844 16 0 0
fre 540 844 16 0 0
fre 556 844 16 0 0
fre 572 844 16 0 0
fre 596 844 16 0 0
fre 612 844 16 0 0
fre 628 844 16 0 0
zabor 688 848 105 2 8
zabor 784 848 104 2 8
zabor 1424 848 104 2 8
zabor 1552 848 105 2 8
zabor 1776 848 30 0 8
tree 1944 840 17 0 0
tree 1944 856 49 0 0
fre 2156 852 80 0 0
fre 2172 844 80 0 0
tree 2184 856 23 0 0
tree 2888 840 44 0 0
tree 3480 856 5 0 0
zabor 688 880 105 2 8
zabor 784 880 105 2 8
stand 1288 888 20 0 0
stand 1336 888 44 0 0
zabor 1424 880 105 2 8
zabor 1552 880 104 2 8
zabor 1776 880 31 0 8
trop 1836 876 76 0 0
tree 1960 888 12 0 0
tree 2008 872 40 0 0
trop 2060 884 48 0 0
fre 2172 868 80 0 0
trop 2276 884 76 0 0
fre 3860 892 82 0 0
fre 3860 868 82 0 0
fre 3884 892 82 0 0
tree 3880 888 7 0 0
tree 216 904 58 0 0
fre 308 924 82 0 0
tree 312 920 54 0 0
fre 380 924 31 0 0
fre 420 924 14 0 0
tree 440 920 3 0 0
fre 508 924 4 0 0
fre 572 916 15 0 0
fre 572 924 19 0 0
fre 604 924 81 0 0
fre 596 908 81 0 0
fre 620 908 81 0 0
zabor 688 912 105 2 8
zabor 784 912 104 2 8
stand 904 904 44 0 0
dom 1088 896 34 0 0
zabor 1424 912 104 2 8
zabor 1552 912 105 2 8
tree 1656 920 4 0 0
zabor 1776 912 25 0 8
tree 1944 904 18 0 0
tree 1944 920 28 0 0
tree 2008 920 40 0 0
tree 1992 904 15 0 0
stand 2104 920 27 0 0
tree 2456 904 27 0 0
tree 2472 904 9 0 0
tree 2904 920 59 0 0
tree 2904 904 24 0 0
tree 2920 920 18 0 0
fre 3868 900 82 0 0
fre 308 940 14 0 0
fre 356 948 18 0 0
fre 484 940 15 0 0
fre 556 956 81 0 0
tree 552 952 16 0 0
fre 636 940 81 0 0
fre 636 932 81 0 0
fre 636 956 81 0 0
tree 632 936 7 0 0
zabor 688 944 104 2 8
zabor 784 944 104 2 8
zabor 1424 944 105 2 8
zabor 1552 944 105 2 8
trop 1836 948 77 0 0
tree 2024 952 51 0 0
trop 2276 956 77 0 0
tree 2648 952 12 0 0
tree 2904 952 52 0 0
tree 3480 952 17 0 0
tree 3688 936 49 0 0
fre 412 972 14 0 0
fre 428 988 4 0 0
fre 460 972 22 0 0
fre 508 980 66 0 0
fre 516 964 15 0 0
fre 588 972 4 0 0
fre 612 964 18 0 0
zabor 688 976 104 2 8
zabor 784 976 104 2 8
dom 1376 960 27 0 0
zabor 1424 976 104 2 8
zabor 1552 976 104 2 8
tree 1896 968 11 0 0
tree 1912 968 42 0 0
tree 1976 968 57 0 0
trop 2060 964 48 0 0
tree 2904 968 49 0 0
fre 3476 988 83 0 0
tree 3480 984 30 0 0
tree 456 1016 36 0 0
fre 492 1020 13 0 0
fre 556 1020 4 0 0
fre 564 1004 13 0 0
fre 604 996 18 0 0
zabor 688 1008 105 2 8
zabor 784 1008 105 2 8
dom 832 992 27 0 0
zabor 1424 1008 105 2 8
zabor 1552 1008 104 2 8
dom 1728 992 59 0 0
tree 1960 1016 20 0 0
tree 2008 1000 28 0 0
tree 2376 1000 13 0 0
tree 2904 1016 28 0 0
tree 2888 1016 62 0 0
tree 3208 1016 2 0 0
tree 3320 1016 56 0 0
dom 3328 992 115 0 179
tree 3384 1016 4 0 0
tree 3416 1016 44 0 0
fre 3468 1004 83 0 0
tree 3464 1000 53 0 0
tree 3560 1016 37 0 0
tree 568 1048 44 0 0
zabor 688 1040 104 2 8
zabor 784 1040 104 2 8
zabor 816 1040 104 2 8
zabor 848 1040 104 2 8
zabor 880 1040 105 2 8
zabor 912 1040 105 2 8
zabor 944 1040 104 2 8
zabor 976 1040 105 2 8
zabor 1008 1040 104 2 8
zabor 1040 1040 105 2 8
zabor 1072 1040 104 2 8
zabor 1104 1040 105 2 8
zabor 1136 1040 105 2 8
zabor 1168 1040 104 2 8
zabor 1200 1040 104 2 8
zabor 1232 1040 105 2 8
zabor 1264 1040 104 2 8
zabor 1296 1040 104 2 8
zabor 1328 1040 105 2 8
zabor 1360 1040 104 2 8
zabor 1392 1040 104 2 8
zabor 1424 1040 104 2 8
zabor 1552 1040 104 2 8
tree 1592 1032 42 0 0
trop 1836 1036 76 0 0
stand 1880 1048 13 0 0
fre 1916 1044 83 0 0
tree 1912 1048 53 0 0
tree 1944 1032 60 0 0
tree 2008 1032 28 0 0
trop 2060 1044 48 0 0
stand 2232 1048 21 0 0
trop 2276 1044 76 0 0
tree 2856 1048 13 0 0
tree 2888 1032 59 0 0
tree 3176 1048 16 0 0
tree 3304 1048 61 0 0
tree 3368 1048 24 0 0
fre 3484 1028 83 0 0
tree 3560 1032 27 0 0
fre 604 1076 18 0 0
zabor 688 1072 104 2 8
zabor 1552 1072 105 2 8
zabor 1584 1072 25 0 8
zabor 1616 1072 36 0 9
zabor 1648 1072 38 0 9
stand 2088 1064 55 0 0
zabor 2352 1072 28 0 8
zabor 2384 1072 26 0 8
zabor 2416 1072 24 0 8
zabor 2448 1072 31 0 8
zabor 2480 1072 31 0 8
zabor 2512 1072 25 0 8
zabor 2544 1072 30 0 8
zabor 2576 1072 29 0 8
zabor 2608 1072 24 0 8
zabor 2640 1072 29 0 8
zabor 2672 1072 24 0 8
zabor 2704 1072 26 0 8
zabor 2736 1072 25 0 8
zabor 2768 1072 29 0 8
zabor 2800 1072 27 0 8
tree 3128 1064 57 0 0
tree 3224 1064 51 0 0
tree 3272 1080 14 0 0
fre 3324 1068 83 0 0
fre 3380 1084 83 0 0
tree 3432 1064 12 0 0
fre 3500 1060 83 0 0
tree 3496 1064 22 0 0
zabor 688 1104 104 2 8
zabor 1552 1104 105 2 8
stand 1544 1112 20 0 0
trop 1668 1116 93 0 0
trop 1748 1116 79 0 0
trop 1772 1116 102 0 0
trop 1836 1116 100 0 0
trop 1916 1116 79 0 0
trop 1996 1116 78 0 0
trop 2068 1116 49 0 0
trop 2132 1116 79 0 0
trop 2212 1116 78 0 0
trop 2284 1116 103 0 0
zabor 2352 1104 30 0 8
tree 2424 1112 49 0 0
tree 2488 1112 44 0 0
tree 2552 1112 44 0 0
tree 2776 1096 61 0 0
zabor 2800 1104 24 0 8
fre 2788 1092 82 0 0
tree 2840 1096 41 0 0
tree 3112 1112 3 0 0
tree 3176 1096 3 0 0
fre 3324 1092 83 0 0
tree 3320 1096 6 0 0
fre 3340 1108 83 0 0
tree 3384 1096 53 0 0
fre 3412 1100 83 0 0
tree 3464 1112 44 0 0
tree 3624 1096 32 0 0
zabor 688 1136 104 2 8
zabor 720 1136 104 2 8
zabor 752 1136 104 2 8
zabor 784 1136 104 2 8
zabor 816 1136 105 2 8
zabor 848 1136 105 2 8
zabor 880 1136 104 2 8
zabor 912 1136 105 2 8
zabor 944 1136 105 2 8
zabor 976 1136 105 2 8
zabor 1008 1136 104 2 8
zabor 1040 1136 105 2 8
zabor 1072 1136 105 2 8
zabor 1104 1136 105 2 8
zabor 1136 1136 104 2 8
zabor 1168 1136 105 2 8
zabor 1200 1136 105 2 8
zabor 1232 1136 104 2 8
zabor 1264 1136 104 2 8
zabor 1296 1136 105 2 8
zabor 1328 1136 104 2 8
zabor 1360 1136 105 2 8
zabor 1392 1136 105 2 8
zabor 1424 1136 105 2 8
zabor 1456 1136 105 2 8
zabor 1488 1136 105 2 8
zabor 1520 1136 105 2 8
zabor 1552 1136 105 2 8
zabor 2352 1136 25 0 8
zabor 2800 1136 26 0 8
tree 3192 1144 32 0 0
tree 3240 1128 51 0 0
tree 3304 1144 43 0 0
tree 3368 1128 35 0 0
tree 3432 1128 24 0 0
tree 3592 1144 36 0 0
tree 3688 1128 19 0 0
tree 152 1176 34 0 0
tree 200 1160 56 0 0
tree 616 1176 38 0 0
tree 632 1176 12 0 0
tree 728 1176 15 0 0
tree 776 1176 62 0 0
tree 920 1176 34 0 0
tree 968 1176 60 0 0
zabor 1296 1168 25 0 8
zabor 1328 1168 26 0 8
zabor 1360 1168 27 0 8
zabor 1392 1168 27 0 8
zabor 1424 1168 27 0 8
zabor 1456 1168 25 0 8
zabor 1488 1168 26 0 8
zabor 1520 1168 32 0 9
zabor 1712 1168 31 0 8
zabor 1744 1168 30 0 8
zabor 1776 1168 28 0 8
trop 1836 1180 80 0 0
zabor 1904 1168 29 0 8
stand 1896 1176 20 0 0
tree 1928 1176 44 0 0
stand 2024 1176 31 0 0
tree 2136 1176 42 0 0
stand 2200 1176 20 0 0
stand 2360 1176 20 0 0
zabor 2352 1168 28 0 8
zabor 2800 1168 28 0 8
tree 2824 1160 51 0 0
tree 2840 1176 3 0 0
tree 3352 1160 14 0 0
tree 3400 1160 18 0 0
tree 3704 1176 34 0 0
tree 3720 1176 41 0 0
tree 600 1208 49 0 0
tree 696 1192 27 0 0
tree 776 1208 27 0 0
tree 840 1192 57 0 0
tree 872 1208 3 0 0
tree 952 1208 50 0 0
zabor 1296 1200 24 0 8
tree 1336 1208 9 0 0
fre 1364 1204 0 0 0
fre 1396 1212 27 0 0
zabor 1520 1200 36 0 9
stand 1544 1192 21 0 0
trop 1588 1196 92 0 0
zabor 1680 1200 29 0 8
zabor 1712 1200 25 0 8
tree 1736 1208 42 0 0
zabor 1776 1200 27 0 8
zabor 1904 1200 28 0 8
trop 2060 1204 48 0 0
fre 2116 1196 82 0 0
tree 2120 1192 8 0 0
tree 2152 1208 36 0 0
tree 2184 1192 25 0 0
trop 2276 1188 77 0 0
dom 2400 1184 7 0 0
zabor 2800 1200 27 0 8
tree 2824 1208 52 0 0
fre 2996 1204 33 0 0
tree 3192 1192 29 0 0
tree 3256 1192 6 0 0
fre 3292 1196 83 0 0
tree 3272 1208 26 0 0
tree 3288 1192 14 0 0
tree 3336 1208 32 0 0
tree 3352 1192 50 0 0
tree 3400 1208 11 0 0
tree 3464 1192 29 0 0
fre 3508 1188 11 0 0
fre 3580 1204 82 0 0
tree 3720 1192 29 0 0
tree 232 1224 35 0 0
fre 572 1236 83 0 0
tree 584 1224 23 0 0
tree 616 1224 2 0 0
tree 664 1240 15 0 0
tree 664 1224 60 0 0
tree 680 1240 36 0 0
tree 712 1224 42 0 0
tree 760 1240 42 0 0
tree 744 1240 38 0 0
tree 872 1240 56 0 0
tree 920 1224 20 0 0
zabor 1296 1232 24 0 8
fre 1324 1228 0 0 0
fre 1348 1220 28 0 0
fre 1436 1228 0 0 0
fre 1452 1220 17 0 0
tree 1480 1224 27 0 0
dom 1472 1216 66 0 179
zabor 1520 1232 33 0 9
trop 1596 1244 77 0 0
zabor 1648 1232 30 0 8
zabor 1680 1232 31 0 8
zabor 1904 1232 29 0 8
stand 1992 1240 46 0 0
fre 2132 1220 82 0 0
tree 2136 1224 23 0 0
trop 2276 1244 77 0 0
zabor 2352 1232 24 0 8
trop 2356 1228 25 0 0
zabor 2800 1232 28 0 8
fre 3052 1228 1 0 0
tree 3272 1240 49 0 0
fre 3324 1220 83 0 0
fre 3580 1236 82 0 0
fre 3604 1236 82 0 0
tree 3608 1240 22 0 0
tree 3752 1240 1 0 0
tree 152 1256 18 0 0
tree 200 1256 34 0 0
zabor 368 1264 39 0 9
tree 616 1272 26 0 0
tree 632 1272 33 0 0
tree 648 1272 58 0 0
tree 680 1272 28 0 0
tree 728 1272 13 0 0
tree 744 1272 45 0 0
tree 808 1272 56 0 0
tree 920 1272 0 0 0
tree 952 1272 52 0 0
zabor 1296 1264 39 0 9
fre 1340 1260 0 0 0
fre 1380 1252 0 0 0
fre 1404 1252 0 0 0
fre 1436 1252 28 0 0
fre 1468 1276 0 0 0
zabor 1520 1264 38 0 9
zabor 1648 1264 30 0 8
trop 1828 1268 81 0 0
zabor 1904 1264 25 0 8
stand 1928 1272 46 0 0
trop 2004 1276 50 0 0
stand 2104 1272 27 0 0
tree 2200 1272 49 0 0
tree 2184 1272 3 0 0
zabor 2352 1264 29 0 8
tree 2376 1272 12 0 0
zabor 2800 1264 27 0 8
tree 2840 1256 5 0 0
fre 3084 1276 82 0 0
tree 3272 1256 59 0 0
tree 3336 1256 48 0 0
tree 3336 1272 24 0 0
fre 3476 1260 11 0 0
tree 3800 1272 57 0 0
tree 3976 1272 60 0 0
tree 3992 1272 26 0 0
tree 280 1304 37 0 0
tree 312 1288 51 0 0
zabor 368 1296 25 0 8
zabor 464 1296 37 0 9
tree 680 1304 62 0 0
tree 728 1304 33 0 0
tree 744 1288 41 0 0
tree 776 1288 17 0 0
tree 872 1288 56 0 0
fre 924 1292 83 0 0
tree 904 1304 58 0 0
tree 920 1288 6 0 0
tree 936 1304 26 0 0
zabor 1296 1296 34 0 9
fre 1348 1292 27 0 0
fre 1380 1300 0 0 0
fre 1452 1284 0 0 0
fre 1452 1300 26 0 0
zabor 1520 1296 26 0 8
zabor 1648 1296 24 0 8
tree 1688 1288 11 0 0
lay 1720 1288 1 0 0
trop 2060 1284 48 0 0
tree 2152 1288 41 0 0
zabor 2352 1296 27 0 8
zabor 2384 1296 31 0 8
zabor 2416 1296 30 0 8
zabor 2448 1296 30 0 8
zabor 2480 1296 24 0 8
zabor 2512 1296 24 0 8
zabor 2544 1296 29 0 8
zabor 2576 1296 31 0 8
zabor 2608 1296 24 0 8
zabor 2640 1296 25 0 8
zabor 2672 1296 31 0 8
zabor 2704 1296 29 0 8
zabor 2736 1296 30 0 8
zabor 2768 1296 28 0 8
zabor 2800 1296 24 0 8
tree 2824 1288 37 0 0
tree 3096 1288 22 0 0
fre 3108 1284 82 0 0
fre 3116 1292 82 0 0
tree 3320 1304 21 0 0
tree 3352 1304 5 0 0
fre 3372 1284 83 0 0
tree 3384 1304 16 0 0
fre 3404 1292 83 0 0
tree 3416 1288 31 0 0
fre 3524 1284 1 0 0
tree 3800 1288 30 0 0
tree 3928 1288 7 0 0
tree 3992 1288 1 0 0
zabor 368 1328 24 0 8
zabor 464 1328 30 0 8
tree 584 1336 53 0 0
tree 616 1336 13 0 0
tree 632 1320 28 0 0
tree 712 1320 49 0 0
tree 904 1336 28 0 0
tree 936 1320 18 0 0
zabor 1296 1328 25 0 8
fre 1348 1332 32 0 0
fre 1388 1324 0 0 0
fre 1420 1324 0 0 0
fre 1444 1324 17 0 0
fre 1484 1332 82 0 0
fre 1484 1340 0 0 0
tree 1480 1336 62 0 0
zabor 1520 1328 29 0 8
fre 1516 1332 28 0 0
trop 1596 1332 76 0 0
zabor 1648 1328 26 0 8
stand 1672 1336 20 0 0
trop 1940 1316 50 0 0
trop 2276 1332 76 0 0
fre 3556 1340 1 0 0
fre 3660 1324 11 0 0
tree 3864 1320 1 0 0
tree 3880 1336 29 0 0
tree 3928 1336 13 0 0
tree 3960 1320 34 0 0
tree 3992 1336 41 0 0
zabor 368 1360 27 0 8
zabor 464 1360 24 0 8
zabor 496 1360 31 0 8
tree 600 1352 33 0 0
tree 584 1352 62 0 0
tree 696 1352 44 0 0
tree 808 1368 26 0 0
fre 844 1348 83 0 0
tree 840 1352 45 0 0
tree 872 1352 57 0 0
tree 936 1368 3 0 0
tree 968 1368 19 0 0
zabor 1296 1360 31 0 8
fre 1364 1364 18 0 0
fre 1460 1372 31 0 0
zabor 1520 1360 28 0 8
stand 1528 1352 20 0 0
zabor 1648 1360 30 0 8
trop 1996 1364 48 0 0
trop 2060 1364 48 0 0
stand 2232 1368 21 0 0
tree 3000 1352 9 0 0
fre 3060 1348 1 0 0
fre 3068 1372 4 0 0
fre 3236 1356 11 0 0
tree 3352 1368 17 0 0
fre 3556 1356 30 0 0
tree 3880 1352 14 0 0
tree 3928 1368 26 0 0
tree 3992 1368 2 0 0
tree 4008 1368 6 0 0
zabor 368 1392 24 0 8
tree 408 1384 43 0 0
zabor 496 1392 37 0 9
zabor 528 1392 39 0 9
tree 552 1400 12 0 0
tree 600 1400 43 0 0
tree 664 1384 5 0 0
tree 664 1400 57 0 0
tree 744 1384 28 0 0
tree 776 1400 7 0 0
tree 856 1384 5 0 0
tree 904 1400 4 0 0
zabor 1296 1392 29 0 8
fre 1332 1404 81 0 0
fre 1324 1388 81 0 0
fre 1340 1380 81 0 0
tree 1336 1400 54 0 0
fre 1412 1388 0 0 0
fre 1500 1388 0 0 0
zabor 1520 1392 26 0 8
trop 1596 1404 77 0 0
zabor 1648 1392 28 0 8
tree 1688 1384 48 0 0
trop 1932 1404 48 0 0
trop 2276 1404 77 0 0
fre 2948 1380 4 0 0
fre 3052 1404 1 0 0
fre 3076 1396 29 0 0
tree 3880 1400 0 0 0
tree 3896 1384 38 0 0
tree 3928 1384 37 0 0
tree 3960 1400 48 0 0
tree 4008 1384 56 0 0
zabor 368 1424 29 0 8
zabor 528 1424 35 0 9
tree 632 1432 33 0 0
tree 744 1432 60 0 0
tree 760 1416 29 0 0
tree 792 1432 43 0 0
tree 840 1416 32 0 0
tree 920 1432 20 0 0
tree 968 1432 21 0 0
zabor 1296 1424 27 0 8
fre 1340 1412 81 0 0
fre 1348 1420 0 0 0
trop 1500 1436 30 0 0
trop 1532 1428 119 0 0
zabor 1648 1424 24 0 8
dom 1888 1408 38 0 0
fre 2996 1436 0 0 0
fre 3196 1412 1 0 0
fre 3180 1428 11 0 0
fre 3484 1420 1 0 0
fre 3484 1412 2 0 0
tree 3704 1432 48 0 0
tree 3800 1432 19 0 0
tree 3864 1432 49 0 0
tree 3960 1416 22 0 0
tree 3976 1416 21 0 0
zabor 368 1456 27 0 8
zabor 528 1456 31 0 8
zabor 560 1456 26 0 8
zabor 592 1456 31 0 8
tree 680 1464 31 0 0
tree 728 1448 16 0 0
tree 728 1464 22 0 0
tree 840 1448 33 0 0
tree 840 1464 5 0 0
fre 876 1444 83 0 0
tree 872 1448 53 0 0
tree 936 1448 36 0 0
zabor 1296 1456 35 0 9
fre 1396 1460 29 0 0
fre 1452 1444 0 0 0
zabor 1520 1456 31 0 8
stand 1544 1464 21 0 0
zabor 1648 1456 28 0 8
tree 1688 1448 48 0 0
trop 1996 1444 48 0 0
dom 2016 1440 39 0 0
trop 2060 1444 48 0 0
fre 3084 1444 11 0 0
fre 3324 1452 35 0 0
fre 3596 1444 11 0 0
tree 3800 1464 35 0 0
tree 3800 1448 25 0 0
tree 3848 1448 31 0 0
tree 3896 1464 30 0 0
tree 3928 1464 27 0 0
tree 3928 1448 53 0 0
fre 3956 1444 83 0 0
tree 3944 1448 14 0 0
tree 3976 1448 35 0 0
tree 3992 1464 4 0 0
zabor 368 1488 26 0 8
zabor 592 1488 24 0 8
zabor 624 1488 27 0 8
tree 648 1496 37 0 0
tree 664 1480 46 0 0
tree 712 1496 28 0 0
tree 712 1480 15 0 0
fre 740 1476 83 0 0
tree 760 1480 60 0 0
tree 824 1496 43 0 0
tree 872 1496 23 0 0
tree 872 1480 54 0 0
tree 952 1480 30 0 0
zabor 1296 1488 39 0 9
fre 1340 1484 17 0 0
fre 1420 1500 26 0 0
zabor 1520 1488 24 0 8
trop 1596 1492 76 0 0
zabor 1648 1488 27 0 8
trop 1932 1484 48 0 0
trop 2276 1492 76 0 0
fre 3148 1500 4 0 0
tree 3496 1496 2 0 0
tree 3736 1496 36 0 0
tree 3720 1496 40 0 0
tree 3752 1496 42 0 0
tree 3752 1480 11 0 0
tree 3976 1496 49 0 0
zabor 368 1520 25 0 8
zabor 624 1520 31 0 8
tree 872 1512 62 0 0
tree 920 1528 0 0 0
tree 936 1512 3 0 0
tree 984 1528 33 0 0
zabor 1296 1520 35 0 9
fre 1428 1508 0 0 0
tree 1464 1512 8 0 0
trop 1492 1508 17 0 0
zabor 1520 1520 30 0 8
zabor 1648 1520 25 0 8
fre 1684 1532 82 0 0
dom 1792 1504 66 0 0
stand 2024 1528 7 0 0
zabor 2352 1520 30 0 8
zabor 2384 1520 29 0 8
zabor 2416 1520 24 0 8
zabor 2448 1520 29 0 8
zabor 2480 1520 34 0 9
zabor 2512 1520 36 0 9
zabor 2544 1520 33 0 9
fre 2580 1516 82 0 0
tree 2584 1512 40 0 0
fre 2796 1516 82 0 0
fre 2812 1524 82 0 0
tree 2808 1528 54 0 0
fre 3244 1508 4 0 0
fre 3356 1516 83 0 0
fre 3348 1532 83 0 0
tree 3352 1528 53 0 0
fre 3420 1516 2 0 0
tree 3704 1512 5 0 0
tree 3688 1528 36 0 0
tree 3720 1512 26 0 0
tree 3848 1528 43 0 0
fre 3932 1516 83 0 0
tree 3928 1528 22 0 0
tree 3912 1512 36 0 0
tree 3960 1528 29 0 0
tree 3976 1512 28 0 0
zabor 368 1552 31 0 8
zabor 624 1552 38 0 9
zabor 656 1552 33 0 9
tree 728 1544 38 0 0
tree 776 1560 5 0 0
tree 776 1544 44 0 0
tree 824 1544 23 0 0
tree 808 1544 23 0 0
tree 904 1560 27 0 0
tree 936 1544 37 0 0
zabor 1296 1552 37 0 9
fre 1340 1564 18 0 0
zabor 1520 1552 29 0 8
trop 1596 1564 77 0 0
zabor 1648 1552 31 0 8
tree 1688 1544 24 0 0
tree 1864 1544 57 0 0
trop 1932 1564 48 0 0
trop 2060 1540 41 0 0
trop 2276 1564 77 0 0
zabor 2352 1552 26 0 8
tree 2408 1560 16 0 0
fre 2460 1556 82 0 0
tree 2440 1560 32 0 0
fre 2492 1564 81 0 0
tree 2488 1560 15 0 0
zabor 2544 1552 28 0 8
fre 2596 1548 82 0 0
tree 2600 1544 38 0 0
tree 2680 1544 42 0 0
tree 2776 1544 11 0 0
tree 2792 1544 3 0 0
fre 2828 1540 82 0 0
fre 3228 1564 11 0 0
tree 3656 1544 30 0 0
tree 3672 1544 2 0 0
tree 3704 1544 18 0 0
tree 3752 1544 20 0 0
tree 3784 1560 7 0 0
tree 3800 1544 29 0 0
tree 3848 1544 62 0 0
tree 3864 1544 50 0 0
tree 3928 1544 41 0 0
zabor 368 1584 30 0 8
zabor 656 1584 30 0 8
zabor 688 1584 30 0 8
tree 744 1592 35 0 0
tree 776 1592 61 0 0
tree 808 1592 60 0 0
tree 872 1592 23 0 0
tree 872 1576 61 0 0
tree 952 1576 46 0 0
tree 968 1592 59 0 0
zabor 1296 1584 25 0 8
dom 1408 1568 3 2 0
zabor 1520 1584 24 0 8
stand 1528 1592 2 0 0
zabor 1648 1584 24 0 8
zabor 1680 1584 29 0 8
zabor 1712 1584 25 0 8
zabor 1744 1584 30 0 8
zabor 1776 1584 24 0 8
zabor 1808 1584 29 0 8
zabor 1840 1584 25 0 8
zabor 1872 1584 30 0 8
zabor 1904 1584 27 0 8
zabor 2352 1584 25 0 8
zabor 2544 1584 25 0 8
tree 2584 1576 33 0 0
tree 2744 1576 46 0 0
fre 2772 1580 82 0 0
tree 2760 1576 22 0 0
fre 2788 1596 82 0 0
tree 2792 1592 62 0 0
tree 2824 1576 25 0 0
tree 2824 1592 29 0 0
fre 3140 1580 0 0 0
tree 3160 1592 5 0 0
tree 3688 1592 38 0 0
tree 3720 1576 26 0 0
tree 3768 1576 62 0 0
tree 3784 1576 42 0 0
tree 3784 1592 42 0 0
tree 3832 1592 24 0 0
tree 3928 1576 11 0 0
tree 3976 1576 26 0 0
tree 4008 1592 4 0 0
zabor 368 1616 28 0 8
zabor 688 1616 37 0 9
zabor 720 1616 32 0 9
tree 792 1624 25 0 0
tree 824 1624 28 0 0
tree 888 1608 53 0 0
fre 900 1620 83 0 0
tree 904 1624 16 0 0
fre 956 1604 83 0 0
tree 936 1624 13 0 0
tree 984 1624 23 0 0
zabor 1296 1616 31 0 8
tree 1352 1608 16 0 0
fre 1484 1628 0 0 0
zabor 1520 1616 38 0 9
zabor 1648 1616 30 0 8
zabor 1904 1616 39 0 9
trop 2020 1620 40 0 0
stand 2088 1608 23 0 0
zabor 2160 1616 73 1 9
zabor 2352 1616 27 0 8
zabor 2544 1616 30 0 8
tree 2776 1608 26 0 0
tree 2808 1624 35 0 0
tree 3560 1608 4 0 0
tree 3672 1624 34 0 0
tree 3656 1624 8 0 0
tree 3672 1608 1 0 0
tree 3720 1608 4 0 0
tree 3768 1608 16 0 0
tree 3768 1624 61 0 0
tree 3832 1624 62 0 0
tree 3832 1608 38 0 0
tree 3864 1624 62 0 0
tree 3928 1608 43 0 0
zabor 368 1648 27 0 8
tree 456 1640 31 0 0
zabor 720 1648 26 0 8
zabor 752 1648 29 0 8
tree 776 1640 13 0 0
tree 872 1656 43 0 0
zabor 1296 1648 30 0 8
zabor 1328 1648 31 0 8
zabor 1360 1648 29 0 8
zabor 1392 1648 25 0 8
zabor 1424 1648 24 0 8
zabor 1456 1648 30 0 8
zabor 1488 1648 36 0 9
zabor 1520 1648 35 0 9
trop 1596 1652 76 0 0
zabor 1648 1648 26 0 8
zabor 1904 1648 39 0 9
trop 1932 1644 48 0 0
stand 2024 1656 7 0 0
trop 2116 1636 83 0 0
zabor 2160 1648 66 1 8
stand 2232 1640 21 0 0
trop 2276 1652 76 0 0
zabor 2352 1648 26 0 8
zabor 2544 1648 27 0 8
tree 2792 1656 11 0 0
fre 3356 1652 2 0 0
tree 3624 1640 17 0 0
tree 3624 1656 19 0 0
tree 3640 1656 2 0 0
tree 3672 1656 31 0 0
tree 3688 1656 1 0 0
tree 3720 1656 61 0 0
fre 3772 1644 83 0 0
tree 3768 1656 40 0 0
tree 3816 1656 25 0 0
tree 3880 1640 6 0 0
fre 3916 1652 83 0 0
tree 3912 1640 30 0 0
tree 3928 1640 17 0 0
tree 3944 1656 38 0 0
tree 4008 1656 33 0 0
zabor 368 1680 30 0 8
zabor 752 1680 30 0 8
zabor 1296 1680 28 0 8
zabor 1520 1680 28 0 8
zabor 1648 1680 30 0 8
zabor 1904 1680 26 0 8
trop 2116 1692 82 0 0
zabor 2160 1680 65 1 8
tree 2200 1672 19 0 0
zabor 2544 1680 29 0 8
tree 2600 1672 41 0 0
fre 2804 1684 81 0 0
fre 3308 1668 4 0 0
fre 3556 1676 1 0 0
tree 3640 1672 45 0 0
fre 3668 1692 83 0 0
fre 3740 1668 83 0 0
tree 3720 1672 2 0 0
tree 3784 1688 40 0 0
tree 3800 1688 2 0 0
fre 3836 1668 83 0 0
tree 3832 1672 22 0 0
tree 3816 1672 25 0 0
fre 3884 1692 83 0 0
tree 3896 1672 43 0 0
tree 3912 1688 36 0 0
fre 3980 1676 83 0 0
fre 3972 1676 83 0 0
tree 3992 1688 22 0 0
zabor 368 1712 29 0 8
zabor 752 1712 26 0 8
fre 836 1700 82 0 0
tree 840 1704 24 0 0
zabor 1296 1712 28 0 8
tree 1336 1704 26 0 0
tree 1480 1720 50 0 0
zabor 1520 1712 26 0 8
trop 1596 1724 77 0 0
zabor 1648 1712 24 0 8
dom 1760 1696 62 0 0
zabor 1904 1712 30 0 8
stand 1960 1704 7 0 0
trop 2060 1716 48 0 0
stand 2104 1704 27 0 0
zabor 2160 1712 64 1 8
tree 2200 1720 42 0 0
trop 2276 1724 77 0 0
dom 2400 1696 50 0 0
zabor 2544 1712 26 0 8
fre 2796 1700 81 0 0
fre 2812 1708 81 0 0
tree 2808 1704 54 0 0
tree 3352 1704 34 0 0
fre 3508 1724 32 0 0
tree 3656 1720 20 0 0
fre 3708 1708 83 0 0
fre 3740 1708 83 0 0
tree 3736 1720 54 0 0
tree 3752 1704 26 0 0
tree 3896 1720 6 0 0
zabor 368 1744 27 0 8
zabor 752 1744 30 0 8
zabor 1296 1744 31 0 8
zabor 1520 1744 26 0 8
trop 1684 1740 15 0 0
trop 1724 1740 23 0 0
zabor 1904 1744 27 0 8
trop 1996 1732 41 0 0
trop 2060 1740 48 0 0
stand 2104 1736 80 0 0
trop 2108 1756 104 0 0
zabor 2160 1744 64 1 8
stand 2152 1752 29 0 0
fre 2196 1732 82 0 0
tree 2200 1752 7 0 0
zabor 2544 1744 29 0 8
tree 2584 1752 19 0 0
fre 2628 1740 82 0 0
tree 2632 1736 16 0 0
tree 2776 1752 12 0 0
tree 2792 1736 8 0 0
fre 3252 1756 2 0 0
tree 3432 1736 28 0 0
tree 3736 1752 13 0 0
tree 3752 1752 24 0 0
fre 3828 1732 82 0 0
tree 3832 1752 0 0 0
tree 3848 1736 36 0 0
tree 3912 1752 37 0 0
tree 3928 1736 11 0 0
tree 4008 1752 48 0 0
zabor 368 1776 33 0 9
tree 632 1768 43 0 0
zabor 752 1776 25 0 8
zabor 1296 1776 29 0 8
zabor 1520 1776 25 0 8
stand 1544 1768 21 0 0
zabor 1648 1776 24 0 8
zabor 1904 1776 25 0 8
zabor 2160 1776 64 1 8
fre 2204 1764 82 0 0
fre 2348 1764 81 0 0
fre 2356 1764 81 0 0
tree 2344 1768 31 0 0
trop 2364 1788 25 0 0
trop 2412 1788 23 0 0
zabor 2544 1776 25 0 8
tree 2584 1784 8 0 0
tree 2616 1768 50 0 0
tree 2728 1768 20 0 0
fre 3388 1764 2 0 0
fre 3500 1772 1 0 0
fre 3532 1780 2 0 0
tree 3784 1768 46 0 0
fre 3900 1772 82 0 0
tree 3912 1784 23 0 0
tree 3928 1768 12 0 0
tree 3992 1768 29 0 0
tree 4008 1768 8 0 0
zabor 368 1808 36 0 9
zabor 752 1808 31 0 8
zabor 1296 1808 29 0 8
zabor 1520 1808 28 0 8
trop 1596 1812 76 0 0
zabor 1648 1808 24 0 8
zabor 1904 1808 27 0 8
trop 1956 1812 40 0 0
stand 2024 1800 23 0 0
trop 2060 1820 48 0 0
trop 2108 1820 104 0 0
zabor 2160 1808 66 1 8
tree 2200 1816 27 0 0
trop 2276 1812 76 0 0
zabor 2320 1808 65 1 8
zabor 2352 1808 64 1 8
zabor 2384 1808 64 1 8
zabor 2416 1808 74 1 9
zabor 2448 1808 73 1 9
zabor 2480 1808 65 1 8
zabor 2512 1808 72 1 9
zabor 2544 1808 73 1 9
zabor 2576 1808 66 1 8
zabor 2608 1808 64 1 8
zabor 2640 1808 64 1 8
zabor 2672 1808 64 1 8
zabor 2704 1808 65 1 8
zabor 2736 1808 72 1 9
zabor 2768 1808 72 1 9
zabor 2800 1808 74 1 9
fre 3340 1796 34 0 0
fre 3396 1804 4 0 0
tree 3752 1816 57 0 0
tree 3784 1816 15 0 0
tree 3816 1800 24 0 0
tree 3816 1816 29 0 0
tree 3848 1816 40 0 0
tree 3896 1816 20 0 0
tree 3960 1800 37 0 0
tree 3992 1800 60 0 0
zabor 368 1840 29 0 8
zabor 752 1840 26 0 8
zabor 1296 1840 24 0 8
zabor 1520 1840 31 0 8
zabor 1648 1840 25 0 8
zabor 1904 1840 25 0 8
stand 1960 1848 7 0 0
zabor 2160 1840 64 1 8
fre 2188 1852 82 0 0
zabor 2320 1840 66 1 8
zabor 2544 1840 72 1 9
tree 2600 1832 45 0 0
stand 2808 1848 34 0 0
zabor 2800 1840 72 1 9
fre 3500 1852 82 0 0
tree 3512 1848 54 0 0
fre 3524 1828 82 0 0
tree 3848 1832 16 0 0
tree 3848 1848 12 0 0
tree 3912 1832 59 0 0
zabor 368 1872 29 0 8
zabor 752 1872 28 0 8
zabor 1296 1872 28 0 8
dom 1408 1856 0 0 0
zabor 1520 1872 30 0 8
trop 1596 1884 77 0 0
zabor 1648 1872 29 0 8
zabor 1680 1872 29 0 8
zabor 1712 1872 27 0 8
zabor 1744 1872 25 0 8
zabor 1776 1872 25 0 8
zabor 1808 1872 28 0 8
zabor 1840 1872 30 0 8
zabor 1872 1872 30 0 8
zabor 1904 1872 24 0 8
stand 1960 1880 54 0 0
trop 2108 1884 104 0 0
zabor 2160 1872 65 1 8
stand 2168 1880 32 0 0
fre 2196 1860 82 0 0
tree 2200 1864 32 0 0
trop 2276 1884 77 0 0
zabor 2320 1872 64 1 8
stand 2504 1864 34 0 0
zabor 2544 1872 64 1 8
tree 2664 1880 21 0 0
zabor 2800 1872 65 1 8
fre 3444 1860 2 0 0
tree 3736 1880 31 0 0
tree 3832 1880 9 0 0
tree 3896 1864 0 0 0
fre 3940 1884 82 0 0
zabor 368 1904 25 0 8
zabor 752 1904 29 0 8
dom 928 1888 56 0 0
zabor 1296 1904 27 0 8
zabor 1520 1904 24 0 8
tree 1688 1896 13 0 0
fre 1756 1892 83 0 0
tree 1752 1896 61 0 0
tree 1800 1896 13 0 0
tree 1848 1896 32 0 0
trop 1932 1908 48 0 0
trop 1996 1908 48 0 0
trop 2060 1900 48 0 0
zabor 2160 1904 66 1 8
stand 2152 1912 29 0 0
zabor 2192 1904 64 1 8
stand 2184 1912 80 0 0
zabor 2224 1904 65 1 8
zabor 2320 1904 65 1 8
fre 2348 1892 82 0 0
tree 2344 1896 15 0 0
zabor 2544 1904 64 1 8
zabor 2800 1904 64 1 8
fre 3372 1908 2 0 0
tree 3752 1896 3 0 0
tree 3768 1896 58 0 0
tree 3864 1912 22 0 0
fre 3900 1900 83 0 0
fre 3892 1908 83 0 0
tree 3880 1912 16 0 0
fre 3916 1892 83 0 0
tree 3928 1896 23 0 0
zabor 368 1936 30 0 8
zabor 400 1936 31 0 8
zabor 432 1936 28 0 8
zabor 464 1936 31 0 8
zabor 496 1936 24 0 8
zabor 528 1936 32 0 9
zabor 560 1936 35 0 9
zabor 592 1936 39 0 9
zabor 624 1936 31 0 8
zabor 656 1936 24 0 8
zabor 688 1936 30 0 8
zabor 720 1936 31 0 8
zabor 752 1936 24 0 8
trop 924 1948 4 0 0
zabor 1296 1936 29 0 8
fre 1332 1924 82 0 0
tree 1336 1928 22 0 0
trop 1452 1948 17 0 0
zabor 1520 1936 29 0 8
stand 1704 1944 89 0 0
stand 1784 1944 99 0 0
stand 1880 1944 64 0 0
trop 2108 1940 104 0 0
trop 2180 1940 100 0 0
zabor 2224 1936 65 1 8
zabor 2320 1936 65 1 8
zabor 2544 1936 66 1 8
zabor 2800 1936 64 1 8
fre 3652 1948 81 0 0
tree 152 1960 58 0 0
tree 168 1960 17 0 0
tree 216 1960 26 0 0
fre 332 1956 82 0 0
tree 328 1960 54 0 0
stand 328 1976 19 0 0
tree 376 1960 52 0 0
tree 408 1960 12 0 0
fre 428 1956 81 0 0
fre 460 1964 82 0 0
tree 456 1960 22 0 0
tree 488 1960 43 0 0
tree 520 1960 16 0 0
tree 632 1960 49 0 0
tree 664 1960 22 0 0
fre 692 1956 83 0 0
tree 696 1960 61 0 0
tree 744 1960 19 0 0
tree 792 1960 60 0 0
tree 824 1960 59 0 0
trop 924 1980 3 0 0
trop 924 1964 3 0 0
tree 952 1960 42 0 0
stand 984 1976 19 0 0
tree 1096 1960 26 0 0
stand 1208 1976 19 0 0
zabor 1296 1968 24 0 8
zabor 1328 1968 29 0 8
zabor 1360 1968 28 0 8
zabor 1392 1968 24 0 8
zabor 1424 1968 28 0 8
zabor 1488 1968 28 0 8
stand 1528 1976 18 0 0
zabor 1520 1968 27 0 8
trop 1596 1972 76 0 0
trop 2060 1980 48 0 0
zabor 2224 1968 65 1 8
trop 2276 1964 76 0 0
dom 2336 1952 24 0 0
tree 2472 1960 51 0 0
zabor 2544 1968 66 1 8
dom 2624 1952 58 0 0
zabor 2800 1968 64 1 8
fre 3060 1980 81 0 0
fre 3076 1980 81 0 0
tree 3208 1976 11 0 0
fre 3268 1980 82 0 0
tree 3352 1976 19 0 0
fre 3412 1956 81 0 0
fre 3436 1980 81 0 0
fre 3436 1972 81 0 0
tree 3432 1976 6 0 0
tree 3464 1976 2 0 0
tree 3544 1960 1 0 0
tree 3576 1960 52 0 0
fre 3780 1980 82 0 0
tree 3864 1976 56 0 0
tree 3928 1976 28 0 0
stand 664 1992 18 0 0
stand 792 1992 13 0 0
stand 1048 1992 13 0 0
stand 1336 1992 13 0 0
stand 1704 2008 81 0 0
stand 1896 1992 32 0 0
trop 1932 1988 48 0 0
trop 1996 1988 48 0 0
trop 2108 2004 104 0 0
zabor 2224 2000 66 1 8
trop 2220 2012 112 0 0
stand 2232 1992 21 0 0
zabor 2416 2000 65 1 8
zabor 2448 2000 66 1 8
zabor 2480 2000 66 1 8
zabor 2512 2000 66 1 8
zabor 2544 2000 65 1 8
zabor 2704 2000 64 1 8
zabor 2736 2000 66 1 8
zabor 2768 2000 66 1 8
zabor 2800 2000 66 1 8
tree 2840 1992 21 0 0
fre 2868 1988 82 0 0
tree 2872 1992 45 0 0
tree 2888 1992 13 0 0
tree 2936 1992 21 0 0
tree 2952 1992 59 0 0
tree 2984 1992 7 0 0
fre 3036 1996 81 0 0
fre 3068 1996 81 0 0
fre 3052 2004 81 0 0
tree 3064 1992 61 0 0
fre 3084 1996 81 0 0
fre 3084 1988 81 0 0
fre 3116 1988 82 0 0
fre 3132 1996 82 0 0
tree 3128 1992 38 0 0
stand 3144 1992 34 0 0
tree 3208 1992 1 0 0
fre 3276 1988 82 0 0
fre 3268 1996 82 0 0
tree 3272 1992 22 0 0
tree 3304 1992 52 0 0
stand 3480 1992 34 0 0
fre 3644 1988 81 0 0
fre 3668 1996 81 0 0
tree 3656 1992 45 0 0
tree 3688 1992 48 0 0
tree 3736 1992 45 0 0
tree 3752 1992 5 0 0
fre 3804 1996 82 0 0
tree 3784 1992 22 0 0
stand 3880 1992 34 0 0
trop 84 2044 78 0 0
trop 164 2044 79 0 0
trop 244 2044 78 0 0
trop 324 2044 79 0 0
trop 404 2044 78 0 0
trop 484 2044 79 0 0
trop 564 2044 78 0 0
trop 644 2044 79 0 0
trop 724 2044 78 0 0
trop 804 2044 79 0 0
trop 884 2044 78 0 0
trop 964 2044 79 0 0
trop 1044 2044 78 0 0
trop 1124 2044 79 0 0
trop 1204 2044 78 0 0
trop 1284 2044 79 0 0
trop 1364 2044 78 0 0
trop 1444 2044 79 0 0
trop 1524 2044 78 0 0
trop 1604 2044 103 0 0
dom 2144 2016 19 0 0
trop 2220 2044 112 0 0
trop 2276 2036 76 0 0
tree 1704 2056 18 0 0
trop 1932 2068 48 0 0
trop 1996 2060 48 0 0
trop 2060 2060 48 0 0
trop 2108 2060 104 0 0
trop 2220 2076 112 0 0
trop 2356 2060 79 0 0
trop 2436 2060 78 0 0
trop 2516 2060 79 0 0
trop 2596 2060 78 0 0
trop 2676 2060 79 0 0
trop 2756 2060 78 0 0
trop 2836 2060 79 0 0
trop 2916 2060 78 0 0
trop 2996 2060 79 0 0
trop 3076 2060 78 0 0
trop 3156 2060 79 0 0
trop 3236 2060 78 0 0
trop 3316 2060 79 0 0
trop 3396 2060 78 0 0
trop 3476 2060 79 0 0
trop 3556 2060 78 0 0
trop 3636 2060 79 0 0
trop 3716 2060 78 0 0
trop 3796 2060 79 0 0
trop 3876 2060 78 0 0
trop 3956 2060 79 0 0
trop 4028 2060 78 0 0
fre 460 2108 81 0 0
fre 556 2108 81 0 0
fre 1092 2108 81 0 0
fre 1108 2092 81 0 0
tree 1112 2104 62 0 0
fre 1124 2108 81 0 0
zabor 1232 2096 66 1 8
zabor 1264 2096 65 1 8
zabor 1296 2096 66 1 8
zabor 1328 2096 64 1 8
zabor 1360 2096 73 1 9
zabor 1392 2096 72 1 9
zabor 1424 2096 64 1 8
zabor 1456 2096 64 1 8
zabor 1488 2096 66 1 8
zabor 1520 2096 64 1 8
stand 1544 2088 21 0 0
trop 1604 2108 103 0 0
dom 1856 2080 45 0 0
stand 2104 2088 27 0 0
zabor 2224 2096 74 1 9
trop 2276 2100 76 0 0
stand 2520 2104 21 0 0
stand 2792 2104 21 0 0
stand 3112 2104 21 0 0
tree 184 2120 49 0 0
tree 248 2120 51 0 0
tree 344 2120 58 0 0
tree 392 2120 56 0 0
tree 424 2120 16 0 0
fre 468 2124 81 0 0
tree 472 2120 22 0 0
fre 484 2132 81 0 0
tree 504 2120 48 0 0
fre 532 2124 81 0 0
fre 556 2132 81 0 0
tree 552 2120 32 0 0
tree 584 2120 60 0 0
fre 628 2124 82 0 0
tree 632 2120 38 0 0
tree 680 2120 27 0 0
tree 728 2120 59 0 0
fre 788 2124 80 0 0
fre 796 2132 80 0 0
tree 792 2136 46 0 0
fre 812 2132 80 0 0
tree 824 2120 26 0 0
zabor 880 2128 25 0 8
tree 872 2136 57 0 0
zabor 912 2128 27 0 8
zabor 944 2128 28 0 8
zabor 976 2128 28 0 8
tree 968 2120 11 0 0
zabor 1008 2128 30 0 8
zabor 1040 2128 29 0 8
zabor 1072 2128 25 0 8
zabor 1104 2128 30 0 8
zabor 1136 2128 28 0 8
zabor 1168 2128 25 0 8
zabor 1232 2128 66 1 8
zabor 1296 2128 65 1 8
zabor 1520 2128 66 1 8
trop 1580 2116 104 0 0
trop 1996 2140 48 0 0
trop 2060 2140 48 0 0
trop 2108 2124 104 0 0
stand 2136 2136 29 0 0
trop 2188 2124 100 0 0
zabor 2224 2128 64 1 8
zabor 2352 2128 65 1 8
zabor 2384 2128 66 1 8
zabor 2416 2128 66 1 8
zabor 2448 2128 65 1 8
zabor 2480 2128 65 1 8
zabor 2512 2128 64 1 8
zabor 2544 2128 66 1 8
zabor 2576 2128 65 1 8
tree 3000 2136 37 0 0
tree 3032 2136 48 0 0
tree 3080 2136 20 0 0
tree 3128 2136 4 0 0
trop 3164 2124 4 0 0
trop 3164 2132 3 0 0
fre 3196 2132 81 0 0
fre 3220 2140 81 0 0
tree 3208 2136 24 0 0
tree 3256 2136 11 0 0
tree 3240 2136 59 0 0
fre 3300 2124 82 0 0
tree 3304 2136 62 0 0
tree 3400 2120 56 0 0
fre 3428 2124 82 0 0
tree 3448 2120 61 0 0
fre 3460 2124 82 0 0
tree 3528 2120 51 0 0
tree 3560 2120 17 0 0
tree 3592 2120 42 0 0
tree 3624 2136 49 0 0
tree 3672 2120 4 0 0
tree 3720 2120 3 0 0
tree 3736 2120 40 0 0
fre 3764 2116 82 0 0
tree 3768 2120 32 0 0
tree 3800 2120 5 0 0
tree 3864 2120 60 0 0
tree 3896 2120 17 0 0
tree 3944 2120 41 0 0
tree 3976 2120 4 0 0
tree 4008 2120 33 0 0
tree 4040 2120 13 0 0
tree 488 2152 1 0 0
fre 780 2148 80 0 0
zabor 880 2160 30 0 8
trop 1188 2148 17 0 0
zabor 1232 2160 65 1 8
fre 1260 2148 10 0 0
fre 1252 2164 9 0 0
tree 1336 2168 27 0 0
dom 1312 2144 66 0 179
tree 1384 2152 9 0 0
zabor 1520 2160 65 1 8
trop 1780 2172 85 0 0
trop 1932 2148 48 0 0
stand 2120 2152 80 0 0
zabor 2160 2160 65 1 8
zabor 2192 2160 64 1 8
fre 2180 2172 82 0 0
zabor 2224 2160 66 1 8
trop 2276 2164 76 0 0
zabor 2352 2160 65 1 8
zabor 2576 2160 36 0 9
fre 2996 2172 82 0 0
tree 3000 2168 16 0 0
stand 3128 2168 20 0 0
trop 3164 2156 3 0 0
trop 3148 2172 29 0 0
zabor 3184 2160 27 0 8
zabor 3216 2160 28 0 8
zabor 3248 2160 24 0 8
zabor 3280 2160 26 0 8
zabor 3312 2160 29 0 8
zabor 3408 2160 30 0 8
zabor 3440 2160 25 0 8
zabor 3472 2160 25 0 8
zabor 3504 2160 24 0 8
zabor 3536 2160 24 0 8
zabor 3568 2160 24 0 8
zabor 3600 2160 26 0 8
fre 460 2196 81 0 0
fre 460 2180 81 0 0
tree 472 2200 23 0 0
zabor 880 2192 24 0 8
zabor 1232 2192 65 1 8
fre 1260 2188 11 0 0
dom 1472 2176 57 0 0
zabor 1520 2192 66 1 8
trop 1580 2180 104 0 0
trop 1668 2180 79 0 0
trop 1716 2180 84 0 0
trop 2108 2188 104 0 0
zabor 2160 2192 66 1 8
fre 2196 2188 82 0 0
fre 2188 2180 82 0 0
tree 2200 2184 38 0 0
zabor 2352 2192 65 1 8
zabor 2576 2192 26 0 8
trop 3116 2180 15 0 0
zabor 3184 2192 27 0 8
zabor 3600 2192 30 0 8
fre 436 2212 81 0 0
fre 468 2220 81 0 0
fre 460 2212 81 0 0
fre 476 2212 81 0 0
tree 472 2216 61 0 0
fre 492 2212 81 0 0
zabor 880 2224 24 0 8
zabor 1232 2224 65 1 8
fre 1252 2212 12 0 0
fre 1252 2236 14 0 0
trop 1524 2212 110 0 0
dom 1888 2208 12 0 0
trop 1932 2212 48 0 0
trop 1996 2220 48 0 0
trop 2060 2220 48 0 0
zabor 2160 2224 65 1 8
tree 2184 2216 49 0 0
trop 2276 2236 77 0 0
zabor 2352 2224 65 1 8
zabor 2576 2224 24 0 8
zabor 3184 2224 29 0 8
zabor 3600 2224 34 0 9
tree 488 2264 27 0 0
fre 780 2252 3 0 0
zabor 880 2256 29 0 8
dom 1152 2240 125 0 0
zabor 1232 2256 65 1 8
fre 1252 2260 13 0 0
zabor 1520 2256 65 1 8
stand 1544 2248 20 0 0
trop 1588 2244 77 0 0
stand 1720 2248 20 0 0
stand 1960 2264 23 0 0
trop 2108 2252 104 0 0
stand 2120 2248 80 0 0
zabor 2160 2256 66 1 8
tree 2200 2264 58 0 0
zabor 2352 2256 65 1 8
zabor 2576 2256 26 0 8
dom 3072 2240 126 0 0
zabor 3184 2256 28 0 8
zabor 3600 2256 37 0 9
tree 3752 2248 24 0 0
fre 3868 2252 33 0 0
tree 504 2280 8 0 0
fre 596 2276 82 0 0
tree 600 2280 22 0 0
fre 700 2292 2 0 0
fre 700 2284 3 0 0
fre 772 2300 2 0 0
fre 796 2292 14 0 0
zabor 880 2288 26 0 8
zabor 1232 2288 64 1 8
zabor 1264 2288 64 1 8
zabor 1296 2288 66 1 8
zabor 1328 2288 72 1 9
zabor 1360 2288 73 1 9
zabor 1392 2288 64 1 8
zabor 1424 2288 66 1 8
zabor 1456 2288 65 1 8
tree 1448 2280 21 0 0
zabor 1488 2288 64 1 8
zabor 1520 2288 65 1 8
stand 1704 2280 113 0 0
trop 1932 2292 48 0 0
trop 1996 2300 48 0 0
trop 2060 2300 48 0 0
zabor 2160 2288 64 1 8
zabor 2352 2288 64 1 8
zabor 2576 2288 26 0 8
zabor 3184 2288 30 0 8
zabor 3600 2288 37 0 9
fre 3692 2300 36 0 0
fre 660 2324 14 0 0
tree 760 2312 58 0 0
zabor 880 2320 28 0 8
zabor 1232 2320 26 0 8
trop 1588 2332 76 0 0
dom 1856 2304 13 0 0
stand 2024 2328 23 0 0
trop 2108 2316 104 0 0
stand 2136 2312 29 0 0
zabor 2160 2320 66 1 8
tree 2200 2312 12 0 0
trop 2276 2316 76 0 0
zabor 2352 2320 65 1 8
zabor 2576 2320 31 0 8
zabor 3184 2320 24 0 8
zabor 3600 2320 37 0 9
tree 536 2344 27 0 0
tree 520 2360 18 0 0
fre 660 2356 3 0 0
fre 740 2348 0 0 0
fre 764 2340 2 0 0
fre 748 2340 3 0 0
zabor 880 2352 27 0 8
zabor 912 2352 24 0 8
zabor 944 2352 24 0 8
zabor 976 2352 28 0 8
zabor 1008 2352 36 0 9
zabor 1040 2352 37 0 9
zabor 1072 2352 28 0 8
zabor 1104 2352 28 0 8
zabor 1136 2352 27 0 8
zabor 1168 2352 24 0 8
zabor 1200 2352 30 0 8
zabor 1232 2352 28 0 8
tree 1336 2360 28 0 0
trop 2116 2356 80 0 0
zabor 2160 2352 66 1 8
tree 2184 2360 2 0 0
stand 2232 2360 21 0 0
zabor 2352 2352 64 1 8
tree 2392 2344 3 0 0
zabor 2576 2352 29 0 8
zabor 3184 2352 31 0 8
zabor 3600 2352 35 0 9
fre 476 2388 82 0 0
fre 500 2396 82 0 0
tree 488 2392 53 0 0
tree 632 2392 9 0 0
fre 676 2396 2 0 0
zabor 1232 2384 38 0 9
stand 1544 2376 21 0 0
tree 1656 2392 3 0 0
trop 1932 2372 48 0 0
stand 2024 2376 7 0 0
trop 2052 2396 43 0 0
zabor 2160 2384 66 1 8
trop 2276 2380 77 0 0
zabor 2352 2384 65 1 8
fre 2388 2372 11 0 0
fre 2540 2396 9 0 0
tree 2552 2376 4 0 0
zabor 2576 2384 31 0 8
tree 3048 2392 58 0 0
tree 3096 2392 34 0 0
zabor 3184 2384 25 0 8
zabor 3600 2384 39 0 9
tree 3832 2392 2 0 0
tree 504 2424 0 0 0
tree 632 2408 12 0 0
fre 748 2412 0 0 0
zabor 1168 2416 27 0 8
zabor 1232 2416 34 0 9
dom 1440 2400 54 0 0
trop 1588 2404 77 0 0
zabor 1648 2416 65 1 8
zabor 1680 2416 66 1 8
zabor 1712 2416 65 1 8
zabor 1744 2416 66 1 8
zabor 1776 2416 64 1 8
zabor 1808 2416 65 1 8
zabor 1840 2416 64 1 8
zabor 1872 2416 66 1 8
zabor 1904 2416 66 1 8
trop 2108 2404 81 0 0
zabor 2160 2416 74 1 9
tree 2216 2424 44 0 0
zabor 2352 2416 66 1 8
tree 2392 2424 2 0 0
zabor 2576 2416 24 0 8
zabor 3184 2416 30 0 8
zabor 3600 2416 39 0 9
fre 476 2452 80 0 0
tree 504 2440 36 0 0
fre 684 2452 2 0 0
tree 760 2456 16 0 0
fre 780 2460 3 0 0
fre 852 2436 2 0 0
fre 876 2460 80 0 0
fre 892 2436 14 0 0
fre 908 2460 80 0 0
fre 988 2452 2 0 0
zabor 1232 2448 37 0 9
tree 1224 2440 19 0 0
trop 1524 2444 15 0 0
stand 1544 2456 20 0 0
zabor 1648 2448 65 1 8
zabor 1904 2448 65 1 8
trop 1932 2444 48 0 0
zabor 2160 2448 73 1 9
fre 2204 2452 83 0 0
tree 2216 2456 14 0 0
trop 2276 2460 76 0 0
zabor 2352 2448 65 1 8
fre 2388 2452 13 0 0
fre 2540 2460 14 0 0
tree 2552 2440 27 0 0
zabor 2576 2448 27 0 8
tree 3080 2456 43 0 0
zabor 3184 2448 25 0 8
zabor 3600 2448 32 0 9
tree 3736 2440 30 0 0
fre 3828 2436 37 0 0
fre 460 2476 80 0 0
tree 472 2472 7 0 0
fre 484 2484 80 0 0
fre 636 2476 2 0 0
fre 708 2476 14 0 0
fre 804 2484 2 0 0
fre 868 2484 81 0 0
fre 884 2492 0 0 0
tree 888 2472 6 0 0
fre 900 2476 80 0 0
fre 900 2492 81 0 0
fre 980 2468 14 0 0
tree 1192 2472 48 0 0
zabor 1232 2480 37 0 9
zabor 1264 2480 27 0 8
zabor 1296 2480 26 0 8
zabor 1328 2480 28 0 8
zabor 1360 2480 29 0 8
zabor 1392 2480 26 0 8
zabor 1424 2480 29 0 8
zabor 1456 2480 27 0 8
zabor 1488 2480 28 0 8
zabor 1520 2480 31 0 8
trop 1588 2492 76 0 0
zabor 1648 2480 64 1 8
fre 1692 2492 80 0 0
fre 1668 2468 80 0 0
tree 1688 2488 23 0 0
fre 1868 2492 80 0 0
zabor 1904 2480 65 1 8
trop 2004 2484 42 0 0
stand 2024 2472 7 0 0
stand 2120 2488 27 0 0
zabor 2352 2480 64 1 8
tree 2392 2488 44 0 0
zabor 2576 2480 28 0 8
zabor 3184 2480 27 0 8
zabor 3600 2480 33 0 9
tree 424 2504 27 0 0
fre 652 2500 3 0 0
fre 828 2524 0 0 0
fre 1084 2524 2 0 0
zabor 1232 2512 37 0 9
tree 1480 2504 40 0 0
zabor 1648 2512 66 1 8
fre 1884 2508 80 0 0
fre 1860 2516 80 0 0
tree 1880 2504 31 0 0
zabor 1904 2512 65 1 8
trop 1932 2524 48 0 0
zabor 2352 2512 65 1 8
tree 2552 2504 49 0 0
zabor 2576 2512 25 0 8
zabor 3184 2512 28 0 8
zabor 3216 2512 31 0 8
zabor 3248 2512 29 0 8
zabor 3280 2512 31 0 8
zabor 3312 2512 30 0 8
zabor 3344 2512 27 0 8
zabor 3376 2512 27 0 8
zabor 3408 2512 29 0 8
zabor 3440 2512 26 0 8
zabor 3472 2512 39 0 9
zabor 3504 2512 39 0 9
zabor 3536 2512 31 0 8
zabor 3568 2512 33 0 9
zabor 3600 2512 32 0 9
fre 364 2556 82 0 0
tree 360 2552 30 0 0
tree 408 2536 2 0 0
fre 700 2548 82 0 0
fre 676 2556 2 0 0
tree 696 2552 22 0 0
fre 724 2548 2 0 0
fre 796 2532 14 0 0
fre 956 2548 2 0 0
tree 1208 2536 2 0 0
zabor 1232 2544 30 0 8
zabor 1648 2544 64 1 8
zabor 1904 2544 65 1 8
trop 2276 2532 77 0 0
zabor 2352 2544 66 1 8
zabor 2576 2544 25 0 8
tree 2968 2552 51 0 0
tree 3000 2536 56 0 0
tree 3032 2536 3 0 0
tree 3064 2536 60 0 0
tree 3144 2536 46 0 0
tree 3192 2552 48 0 0
tree 3208 2552 52 0 0
tree 3240 2536 32 0 0
tree 3272 2552 1 0 0
tree 3304 2536 17 0 0
tree 3384 2552 29 0 0
tree 3400 2552 0 0 0
tree 344 2584 13 0 0
tree 328 2584 26 0 0
fre 676 2588 80 0 0
fre 756 2588 3 0 0
fre 828 2580 34 0 0
fre 892 2564 2 0 0
tree 1208 2568 43 0 0
zabor 1232 2576 26 0 8
trop 1588 2564 77 0 0
zabor 1648 2576 64 1 8
fre 1684 2588 82 0 0
tree 1688 2584 22 0 0
dom 1760 2560 55 0 0
zabor 1904 2576 65 1 8
trop 1996 2564 48 0 0
trop 2060 2564 48 0 0
dom 2176 2560 6 0 0
zabor 2352 2576 66 1 8
dom 2400 2560 17 0 0
zabor 2576 2576 30 0 8
tree 3032 2584 0 0 0
tree 3096 2584 27 0 0
tree 3144 2584 2 0 0
tree 3192 2568 15 0 0
tree 3240 2584 19 0 0
tree 3272 2584 36 0 0
tree 3320 2584 0 0 0
tree 3352 2568 37 0 0
tree 3448 2568 20 0 0
fre 3732 2564 34 0 0
tree 3896 2584 2 0 0
fre 524 2620 3 0 0
fre 588 2604 3 0 0
fre 668 2612 80 0 0
fre 692 2612 80 0 0
tree 680 2616 54 0 0
fre 708 2596 14 0 0
fre 772 2596 2 0 0
fre 996 2620 14 0 0
tree 1208 2600 41 0 0
zabor 1232 2608 24 0 8
tree 1384 2616 50 0 0
zabor 1648 2608 64 1 8
zabor 1904 2608 64 1 8
trop 1932 2604 48 0 0
stand 1992 2616 22 0 0
trop 2004 2596 51 0 0
trop 2276 2612 76 0 0
zabor 2352 2608 66 1 8
zabor 2576 2608 31 0 8
tree 2984 2600 34 0 0
tree 3016 2616 59 0 0
tree 3048 2616 34 0 0
tree 3064 2600 3 0 0
tree 3080 2600 6 0 0
tree 3096 2616 5 0 0
tree 3208 2616 57 0 0
tree 3208 2600 51 0 0
tree 3224 2616 15 0 0
tree 3336 2600 54 0 0
tree 3368 2600 49 0 0
tree 3416 2616 35 0 0
tree 3448 2600 3 0 0
tree 3496 2600 12 0 0
tree 184 2648 7 0 0
tree 216 2632 20 0 0
tree 200 2632 27 0 0
tree 200 2648 26 0 0
tree 232 2648 3 0 0
tree 280 2632 25 0 0
tree 280 2648 9 0 0
fre 684 2628 80 0 0
fre 828 2636 2 0 0
tree 1208 2632 19 0 0
zabor 1232 2640 29 0 8
dom 1504 2624 61 0 0
trop 1588 2652 76 0 0
zabor 1648 2640 66 1 8
fre 1668 2644 82 0 0
tree 1672 2648 53 0 0
fre 1740 2636 80 0 0
fre 1748 2652 80 0 0
fre 1732 2628 80 0 0
tree 1752 2648 62 0 0
fre 1764 2644 80 0 0
trop 1788 2644 4 0 0
zabor 1904 2640 65 1 8
trop 1932 2644 48 0 0
trop 2060 2644 48 0 0
zabor 2352 2640 66 1 8
fre 2396 2652 80 0 0
tree 2392 2648 38 0 0
trop 2468 2652 4 0 0
zabor 2576 2640 31 0 8
tree 3000 2648 2 0 0
tree 3048 2648 56 0 0
tree 3096 2632 51 0 0
tree 3112 2648 43 0 0
tree 3144 2632 48 0 0
tree 3272 2632 20 0 0
tree 3272 2648 53 0 0
tree 3336 2632 41 0 0
tree 3352 2632 46 0 0
tree 3352 2648 1 0 0
tree 3416 2648 17 0 0
tree 3480 2648 35 0 0
fre 172 2668 81 0 0
fre 188 2684 81 0 0
fre 164 2676 81 0 0
fre 196 2660 81 0 0
fre 212 2684 81 0 0
tree 200 2680 62 0 0
tree 232 2664 13 0 0
fre 572 2668 4 0 0
tree 568 2664 21 0 0
tree 1208 2664 19 0 0
zabor 1232 2672 27 0 8
zabor 1264 2672 27 0 8
stand 1272 2680 13 0 0
zabor 1296 2672 31 0 8
zabor 1328 2672 30 0 8
zabor 1360 2672 25 0 8
zabor 1392 2672 29 0 8
zabor 1424 2672 31 0 8
zabor 1456 2672 25 0 8
stand 1544 2680 20 0 0
zabor 1648 2672 66 1 8
stand 1640 2680 13 0 0
zabor 1680 2672 66 1 8
zabor 1712 2672 66 1 8
stand 1752 2680 20 0 0
zabor 1744 2672 64 1 8
trop 1788 2668 4 0 0
zabor 1808 2672 66 1 8
zabor 1840 2672 66 1 8
zabor 1872 2672 65 1 8
tree 1880 2664 28 0 0
zabor 1904 2672 66 1 8
stand 1992 2664 20 0 0
stand 1992 2680 13 0 0
stand 2104 2680 55 0 0
stand 2184 2664 20 0 0
trop 2276 2660 76 0 0
stand 2328 2680 13 0 0
zabor 2352 2672 66 1 8
zabor 2384 2672 64 1 8
fre 2372 2660 80 0 0
stand 2408 2664 20 0 0
zabor 2416 2672 65 1 8
zabor 2480 2672 24 0 8
trop 2468 2676 4 0 0
zabor 2512 2672 25 0 8
zabor 2544 2672 31 0 8
zabor 2576 2672 24 0 8
tree 3016 2664 53 0 0
tree 3096 2664 46 0 0
tree 3112 2664 38 0 0
tree 3112 2680 8 0 0
tree 3208 2680 21 0 0
tree 3240 2664 1 0 0
tree 3320 2664 28 0 0
tree 3320 2680 37 0 0
tree 3384 2664 36 0 0
tree 3512 2664 60 0 0
tree 184 2712 29 0 0
fre 356 2708 4 0 0
fre 668 2716 36 0 0
tree 2728 2696 0 0 0
tree 2984 2712 46 0 0
tree 3032 2696 41 0 0
tree 3064 2696 12 0 0
tree 3048 2696 60 0 0
tree 3208 2696 2 0 0
tree 3272 2712 22 0 0
tree 3320 2696 33 0 0
tree 3384 2696 24 0 0
tree 3448 2712 1 0 0
tree 3448 2696 46 0 0
tree 3480 2696 0 0 0
tree 3512 2712 38 0 0
tree 3656 2696 11 0 0
tree 168 2744 27 0 0
fre 332 2732 3 0 0
tree 456 2744 58 0 0
fre 532 2740 0 0 0
trop 916 2724 57 0 0
trop 1012 2724 58 0 0
trop 1108 2724 124 0 0
trop 1204 2724 86 0 0
trop 1292 2732 79 0 0
trop 1372 2732 78 0 0
trop 1452 2732 79 0 0
trop 1524 2732 78 0 0
trop 1596 2732 100 0 0
trop 1660 2724 101 0 0
trop 1716 2732 78 0 0
trop 1796 2732 79 0 0
trop 1876 2732 78 0 0
trop 1940 2732 49 0 0
trop 2004 2732 78 0 0
trop 1996 2732 79 0 0
trop 2068 2732 49 0 0
trop 2116 2732 79 0 0
trop 2196 2732 78 0 0
trop 2268 2740 100 0 0
trop 2292 2740 100 0 0
trop 2372 2732 79 0 0
trop 2452 2732 78 0 0
trop 2532 2732 79 0 0
trop 2612 2732 78 0 0
tree 3000 2744 33 0 0
tree 2984 2744 50 0 0
tree 3016 2728 22 0 0
tree 3080 2728 2 0 0
tree 3112 2744 35 0 0
tree 3128 2728 11 0 0
tree 3192 2744 25 0 0
tree 3208 2728 56 0 0
tree 3240 2728 37 0 0
tree 3288 2744 30 0 0
tree 3336 2728 45 0 0
tree 3384 2728 3 0 0
tree 3464 2728 62 0 0
tree 3480 2728 14 0 0
tree 136 2776 1 0 0
fre 292 2772 39 0 0
fre 300 2780 4 0 0
fre 428 2772 0 0 0
fre 452 2756 3 0 0
fre 588 2756 3 0 0
fre 748 2764 4 0 0
tree 952 2776 30 0 0
tree 1048 2776 1 0 0
trop 1116 2756 87 0 0
trop 1148 2780 123 0 0
trop 2740 2772 88 0 0
tree 3000 2776 32 0 0
tree 3128 2776 5 0 0
tree 3112 2760 25 0 0
tree 3176 2776 24 0 0
tree 3272 2776 37 0 0
tree 3320 2776 0 0 0
tree 3368 2760 17 0 0
tree 3368 2776 27 0 0
tree 3448 2776 36 0 0
tree 3448 2760 54 0 0
tree 3432 2760 59 0 0
tree 3464 2760 50 0 0
tree 3512 2760 18 0 0
tree 3640 2776 38 0 0
fre 356 2804 4 0 0
fre 428 2812 3 0 0
fre 532 2788 4 0 0
fre 644 2788 3 0 0
fre 668 2796 4 0 0
trop 828 2788 56 0 0
tree 872 2808 11 0 0
tree 920 2792 23 0 0
tree 920 2808 27 0 0
tree 968 2808 43 0 0
tree 1016 2792 23 0 0
fre 1052 2812 83 0 0
tree 1048 2808 61 0 0
tree 1112 2808 18 0 0
zabor 1456 2800 105 2 8
zabor 1488 2800 105 2 8
zabor 1520 2800 105 2 8
zabor 1552 2800 104 2 8
trop 1588 2788 80 0 0
zabor 1648 2800 104 2 8
zabor 1680 2800 105 2 8
zabor 1712 2800 104 2 8
tree 1720 2792 60 0 179
zabor 1744 2800 105 2 8
zabor 1776 2800 105 2 8
tree 1768 2808 56 0 179
zabor 1808 2800 105 2 8
zabor 1840 2800 104 2 8
zabor 1872 2800 105 2 8
zabor 1904 2800 105 2 8
stand 1896 2792 31 0 0
trop 1932 2812 48 0 0
zabor 1968 2800 104 2 8
zabor 2000 2800 104 2 8
trop 2060 2804 48 0 0
trop 2276 2796 77 0 0
zabor 2352 2800 30 0 8
zabor 2384 2800 24 0 8
zabor 2416 2800 29 0 8
zabor 2448 2800 29 0 8
zabor 2480 2800 28 0 8
zabor 2512 2800 26 0 8
zabor 2544 2800 24 0 8
zabor 2576 2800 31 0 8
zabor 2608 2800 28 0 8
tree 2648 2808 11 0 0
zabor 2672 2800 25 0 8
tree 2968 2792 37 0 0
tree 3016 2808 57 0 0
tree 3064 2792 51 0 0
tree 3112 2792 28 0 0
tree 3112 2808 23 0 0
tree 3128 2792 26 0 0
tree 3176 2792 31 0 0
tree 3224 2792 57 0 0
tree 3256 2792 20 0 0
tree 3320 2808 1 0 0
tree 3336 2792 2 0 0
tree 3416 2792 56 0 0
tree 3496 2808 12 0 0
fre 476 2844 0 0 0
tree 840 2840 1 0 0
tree 872 2824 20 0 0
tree 920 2840 20 0 0
tree 936 2840 41 0 0
tree 968 2824 5 0 0
tree 1096 2824 23 0 0
zabor 1456 2832 104 2 8
zabor 1552 2832 105 2 8
zabor 1648 2832 104 2 8
tree 1704 2840 51 0 0
tree 1800 2824 35 0 0
tree 1848 2824 6 0 0
fre 1884 2844 82 0 0
fre 1868 2828 82 0 0
tree 1896 2840 62 0 0
trop 1932 2844 48 0 0
zabor 2000 2832 104 2 8
fre 2108 2820 15 0 0
fre 2140 2820 15 0 0
fre 2124 2820 15 0 0
fre 2132 2844 15 0 0
fre 2116 2844 15 0 0
fre 2172 2820 15 0 0
fre 2156 2820 15 0 0
fre 2164 2844 15 0 0
fre 2148 2844 15 0 0
fre 2180 2844 15 0 0
tree 2216 2824 56 0 0
zabor 2352 2832 26 0 8
fre 2364 2836 80 0 0
fre 2364 2820 80 0 0
tree 2360 2824 61 0 0
fre 2388 2836 80 0 0
tree 2472 2824 13 0 0
tree 2472 2840 50 0 0
trop 2620 2836 17 0 0
stand 2632 2840 20 0 0
zabor 2672 2832 30 0 8
stand 2696 2840 21 0 0
tree 3192 2824 43 0 0
tree 3416 2824 41 0 0
tree 3464 2824 45 0 0
fre 228 2876 33 0 0
fre 332 2852 83 0 0
tree 328 2856 61 0 0
tree 456 2872 29 0 0
fre 572 2868 3 0 0
fre 676 2860 81 0 0
tree 696 2872 46 0 0
fre 708 2876 81 0 0
fre 708 2860 81 0 0
tree 1048 2872 50 0 0
tree 1064 2856 3 0 0
tree 1080 2872 14 0 0
trop 1148 2868 60 0 0
tree 1128 2872 52 0 0
zabor 1456 2864 105 2 8
dom 1504 2848 119 0 0
zabor 1552 2864 104 2 8
trop 1580 2852 81 0 0
zabor 1648 2864 104 2 8
dom 1760 2848 127 0 0
dom 1824 2848 33 0 0
dom 1856 2848 33 0 0
stand 1960 2872 5 0 0
zabor 2000 2864 104 2 8
fre 2108 2868 15 0 0
stand 2120 2872 27 0 0
fre 2140 2868 15 0 0
fre 2124 2860 15 0 0
fre 2164 2860 15 0 0
fre 2156 2868 15 0 0
fre 2180 2868 15 0 0
tree 2216 2872 21 0 0
zabor 2352 2864 28 0 8
zabor 2672 2864 26 0 8
trop 2748 2860 77 0 0
tree 2968 2856 27 0 0
tree 3016 2856 58 0 0
tree 3064 2856 41 0 0
tree 3048 2856 6 0 0
tree 3096 2856 48 0 0
tree 3112 2856 4 0 0
tree 3176 2872 20 0 0
tree 3240 2872 17 0 0
tree 3288 2856 51 0 0
tree 3336 2856 34 0 0
tree 3352 2856 50 0 0
tree 3416 2856 32 0 0
tree 3512 2856 7 0 0
tree 3496 2872 21 0 0
fre 628 2900 81 0 0
fre 628 2884 0 0 0
fre 668 2884 81 0 0
fre 668 2892 81 0 0
fre 700 2892 81 0 0
trop 780 2884 39 0 0
tree 824 2904 2 0 0
tree 856 2888 7 0 0
tree 856 2904 30 0 0
tree 888 2888 61 0 0
tree 904 2904 48 0 0
tree 952 2904 23 0 0
tree 984 2904 12 0 0
tree 968 2904 43 0 0
tree 1000 2904 62 0 0
tree 1016 2888 52 0 0
tree 1000 2888 0 0 0
tree 1064 2888 54 0 0
tree 1080 2888 45 0 0
fre 1100 2884 83 0 0
tree 1096 2888 0 0 0
tree 1128 2888 45 0 0
tree 1336 2888 4 0 0
zabor 1456 2896 105 2 8
stand 1544 2888 20 0 0
tree 1800 2904 2 0 179
dom 1824 2880 33 0 0
dom 1856 2880 33 0 0
zabor 2000 2896 104 2 8
trop 2060 2884 48 0 0
fre 2108 2900 15 0 0
fre 2116 2884 15 0 0
fre 2132 2884 15 0 0
fre 2140 2900 15 0 0
fre 2132 2900 15 0 0
fre 2148 2884 15 0 0
fre 2172 2884 15 0 0
fre 2164 2900 15 0 0
fre 2180 2884 15 0 0
fre 2180 2900 15 0 0
trop 2276 2884 76 0 0
zabor 2352 2896 25 0 8
dom 2560 2880 5 0 0
zabor 2672 2896 29 0 8
tree 3016 2904 29 0 0
tree 3080 2904 32 0 0
tree 3128 2888 56 0 0
tree 3128 2904 28 0 0
tree 3240 2888 24 0 0
tree 3320 2904 56 0 0
tree 3304 2904 23 0 0
tree 3400 2888 50 0 0
tree 3464 2888 34 0 0
fre 356 2940 14 0 0
fre 436 2924 3 0 0
fre 556 2924 3 0 0
fre 596 2916 81 0 0
fre 612 2940 81 0 0
fre 636 2924 81 0 0
tree 616 2920 14 0 0
tree 824 2936 62 0 0
tree 840 2920 37 0 0
tree 968 2936 11 0 0
tree 1016 2936 46 0 0
tree 1080 2920 2 0 0
tree 1112 2920 40 0 0
tree 1272 2936 28 0 0
zabor 1456 2928 105 2 8
fre 1500 2932 81 0 0
fre 1516 2940 81 0 0
trop 1932 2924 48 0 0
zabor 2000 2928 105 2 8
fre 2108 2916 15 0 0
fre 2108 2932 15 0 0
fre 2124 2916 15 0 0
fre 2140 2916 15 0 0
fre 2140 2932 15 0 0
fre 2124 2932 15 0 0
fre 2156 2916 15 0 0
fre 2172 2916 15 0 0
fre 2164 2932 15 0 0
fre 2148 2932 15 0 0
fre 2180 2916 15 0 0
fre 2180 2932 15 0 0
tree 2216 2920 3 0 0
zabor 2352 2928 24 0 8
zabor 2672 2928 27 0 8
trop 2748 2940 76 0 0
tree 3000 2920 5 0 0
tree 3048 2920 18 0 0
tree 3080 2920 25 0 0
tree 3128 2920 56 0 0
tree 3128 2936 52 0 0
tree 3192 2936 38 0 0
tree 3176 2936 0 0 0
tree 3208 2920 7 0 0
tree 3256 2920 62 0 0
tree 3272 2920 56 0 0
tree 3288 2920 40 0 0
tree 3368 2920 44 0 0
tree 3416 2936 7 0 0
tree 3464 2920 27 0 0
tree 3560 2920 29 0 0
fre 156 2964 4 0 0
fre 204 2964 82 0 0
fre 204 2956 14 0 0
tree 200 2968 8 0 0
fre 324 2964 35 0 0
fre 684 2964 4 0 0
trop 780 2964 38 0 0
tree 824 2952 49 0 0
tree 888 2952 2 0 0
tree 920 2952 12 0 0
tree 1048 2952 9 0 0
tree 1080 2952 52 0 0
trop 1156 2964 65 0 0
zabor 1456 2960 105 2 8
fre 1492 2948 81 0 0
tree 1512 2952 14 0 0
stand 1560 2968 44 0 0
zabor 2000 2960 104 2 8
trop 2060 2964 48 0 0
fre 2108 2948 15 0 0
fre 2100 2964 15 0 0
fre 2124 2948 15 0 0
fre 2140 2948 15 0 0
fre 2132 2964 15 0 0
fre 2116 2964 15 0 0
fre 2156 2948 15 0 0
fre 2172 2948 15 0 0
fre 2164 2964 15 0 0
fre 2148 2964 15 0 0
fre 2180 2948 15 0 0
fre 2180 2964 15 0 0
tree 2216 2968 7 0 0
trop 2276 2956 77 0 0
zabor 2352 2960 24 0 8
fre 2428 2956 80 0 0
fre 2452 2948 80 0 0
tree 2440 2952 46 0 0
zabor 2672 2960 29 0 8
tree 3032 2968 24 0 0
tree 3080 2968 49 0 0
tree 3256 2968 11 0 0
tree 3288 2968 13 0 0
tree 3320 2968 21 0 0
tree 3336 2968 46 0 0
tree 3384 2968 40 0 0
fre 196 2988 4 0 0
tree 280 2984 3 0 0
fre 388 3004 4 0 0
fre 580 2980 4 0 0
tree 616 3000 57 0 0
tree 648 3000 38 0 0
tree 840 2984 17 0 0
tree 920 3000 42 0 0
tree 952 2984 34 0 0
tree 952 3000 7 0 0
tree 984 3000 12 0 0
tree 1016 2984 1 0 0
tree 1048 2984 11 0 0
fre 1084 3004 81 0 0
tree 1064 2984 60 0 0
fre 1116 3004 81 0 0
tree 1128 2984 59 0 0
zabor 1456 2992 105 2 8
trop 1932 3004 48 0 0
zabor 2000 2992 104 2 8
fre 2100 2980 15 0 0
fre 2100 2996 15 0 0
fre 2116 2980 15 0 0
fre 2132 2980 15 0 0
fre 2140 2980 15 0 0
fre 2132 2996 15 0 0
fre 2116 2996 15 0 0
fre 2156 2980 15 0 0
fre 2172 2980 15 0 0
fre 2172 2996 15 0 0
fre 2156 3004 15 0 0
fre 2148 2996 15 0 0
fre 2180 2980 15 0 0
fre 2188 2996 15 0 0
tree 2216 3000 11 0 0
zabor 2352 2992 28 0 8
tree 2360 2984 33 0 0
fre 2468 2980 80 0 0
zabor 2672 2992 28 0 8
tree 3064 3000 17 0 0
tree 3160 2984 11 0 0
tree 3224 2984 16 0 0
tree 3336 3000 26 0 0
fre 316 3020 14 0 0
tree 408 3016 36 0 0
fre 492 3012 3 0 0
fre 492 3020 3 0 0
tree 616 3032 48 0 0
fre 644 3012 4 0 0
trop 788 3036 38 0 0
tree 824 3016 61 0 0
tree 840 3016 20 0 0
tree 904 3032 18 0 0
tree 920 3016 14 0 0
tree 952 3016 23 0 0
tree 968 3016 15 0 0
fre 1100 3028 81 0 0
fre 1116 3028 81 0 0
tree 1096 3016 34 0 0
tree 1112 3016 61 0 0
fre 1220 3028 81 0 0
tree 1240 3032 3 0 0
tree 1352 3032 12 0 0
zabor 1456 3024 104 2 8
trop 1636 3012 75 0 0
zabor 2000 3024 105 2 8
fre 2100 3012 15 0 0
fre 2108 3028 15 0 0
fre 2100 3036 15 0 0
fre 2116 3012 15 0 0
fre 2124 3012 15 0 0
fre 2140 3012 15 0 0
fre 2132 3028 15 0 0
fre 2116 3028 15 0 0
fre 2156 3012 15 0 0
fre 2172 3012 15 0 0
fre 2172 3028 15 0 0
fre 2156 3036 15 0 0
fre 2148 3028 15 0 0
fre 2188 3012 15 0 0
fre 2188 3028 15 0 0
zabor 2352 3024 28 0 8
tree 2344 3016 26 0 0
tree 2632 3032 50 0 0
dom 2624 3008 66 0 179
zabor 2672 3024 27 0 8
trop 2748 3012 77 0 0
stand 2840 3032 20 0 0
tree 3128 3016 35 0 0
tree 3192 3016 14 0 0
tree 88 3064 48 0 0
fre 116 3068 80 0 0
tree 104 3064 0 0 0
fre 140 3052 80 0 0
fre 148 3068 80 0 0
tree 136 3064 24 0 0
fre 188 3052 82 0 0
tree 200 3064 8 0 0
tree 248 3048 38 0 0
fre 260 3052 83 0 0
tree 280 3064 32 0 0
tree 344 3048 34 0 0
tree 376 3064 30 0 0
tree 392 3064 37 0 0
tree 440 3064 19 0 0
tree 520 3064 19 0 0
fre 548 3044 82 0 0
tree 552 3048 22 0 0
tree 552 3064 62 0 0
tree 568 3064 3 0 0
tree 600 3064 25 0 0
tree 632 3048 36 0 0
fre 692 3068 82 0 0
tree 712 3064 42 0 0
tree 888 3048 0 0 0
tree 1000 3064 11 0 0
tree 1080 3048 9 0 0
tree 1064 3048 23 0 0
trop 1164 3060 66 0 0
fre 1204 3044 81 0 0
fre 1228 3052 81 0 0
fre 1236 3052 81 0 0
tree 1240 3048 41 0 0
tree 1224 3048 30 0 0
zabor 1456 3056 104 2 8
dom 1536 3040 37 0 0
zabor 2000 3056 104 2 8
trop 2060 3044 48 0 0
fre 2108 3044 15 0 0
fre 2108 3060 15 0 0
fre 2116 3044 15 0 0
fre 2132 3044 15 0 0
fre 2132 3060 15 0 0
fre 2116 3060 15 0 0
fre 2148 3044 15 0 0
fre 2156 3044 15 0 0
fre 2172 3044 15 0 0
fre 2164 3060 15 0 0
fre 2148 3060 15 0 0
fre 2196 3068 81 0 0
fre 2180 3044 15 0 0
fre 2180 3060 15 0 0
fre 2220 3068 81 0 0
tree 2232 3048 36 0 0
trop 2276 3044 76 0 0
zabor 2352 3056 29 0 8
tree 2520 3048 35 0 0
zabor 2672 3056 26 0 8
zabor 2800 3056 104 2 8
zabor 2832 3056 105 2 8
zabor 2864 3056 105 2 8
zabor 2896 3056 104 2 8
zabor 2928 3056 105 2 8
zabor 2960 3056 104 2 8
zabor 2992 3056 105 2 8
zabor 3024 3056 105 2 8
zabor 3056 3056 105 2 8
zabor 3088 3056 104 2 8
zabor 3120 3056 104 2 8
zabor 3152 3056 105 2 8
zabor 3184 3056 104 2 8
zabor 3216 3056 104 2 8
zabor 3248 3056 104 2 8
zabor 3280 3056 104 2 8
zabor 3312 3056 104 2 8
zabor 3344 3056 104 2 8
zabor 3376 3056 105 2 8
zabor 3408 3056 104 2 8
zabor 3440 3056 105 2 8
zabor 3472 3056 104 2 8
zabor 3504 3056 105 2 8
zabor 3536 3056 104 2 8
zabor 3568 3056 105 2 8
tree 696 3080 46 0 0
tree 840 3096 26 0 0
tree 856 3096 40 0 0
tree 888 3096 38 0 0
tree 920 3080 2 0 0
tree 920 3096 35 0 0
tree 968 3080 36 0 0
tree 1000 3096 21 0 0
fre 1044 3092 82 0 0
tree 1048 3096 6 0 0
tree 1064 3080 61 0 0
tree 1096 3080 58 0 0
tree 1128 3080 28 0 0
zabor 1456 3088 105 2 8
trop 1940 3092 51 0 0
zabor 2000 3088 104 2 8
fre 2100 3076 15 0 0
fre 2108 3100 15 0 0
fre 2108 3092 15 0 0
fre 2116 3076 15 0 0
fre 2132 3076 15 0 0
fre 2124 3092 15 0 0
fre 2148 3076 15 0 0
fre 2164 3076 15 0 0
fre 2164 3092 15 0 0
fre 2148 3092 15 0 0
fre 2196 3092 81 0 0
fre 2180 3076 15 0 0
fre 2180 3092 15 0 0
fre 2212 3084 81 0 0
tree 2216 3080 46 0 0
zabor 2352 3088 26 0 8
tree 2360 3080 1 0 0
zabor 2384 3088 36 0 9
zabor 2416 3088 33 0 9
zabor 2448 3088 28 0 8
zabor 2480 3088 29 0 8
zabor 2512 3088 31 0 8
zabor 2544 3088 24 0 8
zabor 2576 3088 26 0 8
zabor 2608 3088 31 0 8
zabor 2640 3088 28 0 8
zabor 2672 3088 26 0 8
trop 2748 3100 76 0 0
zabor 2800 3088 104 2 8
zabor 3568 3088 105 2 8
trop 796 3108 38 0 0
zabor 1456 3120 104 2 8
stand 1928 3112 22 0 0
zabor 2000 3120 105 2 8
trop 2060 3124 48 0 0
fre 2108 3116 15 0 0
fre 2124 3116 15 0 0
fre 2132 3108 15 0 0
fre 2140 3124 15 0 0
fre 2116 3132 15 0 0
fre 2132 3132 15 0 0
fre 2156 3108 15 0 0
fre 2172 3108 15 0 0
fre 2156 3124 15 0 0
fre 2148 3132 15 0 0
fre 2204 3108 81 0 0
fre 2204 3116 81 0 0
fre 2188 3108 15 0 0
fre 2180 3124 15 0 0
tree 2216 3112 7 0 0
trop 2276 3116 77 0 0
fre 2348 3116 82 0 0
tree 2360 3128 7 0 0
stand 2696 3128 21 0 0
zabor 2800 3120 104 2 8
zabor 3568 3120 105 2 8
tree 3800 3128 51 0 0
trop 1172 3148 60 0 0
zabor 1456 3152 105 2 8
zabor 2000 3152 104 2 8
fre 2108 3140 15 0 0
fre 2108 3148 15 0 0
fre 2108 3164 15 0 0
fre 2132 3148 15 0 0
fre 2140 3148 15 0 0
fre 2124 3164 15 0 0
fre 2140 3164 15 0 0
fre 2164 3140 15 0 0
fre 2156 3148 15 0 0
fre 2172 3156 15 0 0
fre 2156 3164 15 0 0
fre 2172 3164 15 0 0
fre 2180 3140 15 0 0
fre 2188 3156 15 0 0
fre 2188 3164 15 0 0
fre 2364 3140 81 0 0
tree 2360 3160 46 0 0
zabor 2800 3152 104 2 8
zabor 2960 3152 105 2 8
zabor 2992 3152 104 2 8
zabor 3024 3152 104 2 8
zabor 3056 3152 104 2 8
zabor 3088 3152 104 2 8
zabor 3120 3152 104 2 8
zabor 3152 3152 104 2 8
zabor 3184 3152 105 2 8
zabor 3216 3152 104 2 8
zabor 3248 3152 105 2 8
zabor 3280 3152 104 2 8
zabor 3312 3152 105 2 8
zabor 3344 3152 104 2 8
zabor 3376 3152 104 2 8
zabor 3408 3152 104 2 8
zabor 3440 3152 104 2 8
zabor 3472 3152 105 2 8
zabor 3568 3152 105 2 8
trop 804 3196 122 0 0
tree 1304 3176 3 0 0
tree 1384 3176 51 0 0
zabor 1456 3184 104 2 8
dom 1536 3168 36 0 0
dom 1600 3168 36 0 0
zabor 2000 3184 104 2 8
fre 2100 3180 15 0 0
fre 2108 3196 15 0 0
fre 2132 3180 15 0 0
fre 2116 3180 15 0 0
fre 2124 3196 15 0 0
fre 2140 3196 15 0 0
fre 2172 3180 15 0 0
fre 2156 3180 15 0 0
fre 2148 3196 15 0 0
fre 2172 3196 15 0 0
fre 2164 3196 15 0 0
fre 2188 3180 15 0 0
fre 2180 3196 15 0 0
tree 2360 3192 51 0 0
trop 2748 3172 80 0 0
zabor 2800 3184 104 2 8
zabor 2960 3184 104 2 8
stand 3016 3192 20 0 0
dom 3424 3168 27 0 0
zabor 3472 3184 105 2 8
zabor 3568 3184 105 2 8
tree 3704 3192 29 0 0
tree 696 3208 37 0 0
tree 680 3224 8 0 0
tree 968 3224 1 0 0
trop 1180 3228 38 0 0
zabor 1456 3216 104 2 8
fre 1508 3220 82 0 0
stand 1512 3208 44 0 0
tree 1512 3224 54 0 0
trop 1708 3220 27 0 0
dom 1728 3200 35 0 0
dom 1792 3200 35 0 0
dom 1856 3200 35 0 0
dom 1920 3200 35 0 0
zabor 2000 3216 104 2 8
trop 2060 3204 48 0 0
fre 2108 3212 15 0 0
fre 2108 3228 15 0 0
fre 2124 3212 15 0 0
fre 2140 3212 15 0 0
fre 2132 3228 15 0 0
fre 2116 3228 15 0 0
fre 2156 3212 15 0 0
fre 2164 3212 15 0 0
fre 2164 3228 15 0 0
fre 2148 3228 15 0 0
fre 2180 3212 15 0 0
fre 2180 3228 15 0 0
tree 2216 3208 57 0 0
trop 2276 3204 76 0 0
fre 2356 3212 81 0 0
fre 2340 3204 81 0 0
tree 2360 3224 45 0 0
fre 2380 3220 81 0 0
zabor 2800 3216 104 2 8
zabor 2960 3216 104 2 8
dom 3008 3200 27 0 0
zabor 3472 3216 105 2 8
zabor 3568 3216 105 2 8
tree 3960 3224 26 0 0
tree 680 3240 40 0 0
zabor 1456 3248 105 2 8
zabor 1488 3248 104 2 8
tree 1512 3240 62 0 0
dom 1536 3232 36 0 0
dom 1600 3232 36 0 0
trop 1780 3252 25 0 0
trop 1844 3252 25 0 0
trop 1908 3252 25 0 0
zabor 2000 3248 105 2 8
stand 2104 3240 26 0 0
fre 2212 3260 81 0 0
tree 2216 3240 29 0 0
fre 2356 3244 81 0 0
fre 2356 3236 81 0 0
trop 2740 3260 81 0 0
zabor 2800 3248 104 2 8
zabor 2960 3248 105 2 8
zabor 3472 3248 104 2 8
zabor 3568 3248 105 2 8
tree 3944 3256 49 0 0
tree 680 3288 26 0 0
zabor 1488 3280 105 2 8
zabor 1520 3280 104 2 8
stand 1960 3272 5 0 0
zabor 2000 3280 105 2 8
trop 2060 3284 48 0 0
fre 2196 3268 81 0 0
tree 2200 3272 20 0 0
fre 2220 3276 81 0 0
tree 2216 3272 46 0 0
trop 2276 3276 77 0 0
tree 2360 3272 5 0 0
trop 2748 3292 123 0 0
trop 2748 3284 73 0 0
zabor 2800 3280 105 2 8
zabor 2960 3280 105 2 8
stand 3032 3288 5 0 0
zabor 3472 3280 105 2 8
zabor 3568 3280 104 2 8
tree 3944 3288 54 0 0
tree 3960 3288 33 0 0
tree 3976 3272 22 0 0
tree 3976 3288 5 0 0
tree 3992 3288 24 0 0
stand 456 3304 0 0 179
tree 680 3320 25 0 0
trop 1188 3300 38 0 0
fre 1468 3300 11 0 0
zabor 1520 3312 104 2 8
zabor 1552 3312 104 2 8
zabor 1584 3312 105 2 8
zabor 1616 3312 104 2 8
zabor 1648 3312 105 2 8
dom 1728 3296 36 0 0
dom 1792 3296 36 0 0
zabor 2000 3312 104 2 8
fre 2180 3324 83 0 0
fre 2220 3300 81 0 0
tree 2344 3304 3 0 0
zabor 2800 3312 104 2 8
dom 2880 3296 40 0 0
zabor 2960 3312 105 2 8
dom 3232 3296 107 0 0
stand 3288 3304 5 0 0
zabor 3472 3312 105 2 8
zabor 3568 3312 104 2 8
tree 3704 3320 44 0 0
tree 3960 3304 56 0 0
tree 3944 3320 30 0 0
tree 4024 3304 6 0 0
tree 1128 3352 44 0 0
fre 1268 3340 14 0 0
fre 1308 3340 11 0 0
fre 1588 3340 14 0 0
zabor 1648 3344 104 2 8
zabor 1680 3344 105 2 8
zabor 1712 3344 104 2 8
dom 1856 3328 35 0 0
dom 1920 3328 35 0 0
zabor 2000 3344 105 2 8
fre 2212 3356 83 0 0
tree 2216 3336 14 0 0
tree 2360 3352 44 0 0
zabor 2800 3344 104 2 8
stand 2840 3336 5 0 0
zabor 2960 3344 105 2 8
dom 3392 3328 105 0 0
zabor 3472 3344 105 2 8
zabor 3568 3344 105 2 8
tree 3848 3352 42 0 0
tree 3944 3336 0 0 0
tree 4008 3336 44 0 0
tree 696 3368 26 0 0
trop 1196 3388 68 0 0
fre 1324 3380 13 0 0
fre 1396 3388 13 0 0
fre 1436 3364 83 0 0
tree 1432 3368 30 0 0
fre 1476 3364 11 0 0
zabor 1712 3376 104 2 8
zabor 1744 3376 104 2 8
zabor 1776 3376 104 2 8
zabor 1808 3376 104 2 8
zabor 1840 3376 105 2 8
zabor 1872 3376 105 2 8
zabor 1904 3376 104 2 8
zabor 1936 3376 104 2 8
zabor 1968 3376 105 2 8
zabor 2000 3376 105 2 8
trop 2060 3364 48 0 0
tree 2200 3368 61 0 0
trop 2276 3364 76 0 0
trop 2748 3388 68 0 0
trop 2772 3372 118 0 0
zabor 3472 3376 105 2 8
zabor 3568 3376 105 2 8
tree 3848 3368 60 0 0
tree 3912 3368 45 0 0
tree 3928 3384 45 0 0
tree 3928 3368 15 0 0
tree 3944 3368 52 0 0
tree 3944 3384 60 0 0
tree 3992 3368 8 0 0
tree 4024 3384 25 0 0
tree 4024 3368 25 0 0
fre 908 3412 83 0 0
tree 904 3416 53 0 0
tree 1000 3416 12 0 0
tree 1256 3416 59 0 0
fre 1324 3404 11 0 0
fre 1348 3420 11 0 0
tree 2200 3400 40 0 0
trop 2852 3396 115 0 0
trop 2948 3396 124 0 0
zabor 3472 3408 104 2 8
zabor 3568 3408 105 2 8
tree 3912 3416 28 0 0
tree 3928 3400 33 0 0
tree 3976 3400 27 0 0
tree 3976 3416 40 0 0
tree 4024 3416 41 0 0
fre 692 3428 80 0 0
tree 696 3448 14 0 0
fre 1260 3428 13 0 0
trop 2060 3444 48 0 0
trop 2276 3436 77 0 0
tree 2344 3432 24 0 0
zabor 2800 3440 105 2 8
zabor 2960 3440 104 2 8
stand 3032 3448 85 0 179
stand 3064 3448 78 0 179
stand 3048 3448 78 0 179
zabor 3472 3440 105 2 8
zabor 3568 3440 105 2 8
tree 3912 3432 44 0 0
tree 3912 3448 44 0 0
tree 3976 3432 23 0 0
tree 4024 3448 5 0 0
fre 676 3460 80 0 0
fre 700 3460 80 0 0
tree 680 3480 23 0 0
tree 1160 3464 11 0 0
trop 1196 3476 67 0 0
tree 2344 3480 6 0 0
tree 2344 3464 58 0 0
trop 2748 3476 68 0 0
zabor 2800 3472 105 2 8
dom 2880 3456 40 0 0
zabor 2960 3472 104 2 8
stand 3032 3464 77 0 179
stand 3032 3480 77 0 179
zabor 3472 3472 105 2 8
zabor 3568 3472 104 2 8
tree 3704 3464 16 0 0
tree 3944 3464 8 0 0
tree 4008 3464 35 0 0
tree 696 3512 35 0 0
fre 1124 3492 13 0 0
dom 1280 3488 62 0 0
fre 1884 3500 32 0 0
fre 2212 3492 82 0 0
tree 2360 3512 2 0 0
zabor 2800 3504 105 2 8
zabor 2960 3504 104 2 8
stand 3032 3496 83 0 179
stand 3064 3496 71 0 179
stand 3048 3496 71 0 179
zabor 3472 3504 104 2 8
zabor 3568 3504 105 2 8
tree 3896 3496 16 0 0
tree 3880 3496 12 0 0
tree 3912 3496 1 0 0
tree 3944 3512 20 0 0
tree 3976 3496 38 0 0
tree 3976 3512 36 0 0
tree 4024 3512 35 0 0
tree 4040 3496 31 0 0
tree 4056 3512 18 0 0
fre 684 3548 81 0 0
fre 700 3548 81 0 0
tree 696 3528 7 0 0
fre 1652 3532 19 0 0
trop 2060 3524 48 0 0
fre 2212 3532 82 0 0
tree 2216 3528 38 0 0
trop 2276 3524 76 0 0
fre 2364 3548 83 0 0
tree 2344 3528 6 0 0
zabor 2800 3536 105 2 8
zabor 2960 3536 105 2 8
zabor 3472 3536 105 2 8
zabor 3568 3536 105 2 8
tree 3864 3544 25 0 0
tree 3896 3528 57 0 0
tree 3976 3544 9 0 0
tree 4040 3528 8 0 0
tree 4040 3544 16 0 0
fre 700 3572 81 0 0
fre 684 3572 81 0 0
tree 696 3560 15 0 0
fre 1132 3572 13 0 0
trop 1204 3572 67 0 0
fre 1268 3580 13 0 0
stand 1416 3560 101 0 0
stand 1544 3576 88 0 0
stand 1576 3576 88 0 0
fre 2212 3556 82 0 0
tree 2216 3560 42 0 0
tree 2216 3576 57 0 0
tree 2344 3576 8 0 0
fre 2372 3580 83 0 0
trop 2748 3564 68 0 0
zabor 2800 3568 104 2 8
zabor 2960 3568 104 2 8
zabor 3472 3568 113 2 9
zabor 3568 3568 104 2 8
tree 3816 3576 7 0 0
tree 3848 3576 44 0 0
tree 3848 3560 54 0 0
tree 3864 3576 23 0 0
tree 3912 3560 50 0 0
tree 3960 3576 52 0 0
tree 3976 3576 43 0 0
tree 3992 3576 62 0 0
tree 680 3608 33 0 0
fre 1644 3612 22 0 0
fre 1964 3596 32 0 0
trop 2060 3604 48 0 0
stand 2104 3608 27 0 0
tree 2200 3608 40 0 0
trop 2276 3596 77 0 0
tree 2360 3592 6 0 0
zabor 2800 3600 104 2 8
zabor 2960 3600 104 2 8
dom 3232 3584 114 0 0
zabor 3472 3600 113 2 9
zabor 3568 3600 113 2 9
tree 3656 3592 33 0 0
fre 3900 3596 83 0 0
tree 3880 3592 20 0 0
tree 3928 3608 37 0 0
tree 4040 3592 51 0 0
fre 668 3628 81 0 0
tree 680 3640 61 0 0
fre 1156 3636 14 0 0
dom 1344 3616 66 0 0
fre 1460 3636 22 0 0
fre 1540 3628 22 0 0
fre 1708 3636 19 0 0
tree 1896 3624 33 0 0
tree 2200 3640 43 0 0
zabor 2800 3632 104 2 8
zabor 2960 3632 105 2 8
stand 3048 3640 44 0 0
zabor 3472 3632 104 2 8
zabor 3568 3632 112 2 9
tree 3752 3640 52 0 0
fre 3804 3636 83 0 0
tree 3848 3640 51 0 0
tree 3928 3624 20 0 0
tree 3944 3640 32 0 0
tree 3976 3640 9 0 0
tree 4024 3640 49 0 0
tree 4008 3640 62 0 0
fre 692 3660 82 0 0
tree 696 3672 22 0 0
trop 1228 3652 118 0 0
trop 1308 3668 115 0 0
trop 1404 3676 124 0 0
tree 2344 3672 38 0 0
tree 2344 3656 52 0 0
trop 2756 3652 60 0 0
zabor 2800 3664 105 2 8
zabor 2960 3664 105 2 8
dom 3232 3648 114 0 0
zabor 3472 3664 104 2 8
zabor 3568 3664 104 2 8
tree 3832 3656 53 0 0
fre 3844 3676 83 0 0
tree 3896 3656 53 0 0
tree 3896 3672 6 0 0
tree 3944 3656 24 0 0
tree 3944 3672 40 0 0
fre 3972 3676 83 0 0
fre 3996 3668 83 0 0
tree 3976 3656 61 0 0
fre 1228 3700 14 0 0
fre 1564 3700 22 0 0
tree 1976 3704 13 0 0
trop 2060 3684 48 0 0
tree 2216 3688 5 0 0
trop 2276 3684 76 0 0
tree 2344 3704 41 0 0
zabor 2800 3696 105 2 8
zabor 2960 3696 104 2 8
dom 3008 3680 27 0 0
dom 3424 3680 27 0 0
zabor 3472 3696 105 2 8
zabor 3568 3696 105 2 8
tree 3608 3704 57 0 0
tree 3800 3688 2 0 0
tree 3816 3688 27 0 0
fre 3892 3684 83 0 0
fre 3932 3708 83 0 0
tree 3928 3704 38 0 0
tree 3960 3688 48 0 0
tree 4040 3688 4 0 0
fre 1644 3716 19 0 0
lay 1784 3720 6 0 0
tree 2216 3720 12 0 0
fre 2332 3716 82 0 0
fre 2356 3740 82 0 0
tree 2360 3736 30 0 0
zabor 2800 3728 104 2 8
zabor 2960 3728 104 2 8
dom 3360 3712 66 0 179
zabor 3472 3728 104 2 8
zabor 3568 3728 104 2 8
tree 3720 3720 1 0 0
tree 3784 3720 60 0 0
tree 3880 3736 40 0 0
tree 3880 3720 51 0 0
tree 3928 3736 31 0 0
tree 3944 3736 36 0 0
tree 3960 3736 32 0 0
tree 3976 3736 5 0 0
tree 3992 3720 59 0 0
tree 4008 3720 5 0 0
fre 692 3764 82 0 0
tree 696 3768 61 0 0
fre 1196 3764 81 0 0
fre 1204 3748 81 0 0
tree 1208 3752 31 0 0
tree 1528 3768 49 0 0
fre 1620 3764 22 0 0
trop 2060 3764 48 0 0
tree 2216 3752 57 0 0
trop 2276 3756 77 0 0
fre 2340 3772 82 0 0
tree 2344 3768 23 0 0
trop 2764 3748 65 0 0
zabor 2800 3760 104 2 8
zabor 2960 3760 104 2 8
zabor 2992 3760 104 2 8
zabor 3024 3760 104 2 8
zabor 3056 3760 105 2 8
zabor 3088 3760 105 2 8
zabor 3120 3760 105 2 8
zabor 3152 3760 104 2 8
zabor 3184 3760 105 2 8
zabor 3216 3760 104 2 8
zabor 3248 3760 104 2 8
zabor 3280 3760 104 2 8
zabor 3312 3760 104 2 8
zabor 3344 3760 105 2 8
zabor 3376 3760 104 2 8
zabor 3408 3760 105 2 8
zabor 3440 3760 104 2 8
zabor 3472 3760 104 2 8
zabor 3568 3760 105 2 8
tree 3736 3768 62 0 0
fre 3836 3748 83 0 0
tree 3816 3752 30 0 0
tree 3816 3768 30 0 0
tree 3928 3768 24 0 0
tree 680 3784 36 0 0
tree 1944 3784 27 0 0
tree 2216 3784 11 0 0
fre 2364 3788 82 0 0
zabor 2800 3792 104 2 8
zabor 3568 3792 104 2 8
tree 3752 3800 20 0 0
tree 3752 3784 7 0 0
tree 3768 3784 14 0 0
fre 3796 3804 83 0 0
tree 3832 3784 44 0 0
tree 3896 3784 61 0 0
fre 3924 3804 83 0 0
tree 3944 3800 51 0 0
tree 3976 3784 45 0 0
tree 4024 3800 25 0 0
tree 4040 3800 44 0 0
fre 676 3812 82 0 0
tree 680 3832 22 0 0
tree 1272 3832 1 0 0
tree 1816 3832 34 0 0
fre 1884 3828 30 0 0
tree 2344 3832 43 0 0
zabor 2800 3824 104 2 8
zabor 3568 3824 104 2 8
tree 3848 3816 1 0 0
tree 3848 3832 56 0 0
tree 3944 3816 32 0 0
tree 4024 3832 9 0 0
fre 1988 3860 82 0 0
trop 2060 3844 48 0 0
tree 2216 3848 60 0 0
trop 2276 3844 76 0 0
tree 2344 3864 37 0 0
trop 2764 3844 67 0 0
zabor 2800 3856 105 2 8
zabor 2832 3856 104 2 8
zabor 2864 3856 104 2 8
zabor 2896 3856 105 2 8
zabor 2928 3856 104 2 8
zabor 2960 3856 104 2 8
zabor 2992 3856 105 2 8
zabor 3024 3856 105 2 8
zabor 3056 3856 104 2 8
zabor 3088 3856 104 2 8
zabor 3120 3856 105 2 8
zabor 3152 3856 105 2 8
zabor 3184 3856 104 2 8
zabor 3216 3856 104 2 8
zabor 3248 3856 105 2 8
zabor 3280 3856 105 2 8
zabor 3312 3856 104 2 8
zabor 3344 3856 104 2 8
zabor 3376 3856 104 2 8
zabor 3408 3856 104 2 8
zabor 3440 3856 104 2 8
zabor 3472 3856 105 2 8
zabor 3504 3856 104 2 8
zabor 3536 3856 105 2 8
zabor 3568 3856 105 2 8
fre 3740 3844 83 0 0
tree 3768 3848 1 0 0
tree 3752 3848 8 0 0
tree 3752 3864 50 0 0
fre 3804 3844 83 0 0
tree 3832 3848 14 0 0
tree 3848 3848 1 0 0
tree 3912 3848 46 0 0
tree 3912 3864 51 0 0
tree 3944 3848 60 0 0
tree 3960 3848 54 0 0
tree 4008 3864 24 0 0
tree 696 3880 51 0 0
tree 680 3896 43 0 0
dom 1216 3872 10 0 0
fre 1836 3900 29 0 0
tree 1992 3880 6 0 0
fre 2196 3892 83 0 0
tree 2216 3896 53 0 0
trop 2788 3876 118 0 0
trop 2828 3900 71 0 0
trop 2884 3900 115 0 0
trop 2980 3900 116 0 0
trop 3068 3900 116 0 0
trop 3164 3900 114 0 0
trop 3260 3900 115 0 0
trop 3356 3900 114 0 0
tree 3736 3896 54 0 0
tree 3720 3896 58 0 0
tree 3784 3896 54 0 0
tree 3784 3880 11 0 0
tree 3800 3896 20 0 0
tree 3816 3880 11 0 0
tree 3896 3896 34 0 0
fre 3932 3884 83 0 0
tree 3976 3880 52 0 0
tree 4008 3880 2 0 0
fre 1580 3924 31 0 0
tree 1704 3928 29 0 0
tree 1912 3912 33 0 0
trop 2060 3924 48 0 0
trop 2276 3916 77 0 0
tree 2344 3928 13 0 0
tree 3016 3928 0 0 0
fre 3212 3932 83 0 0
fre 3204 3932 83 0 0
fre 3324 3932 82 0 0
trop 3444 3908 58 0 0
trop 3540 3908 124 0 0
tree 3720 3912 51 0 0
tree 3768 3912 35 0 0
tree 3768 3928 61 0 0
tree 3752 3928 13 0 0
tree 3816 3928 42 0 0
tree 3880 3912 36 0 0
tree 3896 3912 44 0 0
tree 3928 3912 36 0 0
tree 3976 3912 8 0 0
tree 696 3944 13 0 0
tree 1800 3944 40 0 0
stand 2120 3944 27 0 0
tree 2216 3944 5 0 0
tree 2344 3944 24 0 0
trop 2764 3940 67 0 0
tree 2808 3944 13 0 0
tree 2872 3944 26 0 0
tree 2856 3944 50 0 0
tree 2888 3944 18 0 0
tree 2968 3944 60 0 0
tree 3080 3944 57 0 0
tree 3144 3944 48 0 0
tree 3208 3944 45 0 0
tree 3272 3944 60 0 0
fre 3308 3940 82 0 0
tree 3320 3944 22 0 0
fre 3356 3948 82 0 0
tree 3352 3944 62 0 0
tree 3416 3944 28 0 0
tree 3480 3960 48 0 0
tree 3544 3944 18 0 0
tree 3528 3960 40 0 0
tree 3592 3960 24 0 0
tree 3624 3944 25 0 0
tree 3672 3960 54 0 0
fre 3692 3964 83 0 0
tree 3704 3944 17 0 0
tree 3704 3960 13 0 0
tree 3736 3960 58 0 0
fre 3764 3948 83 0 0
tree 3752 3944 7 0 0
tree 3752 3960 27 0 0
tree 3768 3944 4 0 0
tree 3800 3960 2 0 0
tree 3864 3944 52 0 0
tree 3864 3960 38 0 0
tree 3992 3960 1 0 0
tree 3992 3944 54 0 0
tree 4024 3944 56 0 0
tree 680 3992 60 0 0
tree 2216 3992 2 0 0
tree 2328 3976 33 0 0
tree 3816 3992 38 0 0
tree 3816 3976 12 0 0
tree 3864 3976 1 0 0
tree 3896 3992 23 0 0
tree 3912 3992 31 0 0
tree 3944 3976 45 0 0
tree 3960 3976 5 0 0
tree 3976 3992 1 0 0
tree 3976 3976 12 0 0
trop 2060 4004 48 0 0
trop 2276 4004 76 0 0
tree 3736 4008 25 0 0
tree 3736 4024 19 0 0
fre 3764 4004 83 0 0
tree 3784 4024 35 0 0
tree 3832 4008 17 0 0
tree 3864 4024 34 0 0
tree 3944 4008 38 0 0
tree 3768 4056 31 0 0
tree 3768 4040 20 0 0
tree 3832 4040 50 0 0
tree 3928 4040 8 0 0
