dom 3040 1664 14 0 179
dom 3264 1728 9 0 179
dom 2816 1760 20 0 179
dom 3584 1760 4 0 179
dom 3072 1792 15 0 179
dom 2560 1824 25 0 179
dom 800 1856 100 0 179
dom 1280 1888 88 0 179
dom 1536 1888 83 0 179
dom 3296 1888 10 0 179
dom 576 1920 110 0 179
dom 2112 1920 30 0 179
dom 2816 1920 21 0 179
dom 352 1952 115 0 179
dom 1024 1952 92 0 179
dom 3072 1952 16 0 179
dom 3616 1952 5 0 179
dom 2304 1984 26 0 179
dom 3776 1984 0 0 179
dom 1856 2016 80 0 179
dom 2592 2016 37 0 179
dom 576 2048 111 0 179
dom 800 2048 103 0 179
dom 3296 2048 11 0 179
dom 1024 2080 94 0 179
dom 1312 2080 89 0 179
dom 1600 2080 84 0 179
dom 2112 2080 31 0 179
dom 2816 2080 22 0 179
dom 3584 2080 6 0 179
dom 384 2112 116 0 179
dom 2304 2112 27 0 179
dom 3040 2112 17 0 179
dom 3744 2112 1 0 179
dom 2080 2176 33 0 179
dom 3264 2176 12 0 179
dom 576 2208 112 0 179
dom 2592 2208 38 0 179
dom 2848 2208 23 0 179
dom 768 2240 104 0 179
dom 1856 2240 81 0 179
dom 2272 2240 28 0 179
dom 3040 2240 18 0 179
dom 3520 2240 7 0 179
dom 3744 2240 2 0 179
dom 384 2272 117 0 179
dom 1024 2272 99 0 179
dom 1280 2272 90 0 179
dom 1600 2272 85 0 179
dom 2080 2304 35 0 179
dom 544 2368 113 0 179
dom 2816 2368 24 0 179
dom 3008 2368 19 0 179
dom 3264 2368 13 0 179
dom 3712 2368 3 0 179
dom 384 2400 118 0 179
dom 2080 2400 36 0 179
dom 2272 2400 29 0 179
dom 2592 2400 121 0 179
dom 3520 2400 8 0 179
dom 768 2432 105 0 179
dom 1280 2432 91 0 179
dom 352 2464 119 0 179
dom 544 2464 114 0 179
dom 1024 2464 120 0 179
dom 1536 2464 86 0 179
dom 1824 2464 82 0 179
