cliff 3412 22 44 179 179
cliff 3428 22 30 179 179
tree 3516 30 8 0 179
tree 3500 14 16 0 179
tree 1976 72 25 0 179
tree 2024 88 20 0 179
tree 3452 94 15 0 179
tree 1752 120 22 0 179
tree 1832 120 26 0 179
tree 1848 120 23 0 179
cliff 2080 96 12 179 179
fre 2084 124 29 179 179
cliff 2576 112 106 179 179
cliff 3024 112 97 179 179
tree 1752 136 25 0 179
tree 1816 136 21 0 179
tree 1832 152 22 0 179
cliff 2096 128 33 179 179
cliff 2112 144 31 179 179
tree 2168 136 38 0 179
tree 2184 136 37 0 179
tree 2232 152 2 0 179
tree 2216 152 37 0 179
tree 2248 152 38 0 179
tree 2280 136 2 0 179
tree 2312 152 34 0 179
tree 2360 152 37 0 179
tree 2408 152 40 0 179
tree 2424 152 37 0 179
cliff 2592 144 84 179 179
cliff 2592 128 102 179 179
cliff 3056 144 96 179 179
cliff 3040 128 93 179 179
tree 3416 152 21 0 179
tree 1368 176 32 0 179
tree 1384 176 27 0 179
tree 1896 168 39 0 179
tree 1912 168 24 0 179
tree 2008 168 23 0 179
tree 2024 168 24 0 179
cliff 2112 160 15 179 179
tree 2248 184 38 0 179
tree 2248 168 40 0 179
tree 2360 168 40 0 179
tree 2376 168 40 0 179
tree 2424 168 37 0 179
tree 2408 168 40 0 179
tree 2456 184 38 0 179
tree 2440 184 38 0 179
tree 2440 168 34 0 179
cliff 2608 176 107 179 179
cliff 3088 176 96 179 179
cliff 3072 160 94 179 179
tree 3128 168 27 0 179
tree 3144 184 1 0 179
lay 3192 168 18 0 179
fre 3256 178 2 179 179
fre 3256 186 2 179 179
fre 3256 162 5 179 179
tree 3340 174 17 0 179
tree 3448 184 24 0 179
tree 3432 168 24 0 179
tree 3464 168 22 0 179
tree 152 216 8 0 179
tree 152 200 5 0 179
tree 226 220 22 0 179
tree 242 220 23 0 179
tree 242 204 1 0 179
tree 258 204 1 0 179
tree 306 204 5 0 179
tree 322 220 4 0 179
tree 962 204 36 0 179
tree 994 204 37 0 179
lay 1240 200 28 0 179
tree 1320 208 30 0 179
tree 1352 192 1 0 179
tree 1928 200 22 0 179
fre 1932 204 26 179 179
fre 1964 196 34 179 179
fre 2036 212 32 179 179
fre 2092 220 32 179 179
cliff 2128 192 33 179 179
cliff 2144 208 31 179 179
fre 2148 220 28 179 179
tree 2232 200 36 0 179
tree 2248 200 40 0 179
tree 2264 200 37 0 179
tree 2280 200 38 0 179
tree 2280 216 37 0 179
tree 2328 200 37 0 179
tree 2440 216 38 0 179
tree 2440 200 38 0 179
tree 2456 216 40 0 179
tree 2456 200 40 0 179
cliff 2640 208 105 179 179
cliff 2624 192 102 179 179
cliff 3120 208 99 179 179
cliff 3104 192 94 179 179
tree 3160 200 6 0 179
fre 3232 202 2 179 179
tree 3240 200 33 0 179
lay 3432 200 28 0 179
lay 3528 200 2 0 179
lay 3720 200 0 0 179
tree 3752 216 25 0 179
tree 3768 216 25 0 179
tree 3784 216 21 0 179
tree 3784 200 23 0 179
tree 3816 200 25 0 179
tree 3832 200 20 0 179
tree 3832 216 23 0 179
tree 3848 216 26 0 179
tree 152 232 29 0 179
tree 168 232 33 0 179
tree 210 252 20 0 179
tree 226 236 23 0 179
tree 242 252 20 0 179
tree 242 236 20 0 179
tree 258 236 23 0 179
tree 306 236 28 0 179
tree 466 252 1 0 179
tree 466 236 17 0 179
tree 482 236 38 0 179
dom 554 228 283 0 179
lay 1800 232 28 0 179
tree 1928 232 39 0 179
tree 1944 248 20 0 179
cliff 2160 224 36 179 179
fre 2148 244 28 179 179
cliff 2176 240 32 179 179
tree 2392 248 34 0 179
tree 2408 232 38 0 179
tree 2408 248 34 0 179
tree 2440 232 34 0 179
tree 2440 248 36 0 179
cliff 2672 240 107 179 179
cliff 2656 224 101 179 179
cliff 3152 240 99 179 179
cliff 3136 224 93 179 179
lay 3224 232 17 0 179
trop 3472 226 122 179 179
tree 3608 248 22 0 179
tree 3608 232 26 0 179
tree 3708 254 12 0 179
tree 3864 232 39 0 179
tree 3880 232 39 0 179
tree 3880 248 25 0 179
lay 210 284 3 0 179
tree 306 268 27 0 179
tree 706 268 7 0 179
lay 1368 272 28 0 179
tree 1480 272 28 0 179
tree 1496 272 27 0 179
tree 1560 272 31 0 179
tree 1944 264 22 0 179
cliff 2176 256 13 179 179
tree 2344 264 38 0 179
tree 2376 264 36 0 179
tree 2424 264 34 0 179
cliff 2704 272 105 179 179
cliff 2688 256 103 179 179
cliff 3168 256 120 179 179
lay 3512 280 4 0 179
tree 3592 280 22 0 179
lay 3800 280 28 0 179
tree 3864 264 21 0 179
tree 3896 280 25 0 179
tree 3880 280 22 0 179
tree 178 316 39 0 179
tree 178 300 25 0 179
tree 322 316 28 0 179
tree 498 300 33 0 179
tree 1010 316 36 0 179
lay 1224 312 27 0 179
tree 1496 304 29 0 179
tree 1944 296 39 0 179
tree 1944 312 24 0 179
cliff 2176 288 13 179 179
tree 2312 312 36 0 179
tree 2328 296 40 0 179
tree 2328 312 38 0 179
tree 2312 296 34 0 179
lay 2392 312 13 0 179
lay 2472 312 14 0 179
cliff 2736 304 106 179 179
cliff 2720 288 103 179 179
cliff 3184 304 97 179 179
cliff 3168 288 93 179 179
tree 3224 296 25 0 179
tree 3256 296 22 0 179
lay 3528 312 27 0 179
tree 3708 302 16 0 179
tree 3864 296 22 0 179
tree 3864 312 22 0 179
tree 3880 296 21 0 179
tree 3880 312 25 0 179
tree 3896 296 20 0 179
tree 3912 312 23 0 179
tree 178 332 24 0 179
tree 338 348 33 0 179
tree 338 332 6 0 179
trop 414 328 30 179 179
trop 803 338 30 179 179
trop 806 328 30 179 179
dom 895 326 280 0 179
tree 978 348 2 0 179
tree 1010 332 36 0 179
dom 1055 326 281 0 179
tree 1304 320 31 0 179
tree 1304 336 1 0 179
lay 1384 336 28 0 179
lay 1432 336 28 0 179
tree 1528 336 33 0 179
tree 1656 336 19 0 179
tree 1720 320 6 0 179
tree 1704 320 7 0 179
tree 1704 336 29 0 179
tree 1736 320 29 0 179
lay 1928 344 3 0 179
tree 1976 328 20 0 179
tree 1960 328 25 0 179
cliff 2144 320 16 179 179
cliff 2192 336 8 179 179
tree 2680 344 0 0 179
cliff 2752 320 124 179 179
cliff 2784 320 121 179 179
cliff 2816 320 121 179 179
cliff 2864 336 106 179 179
cliff 2848 320 100 179 179
cliff 3216 336 97 179 179
cliff 3200 320 92 179 179
fre 3232 338 1 179 179
tree 3788 350 7 0 179
tree 194 380 21 0 179
trop 574 352 203 179 179
stand 578 364 239 0 179
tree 994 380 34 0 179
tree 1304 352 7 0 179
tree 1304 368 30 0 179
tree 1544 352 18 0 179
cliff 2128 352 4 179 179
lay 2376 360 28 0 179
tree 2536 376 37 0 179
tree 2552 360 38 0 179
tree 2712 376 21 0 179
cliff 2880 352 122 179 179
cliff 2928 368 105 179 179
cliff 2912 352 103 179 179
cliff 3248 368 98 179 179
cliff 3232 352 91 179 179
tree 3308 366 14 0 179
trop 3512 362 122 179 179
lay 3560 376 28 0 179
lay 3656 360 27 0 179
trop 582 392 203 179 179
tree 706 412 29 0 179
tree 722 412 4 0 179
tree 855 414 1 0 179
tree 1848 400 5 0 179
cliff 2080 400 4 179 179
cliff 2112 384 5 179 179
tree 2520 392 2 0 179
tree 2552 392 36 0 179
tree 2536 392 2 0 179
tree 2760 408 22 0 179
cliff 2960 400 107 179 179
cliff 2944 384 100 179 179
tree 3336 408 21 0 179
stand 3452 414 195 0 179
lay 3448 408 21 0 179
lay 3752 392 3 0 179
lay 3800 392 28 0 179
tree 3852 414 17 0 179
tree 152 440 28 0 179
tree 152 424 31 0 179
dom 458 420 281 0 179
trop 662 432 203 179 179
lay 1576 432 28 0 179
tree 1640 416 2 0 179
tree 1656 432 2 0 179
tree 1816 416 36 0 179
tree 1816 432 34 0 179
tree 1800 432 34 0 179
fre 2028 420 29 179 179
cliff 2048 416 15 179 179
tree 2216 440 36 0 179
tree 2552 424 40 0 179
tree 2808 440 17 0 179
tree 2792 440 14 0 179
tree 2840 440 36 0 179
cliff 2992 432 105 179 179
cliff 2976 416 100 179 179
tree 168 472 29 0 179
tree 168 456 1 0 179
dom 298 452 281 0 179
stand 738 476 1 0 179
trop 910 448 33 179 179
trop 1006 456 33 179 179
tree 1320 448 6 0 179
tree 1672 448 36 0 179
tree 1800 448 37 0 179
cliff 2048 448 12 179 179
lay 2104 456 28 0 179
tree 2232 456 37 0 179
tree 2216 456 36 0 179
tree 2904 472 15 0 179
tree 2904 456 23 0 179
cliff 3024 464 105 179 179
cliff 3008 448 103 179 179
cliff 3264 448 125 179 179
tree 3516 478 6 0 179
tree 168 504 31 0 179
trop 414 488 30 179 179
trop 803 498 30 179 179
trop 806 488 30 179 179
dom 938 484 87 0 179
lay 1400 496 28 0 179
lay 1448 480 28 0 179
lay 1944 504 28 0 179
cliff 2064 496 8 179 179
lay 2424 504 21 0 179
lay 2488 504 38 0 179
lay 2552 488 28 0 179
tree 2776 504 26 0 179
tree 2856 504 20 0 179
tree 2888 504 0 0 179
tree 2904 488 39 0 179
cliff 3040 480 104 179 179
cliff 3264 480 120 179 179
tree 3304 488 36 0 179
tree 3304 504 15 0 179
tree 3500 494 8 0 179
tree 3772 494 14 0 179
tree 3756 494 11 0 179
tree 3788 510 12 0 179
tree 184 536 32 0 179
tree 210 540 33 0 179
fre 859 530 2 179 179
tree 1528 512 40 0 179
tree 1512 512 34 0 179
tree 1528 528 38 0 179
tree 1544 528 37 0 179
tree 1592 528 40 0 179
cliff 1968 512 26 179 179
cliff 1952 528 2 179 179
cliff 1984 528 20 179 179
cliff 2032 512 3 179 179
fre 2092 524 29 179 179
fre 2084 532 27 179 179
fre 2100 532 28 179 179
fre 2092 516 26 179 179
tree 2712 536 23 0 179
tree 2744 536 30 0 179
tree 2840 536 30 0 179
tree 2856 520 30 0 179
tree 2888 536 16 0 179
cliff 3024 528 74 179 179
cliff 3056 512 79 179 179
cliff 3264 512 125 179 179
tree 3804 526 5 0 179
tree 3788 542 4 0 179
tree 226 556 18 0 179
dom 682 548 271 0 179
tree 1560 544 40 0 179
tree 1576 560 2 0 179
tree 1608 560 36 0 179
cliff 1824 544 16 179 179
cliff 1856 544 16 179 179
cliff 1888 544 18 179 179
cliff 1936 560 6 179 179
cliff 2016 544 10 179 179
fre 2060 564 27 179 179
tree 2248 568 26 0 179
tree 2696 568 24 0 179
tree 2792 552 34 0 179
tree 2888 568 39 0 179
cliff 3024 560 102 179 179
cliff 3008 544 106 179 179
cliff 3264 544 118 179 179
tree 3288 568 38 0 179
tree 3320 552 21 0 179
tree 3304 568 17 0 179
tree 3336 568 9 0 179
tree 3352 568 2 0 179
tree 3624 568 39 0 179
lay 3704 552 20 0 179
tree 184 584 9 0 179
dom 458 580 279 0 179
trop 918 592 33 179 179
trop 1022 592 33 179 179
trop 1110 600 33 179 179
tree 1528 592 34 0 179
tree 1608 576 37 0 179
cliff 1824 576 58 179 179
fre 1916 588 28 179 179
fre 1900 588 28 179 179
lay 2168 600 28 0 179
tree 2392 584 40 0 179
tree 2696 584 25 0 179
tree 2712 600 16 0 179
cliff 3040 592 79 179 179
cliff 3264 576 119 179 179
lay 3612 606 0 0 179
lay 3676 590 1 0 179
tree 210 636 30 0 179
dom 298 612 281 0 179
stand 946 620 10 0 179
lay 1400 624 28 0 179
tree 1560 608 34 0 179
tree 1576 608 2 0 179
fre 1836 612 29 179 179
fre 2052 636 29 179 179
lay 2536 632 28 0 179
tree 2888 632 35 0 179
cliff 2976 624 87 179 179
cliff 3008 608 72 179 179
cliff 3264 608 118 179 179
lay 3304 632 13 0 179
lay 3676 622 0 0 179
lay 3756 638 2 0 179
tree 210 652 33 0 179
tree 226 668 31 0 179
tree 242 652 32 0 179
trop 414 640 30 179 179
trop 830 640 41 179 179
trop 803 658 30 179 179
trop 806 648 30 179 179
lay 1464 640 28 0 179
tree 1528 656 34 0 179
fre 1948 644 29 179 179
tree 2392 648 35 0 179
lay 2376 648 13 0 179
tree 2904 648 15 0 179
cliff 2992 656 105 179 179
cliff 3264 640 125 179 179
cliff 3376 640 59 179 179
lay 3772 670 1 0 179
tree 152 696 18 0 179
tree 152 680 28 0 179
tree 168 696 18 0 179
dom 893 694 196 0 179
dom 1085 694 198 0 179
tree 1528 672 2 0 179
tree 1512 672 2 0 179
lay 1640 672 26 0 179
lay 2152 680 28 0 179
lay 2248 696 28 0 179
tree 2328 680 26 0 179
tree 2392 696 37 0 179
tree 2376 696 34 0 179
lay 2696 680 28 0 179
cliff 3008 688 85 179 179
cliff 3008 672 102 179 179
cliff 3280 688 96 179 179
cliff 3264 672 91 179 179
cliff 3344 672 15 179 179
tree 88 712 9 0 179
tree 104 728 27 0 179
tree 168 712 27 0 179
dom 458 708 281 0 179
trop 838 704 40 179 179
tree 1416 720 34 0 179
tree 1432 720 38 0 179
tree 1672 704 21 0 179
tree 1704 704 22 0 179
tree 1704 720 20 0 179
tree 1768 704 37 0 179
fre 1964 724 26 179 179
tree 2040 704 17 0 179
cliff 3024 720 108 179 179
cliff 3312 704 17 179 179
cliff 3296 704 21 179 179
cliff 3360 720 6 179 179
tree 104 744 1 0 179
dom 682 740 280 0 179
tree 1400 736 40 0 179
tree 1400 752 2 0 179
tree 1560 752 2 0 179
tree 1576 752 38 0 179
lay 1608 736 17 0 179
tree 2008 736 25 0 179
tree 1992 752 24 0 179
tree 2376 744 2 0 179
stand 2544 760 145 1 179
cliff 3040 736 124 179 179
cliff 3056 736 103 179 179
cliff 3072 752 12 179 179
cliff 3072 736 64 179 179
tree 120 776 5 0 179
dom 1053 790 271 0 179
zabor 1168 784 33 0 9
tree 1400 768 40 0 179
tree 1400 784 38 0 179
tree 1384 784 34 0 179
tree 1416 768 36 0 179
tree 1528 784 2 0 179
tree 1560 768 2 0 179
tree 1544 784 36 0 179
tree 1576 768 40 0 179
tree 1704 792 23 0 179
tree 2040 768 21 0 179
tree 2040 784 21 0 179
tree 2056 768 22 0 179
tree 2056 784 23 0 179
tree 2088 768 24 0 179
tree 2104 768 25 0 179
tree 2088 784 39 0 179
tree 2104 784 24 0 179
tree 2120 768 21 0 179
tree 2368 792 30 0 179
tree 2384 792 35 0 179
stand 2560 792 20 0 179
tree 136 824 29 0 179
tree 226 828 1 0 179
dom 298 804 280 0 179
trop 414 800 30 179 179
tree 610 828 21 0 179
trop 806 800 30 179 179
trop 803 818 30 179 179
tree 1336 816 27 0 179
lay 1576 800 28 0 179
lay 1704 800 28 0 179
tree 1752 808 22 0 179
tree 2104 816 24 0 179
tree 2256 808 29 0 179
tree 2320 824 15 0 179
tree 2336 824 37 0 179
tree 2352 808 33 0 179
tree 2448 824 22 0 179
tree 2448 808 6 0 179
tree 226 860 8 0 179
tree 226 844 1 0 179
dom 863 838 282 0 179
lay 1320 848 16 0 179
lay 1432 848 27 0 179
lay 1528 832 7 0 179
tree 1528 856 25 0 179
lay 1560 832 9 0 179
lay 1608 832 5 0 179
lay 1880 832 27 0 179
lay 1992 848 27 0 179
tree 2120 832 25 0 179
lay 2168 856 28 0 179
lay 2288 840 11 0 179
tree 2416 840 3 0 179
tree 2432 840 22 0 179
tree 2464 840 33 0 179
tree 2672 840 27 0 179
tree 2752 840 28 0 179
tree 2768 840 9 0 179
tree 226 892 39 0 179
dom 490 868 269 0 179
tree 610 892 22 0 179
lay 1560 864 9 0 179
tree 2136 864 39 0 179
tree 2136 880 20 0 179
trop 2556 876 116 179 179
trop 3316 884 195 179 179
tree 152 920 3 0 179
tree 152 904 7 0 179
tree 226 924 3 0 179
tree 226 908 32 0 179
dom 682 900 281 0 179
lay 1592 896 28 0 179
lay 1752 896 27 0 179
lay 2368 904 9 0 179
lay 2408 904 28 0 179
trop 3220 916 195 179 179
trop 3252 916 197 179 179
tree 152 936 8 0 179
tree 194 956 20 0 179
tree 210 940 26 0 179
tree 226 940 5 0 179
trop 835 946 41 179 179
tree 1338 952 11 0 179
tree 1352 928 3 0 179
lay 1496 944 37 0 179
tree 1672 944 26 0 179
tree 1704 944 11 0 179
tree 1720 944 12 0 179
tree 1816 944 13 0 179
lay 1864 944 27 0 179
lay 2576 952 4 0 179
tree 2688 952 22 0 179
tree 2704 952 31 0 179
tree 136 968 29 0 179
tree 242 988 28 0 179
tree 242 972 6 0 179
dom 298 964 281 0 179
trop 414 960 30 179 179
trop 806 960 30 179 179
dom 1023 966 280 0 179
tree 1672 960 22 0 179
tree 1672 976 25 0 179
lay 1784 976 13 0 179
lay 1976 976 27 0 179
tree 2640 968 23 0 179
tree 2656 968 20 0 179
tree 136 1016 8 0 179
stand 898 1020 10 0 179
trop 923 1010 42 179 179
trop 1358 1004 90 179 179
trop 1444 1012 33 179 179
tree 1544 1008 20 0 179
trop 1540 1012 33 179 179
lay 1688 1008 27 0 179
tree 1720 992 20 0 179
tree 1704 1008 22 0 179
fre 1796 1004 34 179 179
lay 1832 992 46 0 179
lay 1976 992 7 0 179
trop 2028 996 33 179 179
trop 2164 1004 33 179 179
stand 2544 1000 33 0 179
tree 136 1032 6 0 179
dom 458 1028 281 0 179
trop 1118 1032 32 179 179
trop 1222 1036 95 179 179
lay 1432 1024 27 0 179
tree 1560 1024 39 0 179
lay 1624 1040 36 0 179
lay 1800 1024 3 0 179
trop 2580 1028 108 179 179
zabor 2736 1040 1 0 2
zabor 2736 1040 29 0 8
tree 2864 1048 9 0 179
tree 578 1068 7 0 179
dom 682 1060 279 0 179
trop 1254 1076 100 179 179
tree 1274 1080 13 0 179
tree 1306 1080 15 0 179
tree 1354 1080 9 0 179
tree 1354 1064 12 0 179
tree 1370 1064 4 0 179
lay 1592 1072 27 0 179
tree 1656 1064 22 0 179
fre 1756 1060 27 179 179
lay 1800 1056 27 0 179
fre 1852 1068 27 179 179
fre 1884 1068 27 179 179
fre 1860 1076 34 179 179
fre 1884 1076 26 179 179
fre 1908 1060 34 179 179
tree 1976 1072 25 0 179
tree 1960 1072 10 0 179
stand 2528 1080 166 0 179
zabor 2736 1072 17 0 2
zabor 2736 1072 19 0 6
zabor 2736 1072 26 0 8
tree 2880 1064 20 0 179
tree 2896 1080 22 0 179
lay 2912 1064 11 0 179
trop 414 1112 30 179 179
tree 578 1100 1 0 179
trop 982 1088 41 179 179
lay 1624 1088 37 0 179
fre 1932 1108 32 179 179
tree 1960 1088 11 0 179
tree 1976 1104 17 0 179
tree 2040 1104 23 0 179
fre 2052 1100 32 179 179
dom 2440 1088 316 0 179
zabor 2736 1104 1 0 2
zabor 2736 1104 19 0 6
zabor 2736 1104 29 0 8
trop 222 1144 42 179 179
stand 360 1128 4 0 179
trop 806 1120 30 179 179
trop 1017 1122 34 179 179
trop 1348 1124 133 179 179
tree 1528 1136 32 0 179
tree 1544 1136 27 0 179
tree 1928 1120 21 0 179
tree 1960 1136 22 0 179
tree 2040 1136 26 0 179
tree 2056 1136 20 0 179
tree 2272 1144 1 0 179
tree 2288 1144 11 0 179
tree 2304 1144 30 0 179
dom 2376 1120 66 0 179
dom 2600 1120 317 0 179
dom 2664 1120 314 0 179
zabor 2736 1136 1 0 2
zabor 2736 1136 3 0 6
zabor 2736 1136 31 0 8
zabor 2896 1136 9 0 2
zabor 2896 1136 25 0 8
trop 3284 1140 195 179 179
dom 298 1156 312 0 179
dom 522 1156 267 0 179
dom 682 1156 88 0 179
trop 806 1168 30 179 179
dom 842 1156 279 0 179
dom 1002 1156 267 0 179
trop 1118 1152 42 179 179
tree 1480 1168 30 0 179
tree 1512 1152 1 0 179
tree 1640 1152 22 0 179
lay 1816 1152 27 0 179
tree 1992 1152 21 0 179
fre 2012 1180 28 179 179
tree 2024 1152 21 0 179
tree 2056 1152 25 0 179
tree 2056 1168 21 0 179
tree 2224 1176 38 0 179
tree 2272 1160 26 0 179
tree 2304 1160 12 0 179
tree 2352 1176 32 0 179
tree 2368 1176 24 0 179
tree 2384 1176 26 0 179
stand 2416 1160 180 0 179
lay 2448 1160 7 0 179
trop 2580 1156 108 179 179
lay 2704 1176 7 0 179
zabor 2736 1168 17 0 2
zabor 2736 1168 11 0 6
zabor 2736 1168 28 0 8
zabor 2864 1168 17 0 2
zabor 2864 1168 0 0 0
zabor 2864 1168 26 0 8
zabor 2896 1168 11 0 6
zabor 2896 1168 10 0 4
zabor 2896 1168 29 0 8
tree 2912 1160 36 0 179
trop 3188 1164 192 179 179
trop 3292 1180 197 179 179
tree 152 1208 32 0 179
tree 152 1192 1 0 179
tree 1752 1200 6 0 179
tree 1880 1184 8 0 179
tree 1864 1184 9 0 179
tree 2056 1184 26 0 179
tree 2056 1200 23 0 179
zabor 2160 1200 17 0 2
zabor 2160 1200 16 0 0
zabor 2160 1200 24 0 8
zabor 2192 1200 16 0 0
zabor 2192 1200 10 0 4
zabor 2192 1200 28 0 8
zabor 2224 1200 8 0 0
zabor 2224 1200 18 0 4
zabor 2224 1200 27 0 8
zabor 2256 1200 8 0 0
zabor 2256 1200 2 0 4
zabor 2256 1200 31 0 8
zabor 2288 1200 8 0 0
zabor 2288 1200 10 0 4
zabor 2288 1200 29 0 8
zabor 2320 1200 1 0 2
zabor 2320 1200 18 0 4
zabor 2320 1200 26 0 8
lay 2496 1208 10 0 179
stand 2528 1208 51 0 179
zabor 2736 1200 8 0 0
zabor 2736 1200 11 0 6
zabor 2736 1200 30 0 8
zabor 2768 1200 16 0 0
zabor 2768 1200 18 0 4
zabor 2768 1200 26 0 8
zabor 2800 1200 0 0 0
zabor 2800 1200 2 0 4
zabor 2800 1200 27 0 8
zabor 2832 1200 16 0 0
zabor 2832 1200 10 0 4
zabor 2832 1200 25 0 8
zabor 2864 1200 3 0 6
zabor 2864 1200 2 0 4
zabor 2864 1200 31 0 8
cliff 3104 1200 13 179 179
trop 3340 1204 197 179 179
tree 152 1224 7 0 179
trop 286 1240 41 179 179
trop 446 1240 41 179 179
lay 1528 1232 28 0 179
tree 1640 1232 28 0 179
tree 1656 1232 27 0 179
lay 1928 1232 37 0 179
tree 1976 1232 14 0 179
zabor 2160 1232 1 0 2
zabor 2160 1232 11 0 6
zabor 2160 1232 29 0 8
zabor 2320 1232 17 0 2
zabor 2320 1232 19 0 6
zabor 2320 1232 25 0 8
dom 2440 1216 319 0 179
lay 2560 1224 5 0 179
cliff 3104 1216 65 179 179
trop 414 1272 43 179 179
trop 574 1272 31 179 179
trop 662 1272 31 179 179
trop 806 1272 31 179 179
trop 966 1272 31 179 179
trop 1006 1272 31 179 179
trop 1156 1268 39 179 179
tree 1656 1264 29 0 179
lay 1784 1256 5 0 179
tree 2008 1248 15 0 179
tree 2024 1248 23 0 179
tree 2040 1248 22 0 179
tree 2072 1248 20 0 179
zabor 2160 1264 1 0 2
zabor 2160 1264 11 0 6
zabor 2160 1264 24 0 8
zabor 2320 1264 1 0 2
zabor 2320 1264 11 0 6
zabor 2320 1264 27 0 8
trop 2580 1276 123 179 179
dom 2760 1248 66 0 179
tree 2912 1256 4 0 179
cliff 3088 1264 73 179 179
cliff 3120 1248 77 179 179
trop 414 1296 36 179 179
lay 1544 1296 28 0 179
lay 1592 1296 28 0 179
tree 1688 1296 33 0 179
tree 2024 1280 17 0 179
zabor 2160 1296 1 0 2
zabor 2160 1296 3 0 6
zabor 2160 1296 25 0 8
zabor 2320 1296 1 0 2
zabor 2320 1296 19 0 6
zabor 2320 1296 29 0 8
dom 2408 1280 314 0 179
stand 2448 1304 181 0 179
tree 2672 1288 5 0 179
tree 2816 1304 19 0 179
tree 2880 1304 26 0 179
cliff 3056 1280 85 179 179
tree 216 1336 4 0 179
tree 216 1320 19 0 179
tree 232 1336 4 0 179
lay 1640 1320 6 0 179
tree 1992 1328 25 0 179
tree 2008 1328 22 0 179
zabor 2160 1328 8 0 0
zabor 2160 1328 11 0 6
zabor 2160 1328 30 0 8
zabor 2192 1328 16 0 0
zabor 2192 1328 10 0 4
zabor 2192 1328 28 0 8
zabor 2224 1328 0 0 0
zabor 2224 1328 18 0 4
zabor 2224 1328 31 0 8
zabor 2256 1328 0 0 0
zabor 2256 1328 2 0 4
zabor 2256 1328 27 0 8
zabor 2288 1328 16 0 0
zabor 2288 1328 18 0 4
zabor 2288 1328 30 0 8
zabor 2320 1328 3 0 6
zabor 2320 1328 18 0 4
zabor 2320 1328 28 0 8
trop 2556 1324 117 179 179
cliff 3056 1312 86 179 179
tree 264 1352 32 0 179
tree 312 1368 27 0 179
dom 458 1348 281 0 179
tree 1976 1360 36 0 179
tree 1960 1360 36 0 179
tree 2008 1360 5 0 179
dom 2632 1344 315 0 179
zabor 2704 1360 17 0 2
zabor 2704 1360 8 0 0
zabor 2704 1360 24 0 8
lay 2688 1368 7 0 179
zabor 2736 1360 8 0 0
zabor 2736 1360 2 0 4
zabor 2736 1360 26 0 8
zabor 2768 1360 16 0 0
zabor 2768 1360 2 0 4
zabor 2768 1360 26 0 8
zabor 2800 1360 0 0 0
zabor 2800 1360 2 0 4
zabor 2800 1360 31 0 8
zabor 2832 1360 16 0 0
zabor 2832 1360 10 0 4
zabor 2832 1360 25 0 8
zabor 2864 1360 17 0 2
zabor 2864 1360 2 0 4
zabor 2864 1360 29 0 8
cliff 3056 1344 87 179 179
tree 328 1400 5 0 179
tree 328 1384 28 0 179
tree 344 1384 6 0 179
tree 798 1394 21 0 179
tree 814 1394 21 0 179
lay 1560 1400 21 0 179
lay 1736 1392 28 0 179
tree 1976 1376 36 0 179
tree 1976 1392 34 0 179
tree 1960 1392 34 0 179
trop 2468 1404 118 179 179
stand 2496 1384 51 0 179
stand 2528 1400 147 0 179
trop 2580 1388 108 179 179
zabor 2704 1392 9 0 2
zabor 2704 1392 19 0 6
zabor 2704 1392 26 0 8
zabor 2864 1392 9 0 2
zabor 2864 1392 3 0 6
zabor 2864 1392 27 0 8
cliff 3088 1392 101 179 179
cliff 3072 1376 107 179 179
cliff 3328 1392 116 179 179
cliff 3344 1392 49 179 179
lay 3352 1400 0 0 179
cliff 3360 1392 49 179 179
cliff 3376 1392 51 179 179
cliff 3408 1392 30 179 179
cliff 3408 1376 64 179 179
tree 184 1416 19 0 179
tree 1928 1424 37 0 179
tree 1960 1408 37 0 179
lay 1992 1432 28 0 179
tree 2024 1424 33 0 179
fre 2044 1436 34 179 179
fre 2060 1436 26 179 179
tree 2368 1416 33 0 179
trop 2380 1436 122 179 179
lay 2416 1416 3 0 179
tree 2528 1432 0 0 179
stand 2624 1432 164 0 179
zabor 2704 1424 1 0 2
zabor 2704 1424 19 0 6
zabor 2704 1424 25 0 8
zabor 2864 1424 1 0 2
zabor 2864 1424 11 0 6
zabor 2864 1424 26 0 8
cliff 3088 1408 85 179 179
cliff 3328 1408 119 179 179
tree 200 1464 7 0 179
tree 200 1448 9 0 179
tree 590 1442 2 0 179
tree 1080 1464 34 0 179
tree 1080 1448 34 0 179
tree 1064 1448 36 0 179
lay 1560 1456 28 0 179
lay 1608 1440 28 0 179
tree 1928 1440 21 0 179
fre 2004 1460 34 179 179
zabor 2704 1456 17 0 2
zabor 2704 1456 3 0 6
zabor 2704 1456 28 0 8
zabor 2864 1456 1 0 2
zabor 2864 1456 19 0 6
zabor 2864 1456 28 0 8
cliff 3088 1440 83 179 179
cliff 3328 1440 120 179 179
tree 542 1474 34 0 179
tree 712 1496 37 0 179
tree 728 1496 34 0 179
tree 760 1496 2 0 179
tree 792 1496 38 0 179
tree 808 1496 37 0 179
tree 1080 1480 2 0 179
trop 1188 1476 143 179 179
tree 1688 1472 40 0 179
tree 1784 1488 37 0 179
tree 1800 1472 34 0 179
tree 1992 1472 9 0 179
tree 1992 1488 4 0 179
fre 2004 1484 26 179 179
fre 2012 1492 28 179 179
lay 2136 1480 28 0 179
trop 2612 1476 110 179 179
zabor 2704 1488 3 0 6
zabor 2704 1488 24 0 8
zabor 2864 1488 1 0 2
zabor 2864 1488 11 0 6
zabor 2864 1488 31 0 8
cliff 3088 1472 85 179 179
cliff 3328 1472 118 179 179
tree 3384 1480 37 0 179
tree 216 1512 38 0 179
tree 606 1506 35 0 179
tree 712 1512 37 0 179
trop 746 1510 15 179 179
tree 1784 1504 36 0 179
tree 1848 1504 29 0 179
tree 1848 1520 34 0 179
lay 1960 1512 28 0 179
fre 1980 1508 34 179 179
fre 2004 1508 27 179 179
zabor 2832 1520 0 0 0
zabor 2832 1520 24 0 8
zabor 2864 1520 19 0 6
zabor 2864 1520 18 0 4
zabor 2864 1520 28 0 8
cliff 3120 1520 103 179 179
cliff 3104 1504 106 179 179
cliff 3328 1504 119 179 179
tree 3400 1512 34 0 179
tree 232 1560 40 0 179
tree 232 1544 37 0 179
tree 494 1538 2 0 179
tree 590 1554 2 0 179
tree 622 1538 40 0 179
tree 728 1544 2 0 179
tree 744 1544 2 0 179
tree 1720 1560 37 0 179
tree 1752 1544 34 0 179
tree 1864 1536 40 0 179
tree 1864 1552 36 0 179
tree 1880 1552 2 0 179
lay 2360 1544 12 0 179
lay 2736 1560 28 0 179
lay 2784 1544 9 0 179
cliff 3120 1536 86 179 179
cliff 3344 1536 119 179 179
tree 168 1576 2 0 179
tree 248 1592 34 0 179
tree 558 1570 37 0 179
tree 606 1586 13 0 179
tree 1080 1592 34 0 179
tree 1080 1576 40 0 179
lay 1560 1584 28 0 179
tree 1752 1592 38 0 179
tree 1768 1592 2 0 179
tree 1880 1568 34 0 179
lay 1976 1592 28 0 179
lay 1960 1568 27 0 179
lay 2136 1576 28 0 179
tree 2152 1584 10 0 179
tree 2168 1584 12 0 179
lay 2248 1592 28 0 179
fre 2348 1596 28 179 179
lay 2736 1592 38 0 179
cliff 3152 1584 103 179 179
cliff 3136 1568 108 179 179
cliff 3344 1568 119 179 179
tree 184 1624 36 0 179
tree 168 1624 40 0 179
tree 168 1608 38 0 179
tree 264 1624 37 0 179
tree 606 1602 12 0 179
dom 870 1610 289 0 179
tree 1112 1608 37 0 179
tree 1128 1608 2 0 179
tree 1160 1624 40 0 179
tree 1192 1624 2 0 179
tree 1384 1608 40 0 179
tree 1480 1600 31 0 179
tree 1480 1616 19 0 179
tree 1896 1600 34 0 179
tree 1912 1616 40 0 179
tree 1896 1616 38 0 179
tree 2168 1600 10 0 179
cliff 3152 1600 87 179 179
cliff 3344 1600 91 179 179
cliff 3360 1616 96 179 179
tree 184 1656 40 0 179
tree 200 1640 2 0 179
tree 248 1640 38 0 179
tree 526 1634 17 0 179
tree 542 1634 13 0 179
tree 590 1634 13 0 179
trop 826 1646 126 179 179
tree 1240 1640 40 0 179
tree 1224 1640 38 0 179
tree 1272 1656 36 0 179
tree 1256 1656 2 0 179
tree 1336 1656 37 0 179
tree 1352 1640 36 0 179
tree 1688 1632 2 0 179
tree 1672 1632 2 0 179
lay 1800 1632 26 0 179
tree 1896 1632 2 0 179
tree 1912 1648 2 0 179
tree 1944 1648 40 0 179
fre 2340 1660 26 179 179
lay 2440 1656 20 0 179
tree 2472 1656 36 0 179
tree 2600 1640 24 0 179
tree 2616 1656 22 0 179
tree 2648 1656 20 0 179
cliff 3184 1648 101 179 179
cliff 3168 1632 105 179 179
cliff 3376 1632 93 179 179
cliff 3392 1648 98 179 179
tree 168 1672 36 0 179
tree 216 1688 37 0 179
tree 216 1672 36 0 179
tree 232 1688 2 0 179
tree 600 1688 40 0 179
tree 632 1688 37 0 179
tree 616 1688 36 0 179
tree 664 1688 2 0 179
trop 826 1686 126 179 179
tree 1272 1672 34 0 179
tree 1320 1672 37 0 179
tree 1576 1680 34 0 179
tree 1592 1680 38 0 179
tree 1864 1664 22 0 179
tree 1864 1680 20 0 179
tree 1912 1664 2 0 179
tree 1896 1664 21 0 179
tree 1928 1664 37 0 179
tree 1944 1664 2 0 179
lay 2072 1664 28 0 179
tree 2200 1664 17 0 179
fre 2396 1676 28 179 179
fre 2428 1692 32 179 179
tree 2648 1672 39 0 179
tree 2664 1672 21 0 179
cliff 3184 1664 87 179 179
cliff 3408 1664 94 179 179
cliff 3424 1680 98 179 179
tree 152 1720 40 0 179
tree 168 1720 40 0 179
tree 184 1704 37 0 179
tree 168 1704 36 0 179
tree 200 1704 38 0 179
dom 486 1706 66 0 179
trop 530 1726 195 179 179
tree 632 1720 34 0 179
tree 616 1720 36 0 179
trop 634 1726 15 179 179
tree 664 1704 2 0 179
tree 648 1720 2 0 179
lay 766 1698 9 0 179
stand 862 1698 57 0 179
trop 986 1702 122 179 179
tree 1560 1696 40 0 179
tree 1560 1712 2 0 179
tree 1720 1712 2 0 179
tree 1736 1712 38 0 179
lay 2008 1712 28 0 179
fre 1988 1700 27 179 179
fre 1996 1700 28 179 179
fre 2020 1700 26 179 179
tree 2168 1696 25 0 179
tree 2152 1712 24 0 179
fre 2180 1716 32 179 179
fre 2236 1700 27 179 179
fre 2380 1708 26 179 179
tree 2472 1704 34 0 179
tree 2616 1720 38 0 179
lay 2680 1720 18 0 179
cliff 3184 1696 85 179 179
cliff 3440 1696 95 179 179
cliff 3456 1712 97 179 179
tree 152 1752 36 0 179
trop 282 1742 195 179 179
tree 366 1746 10 0 179
trop 930 1742 122 179 179
trop 962 1758 123 179 179
trop 994 1742 123 179 179
tree 1096 1736 38 0 179
tree 1128 1752 36 0 179
tree 1496 1728 8 0 179
tree 1560 1728 40 0 179
tree 1560 1744 38 0 179
tree 1544 1744 34 0 179
tree 1576 1728 36 0 179
tree 1688 1744 2 0 179
tree 1720 1728 2 0 179
tree 1704 1744 36 0 179
tree 1736 1728 40 0 179
lay 1976 1736 28 0 179
lay 2008 1744 37 0 179
lay 2568 1736 21 0 179
cliff 3184 1728 83 179 179
cliff 3472 1728 93 179 179
cliff 3488 1728 89 179 179
cliff 3520 1744 98 179 179
cliff 4016 1744 126 179 179
tree 168 1784 37 0 179
lay 382 1778 7 0 179
trop 402 1790 126 179 179
tree 440 1768 6 0 179
tree 456 1768 6 0 179
trop 850 1774 100 179 179
trop 930 1766 122 179 179
tree 1176 1768 36 0 179
tree 1240 1784 40 0 179
tree 1272 1768 36 0 179
tree 1272 1784 34 0 179
tree 1496 1776 27 0 179
lay 1912 1784 28 0 179
fre 2172 1772 29 179 179
cliff 2192 1776 54 179 179
fre 2180 1772 28 179 179
cliff 2224 1776 16 179 179
fre 2228 1788 27 179 179
cliff 2256 1776 18 179 179
cliff 3184 1760 86 179 179
cliff 3536 1760 95 179 179
cliff 3552 1760 88 179 179
cliff 3584 1776 98 179 179
cliff 4000 1776 75 179 179
tree 168 1816 37 0 179
lay 382 1794 7 0 179
dom 646 1802 316 0 179
trop 746 1814 96 179 179
dom 902 1802 317 0 179
stand 974 1810 320 0 179
tree 1080 1816 40 0 179
tree 1080 1800 36 0 179
tree 1096 1816 34 0 179
tree 1128 1800 2 0 179
lay 1480 1808 16 0 179
lay 1720 1816 28 0 179
lay 2152 1808 27 0 179
cliff 2176 1808 2 179 179
fre 2196 1796 28 179 179
fre 2236 1796 27 179 179
fre 2236 1820 32 179 179
fre 2268 1796 26 179 179
fre 2260 1812 34 179 179
cliff 2288 1792 25 179 179
cliff 2320 1808 17 179 179
cliff 2304 1808 23 179 179
cliff 2352 1808 16 179 179
cliff 2384 1808 18 179 179
tree 2568 1816 40 0 179
cliff 2832 1808 17 179 179
cliff 2864 1808 16 179 179
cliff 2896 1808 54 179 179
cliff 3184 1792 85 179 179
cliff 3600 1792 95 179 179
cliff 3616 1792 126 179 179
cliff 3648 1808 96 179 179
cliff 3984 1808 80 179 179
dom 326 1834 313 0 179
lay 494 1842 10 0 179
trop 626 1830 126 179 179
stand 702 1842 320 0 179
trop 802 1830 99 179 179
tree 1112 1848 36 0 179
tree 1096 1848 40 0 179
tree 1096 1832 34 0 179
cliff 2160 1840 5 179 179
cliff 2416 1824 26 179 179
cliff 2432 1840 19 179 179
cliff 2816 1840 2 179 179
cliff 2928 1824 27 179 179
cliff 2960 1840 16 179 179
cliff 2944 1840 23 179 179
tree 3048 1848 30 0 179
cliff 3184 1824 85 179 179
cliff 3664 1824 92 179 179
cliff 3680 1824 126 179 179
cliff 3712 1840 96 179 179
cliff 3952 1824 74 179 179
stand 254 1874 53 0 179
trop 402 1870 107 179 179
tree 1096 1864 34 0 179
lay 1150 1874 28 0 179
cliff 2096 1872 14 179 179
cliff 2128 1856 4 179 179
fre 2348 1876 28 179 179
cliff 2448 1856 24 179 179
cliff 2480 1872 16 179 179
cliff 2464 1872 23 179 179
cliff 2752 1856 18 179 179
cliff 2800 1872 6 179 179
cliff 2992 1856 24 179 179
cliff 3008 1872 23 179 179
tree 3096 1880 28 0 179
tree 3080 1880 20 0 179
cliff 3184 1856 87 179 179
cliff 3728 1856 92 179 179
cliff 3744 1872 99 179 179
cliff 3904 1872 75 179 179
cliff 3936 1856 80 179 179
dom 582 1898 67 0 179
tree 606 1906 0 0 179
lay 638 1890 7 0 179
stand 798 1890 51 0 179
trop 810 1902 98 179 179
trop 804 1892 136 179 179
tree 862 1890 27 0 179
trop 906 1918 122 179 179
trop 946 1918 122 179 179
stand 1118 1906 53 0 179
lay 1752 1896 28 0 179
tree 1832 1904 26 0 179
tree 1864 1904 11 0 179
tree 1880 1904 12 0 179
tree 1976 1904 13 0 179
cliff 2096 1904 14 179 179
cliff 2512 1888 24 179 179
lay 2520 1912 28 0 179
cliff 2544 1904 17 179 179
cliff 2528 1904 23 179 179
cliff 2576 1904 17 179 179
cliff 2608 1904 54 179 179
cliff 2640 1904 54 179 179
cliff 2672 1904 18 179 179
cliff 2736 1888 1 179 179
cliff 3024 1888 24 179 179
cliff 3040 1904 19 179 179
cliff 3184 1888 87 179 179
cliff 3760 1888 95 179 179
cliff 3776 1888 89 179 179
cliff 3808 1888 126 179 179
cliff 3840 1888 126 179 179
cliff 3888 1904 77 179 179
tree 126 1922 24 0 179
tree 174 1922 24 0 179
trop 522 1950 105 179 179
trop 562 1942 126 179 179
lay 590 1938 6 0 179
trop 690 1942 104 179 179
stand 750 1938 147 0 179
trop 900 1924 143 179 179
trop 946 1950 122 179 179
trop 986 1950 122 179 179
trop 1042 1942 72 179 179
lay 1592 1928 28 0 179
tree 1832 1920 22 0 179
tree 1832 1936 25 0 179
cliff 2096 1936 12 179 179
cliff 2720 1920 8 179 179
cliff 3056 1920 25 179 179
tree 3096 1928 27 0 179
cliff 3072 1936 20 179 179
tree 3128 1928 27 0 179
tree 3112 1928 32 0 179
cliff 3184 1920 87 179 179
lay 142 1970 3 0 179
trop 186 1966 97 179 179
trop 346 1966 97 179 179
trop 482 1966 90 179 179
trop 586 1966 80 179 179
trop 698 1966 80 179 179
trop 826 1966 93 179 179
trop 804 1956 137 179 179
lay 862 1954 4 0 179
trop 938 1966 90 179 179
trop 932 1956 135 179 179
trop 1012 1956 135 179 179
trop 1066 1966 93 179 179
tree 1224 1976 36 0 179
tree 1704 1968 20 0 179
tree 1880 1952 20 0 179
tree 1864 1968 22 0 179
cliff 2096 1968 13 179 179
lay 2312 1960 33 0 179
lay 2344 1976 28 0 179
lay 2376 1976 33 0 179
cliff 3088 1952 27 179 179
cliff 3104 1968 47 179 179
cliff 3184 1952 83 179 179
stand 174 2002 12 0 179
trop 306 1998 101 179 179
stand 382 2002 58 0 179
dom 646 1994 292 0 179
trop 772 1988 129 179 179
trop 932 1988 143 179 179
tree 952 2008 37 0 179
tree 936 2008 2 0 179
trop 1012 1988 143 179 179
tree 1240 1992 40 0 179
tree 1256 2008 40 0 179
tree 1304 2008 37 0 179
tree 1368 2008 36 0 179
tree 1720 1984 39 0 179
cliff 2096 2000 13 179 179
tree 2264 2008 13 0 179
lay 2360 1992 28 0 179
lay 2936 1992 28 0 179
tree 2936 2008 13 0 179
cliff 3104 2000 47 179 179
cliff 3216 2000 101 179 179
cliff 3200 1984 108 179 179
tree 270 2034 24 0 179
dom 486 2026 293 0 179
stand 766 2034 35 0 179
trop 874 2030 72 179 179
tree 952 2024 40 0 179
trop 964 2020 135 179 179
trop 1034 2030 123 179 179
trop 1044 2020 141 179 179
trop 1076 2020 133 179 179
lay 1182 2034 27 0 179
trop 1172 2020 137 179 179
tree 1288 2040 37 0 179
tree 1288 2024 38 0 179
tree 1320 2040 37 0 179
tree 1384 2040 36 0 179
tree 1400 2024 37 0 179
tree 1432 2040 36 0 179
tree 1416 2024 36 0 179
cliff 2096 2032 12 179 179
fre 2108 2044 34 179 179
tree 2296 2040 15 0 179
lay 2456 2024 38 0 179
lay 2504 2040 35 0 179
tree 2520 2040 11 0 179
tree 2504 2040 15 0 179
tree 2536 2040 12 0 179
lay 2632 2040 37 0 179
lay 2712 2040 32 0 179
lay 2904 2040 35 0 179
lay 2920 2040 28 0 179
tree 2920 2024 14 0 179
cliff 3104 2032 46 179 179
cliff 3216 2016 83 179 179
tree 126 2066 16 0 179
tree 318 2066 0 0 179
tree 302 2066 17 0 179
tree 334 2050 10 0 179
trop 492 2060 32 179 179
trop 610 2062 123 179 179
trop 772 2052 143 179 179
trop 810 2078 102 179 179
tree 808 2072 2 0 179
tree 824 2056 2 0 179
tree 840 2072 40 0 179
dom 966 2058 309 0 179
trop 964 2052 136 179 179
tree 1080 2072 36 0 179
trop 1108 2052 141 179 179
trop 1140 2052 139 179 179
tree 1160 2072 40 0 179
tree 1160 2056 40 0 179
tree 1288 2056 38 0 179
tree 1416 2056 2 0 179
tree 1464 2056 2 0 179
tree 1448 2056 36 0 179
trop 1604 2052 135 179 179
cliff 2096 2064 11 179 179
tree 2184 2072 10 0 179
lay 2280 2056 36 0 179
tree 2296 2056 10 0 179
lay 2392 2072 38 0 179
fre 2388 2052 34 179 179
lay 2488 2056 28 0 179
lay 2536 2072 39 0 179
tree 2552 2056 15 0 179
tree 2568 2072 15 0 179
tree 2584 2072 15 0 179
lay 2648 2056 32 0 179
lay 2648 2072 38 0 179
lay 2760 2072 37 0 179
lay 2824 2072 34 0 179
tree 2872 2072 14 0 179
tree 2888 2056 0 0 179
lay 2936 2056 36 0 179
cliff 3104 2064 53 179 179
tree 3144 2056 8 0 179
cliff 3248 2064 103 179 179
cliff 3232 2048 105 179 179
tree 174 2082 13 0 179
tree 350 2098 11 0 179
trop 618 2094 126 179 179
trop 786 2110 123 179 179
tree 792 2088 37 0 179
trop 804 2084 142 179 179
tree 840 2088 40 0 179
tree 1112 2088 34 0 179
tree 1288 2104 38 0 179
tree 1432 2104 34 0 179
trop 1604 2084 137 179 179
cliff 2112 2096 35 179 179
tree 2200 2088 12 0 179
tree 2184 2088 13 0 179
tree 2408 2104 10 0 179
tree 2408 2088 10 0 179
lay 2648 2104 18 0 179
lay 2792 2088 35 0 179
lay 2872 2088 35 0 179
lay 2856 2088 28 0 179
lay 2904 2104 32 0 179
cliff 3104 2096 48 179 179
cliff 3248 2080 85 179 179
tree 238 2114 10 0 179
tree 302 2114 16 0 179
tree 504 2136 14 0 179
stand 542 2130 320 0 179
tree 776 2120 38 0 179
trop 964 2116 137 179 179
tree 1160 2136 37 0 179
tree 1448 2136 34 0 179
tree 1560 2136 40 0 179
trop 1572 2116 138 179 179
tree 1576 2120 38 0 179
tree 1624 2120 36 0 179
tree 1656 2120 2 0 179
tree 1640 2120 37 0 179
tree 1672 2120 34 0 179
tree 1800 2112 22 0 179
cliff 2128 2112 28 179 179
cliff 2144 2128 35 179 179
fre 2164 2132 34 179 179
fre 2220 2116 26 179 179
tree 2408 2136 0 0 179
tree 2424 2136 12 0 179
tree 2424 2120 16 0 179
lay 2504 2136 34 0 179
lay 2536 2120 16 0 179
lay 2712 2120 35 0 179
cliff 3104 2128 48 179 179
tree 3144 2136 39 0 179
cliff 3248 2112 83 179 179
tree 318 2162 16 0 179
lay 334 2162 11 0 179
trop 492 2172 32 179 179
tree 520 2152 4 0 179
stand 638 2146 320 0 179
trop 778 2150 123 179 179
tree 904 2168 38 0 179
tree 920 2152 2 0 179
tree 936 2152 34 0 179
tree 1032 2168 1 0 179
lay 1112 2168 28 0 179
tree 1192 2168 38 0 179
tree 1208 2152 37 0 179
tree 1192 2152 38 0 179
tree 1448 2152 40 0 179
tree 1560 2152 40 0 179
lay 1768 2168 28 0 179
tree 1912 2160 6 0 179
tree 2040 2144 8 0 179
tree 2024 2144 9 0 179
cliff 2160 2144 50 179 179
cliff 2192 2144 28 179 179
cliff 2208 2160 36 179 179
fre 2220 2172 32 179 179
lay 2568 2168 39 0 179
lay 2568 2152 32 0 179
lay 2680 2152 25 0 179
tree 2776 2168 12 0 179
tree 3128 2168 23 0 179
tree 3128 2152 12 0 179
tree 3144 2152 28 0 179
cliff 3264 2160 82 179 179
tree 232 2200 31 0 179
tree 232 2184 35 0 179
tree 302 2178 14 0 179
trop 498 2190 15 179 179
tree 1016 2184 34 0 179
tree 1000 2200 5 0 179
tree 1192 2200 40 0 179
tree 1400 2200 40 0 179
tree 1432 2200 37 0 179
tree 1416 2200 40 0 179
tree 1416 2184 34 0 179
lay 2088 2192 37 0 179
cliff 2224 2176 29 179 179
cliff 2240 2192 33 179 179
tree 2744 2200 11 0 179
tree 2760 2184 0 0 179
cliff 3056 2192 44 179 179
cliff 3088 2176 40 179 179
cliff 3200 2192 83 179 179
cliff 3232 2176 76 179 179
tree 248 2232 2 0 179
tree 280 2232 37 0 179
trop 842 2230 94 179 179
tree 872 2216 36 0 179
stand 926 2226 320 0 179
trop 1010 2222 192 179 179
tree 1112 2216 37 0 179
tree 1128 2216 38 0 179
tree 1176 2232 37 0 179
tree 1160 2232 36 0 179
tree 1176 2216 37 0 179
tree 1400 2216 2 0 179
tree 1384 2232 34 0 179
tree 1432 2216 40 0 179
tree 1432 2232 36 0 179
tree 2072 2208 8 0 179
cliff 2256 2208 51 179 179
cliff 2288 2208 49 179 179
cliff 2320 2208 51 179 179
cliff 2352 2208 51 179 179
cliff 2384 2208 52 179 179
cliff 2416 2208 49 179 179
cliff 2448 2208 51 179 179
cliff 2480 2208 50 179 179
cliff 2512 2208 29 179 179
cliff 2528 2224 36 179 179
lay 2616 2216 33 0 179
tree 2648 2232 16 0 179
tree 2632 2232 16 0 179
tree 2680 2232 0 0 179
tree 2664 2232 35 0 179
tree 2712 2232 17 0 179
lay 2840 2216 21 0 179
cliff 3040 2224 40 179 179
tree 280 2248 36 0 179
tree 296 2264 34 0 179
dom 454 2250 66 0 179
tree 584 2264 40 0 179
tree 584 2248 34 0 179
tree 750 2242 1 0 179
trop 874 2254 98 179 179
tree 920 2264 40 0 179
tree 952 2248 2 0 179
tree 952 2264 2 0 179
tree 936 2264 34 0 179
tree 1272 2264 38 0 179
tree 1256 2264 40 0 179
tree 1288 2264 2 0 179
tree 1336 2264 37 0 179
tree 1320 2264 36 0 179
trop 1444 2244 139 179 179
tree 1528 2264 37 0 179
tree 2184 2240 17 0 179
cliff 2544 2240 31 179 179
cliff 2560 2256 35 179 179
tree 2664 2248 35 0 179
cliff 2976 2256 47 179 179
cliff 2976 2240 44 179 179
cliff 2992 2240 50 179 179
tree 3048 2248 35 0 179
cliff 3184 2256 75 179 179
cliff 3216 2240 77 179 179
tree 248 2280 41 0 179
tree 296 2296 37 0 179
tree 328 2296 2 0 179
tree 376 2296 2 0 179
tree 392 2280 2 0 179
dom 678 2282 288 0 179
trop 794 2294 123 179 179
stand 798 2290 59 0 179
trop 922 2286 126 179 179
tree 920 2280 38 0 179
dom 966 2282 314 0 179
lay 1054 2274 10 0 179
fre 1358 2300 9 179 179
trop 1476 2276 142 179 179
tree 1544 2296 38 0 179
tree 1560 2296 2 0 179
tree 1544 2280 36 0 179
tree 1656 2296 36 0 179
tree 1672 2296 2 0 179
tree 1688 2296 37 0 179
tree 2152 2288 25 0 179
tree 2168 2288 22 0 179
cliff 2576 2272 32 179 179
cliff 2592 2288 36 179 179
tree 2968 2296 20 0 179
cliff 3168 2288 82 179 179
tree 200 2328 33 0 179
tree 200 2312 19 0 179
tree 296 2312 40 0 179
tree 296 2328 38 0 179
tree 392 2328 37 0 179
tree 510 2306 20 0 179
tree 558 2322 23 0 179
trop 1042 2326 123 179 179
zabor 1072 2320 1 0 2
zabor 1072 2320 8 0 0
zabor 1072 2320 28 0 8
zabor 1104 2320 0 0 0
zabor 1104 2320 2 0 4
zabor 1104 2320 27 0 8
zabor 1136 2320 16 0 0
zabor 1136 2320 18 0 4
zabor 1136 2320 25 0 8
zabor 1168 2320 8 0 0
zabor 1168 2320 10 0 4
zabor 1168 2320 31 0 8
zabor 1200 2320 16 0 0
zabor 1200 2320 18 0 4
zabor 1200 2320 31 0 8
zabor 1232 2320 16 0 0
zabor 1232 2320 10 0 4
zabor 1232 2320 30 0 8
zabor 1264 2320 1 0 2
zabor 1264 2320 18 0 4
zabor 1264 2320 27 0 8
trop 1508 2308 141 179 179
tree 1512 2312 40 0 179
tree 1528 2312 36 0 179
trop 1540 2308 132 179 179
trop 1572 2308 132 179 179
tree 1592 2312 34 0 179
tree 1608 2312 38 0 179
tree 1624 2328 34 0 179
tree 1656 2328 37 0 179
tree 1688 2328 40 0 179
tree 1672 2312 2 0 179
trop 1700 2308 132 179 179
tree 1704 2328 40 0 179
tree 2008 2320 2 0 179
tree 2136 2320 36 0 179
tree 2120 2320 36 0 179
cliff 2608 2304 28 179 179
cliff 2624 2320 33 179 179
lay 2776 2312 38 0 179
cliff 2928 2320 45 179 179
cliff 2960 2304 42 179 179
cliff 3072 2320 126 179 179
cliff 3136 2304 72 179 179
tree 200 2344 31 0 179
tree 248 2344 37 0 179
tree 280 2344 36 0 179
tree 510 2338 24 0 179
tree 494 2354 25 0 179
tree 526 2338 23 0 179
zabor 592 2352 9 0 2
zabor 592 2352 0 0 0
zabor 592 2352 31 0 8
zabor 624 2352 0 0 0
zabor 624 2352 18 0 4
zabor 624 2352 29 0 8
zabor 656 2352 16 0 0
zabor 656 2352 2 0 4
zabor 656 2352 24 0 8
trop 650 2342 126 179 179
zabor 688 2352 1 0 2
zabor 688 2352 10 0 4
zabor 688 2352 24 0 8
trop 970 2342 123 179 179
trop 1002 2350 123 179 179
stand 1006 2354 42 0 179
zabor 1072 2352 9 0 2
zabor 1072 2352 11 0 6
zabor 1072 2352 24 0 8
zabor 1264 2352 9 0 2
zabor 1264 2352 3 0 6
zabor 1264 2352 30 0 8
tree 1496 2344 40 0 179
tree 1496 2360 37 0 179
tree 1512 2344 37 0 179
tree 1688 2344 36 0 179
tree 1784 2360 36 0 179
tree 1784 2344 37 0 179
tree 1992 2336 38 0 179
trop 2116 2340 133 179 179
cliff 2640 2336 30 179 179
cliff 2640 2352 15 179 179
lay 2792 2344 36 0 179
tree 2808 2344 17 0 179
tree 2824 2360 35 0 179
cliff 2928 2336 53 179 179
tree 2968 2360 26 0 179
tree 2968 2344 29 0 179
tree 2952 2344 0 0 179
cliff 3056 2352 74 179 179
cliff 3120 2336 78 179 179
tree 184 2392 26 0 179
tree 216 2376 2 0 179
tree 200 2376 31 0 179
tree 232 2376 40 0 179
tree 232 2392 2 0 179
tree 510 2370 23 0 179
tree 510 2386 23 0 179
trop 494 2396 32 179 179
tree 526 2370 25 0 179
zabor 592 2384 17 0 2
zabor 592 2384 11 0 6
zabor 592 2384 31 0 8
trop 658 2382 126 179 179
zabor 688 2384 16 0 0
zabor 688 2384 11 0 6
zabor 688 2384 24 0 8
zabor 720 2384 17 0 2
zabor 720 2384 10 0 4
zabor 720 2384 28 0 8
trop 810 2382 96 179 179
trop 858 2382 126 179 179
lay 922 2392 28 0 179
dom 934 2378 313 0 179
trop 1002 2390 126 179 179
zabor 1040 2384 1 0 2
zabor 1040 2384 0 0 0
zabor 1040 2384 26 0 8
stand 1038 2386 320 0 179
zabor 1072 2384 11 0 6
zabor 1072 2384 10 0 4
zabor 1072 2384 31 0 8
zabor 1264 2384 9 0 2
zabor 1264 2384 3 0 6
zabor 1264 2384 24 0 8
tree 1464 2392 38 0 179
tree 1480 2376 34 0 179
tree 1496 2392 38 0 179
tree 1480 2392 38 0 179
tree 1512 2392 34 0 179
tree 1624 2376 2 0 179
tree 1640 2392 38 0 179
tree 1768 2392 38 0 179
tree 1768 2376 40 0 179
tree 1784 2376 38 0 179
tree 1848 2392 34 0 179
tree 1864 2392 37 0 179
stand 2192 2376 176 0 179
tree 2184 2384 33 0 179
trop 2308 2372 109 179 179
cliff 2656 2384 33 179 179
tree 2808 2376 17 0 179
lay 2840 2392 32 0 179
cliff 2928 2368 21 179 179
tree 2968 2376 41 0 179
cliff 2944 2384 25 179 179
cliff 3040 2368 87 179 179
tree 136 2424 20 0 179
tree 408 2408 32 0 179
tree 424 2424 19 0 179
tree 510 2402 26 0 179
zabor 592 2416 1 0 2
zabor 592 2416 3 0 6
zabor 592 2416 24 0 8
zabor 720 2416 9 0 2
zabor 720 2416 3 0 6
zabor 720 2416 25 0 8
lay 830 2418 5 0 179
zabor 1040 2416 9 0 2
zabor 1040 2416 11 0 6
zabor 1040 2416 25 0 8
zabor 1264 2416 17 0 2
zabor 1264 2416 19 0 6
zabor 1264 2416 24 0 8
tree 1352 2424 34 0 179
tree 1368 2408 38 0 179
tree 1352 2408 36 0 179
tree 1528 2408 40 0 179
tree 1768 2408 40 0 179
tree 1880 2408 34 0 179
tree 1864 2408 40 0 179
tree 1912 2408 36 0 179
tree 1896 2408 2 0 179
tree 1928 2408 38 0 179
tree 2088 2400 21 0 179
tree 2416 2408 38 0 179
tree 2464 2424 37 0 179
cliff 2672 2400 52 179 179
cliff 2704 2400 32 179 179
cliff 2720 2416 36 179 179
lay 2840 2408 37 0 179
cliff 3040 2400 85 179 179
tree 152 2456 30 0 179
tree 424 2456 28 0 179
tree 424 2440 7 0 179
zabor 592 2448 1 0 2
zabor 592 2448 19 0 6
zabor 592 2448 31 0 8
trop 618 2446 195 179 179
zabor 720 2448 1 0 2
zabor 720 2448 11 0 6
zabor 720 2448 24 0 8
lay 766 2450 8 0 179
zabor 1040 2448 17 0 2
zabor 1040 2448 3 0 6
zabor 1040 2448 30 0 8
zabor 1264 2448 9 0 2
zabor 1264 2448 11 0 6
zabor 1264 2448 28 0 8
tree 1352 2456 37 0 179
tree 2464 2440 7 0 179
tree 2528 2456 36 0 179
tree 2544 2456 4 0 179
tree 2592 2440 40 0 179
tree 2608 2440 10 0 179
tree 2624 2440 41 0 179
cliff 2736 2432 30 179 179
cliff 2736 2448 15 179 179
cliff 2976 2448 47 179 179
cliff 3056 2432 84 179 179
tree 168 2488 8 0 179
tree 408 2488 6 0 179
tree 408 2472 1 0 179
tree 424 2472 18 0 179
trop 494 2484 32 179 179
zabor 592 2480 17 0 2
zabor 592 2480 19 0 6
zabor 592 2480 31 0 8
zabor 720 2480 1 0 2
zabor 720 2480 11 0 6
zabor 720 2480 26 0 8
trop 706 2494 195 179 179
lay 782 2466 8 0 179
tree 888 2488 37 0 179
tree 872 2472 37 0 179
lay 890 2488 28 0 179
zabor 1040 2480 1 0 2
zabor 1040 2480 3 0 6
zabor 1040 2480 27 0 8
zabor 1264 2480 17 0 2
zabor 1264 2480 3 0 6
zabor 1264 2480 27 0 8
tree 1352 2488 38 0 179
tree 1768 2472 18 0 179
dom 1992 2464 314 0 179
tree 2112 2488 22 0 179
tree 2112 2472 13 0 179
tree 2400 2488 31 0 179
tree 2400 2472 5 0 179
cliff 2752 2480 35 179 179
cliff 2992 2480 42 179 179
cliff 3056 2464 84 179 179
tree 184 2504 15 0 179
tree 168 2504 14 0 179
tree 392 2520 4 0 179
tree 408 2504 9 0 179
zabor 592 2512 8 0 0
zabor 592 2512 11 0 6
zabor 592 2512 28 0 8
zabor 624 2512 16 0 0
zabor 624 2512 18 0 4
zabor 624 2512 30 0 8
zabor 656 2512 8 0 0
zabor 656 2512 10 0 4
zabor 656 2512 27 0 8
zabor 688 2512 16 0 0
zabor 688 2512 10 0 4
zabor 688 2512 30 0 8
zabor 720 2512 11 0 6
zabor 720 2512 2 0 4
zabor 720 2512 29 0 8
tree 888 2520 40 0 179
zabor 1040 2512 1 0 2
zabor 1040 2512 3 0 6
zabor 1040 2512 25 0 8
zabor 1264 2512 17 0 2
zabor 1264 2512 3 0 6
zabor 1264 2512 29 0 8
tree 1368 2504 38 0 179
tree 1546 2504 15 0 179
dom 1896 2496 290 0 179
trop 2084 2524 101 179 179
tree 2400 2520 18 0 179
tree 2400 2504 33 0 179
lay 2560 2504 9 0 179
cliff 2768 2496 31 179 179
cliff 2784 2512 36 179 179
cliff 2992 2496 43 179 179
cliff 2992 2512 42 179 179
tree 3032 2504 8 0 179
tree 3016 2504 14 0 179
cliff 3088 2512 100 179 179
cliff 3072 2496 108 179 179
tree 248 2552 1 0 179
tree 232 2536 12 0 179
tree 280 2552 39 0 179
tree 312 2536 7 0 179
tree 296 2552 11 0 179
tree 328 2536 12 0 179
stand 590 2546 320 0 179
tree 750 2546 25 0 179
trop 810 2534 96 179 179
tree 872 2536 37 0 179
zabor 1040 2544 1 0 2
zabor 1040 2544 11 0 6
zabor 1040 2544 24 0 8
zabor 1264 2544 9 0 2
zabor 1264 2544 11 0 6
zabor 1264 2544 30 0 8
fre 1326 2532 8 179 179
tree 1384 2536 38 0 179
tree 1432 2536 34 0 179
tree 1416 2536 37 0 179
tree 1448 2536 40 0 179
tree 1448 2552 38 0 179
fre 1526 2540 33 179 179
tree 1776 2552 26 0 179
trop 1884 2548 98 179 179
dom 2216 2528 291 0 179
tree 2400 2536 20 0 179
cliff 2800 2528 28 179 179
cliff 2816 2544 33 179 179
cliff 2960 2544 40 179 179
tree 3000 2552 4 0 179
cliff 2976 2528 41 179 179
tree 3016 2552 8 0 179
tree 3064 2536 3 0 179
cliff 3120 2544 104 179 179
cliff 3104 2528 106 179 179
tree 184 2568 19 0 179
tree 168 2568 36 0 179
tree 200 2584 20 0 179
trop 494 2572 36 179 179
trop 674 2582 195 179 179
tree 734 2562 20 0 179
tree 766 2562 20 0 179
tree 766 2578 20 0 179
stand 782 2562 36 0 179
tree 872 2584 36 0 179
tree 872 2568 36 0 179
zabor 1040 2576 8 0 0
zabor 1040 2576 19 0 6
zabor 1040 2576 28 0 8
zabor 1072 2576 0 0 0
zabor 1072 2576 18 0 4
zabor 1072 2576 28 0 8
zabor 1104 2576 0 0 0
zabor 1104 2576 18 0 4
zabor 1104 2576 28 0 8
zabor 1136 2576 16 0 0
zabor 1136 2576 2 0 4
zabor 1136 2576 30 0 8
zabor 1168 2576 8 0 0
zabor 1168 2576 2 0 4
zabor 1168 2576 30 0 8
zabor 1200 2576 16 0 0
zabor 1200 2576 18 0 4
zabor 1200 2576 30 0 8
zabor 1232 2576 16 0 0
zabor 1232 2576 2 0 4
zabor 1232 2576 30 0 8
zabor 1264 2576 3 0 6
zabor 1264 2576 10 0 4
zabor 1264 2576 29 0 8
tree 1336 2568 37 0 179
tree 1368 2584 38 0 179
tree 1368 2568 34 0 179
tree 1352 2568 34 0 179
tree 1432 2568 34 0 179
tree 1776 2568 3 0 179
tree 2128 2568 10 0 179
tree 2144 2568 40 0 179
trop 2308 2564 100 179 179
dom 2440 2560 317 0 179
dom 2536 2560 314 0 179
cliff 2832 2560 52 179 179
cliff 2864 2560 51 179 179
cliff 2896 2560 52 179 179
cliff 2944 2560 40 179 179
tree 3048 2584 0 0 179
cliff 3120 2560 84 179 179
tree 184 2616 20 0 179
tree 216 2616 37 0 179
tree 312 2616 27 0 179
tree 296 2600 19 0 179
lay 490 2600 5 0 179
dom 672 2592 310 0 179
tree 766 2594 26 0 179
tree 750 2610 24 0 179
tree 766 2610 25 0 179
tree 778 2600 0 0 179
trop 954 2614 193 179 179
lay 1002 2616 17 0 179
tree 1336 2600 34 0 179
stand 1936 2616 164 0 179
lay 2208 2616 9 0 179
trop 2252 2596 100 179 179
stand 2344 2600 2 0 179
tree 2680 2616 0 0 179
cliff 3120 2592 85 179 179
tree 216 2648 19 0 179
tree 328 2648 9 0 179
dom 576 2624 311 0 179
tree 750 2626 26 0 179
tree 766 2626 26 0 179
tree 766 2642 25 0 179
tree 782 2626 25 0 179
trop 1004 2652 14 179 179
trop 1468 2636 205 179 179
stand 1856 2632 147 0 179
stand 2152 2632 4 0 179
trop 2244 2636 99 179 179
stand 2592 2648 151 0 179
tree 2696 2632 17 0 179
tree 2744 2632 41 0 179
cliff 3120 2624 86 179 179
tree 184 2664 34 0 179
tree 216 2680 9 0 179
fre 414 2668 1 179 179
trop 526 2684 41 179 179
tree 750 2674 25 0 179
tree 782 2658 26 0 179
tree 782 2674 25 0 179
lay 1002 2664 15 0 179
fre 1334 2668 12 179 179
fre 1510 2660 37 179 179
tree 1712 2664 4 0 179
tree 1760 2664 17 0 179
tree 1776 2664 11 0 179
tree 1792 2664 4 0 179
tree 1824 2680 6 0 179
trop 1988 2676 105 179 179
lay 2016 2680 3 0 179
trop 2188 2668 102 179 179
trop 2260 2660 99 179 179
lay 2320 2680 6 0 179
trop 2364 2668 104 179 179
tree 2712 2664 10 0 179
tree 2744 2680 38 0 179
tree 2728 2680 24 0 179
cliff 3120 2656 86 179 179
cliff 3568 2672 116 179 179
cliff 3584 2672 122 179 179
cliff 3616 2672 124 179 179
cliff 3648 2672 123 179 179
cliff 3680 2672 123 179 179
cliff 3712 2672 121 179 179
cliff 3744 2672 123 179 179
cliff 3776 2672 124 179 179
cliff 3808 2672 124 179 179
cliff 3840 2672 101 179 179
tree 168 2712 30 0 179
tree 184 2696 36 0 179
tree 200 2696 22 0 179
tree 216 2696 3 0 179
tree 360 2696 6 0 179
fre 406 2692 3 179 179
trop 842 2718 94 179 179
lay 878 2706 4 0 179
lay 958 2706 10 0 179
tree 968 2712 34 0 179
tree 984 2696 2 0 179
lay 1018 2712 28 0 179
lay 1034 2712 28 0 179
tree 1064 2712 34 0 179
tree 1194 2696 23 0 179
fre 1470 2716 31 179 179
lay 1658 2712 28 0 179
trop 2124 2700 95 179 179
trop 2260 2700 95 179 179
tree 2560 2712 22 0 179
tree 2736 2696 7 0 179
cliff 3120 2688 86 179 179
cliff 3552 2704 112 179 179
cliff 3856 2688 106 179 179
cliff 3872 2704 121 179 179
cliff 3904 2704 100 179 179
tree 168 2728 21 0 179
trop 614 2748 42 179 179
fre 694 2724 0 179 179
lay 1066 2744 28 0 179
tree 1178 2728 16 0 179
cliff 1282 2736 9 179 179
cliff 1282 2720 63 179 179
zabor 1744 2736 34 0 9
stand 1792 2728 53 0 179
stand 1824 2728 53 0 179
lay 1834 2744 27 0 179
dom 1992 2720 318 0 179
stand 2128 2744 177 0 179
tree 2608 2728 26 0 179
tree 2624 2728 20 0 179
tree 2672 2728 2 0 179
lay 2752 2744 11 0 179
cliff 3136 2736 80 179 179
cliff 3520 2736 120 179 179
cliff 3520 2720 116 179 179
cliff 3920 2720 106 179 179
cliff 3936 2736 121 179 179
cliff 3968 2736 100 179 179
tree 184 2760 15 0 179
tree 184 2776 8 0 179
tree 168 2760 34 0 179
tree 216 2760 7 0 179
tree 200 2776 13 0 179
lay 330 2776 9 0 179
tree 952 2760 34 0 179
tree 1178 2776 20 0 179
tree 1178 2760 20 0 179
fre 1238 2772 20 179 179
fre 1470 2756 24 179 179
zabor 1744 2768 35 0 9
dom 2248 2752 289 0 179
trop 2372 2780 102 179 179
dom 2472 2752 290 0 179
cliff 3072 2768 63 179 179
cliff 3104 2752 74 179 179
cliff 3520 2768 119 179 179
cliff 3984 2752 105 179 179
cliff 4000 2768 123 179 179
cliff 4032 2768 124 179 179
cliff 4064 2768 124 179 179
tree 90 2808 22 0 179
fre 590 2788 2 179 179
tree 984 2792 34 0 179
tree 1000 2808 2 0 179
lay 1082 2792 28 0 179
fre 1270 2796 25 179 179
fre 1334 2796 23 179 179
fre 1350 2788 36 179 179
tree 1400 2808 2 0 179
tree 1450 2808 14 0 179
zabor 1744 2800 1 0 2
zabor 1744 2800 15 0 7
zabor 1744 2800 29 0 8
stand 2208 2808 151 0 179
trop 2252 2812 98 179 179
cliff 3088 2784 10 179 179
stand 122 2824 190 0 179
tree 154 2824 23 0 179
tree 264 2840 27 0 179
tree 952 2824 36 0 179
tree 952 2840 36 0 179
tree 968 2840 38 0 179
tree 1000 2824 34 0 179
tree 1416 2840 36 0 179
tree 1416 2824 34 0 179
zabor 1744 2832 17 0 2
zabor 1744 2832 19 0 6
zabor 1744 2832 30 0 8
stand 2128 2840 53 0 179
stand 2144 2840 53 0 179
stand 2624 2840 53 0 179
stand 2656 2840 53 0 179
stand 2752 2824 150 0 179
cliff 3504 2816 112 179 179
tree 90 2856 23 0 179
trop 646 2876 30 179 179
tree 1432 2872 37 0 179
tree 1416 2856 36 0 179
tree 1448 2856 38 0 179
tree 1448 2872 38 0 179
zabor 1744 2864 17 0 2
zabor 1744 2864 3 0 6
zabor 1744 2864 29 0 8
dom 1960 2848 309 0 179
tree 152 2904 19 0 179
tree 168 2904 27 0 179
tree 202 2888 6 0 179
tree 266 2888 14 0 179
tree 328 2904 32 0 179
tree 344 2904 29 0 179
zabor 1744 2896 17 0 2
zabor 1744 2896 3 0 6
zabor 1744 2896 25 0 8
zabor 2160 2896 35 0 9
zabor 2192 2896 37 0 9
stand 2432 2888 166 0 179
trop 3156 2908 195 179 179
tree 184 2920 32 0 179
tree 168 2920 32 0 179
dom 512 2912 280 0 179
dom 704 2912 279 0 179
tree 922 2920 19 0 179
zabor 1744 2928 17 0 2
zabor 1744 2928 19 0 6
zabor 1744 2928 29 0 8
zabor 2192 2928 33 0 9
zabor 2224 2928 32 0 9
trop 2372 2916 96 179 179
trop 3092 2924 192 179 179
trop 3212 2924 193 179 179
trop 3236 2932 192 179 179
tree 216 2968 27 0 179
tree 200 2952 5 0 179
tree 328 2968 9 0 179
tree 906 2952 18 0 179
lay 938 2968 11 0 179
zabor 1744 2960 1 0 2
zabor 1744 2960 19 0 6
zabor 1744 2960 27 0 8
zabor 2224 2960 34 0 9
lay 2384 2952 5 0 179
dom 2536 2944 314 0 179
tree 168 3000 4 0 179
tree 280 3000 9 0 179
tree 328 2984 7 0 179
zabor 1744 2992 9 0 2
zabor 1744 2992 11 0 6
zabor 1744 2992 27 0 8
tree 168 3016 19 0 179
trop 646 3036 30 179 179
zabor 1744 3024 17 0 2
zabor 1744 3024 19 0 6
zabor 1744 3024 24 0 8
tree 1952 3016 26 0 179
tree 2016 3032 32 0 179
stand 2328 3016 4 0 179
stand 2464 3016 147 0 179
dom 2600 3008 309 0 179
tree 168 3048 5 0 179
dom 480 3040 87 0 179
tree 1560 3064 37 0 179
zabor 1744 3056 1 0 2
zabor 1744 3056 3 0 6
zabor 1744 3056 24 0 8
zabor 2128 3056 36 0 9
zabor 2192 3056 36 0 9
zabor 2224 3056 17 0 2
zabor 2224 3056 6 0 5
zabor 2224 3056 31 0 8
trop 2404 3052 123 179 179
trop 2428 3068 98 179 179
tree 168 3096 31 0 179
tree 168 3080 5 0 179
dom 704 3072 283 0 179
dom 832 3072 282 0 179
tree 1048 3080 17 0 179
tree 1032 3096 35 0 179
tree 1064 3080 2 0 179
tree 1560 3096 34 0 179
tree 1560 3080 2 0 179
zabor 1744 3088 8 0 0
zabor 1744 3088 11 0 6
zabor 1744 3088 31 0 8
zabor 1776 3088 16 0 0
zabor 1776 3088 18 0 4
zabor 1776 3088 30 0 8
zabor 1808 3088 16 0 0
zabor 1808 3088 10 0 4
zabor 1808 3088 29 0 8
zabor 1840 3088 0 0 0
zabor 1840 3088 18 0 4
zabor 1840 3088 31 0 8
zabor 1872 3088 0 0 0
zabor 1872 3088 18 0 4
zabor 1872 3088 26 0 8
zabor 1904 3088 0 0 0
zabor 1904 3088 10 0 4
zabor 1904 3088 29 0 8
zabor 1936 3088 8 0 0
zabor 1936 3088 18 0 4
zabor 1936 3088 26 0 8
zabor 1968 3088 16 0 0
zabor 1968 3088 10 0 4
zabor 1968 3088 30 0 8
zabor 2000 3088 16 0 0
zabor 2000 3088 10 0 4
zabor 2000 3088 27 0 8
zabor 2032 3088 0 0 0
zabor 2032 3088 18 0 4
zabor 2032 3088 27 0 8
zabor 2064 3088 8 0 0
zabor 2064 3088 10 0 4
zabor 2064 3088 29 0 8
zabor 2096 3088 16 0 0
zabor 2096 3088 18 0 4
zabor 2096 3088 24 0 8
zabor 2128 3088 0 0 0
zabor 2128 3088 7 0 7
zabor 2128 3088 10 0 4
zabor 2128 3088 26 0 8
zabor 2160 3088 12 0 1
zabor 2160 3088 18 0 4
zabor 2160 3088 30 0 8
zabor 2192 3088 33 0 9
zabor 2224 3088 20 0 1
zabor 2224 3088 11 0 6
zabor 2224 3088 6 0 5
zabor 2224 3088 24 0 8
zabor 2256 3088 39 0 9
zabor 2288 3088 35 0 9
tree 2440 3096 26 0 179
tree 2456 3096 21 0 179
tree 2440 3080 26 0 179
tree 2504 3096 24 0 179
tree 2536 3096 21 0 179
tree 2616 3096 24 0 179
tree 2600 3096 20 0 179
tree 168 3112 27 0 179
tree 250 3128 4 0 179
dom 354 3120 160 0 179
tree 1594 3112 13 0 179
tree 2456 3128 20 0 179
tree 2456 3112 20 0 179
tree 2472 3128 21 0 179
tree 2472 3112 22 0 179
tree 2488 3128 39 0 179
tree 2584 3112 25 0 179
tree 2568 3112 24 0 179
lay 2672 3128 10 0 179
tree 2472 3144 26 0 179
tree 2488 3144 23 0 179
tree 2512 3144 14 0 179
tree 2504 3160 22 0 179
tree 2568 3144 20 0 179
tree 2600 3144 22 0 179
tree 2632 3160 21 0 179
trop 3116 3156 192 179 179
trop 3188 3164 195 179 179
trop 3244 3164 192 179 179
trop 158 3196 31 179 179
trop 278 3196 37 179 179
trop 350 3196 33 179 179
trop 430 3196 33 179 179
trop 502 3196 34 179 179
trop 646 3196 43 179 179
trop 790 3196 37 179 179
trop 870 3196 33 179 179
trop 958 3196 33 179 179
trop 1022 3188 34 179 179
tree 2488 3176 26 0 179
trop 1134 3220 42 179 179
tree 1240 3208 21 0 179
tree 1224 3208 1 0 179
tree 1224 3224 15 0 179
tree 1256 3208 37 0 179
tree 1304 3224 2 0 179
tree 1288 3224 31 0 179
tree 1368 3208 9 0 179
tree 1352 3208 2 0 179
trop 2444 3204 102 179 179
tree 2504 3208 24 0 179
tree 2504 3224 25 0 179
tree 2536 3224 20 0 179
tree 2648 3224 23 0 179
tree 2664 3224 20 0 179
dom 320 3232 283 0 179
stand 584 3240 4 0 179
dom 736 3232 312 0 179
dom 1024 3232 293 0 179
tree 1368 3256 28 0 179
tree 1352 3256 27 0 179
tree 1592 3256 24 0 179
tree 1624 3256 30 0 179
tree 2008 3240 22 0 179
tree 2024 3256 25 0 179
tree 2104 3256 25 0 179
tree 2376 3256 23 0 179
tree 2392 3256 23 0 179
tree 2536 3240 26 0 179
lay 2616 3256 25 0 179
tree 2632 3256 25 0 179
tree 2648 3240 23 0 179
tree 2680 3256 26 0 179
tree 2680 3240 24 0 179
tree 2664 3240 26 0 179
cliff 3056 3248 73 179 179
cliff 3088 3232 80 179 179
cliff 3072 3232 65 179 179
cliff 3376 3248 64 179 179
tree 264 3288 34 0 179
tree 264 3272 37 0 179
dom 482 3280 279 0 179
trop 1062 3292 146 179 179
tree 1464 3288 10 0 179
tree 1976 3272 24 0 179
tree 2008 3288 25 0 179
tree 1992 3272 20 0 179
tree 2008 3272 23 0 179
tree 2040 3272 24 0 179
tree 2024 3272 26 0 179
tree 2040 3288 23 0 179
tree 2024 3288 26 0 179
tree 2072 3288 23 0 179
tree 2056 3272 13 0 179
tree 2104 3272 25 0 179
tree 2088 3272 21 0 179
tree 2088 3288 20 0 179
tree 2136 3288 24 0 179
tree 2120 3288 25 0 179
tree 2136 3272 26 0 179
tree 2152 3272 21 0 179
tree 2328 3288 2 0 179
tree 2376 3288 20 0 179
tree 2392 3288 25 0 179
tree 2376 3272 21 0 179
trop 2444 3276 96 179 179
tree 2520 3288 22 0 179
tree 2504 3288 24 0 179
tree 2520 3272 21 0 179
tree 2552 3288 23 0 179
tree 2632 3272 20 0 179
tree 2664 3288 25 0 179
cliff 3040 3280 79 179 179
cliff 3344 3264 117 179 179
lay 3352 3288 44 0 179
cliff 3360 3264 32 179 179
dom 160 3296 281 0 179
trop 1166 3324 35 179 179
lay 1226 3320 8 0 179
dom 1248 3296 311 0 179
dom 1344 3296 314 0 179
tree 1400 3304 34 0 179
tree 1432 3304 12 0 179
tree 1464 3304 8 0 179
tree 1448 3304 21 0 179
tree 2040 3320 25 0 179
tree 2040 3304 39 0 179
tree 2056 3320 23 0 179
tree 2056 3304 39 0 179
tree 2168 3304 23 0 179
lay 2232 3304 28 0 179
tree 2328 3304 34 0 179
tree 2360 3320 2 0 179
tree 2344 3304 36 0 179
tree 2376 3320 36 0 179
tree 2376 3304 39 0 179
tree 2392 3320 39 0 179
tree 2392 3304 22 0 179
trop 2500 3308 98 179 179
tree 2536 3304 20 0 179
tree 2776 3320 36 0 179
cliff 2976 3312 84 179 179
cliff 3008 3296 75 179 179
cliff 3232 3312 117 179 179
cliff 3248 3312 123 179 179
cliff 3280 3312 123 179 179
cliff 3328 3296 110 179 179
lay 3336 3304 43 0 179
lay 3368 3320 45 0 179
tree 170 3352 15 0 179
trop 646 3356 30 179 179
trop 1190 3348 41 179 179
lay 2056 3352 39 0 179
tree 2056 3352 25 0 179
tree 2056 3336 23 0 179
tree 2072 3336 26 0 179
tree 2232 3352 22 0 179
tree 2232 3336 23 0 179
tree 2344 3352 24 0 179
tree 2376 3352 26 0 179
tree 2392 3352 23 0 179
tree 2392 3336 22 0 179
lay 2536 3336 16 0 179
tree 2776 3336 37 0 179
tree 2792 3352 22 0 179
tree 2808 3352 1 0 179
cliff 2992 3344 108 179 179
tree 3256 3336 39 0 179
tree 3240 3336 25 0 179
cliff 3232 3328 118 179 179
tree 3272 3352 21 0 179
tree 3288 3352 20 0 179
lay 3352 3352 0 0 179
fre 398 3372 0 179 179
tree 1050 3368 18 0 179
tree 1082 3368 5 0 179
trop 1318 3380 31 179 179
trop 1460 3380 37 179 179
trop 1588 3388 34 179 179
tree 1976 3368 20 0 179
tree 1960 3384 39 0 179
tree 1992 3368 25 0 179
lay 2040 3368 37 0 179
tree 2040 3368 23 0 179
tree 2024 3384 28 0 179
tree 2056 3384 26 0 179
tree 2232 3384 39 0 179
tree 2328 3384 36 0 179
tree 2344 3384 26 0 179
tree 2360 3384 21 0 179
tree 2376 3368 37 0 179
tree 2392 3384 25 0 179
tree 2808 3368 17 0 179
tree 2824 3368 41 0 179
cliff 3008 3376 85 179 179
cliff 3008 3360 102 179 179
cliff 3232 3360 118 179 179
tree 3288 3384 26 0 179
tree 3272 3368 21 0 179
tree 3320 3368 24 0 179
tree 3336 3368 21 0 179
tree 3448 3384 39 0 179
stand 376 3400 139 0 179
dom 514 3408 269 0 179
dom 706 3408 280 0 179
dom 898 3408 281 0 179
trop 1700 3420 42 179 179
tree 1960 3416 21 0 179
tree 2040 3416 22 0 179
tree 2056 3400 20 0 179
tree 2056 3416 21 0 179
tree 2072 3416 39 0 179
lay 2168 3416 25 0 179
tree 2232 3416 23 0 179
tree 2232 3400 39 0 179
tree 2312 3416 2 0 179
tree 2344 3416 20 0 179
tree 2344 3400 25 0 179
tree 2360 3416 23 0 179
tree 2376 3400 20 0 179
tree 2392 3400 21 0 179
tree 2408 3416 25 0 179
trop 2444 3404 96 179 179
cliff 3024 3408 107 179 179
cliff 3248 3408 98 179 179
cliff 3232 3392 91 179 179
tree 3288 3400 24 0 179
tree 3336 3400 23 0 179
tree 152 3432 37 0 179
tree 136 3432 2 0 179
tree 136 3448 34 0 179
tree 216 3448 40 0 179
tree 826 3448 18 0 179
dom 1184 3424 312 0 179
tree 1976 3448 26 0 179
tree 1960 3432 24 0 179
tree 1992 3448 21 0 179
tree 2216 3448 26 0 179
lay 2248 3448 28 0 179
tree 2328 3432 37 0 179
tree 2360 3448 37 0 179
tree 2360 3432 22 0 179
tree 2376 3432 39 0 179
tree 2392 3432 23 0 179
tree 2408 3448 22 0 179
tree 2792 3432 1 0 179
tree 2824 3448 5 0 179
cliff 3040 3440 84 179 179
cliff 3040 3424 100 179 179
tree 3288 3432 22 0 179
tree 3272 3432 24 0 179
cliff 3264 3424 118 179 179
tree 1082 3480 5 0 179
cliff 1424 3472 50 179 179
cliff 1456 3472 52 179 179
cliff 1488 3472 49 179 179
cliff 1520 3472 50 179 179
cliff 1552 3472 31 179 179
tree 1816 3464 4 0 179
tree 1976 3464 21 0 179
tree 1992 3464 23 0 179
tree 2056 3464 41 0 179
tree 2056 3480 41 0 179
tree 2216 3464 24 0 179
tree 2232 3480 23 0 179
tree 2248 3480 21 0 179
tree 2248 3464 23 0 179
tree 2360 3464 23 0 179
trop 2508 3468 99 179 179
tree 2872 3464 41 0 179
tree 2904 3480 6 0 179
cliff 3040 3472 84 179 179
cliff 3280 3472 98 179 179
cliff 3264 3456 95 179 179
tree 3336 3464 11 0 179
trop 646 3516 30 179 179
stand 1050 3512 166 0 179
stand 1082 3512 178 0 179
tree 1496 3512 5 0 179
cliff 1584 3504 51 179 179
cliff 1568 3488 34 179 179
cliff 1616 3504 31 179 179
trop 1764 3516 41 179 179
tree 2200 3496 39 0 179
tree 2232 3512 24 0 179
tree 2216 3512 22 0 179
tree 2216 3496 26 0 179
tree 2296 3512 26 0 179
tree 2280 3512 22 0 179
tree 2408 3512 23 0 179
tree 2408 3496 39 0 179
tree 2424 3496 24 0 179
tree 2520 3512 24 0 179
tree 2504 3512 25 0 179
tree 2536 3512 39 0 179
cliff 3040 3504 87 179 179
cliff 3296 3488 118 179 179
trop 158 3540 42 179 179
dom 354 3536 267 0 179
dom 514 3536 268 0 179
dom 706 3536 282 0 179
dom 866 3536 283 0 179
tree 1528 3528 6 0 179
tree 1512 3544 30 0 179
tree 1560 3544 28 0 179
tree 1560 3528 33 0 179
tree 1544 3528 30 0 179
tree 1576 3544 18 0 179
cliff 1616 3520 15 179 179
trop 1852 3548 31 179 179
tree 2168 3528 24 0 179
tree 2200 3528 26 0 179
tree 2232 3528 21 0 179
tree 2216 3528 24 0 179
tree 2328 3544 26 0 179
tree 2328 3528 26 0 179
tree 2344 3544 20 0 179
tree 2344 3528 21 0 179
tree 2360 3544 23 0 179
trop 2452 3532 96 179 179
tree 2520 3544 39 0 179
tree 2536 3528 25 0 179
tree 2872 3528 6 0 179
tree 2904 3528 12 0 179
tree 2936 3528 9 0 179
cliff 3040 3536 83 179 179
cliff 3296 3520 119 179 179
tree 1528 3560 18 0 179
cliff 1616 3552 14 179 179
trop 1908 3580 42 179 179
tree 2328 3560 22 0 179
tree 2328 3576 25 0 179
tree 2344 3560 25 0 179
tree 2504 3560 21 0 179
tree 2504 3576 39 0 179
cliff 3040 3568 83 179 179
cliff 3296 3552 119 179 179
tree 104 3608 32 0 179
stand 248 3608 2 0 179
tree 266 3608 16 0 179
cliff 1648 3600 28 179 179
cliff 1632 3584 33 179 179
tree 2024 3608 29 0 179
lay 2264 3592 28 0 179
tree 2328 3608 24 0 179
tree 2344 3592 22 0 179
tree 2392 3608 26 0 179
tree 2408 3608 25 0 179
tree 2408 3592 21 0 179
tree 2504 3592 22 0 179
tree 2520 3608 23 0 179
cliff 3040 3600 86 179 179
lay 3304 3608 32 0 179
cliff 3296 3600 21 179 179
cliff 3296 3584 119 179 179
tree 104 3624 28 0 179
trop 222 3636 41 179 179
stand 696 3624 2 0 179
cliff 1680 3632 49 179 179
cliff 1664 3616 35 179 179
cliff 1712 3632 50 179 179
cliff 1744 3632 30 179 179
tree 2040 3624 27 0 179
tree 2344 3624 21 0 179
tree 2360 3624 24 0 179
tree 2376 3624 20 0 179
tree 2408 3640 20 0 179
tree 2520 3640 25 0 179
tree 2504 3640 22 0 179
tree 2840 3640 1 0 179
cliff 3296 3616 93 179 179
tree 104 3672 28 0 179
trop 310 3668 37 179 179
trop 342 3676 34 179 179
trop 486 3676 31 179 179
trop 646 3676 43 179 179
trop 806 3676 31 179 179
trop 942 3676 37 179 179
dom 1632 3648 316 0 179
cliff 1744 3648 14 179 179
tree 2040 3656 5 0 179
trop 2460 3660 96 179 179
tree 2520 3656 25 0 179
tree 2840 3672 12 0 179
tree 2840 3656 17 0 179
tree 2856 3672 2 0 179
cliff 3024 3664 73 179 179
cliff 3056 3648 80 179 179
cliff 3328 3648 47 179 179
cliff 3328 3664 47 179 179
zabor 1392 3696 1 0 2
zabor 1392 3696 0 0 0
zabor 1392 3696 24 0 8
zabor 1424 3696 16 0 0
zabor 1424 3696 2 0 4
zabor 1424 3696 30 0 8
zabor 1456 3696 0 0 0
zabor 1456 3696 18 0 4
zabor 1456 3696 25 0 8
zabor 1488 3696 16 0 0
zabor 1488 3696 2 0 4
zabor 1488 3696 26 0 8
zabor 1520 3696 8 0 0
zabor 1520 3696 18 0 4
zabor 1520 3696 30 0 8
zabor 1552 3696 9 0 2
zabor 1552 3696 2 0 4
zabor 1552 3696 25 0 8
cliff 1776 3696 32 179 179
cliff 1760 3680 35 179 179
trop 1948 3708 30 179 179
tree 2040 3688 32 0 179
tree 2216 3704 22 0 179
tree 2216 3688 22 0 179
tree 2408 3688 24 0 179
tree 2424 3688 21 0 179
tree 2856 3688 25 0 179
cliff 2992 3680 83 179 179
cliff 3328 3696 41 179 179
tree 3384 3688 21 0 179
tree 3400 3704 24 0 179
stand 584 3736 4 0 179
zabor 1392 3728 17 0 2
zabor 1392 3728 11 0 6
zabor 1392 3728 30 0 8
zabor 1552 3728 17 0 2
zabor 1552 3728 11 0 6
zabor 1552 3728 27 0 8
cliff 1776 3712 13 179 179
tree 2184 3736 20 0 179
tree 2216 3736 26 0 179
tree 2216 3720 24 0 179
tree 2232 3736 26 0 179
cliff 2992 3712 83 179 179
cliff 3280 3728 41 179 179
cliff 3296 3712 41 179 179
cliff 3312 3712 41 179 179
tree 3400 3736 23 0 179
tree 88 3768 4 0 179
tree 104 3768 4 0 179
dom 512 3744 74 0 179
zabor 1392 3760 1 0 2
zabor 1392 3760 11 0 6
zabor 1392 3760 31 0 8
zabor 1552 3760 9 0 2
zabor 1552 3760 11 0 6
zabor 1552 3760 27 0 8
cliff 1776 3744 13 179 179
tree 2200 3752 39 0 179
tree 2200 3768 23 0 179
tree 2232 3752 23 0 179
tree 2216 3752 24 0 179
lay 2344 3768 27 0 179
tree 2840 3768 4 0 179
cliff 2992 3744 85 179 179
cliff 3232 3760 117 179 179
cliff 3264 3744 110 179 179
tree 3352 3752 13 0 179
tree 3368 3768 11 0 179
tree 104 3800 33 0 179
tree 104 3784 5 0 179
dom 160 3776 280 0 179
dom 320 3776 75 0 179
trop 484 3804 9 179 179
zabor 1392 3792 1 0 2
zabor 1392 3792 19 0 6
zabor 1392 3792 25 0 8
zabor 1552 3792 1 0 2
zabor 1552 3792 3 0 6
zabor 1552 3792 31 0 8
tree 1640 3784 18 0 179
cliff 1776 3776 15 179 179
tree 2856 3784 40 0 179
cliff 3024 3792 101 179 179
cliff 3008 3776 107 179 179
cliff 3248 3792 98 179 179
cliff 3232 3776 94 179 179
tree 3304 3800 24 0 179
tree 3352 3784 23 0 179
tree 3368 3784 21 0 179
tree 3400 3784 25 0 179
tree 104 3816 29 0 179
trop 388 3812 9 179 179
trop 404 3812 7 179 179
trop 484 3820 10 179 179
trop 646 3836 30 179 179
dom 738 3824 280 0 179
dom 898 3824 281 0 179
tree 1240 3832 37 0 179
tree 1224 3816 2 0 179
dom 1312 3808 288 0 179
zabor 1392 3824 19 0 6
zabor 1392 3824 29 0 8
zabor 1552 3824 17 0 2
zabor 1552 3824 19 0 6
zabor 1552 3824 25 0 8
cliff 1776 3808 12 179 179
tree 2040 3832 6 0 179
tree 2872 3816 13 0 179
tree 2904 3816 7 0 179
tree 2904 3832 29 0 179
tree 2888 3832 25 0 179
tree 2936 3816 8 0 179
tree 2920 3816 8 0 179
tree 2920 3832 39 0 179
cliff 3024 3808 87 179 179
cliff 3264 3808 118 179 179
tree 3304 3816 21 0 179
tree 3400 3832 35 0 179
tree 3416 3816 20 0 179
tree 3400 3816 26 0 179
tree 3432 3832 25 0 179
tree 104 3864 18 0 179
tree 104 3848 8 0 179
tree 1048 3864 38 0 179
tree 1256 3864 37 0 179
zabor 1552 3856 9 0 2
zabor 1552 3856 11 0 6
zabor 1552 3856 26 0 8
tree 1720 3848 7 0 179
tree 1704 3848 19 0 179
tree 1704 3864 1 0 179
cliff 1776 3840 14 179 179
trop 1948 3860 30 179 179
tree 2040 3864 19 0 179
tree 2040 3848 19 0 179
lay 2120 3864 15 0 179
lay 2200 3864 21 0 179
lay 2280 3848 14 0 179
tree 2408 3864 21 0 179
tree 2408 3848 39 0 179
trop 2492 3868 94 179 179
tree 2888 3848 37 0 179
tree 2936 3848 10 0 179
tree 2936 3864 10 0 179
tree 2968 3848 37 0 179
cliff 3056 3856 104 179 179
cliff 3040 3840 107 179 179
cliff 3280 3856 97 179 179
cliff 3264 3840 95 179 179
tree 3320 3864 26 0 179
tree 3336 3864 21 0 179
tree 3432 3848 22 0 179
tree 104 3896 6 0 179
tree 282 3880 12 0 179
tree 1064 3880 40 0 179
tree 1224 3880 38 0 179
tree 1272 3880 37 0 179
zabor 1392 3888 1 0 2
zabor 1392 3888 28 0 8
zabor 1552 3888 9 0 2
zabor 1552 3888 11 0 6
zabor 1552 3888 24 0 8
tree 1592 3880 4 0 179
tree 1720 3896 29 0 179
cliff 1776 3872 11 179 179
tree 2040 3880 5 0 179
tree 2056 3896 19 0 179
tree 2104 3896 39 0 179
lay 2328 3896 27 0 179
tree 2392 3880 37 0 179
tree 2408 3880 26 0 179
tree 2568 3896 22 0 179
tree 2920 3896 33 0 179
tree 2936 3896 41 0 179
tree 2920 3880 9 0 179
cliff 3056 3872 86 179 179
cliff 3296 3872 118 179 179
tree 3336 3880 23 0 179
tree 104 3912 9 0 179
stand 584 3928 10 0 179
tree 698 3912 1 0 179
tree 1048 3912 40 0 179
tree 1064 3912 34 0 179
tree 1240 3912 37 0 179
tree 1224 3928 29 0 179
tree 1272 3912 36 0 179
zabor 1392 3920 9 0 2
zabor 1392 3920 11 0 6
zabor 1392 3920 31 0 8
zabor 1552 3920 17 0 2
zabor 1552 3920 11 0 6
zabor 1552 3920 25 0 8
tree 1720 3912 19 0 179
cliff 1776 3904 13 179 179
tree 2056 3912 7 0 179
tree 2136 3928 26 0 179
lay 2216 3928 27 0 179
tree 2408 3912 21 0 179
tree 2536 3912 26 0 179
tree 2536 3928 21 0 179
tree 2584 3928 25 0 179
tree 2584 3912 25 0 179
tree 2568 3912 25 0 179
tree 2824 3928 25 0 179
tree 2856 3912 37 0 179
tree 2904 3928 35 0 179
tree 2920 3928 40 0 179
tree 2936 3928 10 0 179
tree 2936 3912 39 0 179
cliff 3056 3904 87 179 179
cliff 3296 3904 94 179 179
tree 104 3960 28 0 179
tree 152 3960 38 0 179
tree 168 3960 37 0 179
tree 216 3960 40 0 179
tree 200 3960 36 0 179
tree 296 3960 34 0 179
tree 312 3960 34 0 179
tree 440 3944 19 0 179
tree 424 3944 3 0 179
tree 472 3960 33 0 179
tree 456 3960 32 0 179
tree 1064 3944 38 0 179
tree 1272 3944 40 0 179
tree 1256 3944 4 0 179
tree 1272 3960 5 0 179
tree 1304 3960 37 0 179
tree 1288 3960 34 0 179
tree 1336 3944 2 0 179
tree 1320 3944 37 0 179
zabor 1392 3952 1 0 2
zabor 1392 3952 3 0 6
zabor 1392 3952 25 0 8
zabor 1552 3952 1 0 2
zabor 1552 3952 11 0 6
zabor 1552 3952 25 0 8
tree 1720 3944 33 0 179
tree 1720 3960 4 0 179
tree 1704 3960 9 0 179
cliff 1776 3936 14 179 179
tree 2120 3944 22 0 179
lay 2232 3944 17 0 179
tree 2520 3960 39 0 179
tree 2536 3960 20 0 179
tree 2840 3960 21 0 179
tree 2824 3944 1 0 179
tree 2872 3960 4 0 179
tree 2904 3944 27 0 179
cliff 3072 3952 80 179 179
tree 104 3992 30 0 179
tree 104 3976 19 0 179
tree 120 3992 2 0 179
tree 136 3992 37 0 179
tree 200 3976 36 0 179
tree 296 3976 34 0 179
tree 328 3992 38 0 179
tree 360 3992 38 0 179
tree 376 3976 38 0 179
tree 392 3992 40 0 179
trop 646 3996 30 179 179
tree 824 3976 36 0 179
tree 840 3992 2 0 179
tree 1080 3976 34 0 179
tree 1128 3992 36 0 179
tree 1176 3976 2 0 179
tree 1160 3976 37 0 179
tree 1208 3992 2 0 179
tree 1192 3992 34 0 179
tree 1192 3976 37 0 179
tree 1336 3976 36 0 179
zabor 1392 3984 1 0 2
zabor 1392 3984 11 0 6
zabor 1392 3984 24 0 8
zabor 1552 3984 17 0 2
zabor 1552 3984 11 0 6
zabor 1552 3984 28 0 8
tree 1608 3976 9 0 179
tree 1704 3976 28 0 179
cliff 1776 3968 13 179 179
trop 1948 3980 30 179 179
trop 2492 3972 94 179 179
tree 2536 3976 25 0 179
cliff 3008 3984 87 179 179
cliff 3040 3968 75 179 179
tree 104 4008 5 0 179
tree 200 4008 40 0 179
tree 312 4024 37 0 179
tree 296 4024 36 0 179
tree 344 4008 40 0 179
tree 376 4024 2 0 179
tree 408 4008 36 0 179
tree 392 4008 36 0 179
tree 392 4024 2 0 179
fre 702 4028 2 179 179
tree 760 4024 40 0 179
tree 744 4024 40 0 179
tree 856 4008 2 0 179
tree 888 4008 40 0 179
tree 904 4008 36 0 179
tree 1016 4024 36 0 179
tree 1016 4008 38 0 179
tree 1000 4024 34 0 179
tree 1000 4008 36 0 179
tree 1080 4024 37 0 179
tree 1080 4008 36 0 179
tree 1112 4008 38 0 179
tree 1224 4008 36 0 179
tree 1272 4024 38 0 179
tree 1256 4008 40 0 179
tree 1304 4008 34 0 179
tree 1304 4024 38 0 179
tree 1288 4024 40 0 179
tree 1336 4024 2 0 179
tree 1336 4008 40 0 179
tree 1320 4008 40 0 179
tree 1352 4024 34 0 179
zabor 1392 4016 9 0 2
zabor 1392 4016 19 0 6
zabor 1392 4016 30 0 8
zabor 1552 4016 1 0 2
zabor 1552 4016 11 0 6
zabor 1552 4016 31 0 8
cliff 1776 4000 11 179 179
cliff 3008 4016 86 179 179
tree 792 4040 40 0 179
tree 776 4040 38 0 179
tree 808 4040 34 0 179
tree 1048 4040 36 0 179
tree 1032 4040 38 0 179
tree 1208 4040 40 0 179
tree 1192 4056 37 0 179
tree 1224 4040 34 0 179
tree 1336 4040 40 0 179
zabor 1392 4048 11 0 6
zabor 1392 4048 29 0 8
zabor 1552 4048 11 0 6
zabor 1552 4048 28 0 8
cliff 3024 4064 79 179 179
