tree 2152 120 30 0 179
tree 440 136 38 0 179
tree 456 136 27 0 179
tree 456 152 26 0 179
tree 1112 152 37 0 179
tree 1128 152 16 0 179
tree 1592 152 38 0 179
tree 1576 152 28 0 179
tree 1608 152 3 0 179
tree 2120 136 38 0 179
tree 2136 136 16 0 179
tree 2232 136 34 0 179
tree 2232 152 31 0 179
tree 2248 152 35 0 179
tree 344 168 13 0 179
tree 536 168 19 0 179
tree 728 184 28 0 179
tree 744 184 27 0 179
tree 984 184 1 0 179
tree 984 168 30 0 179
tree 1080 168 0 0 179
tree 1144 168 2 0 179
tree 1224 184 37 0 179
tree 1240 184 34 0 179
tree 1656 168 9 0 179
tree 1672 184 27 0 179
tree 1672 168 20 0 179
tree 1896 184 34 0 179
tree 1944 168 23 0 179
tree 2360 168 7 0 179
tree 2376 168 20 0 179
tree 3048 184 10 0 179
tree 3640 168 3 0 179
tree 3768 184 4 0 179
tree 3784 184 17 0 179
tree 760 200 3 0 179
tree 824 200 29 0 179
tree 840 216 5 0 179
tree 856 216 23 0 179
tree 888 216 24 0 179
tree 904 216 25 0 179
tree 1240 200 40 0 179
tree 1256 200 38 0 179
tree 1496 200 35 0 179
tree 1480 200 23 0 179
tree 1912 200 41 0 179
tree 3032 216 10 0 179
tree 3032 200 7 0 179
tree 3096 200 3 0 179
tree 3096 216 9 0 179
tree 3112 216 34 0 179
tree 1320 248 32 0 179
tree 1400 232 10 0 179
tree 1432 248 11 0 179
tree 1416 248 33 0 179
tree 2408 248 39 0 179
tree 2840 248 0 0 179
tree 2920 248 8 0 179
tree 2936 248 2 0 179
tree 3128 248 26 0 179
tree 1688 276 25 0 179
tree 1672 276 10 0 179
trop 1740 256 95 179 179
trop 1820 264 101 179 179
dom 2112 284 255 0 179
tree 2296 260 3 0 179
tree 2280 260 8 0 179
tree 2280 276 6 0 179
tree 2744 264 12 0 179
tree 2760 264 31 0 179
tree 2840 264 6 0 179
tree 2856 280 38 0 179
tree 2920 264 35 0 179
tree 3128 264 34 0 179
tree 3864 280 7 0 179
trop 1044 300 95 179 179
trop 1588 288 100 179 179
tree 1720 292 13 0 179
tree 1736 292 39 0 179
tree 1784 308 34 0 179
tree 1768 308 39 0 179
tree 2024 308 9 0 179
stand 2168 292 179 0 179
stand 2152 292 180 0 179
tree 2680 312 19 0 179
tree 2696 312 2 0 179
tree 2696 296 31 0 179
tree 2856 296 1 0 179
tree 3224 312 14 0 179
tree 3272 312 11 0 179
tree 3592 312 25 0 179
tree 3592 296 22 0 179
zabor 1584 336 105 2 8
tree 1672 340 3 0 179
trop 2484 328 96 179 179
tree 2680 328 21 0 179
tree 3208 328 11 0 179
tree 3272 328 37 0 179
trop 1524 368 99 179 179
zabor 1584 368 104 2 8
tree 1672 372 18 0 179
dom 1760 380 277 0 179
stand 1864 356 33 0 179
dom 2112 380 255 0 179
tree 2264 372 24 0 179
tree 2280 372 30 0 179
tree 2296 356 13 0 179
tree 2312 356 9 0 179
tree 2312 372 9 0 179
tree 2328 372 2 0 179
trop 3482 378 32 179 179
tree 3592 376 26 0 179
tree 632 392 14 0 179
tree 648 408 5 0 179
tree 1128 408 4 0 179
zabor 1584 400 105 2 8
tree 1672 388 23 0 179
tree 1672 404 21 0 179
trop 1940 392 102 179 179
fre 2004 408 68 179 179
stand 2168 404 179 0 179
stand 2168 388 178 0 179
stand 2152 388 178 0 179
fre 2220 408 26 179 179
fre 2236 400 64 179 179
zabor 2256 400 105 2 8
tree 3608 408 39 0 179
tree 3608 392 4 0 179
tree 3592 392 20 0 179
tree 520 440 14 0 179
tree 1096 424 22 0 179
tree 1112 424 30 0 179
tree 1160 424 0 0 179
tree 1192 424 26 0 179
tree 1272 424 11 0 179
tree 1272 440 9 0 179
trop 1460 432 96 179 179
zabor 1584 432 105 2 8
fre 1644 440 65 179 179
tree 1672 420 13 0 179
lay 1864 436 3 0 179
fre 1996 440 29 179 179
fre 2036 416 23 179 179
stand 2152 436 149 0 179
fre 2244 440 63 179 179
zabor 2256 432 104 2 8
fre 2316 432 17 179 179
fre 2460 416 24 179 179
fre 2436 424 66 179 179
tree 2584 440 22 0 179
tree 2584 424 22 0 179
fre 2698 418 1 179 179
tree 3128 440 11 0 179
tree 3144 440 30 0 179
tree 3208 440 31 0 179
tree 3208 424 26 0 179
tree 3624 424 37 0 179
tree 504 472 38 0 179
tree 520 472 35 0 179
tree 520 456 36 0 179
tree 584 456 36 0 179
tree 1272 456 35 0 179
zabor 1584 464 105 2 8
tree 1720 468 3 0 179
fre 1844 456 19 179 179
trop 2100 472 92 179 179
fre 2260 472 35 179 179
zabor 2256 464 105 2 8
fre 2460 456 37 179 179
fre 2484 464 14 179 179
trop 2484 464 96 179 179
stand 2694 470 66 0 179
stand 2726 470 66 0 179
tree 2984 472 12 0 179
tree 3144 456 2 0 179
tree 3352 456 41 0 179
tree 3368 456 37 0 179
tree 600 488 7 0 179
tree 616 504 7 0 179
tree 776 488 26 0 179
tree 840 504 39 0 179
tree 856 504 18 0 179
tree 1080 504 16 0 179
zabor 1584 496 104 2 8
tree 1608 500 25 0 179
fre 1676 504 11 179 179
stand 1784 484 153 0 179
lay 2120 500 5 0 179
zabor 2256 496 104 2 8
zabor 2576 496 105 2 8
zabor 2608 496 105 2 8
zabor 2640 496 105 2 8
zabor 2672 496 105 2 8
zabor 2704 496 105 2 8
zabor 2736 496 104 2 8
stand 2790 502 241 0 179
stand 2902 486 66 0 179
stand 2886 502 241 0 179
lay 3958 502 27 0 179
tree 1096 536 12 0 179
fre 1524 512 26 179 179
trop 2052 528 90 179 179
trop 2164 528 93 179 179
zabor 2576 528 104 2 8
stand 2614 534 178 0 179
stand 2646 534 180 0 179
stand 2630 534 178 0 179
stand 2678 534 181 0 179
trop 2890 522 111 179 179
zabor 2928 528 105 2 8
zabor 2960 528 104 2 8
zabor 2992 528 105 2 8
zabor 3024 528 105 2 8
zabor 3056 528 105 2 8
trop 3762 522 123 179 179
trop 3762 530 123 179 179
tree 712 568 34 0 179
tree 1112 552 6 0 179
tree 1128 568 18 0 179
fre 1532 544 30 179 179
trop 1764 568 90 179 179
trop 2284 560 95 179 179
zabor 2576 560 104 2 8
stand 2614 550 178 0 179
stand 2646 566 179 0 179
stand 2630 550 178 0 179
lay 2678 566 10 0 179
stand 2950 566 45 0 179
zabor 3056 560 104 2 8
tree 3224 552 39 0 179
trop 3626 570 105 179 179
lay 3862 550 7 0 179
tree 440 600 7 0 179
tree 536 600 1 0 179
tree 520 600 20 0 179
tree 552 600 0 0 179
tree 696 600 13 0 179
tree 696 584 38 0 179
tree 1144 584 18 0 179
fre 1556 600 6 179 179
lay 1704 580 6 0 179
zabor 1808 592 105 2 8
zabor 1840 592 105 2 8
zabor 1872 592 104 2 8
zabor 1904 592 104 2 8
zabor 2032 592 104 2 8
zabor 2064 592 105 2 8
zabor 2096 592 104 2 8
zabor 2128 592 105 2 8
zabor 2160 592 105 2 8
zabor 2192 592 104 2 8
zabor 2224 592 104 2 8
zabor 2576 592 104 2 8
stand 2630 598 153 0 179
dom 2862 606 255 0 179
stand 2966 582 45 0 179
stand 2982 582 45 0 179
fre 3026 594 2 179 179
zabor 3056 592 104 2 8
tree 3352 600 35 0 179
tree 3336 584 37 0 179
stand 3494 598 66 0 179
stand 3526 598 66 0 179
stand 3558 598 241 0 179
trop 3762 578 123 179 179
trop 3770 594 123 179 179
tree 440 632 37 0 179
tree 440 616 34 0 179
tree 776 632 25 0 179
tree 968 632 23 0 179
tree 1272 616 13 0 179
tree 1288 616 11 0 179
tree 1288 632 33 0 179
trop 1492 616 94 179 179
zabor 2576 624 104 2 8
zabor 3056 624 104 2 8
tree 3192 616 7 0 179
tree 3208 632 36 0 179
tree 3208 616 5 0 179
tree 3384 632 34 0 179
stand 3494 630 66 0 179
trop 3738 626 123 179 179
trop 3810 610 123 179 179
trop 3900 628 73 179 179
tree 856 648 21 0 179
fre 1700 640 35 179 179
tree 2296 660 38 0 179
tree 2280 660 30 0 179
trop 2842 642 108 179 179
zabor 3056 656 105 2 8
tree 3224 648 37 0 179
fre 3530 666 2 179 179
trop 3738 642 91 179 179
tree 1704 676 21 0 179
tree 1848 692 21 0 179
tree 1864 676 4 0 179
tree 2120 692 1 0 179
tree 2168 692 27 0 179
dom 2766 702 255 0 179
lay 3190 678 11 0 179
fre 1668 720 10 179 179
tree 2168 708 21 0 179
tree 2184 708 5 0 179
trop 2970 722 106 179 179
trop 3026 722 106 179 179
trop 3010 722 106 179 179
lay 3638 710 6 0 179
trop 3698 714 90 179 179
trop 3826 714 89 179 179
tree 712 760 9 0 179
tree 712 744 28 0 179
tree 936 760 24 0 179
tree 1240 744 15 0 179
tree 1256 744 5 0 179
tree 1256 760 13 0 179
tree 1272 760 19 0 179
fre 1668 744 18 179 179
fre 1716 760 7 179 179
tree 1992 760 7 0 179
fre 2020 752 68 179 179
fre 2076 760 21 179 179
zabor 2576 752 105 2 8
lay 2918 742 27 0 179
trop 3018 738 106 179 179
tree 3336 760 21 0 179
tree 3352 760 27 0 179
trop 3642 746 122 179 179
trop 3642 738 122 179 179
trop 3642 754 122 179 179
trop 3666 746 122 179 179
trop 3682 754 122 179 179
trop 3930 738 122 179 179
tree 760 792 40 0 179
tree 776 792 0 0 179
tree 936 776 23 0 179
tree 1400 792 21 0 179
tree 1416 792 18 0 179
tree 1608 776 36 0 179
tree 1624 776 35 0 179
tree 1640 776 37 0 179
fre 1700 792 30 179 179
fre 2140 792 11 179 179
fre 2372 776 23 179 179
fre 2412 784 4 179 179
tree 2456 792 38 0 179
zabor 2576 784 104 2 8
trop 2834 786 108 179 179
trop 2858 770 107 179 179
fre 3226 778 0 179 179
tree 3288 792 17 0 179
tree 3336 776 25 0 179
trop 3642 770 122 179 179
trop 3690 794 99 179 179
lay 3766 774 27 0 179
trop 3818 794 122 179 179
tree 408 808 13 0 179
tree 920 824 22 0 179
tree 1416 808 20 0 179
tree 1832 808 13 0 179
tree 1848 808 8 0 179
tree 1848 824 12 0 179
fre 1940 816 25 179 179
lay 2056 820 27 0 179
tree 2392 808 39 0 179
tree 2456 824 18 0 179
tree 2472 808 25 0 179
tree 2472 824 30 0 179
zabor 2576 816 105 2 8
trop 2746 818 106 179 179
trop 2722 818 106 179 179
lay 2838 822 3 0 179
fre 3234 826 13 179 179
tree 3288 808 12 0 179
tree 3560 808 2 0 179
trop 3626 826 91 179 179
tree 920 840 23 0 179
tree 1048 840 39 0 179
tree 1048 856 22 0 179
tree 1864 840 15 0 179
tree 1992 840 16 0 179
tree 1992 856 8 0 179
tree 2008 856 2 0 179
tree 2232 856 15 0 179
tree 2248 856 27 0 179
tree 2472 856 20 0 179
zabor 2576 848 105 2 8
zabor 2608 848 105 2 8
zabor 2640 848 105 2 8
zabor 2672 848 104 2 8
stand 2854 838 149 0 179
zabor 3056 848 104 2 8
fre 3098 850 32 179 179
lay 3846 854 8 0 179
tree 1416 872 19 0 179
tree 1416 888 30 0 179
tree 1432 888 4 0 179
fre 1924 872 21 179 179
tree 2248 872 7 0 179
lay 2822 870 27 0 179
zabor 3056 880 105 2 8
fre 3210 882 34 179 179
trop 292 908 91 179 179
stand 1736 916 36 0 179
trop 1764 896 101 179 179
tree 2140 922 20 0 179
tree 2156 922 20 0 179
tree 2264 904 23 0 179
tree 2280 904 35 0 179
tree 2712 920 15 0 179
trop 2946 922 102 179 179
zabor 3056 912 104 2 8
fre 3122 898 7 179 179
fre 3218 914 31 179 179
trop 3644 916 73 179 179
trop 540 948 73 179 179
tree 888 952 22 0 179
tree 1048 952 26 0 179
tree 1272 952 17 0 179
tree 2156 938 21 0 179
tree 2188 938 20 0 179
tree 2204 938 23 0 179
tree 2204 954 20 0 179
tree 2424 952 5 0 179
tree 2552 952 20 0 179
tree 2568 952 24 0 179
tree 2632 936 6 0 179
tree 2712 936 37 0 179
lay 2998 950 5 0 179
zabor 3056 944 105 2 8
fre 3226 946 7 179 179
fre 3210 938 34 179 179
tree 824 984 34 0 179
tree 824 968 13 0 179
tree 1272 968 41 0 179
tree 1704 984 16 0 179
tree 1976 968 39 0 179
tree 1992 968 29 0 179
tree 2108 970 24 0 179
tree 2124 970 39 0 179
tree 2456 984 13 0 179
tree 2440 968 36 0 179
tree 2552 968 37 0 179
stand 2790 982 320 0 179
trop 2946 978 107 179 179
trop 2946 962 91 179 179
zabor 3024 976 105 2 8
zabor 3056 976 105 2 8
fre 3226 986 27 179 179
tree 3352 984 27 0 179
tree 824 1000 13 0 179
tree 1288 1000 29 0 179
tree 1304 1000 39 0 179
tree 1448 1000 26 0 179
tree 1464 1000 34 0 179
tree 1480 1000 22 0 179
tree 2092 1002 25 0 179
tree 2172 1002 24 0 179
tree 2156 1018 21 0 179
tree 2172 1018 21 0 179
tree 2188 1002 25 0 179
fre 2674 994 33 179 179
stand 2854 1014 53 0 179
zabor 3024 1008 105 2 8
tree 3144 1016 33 0 179
tree 3144 1000 19 0 179
tree 3368 1000 27 0 179
trop 3644 1012 69 179 179
trop 284 1028 92 179 179
tree 1576 1032 4 0 179
tree 1592 1032 27 0 179
tree 1592 1048 5 0 179
tree 1720 1032 38 0 179
tree 1736 1048 2 0 179
tree 1736 1032 32 0 179
zabor 2192 1040 29 0 8
zabor 2224 1040 31 0 8
zabor 2256 1040 26 0 8
zabor 2288 1040 29 0 8
fre 3762 1042 20 179 179
trop 524 1068 73 179 179
tree 1608 1080 10 0 179
tree 1948 1066 2 0 179
zabor 2192 1072 27 0 8
zabor 2288 1072 29 0 8
zabor 2320 1072 27 0 8
zabor 2352 1072 30 0 8
zabor 2384 1072 30 0 8
zabor 2416 1072 30 0 8
fre 2834 1058 25 179 179
fre 3730 1058 17 179 179
fre 3770 1066 20 179 179
tree 1096 1112 31 0 179
tree 1768 1112 32 0 179
tree 1900 1098 34 0 179
zabor 2192 1104 24 0 8
tree 1112 1128 40 0 179
tree 1320 1144 16 0 179
tree 1496 1144 13 0 179
tree 1784 1128 29 0 179
tree 1768 1128 37 0 179
tree 1964 1130 35 0 179
trop 2104 1134 15 179 179
zabor 2192 1136 24 0 8
dom 2260 1138 66 0 179
tree 2824 1128 5 0 179
tree 2840 1128 40 0 179
tree 2856 1144 26 0 179
tree 3144 1144 0 0 179
trop 324 1156 94 179 179
trop 516 1164 69 179 179
tree 728 1160 15 0 179
tree 936 1160 17 0 179
tree 1224 1176 8 0 179
tree 1240 1176 0 0 179
tree 1336 1160 29 0 179
tree 1320 1160 25 0 179
tree 1384 1160 24 0 179
tree 1400 1160 30 0 179
tree 1416 1160 13 0 179
tree 1496 1160 24 0 179
tree 1720 1176 37 0 179
tree 1852 1162 2 0 179
tree 1948 1178 2 0 179
tree 1980 1162 40 0 179
zabor 2192 1168 27 0 8
tree 2808 1176 25 0 179
fre 2826 1154 14 179 179
tree 3144 1160 0 0 179
trop 3404 1156 72 179 179
trop 3484 1164 68 179 179
trop 3636 1164 64 179 179
trop 3796 1164 67 179 179
trop 3956 1180 72 179 179
tree 1080 1192 1 0 179
tree 1240 1192 26 0 179
tree 1688 1208 15 0 179
tree 1704 1192 20 0 179
tree 1916 1194 37 0 179
tree 1964 1210 13 0 179
stand 2348 1210 53 0 179
tree 2808 1192 25 0 179
tree 2824 1192 30 0 179
fre 2890 1194 4 179 179
fre 2978 1210 26 179 179
tree 3016 1208 16 0 179
stand 3078 1190 66 0 179
tree 3096 1208 6 0 179
trop 276 1244 73 179 179
trop 300 1228 73 179 179
trop 340 1244 91 179 179
tree 1112 1240 3 0 179
tree 1288 1240 20 0 179
zabor 1424 1232 28 0 8
zabor 1456 1232 27 0 8
zabor 1488 1232 31 0 8
zabor 1520 1232 24 0 8
zabor 1552 1232 27 0 8
zabor 1584 1232 29 0 8
zabor 1616 1232 25 0 8
zabor 1648 1232 31 0 8
tree 1964 1226 12 0 179
dom 2228 1234 289 0 179
tree 1144 1256 40 0 179
tree 1128 1256 4 0 179
tree 1288 1272 28 0 179
tree 1288 1256 39 0 179
zabor 1648 1264 31 0 8
zabor 1776 1264 25 0 8
zabor 1808 1264 31 0 8
zabor 1840 1264 25 0 8
tree 1884 1258 17 0 179
tree 1900 1258 13 0 179
tree 1948 1258 13 0 179
trop 2184 1270 126 179 179
trop 3036 1276 106 179 179
stand 3064 1264 50 0 179
trop 220 1292 73 179 179
trop 356 1308 68 179 179
trop 508 1308 64 179 179
zabor 1648 1296 24 0 8
zabor 1776 1296 25 0 8
trop 2184 1310 126 179 179
trop 3164 1292 33 179 179
lay 3240 1280 3 0 179
trop 660 1316 67 179 179
trop 716 1324 72 179 179
tree 1240 1336 27 0 179
zabor 1648 1328 28 0 8
zabor 1776 1328 25 0 8
dom 1844 1330 66 0 179
lay 2124 1322 9 0 179
stand 2220 1322 57 0 179
trop 2344 1326 122 179 179
tree 2904 1336 32 0 179
tree 2888 1320 23 0 179
trop 3252 1324 115 179 179
trop 3644 1324 66 179 179
tree 1080 1368 35 0 179
tree 1096 1368 37 0 179
tree 1240 1352 8 0 179
trop 1640 1366 195 179 179
zabor 1648 1360 26 0 8
tree 1724 1370 10 0 179
zabor 1776 1360 29 0 8
trop 1888 1350 195 179 179
trop 1992 1350 15 179 179
trop 2288 1366 122 179 179
trop 2352 1366 123 179 179
tree 3448 1368 27 0 179
trop 300 1380 73 179 179
tree 1080 1384 30 0 179
tree 1256 1384 39 0 179
trop 1520 1390 15 179 179
lay 1740 1402 7 0 179
zabor 1776 1392 30 0 8
trop 2208 1398 100 179 179
trop 2288 1390 122 179 179
zabor 2288 1392 29 0 8
trop 2320 1382 123 179 179
zabor 2992 1392 31 0 8
zabor 3024 1392 24 0 8
tree 3064 1392 3 0 179
zabor 3056 1392 26 0 8
tree 3080 1392 29 0 179
tree 3176 1392 33 0 179
tree 3192 1376 30 0 179
tree 3208 1376 35 0 179
tree 3272 1392 6 0 179
trop 276 1430 96 179 179
lay 1740 1418 7 0 179
trop 1760 1414 126 179 179
zabor 1776 1424 30 0 8
dom 2004 1426 316 0 179
trop 2104 1438 96 179 179
dom 2260 1426 317 0 179
zabor 2288 1424 25 0 8
stand 2332 1434 320 0 179
zabor 2992 1424 25 0 8
lay 3112 1424 11 0 179
tree 3160 1408 37 0 179
tree 3144 1408 15 0 179
tree 3256 1424 22 0 179
tree 3240 1424 3 0 179
tree 3288 1424 33 0 179
tree 3272 1408 22 0 179
trop 508 1460 66 179 179
tree 696 1464 41 0 179
tree 1064 1464 24 0 179
tree 1080 1464 19 0 179
tree 1288 1464 3 0 179
zabor 1360 1456 30 0 8
zabor 1392 1456 30 0 8
dom 1684 1458 313 0 179
lay 1852 1466 10 0 179
trop 1984 1454 126 179 179
stand 2060 1466 320 0 179
trop 2160 1454 99 179 179
zabor 2992 1456 27 0 8
trop 3380 1460 116 179 179
trop 3660 1460 73 179 179
tree 712 1480 10 0 179
tree 1080 1480 9 0 179
tree 1208 1496 33 0 179
tree 1272 1480 41 0 179
tree 1288 1480 22 0 179
zabor 1392 1488 26 0 8
zabor 1424 1488 29 0 8
zabor 1456 1488 27 0 8
zabor 1488 1488 30 0 8
zabor 1520 1488 25 0 8
zabor 1552 1488 29 0 8
zabor 1584 1488 24 0 8
stand 1612 1498 53 0 179
zabor 1616 1488 25 0 8
trop 1760 1494 107 179 179
zabor 1808 1488 27 0 8
zabor 1840 1488 27 0 8
zabor 1872 1488 26 0 8
zabor 1904 1488 31 0 8
zabor 1936 1488 25 0 8
zabor 1968 1488 31 0 8
zabor 2352 1488 28 0 8
zabor 2384 1488 27 0 8
zabor 2416 1488 28 0 8
zabor 2448 1488 31 0 8
zabor 2480 1488 27 0 8
lay 2508 1498 28 0 179
zabor 2512 1488 30 0 8
zabor 2544 1488 27 0 8
zabor 2576 1488 30 0 8
zabor 2608 1488 31 0 8
zabor 2992 1488 26 0 8
lay 3192 1488 9 0 179
zabor 3312 1488 28 0 8
trop 276 1534 96 179 179
trop 540 1508 73 179 179
tree 1032 1528 14 0 179
tree 1160 1528 26 0 179
tree 1436 1530 24 0 179
dom 1940 1522 67 0 179
tree 1964 1530 0 0 179
lay 1996 1514 7 0 179
stand 2156 1514 51 0 179
trop 2168 1526 98 179 179
tree 2220 1514 27 0 179
tree 2344 1512 24 0 179
tree 2376 1528 17 0 179
tree 2392 1528 13 0 179
stand 2476 1530 53 0 179
zabor 2992 1520 26 0 8
zabor 3312 1520 24 0 8
tree 1048 1560 28 0 179
tree 1048 1544 8 0 179
tree 1484 1546 24 0 179
tree 1532 1546 24 0 179
trop 1920 1566 126 179 179
lay 1948 1562 6 0 179
trop 2048 1566 104 179 179
stand 2108 1562 147 0 179
trop 2264 1542 122 179 179
trop 2304 1542 122 179 179
trop 2400 1566 72 179 179
tree 2568 1544 28 0 179
zabor 3312 1552 24 0 8
lay 3400 1536 4 0 179
tree 3480 1552 20 0 179
tree 3464 1552 23 0 179
tree 3544 1544 13 0 179
tree 3528 1544 25 0 179
trop 3716 1556 73 179 179
trop 1400 1590 97 179 179
lay 1500 1594 3 0 179
trop 1544 1590 97 179 179
trop 1704 1590 97 179 179
trop 1840 1590 90 179 179
trop 1880 1574 105 179 179
trop 1944 1590 80 179 179
trop 2056 1590 80 179 179
trop 2184 1590 93 179 179
lay 2220 1578 4 0 179
trop 2296 1590 90 179 179
trop 2304 1574 122 179 179
trop 2344 1574 122 179 179
trop 2424 1590 93 179 179
tree 2664 1592 2 0 179
tree 2680 1592 8 0 179
tree 2696 1592 32 0 179
zabor 3312 1584 26 0 8
stand 3368 1584 33 0 179
trop 524 1612 73 179 179
fre 772 1630 9 179 179
trop 1416 1630 72 179 179
stand 1532 1626 12 0 179
trop 1664 1622 101 179 179
stand 1740 1626 58 0 179
dom 2004 1618 292 0 179
trop 2512 1622 101 179 179
tree 3000 1616 9 0 179
tree 3000 1600 22 0 179
zabor 3312 1616 31 0 8
trop 3404 1612 108 179 179
tree 600 1634 22 0 179
tree 1016 1656 36 0 179
tree 1032 1640 34 0 179
tree 1628 1658 24 0 179
dom 1844 1650 293 0 179
stand 2124 1658 35 0 179
trop 2232 1654 72 179 179
trop 2392 1654 123 179 179
lay 2540 1658 27 0 179
tree 2952 1648 10 0 179
tree 2968 1632 7 0 179
zabor 3312 1648 29 0 8
trop 340 1694 98 179 179
tree 1484 1690 16 0 179
tree 1660 1690 17 0 179
tree 1692 1674 10 0 179
tree 1676 1690 0 0 179
zabor 1744 1680 27 0 8
zabor 1776 1680 29 0 8
zabor 1808 1680 26 0 8
trop 1968 1686 123 179 179
dom 2324 1682 309 0 179
trop 2392 1694 123 179 179
zabor 2448 1680 31 0 8
zabor 2480 1680 29 0 8
zabor 2512 1680 30 0 8
zabor 2544 1680 30 0 8
tree 2808 1688 30 0 179
tree 2792 1688 8 0 179
tree 2792 1672 15 0 179
tree 2952 1664 0 0 179
dom 3264 1672 316 0 179
stand 3352 1664 166 0 179
trop 3724 1692 73 179 179
tree 1240 1720 32 0 179
tree 1304 1704 26 0 179
tree 1320 1704 20 0 179
tree 1320 1720 23 0 179
tree 1384 1720 12 0 179
tree 1384 1704 31 0 179
tree 1400 1704 28 0 179
tree 1464 1704 3 0 179
tree 1532 1706 13 0 179
tree 1708 1722 11 0 179
trop 1976 1718 126 179 179
trop 2168 1702 102 179 179
tree 2412 1706 18 0 179
zabor 2544 1712 26 0 8
tree 2952 1712 26 0 179
tree 2968 1712 41 0 179
tree 2952 1696 35 0 179
lay 2984 1696 11 0 179
dom 3200 1704 66 0 179
zabor 3216 1712 31 0 8
zabor 3248 1712 29 0 8
dom 3424 1704 317 0 179
dom 3488 1704 314 0 179
tree 1128 1736 2 0 179
tree 1144 1752 14 0 179
tree 1240 1736 12 0 179
tree 1512 1752 26 0 179
tree 1596 1738 10 0 179
tree 1660 1738 16 0 179
stand 1900 1754 320 0 179
zabor 1936 1744 27 0 8
trop 2144 1734 123 179 179
zabor 2288 1744 26 0 8
lay 2476 1754 28 0 179
zabor 2544 1744 25 0 8
tree 2728 1752 1 0 179
tree 2744 1752 37 0 179
tree 2744 1736 9 0 179
tree 2760 1736 0 0 179
tree 3096 1744 26 0 179
tree 3096 1728 1 0 179
tree 3128 1744 12 0 179
tree 3112 1728 11 0 179
tree 3128 1728 30 0 179
stand 3240 1744 180 0 179
lay 3272 1744 7 0 179
trop 3404 1740 108 179 179
tree 120 1784 10 0 179
zabor 752 1776 24 0 8
zabor 784 1776 25 0 8
zabor 816 1776 25 0 8
zabor 848 1776 28 0 8
zabor 880 1776 24 0 8
zabor 912 1776 25 0 8
tree 1676 1786 16 0 179
lay 1692 1786 11 0 179
zabor 1936 1776 28 0 8
stand 1996 1770 320 0 179
zabor 2096 1776 27 0 8
trop 2136 1774 123 179 179
trop 2288 1782 192 179 179
zabor 2288 1776 26 0 8
trop 2336 1782 192 179 179
tree 2412 1770 30 0 179
stand 2412 1770 320 0 179
tree 2428 1770 30 0 179
zabor 2544 1776 24 0 8
tree 2712 1768 11 0 179
tree 2728 1768 36 0 179
tree 2904 1776 22 0 179
tree 2920 1760 34 0 179
tree 3048 1760 38 0 179
zabor 3056 1776 31 0 8
zabor 3088 1776 29 0 8
zabor 3120 1776 26 0 8
zabor 3152 1776 30 0 8
tree 3192 1760 24 0 179
tree 3176 1760 32 0 179
tree 3208 1760 26 0 179
lay 3528 1760 7 0 179
tree 120 1800 11 0 179
tree 136 1816 22 0 179
lay 456 1810 10 0 179
zabor 912 1808 31 0 8
tree 984 1810 1 0 179
tree 984 1794 12 0 179
tree 1128 1800 37 0 179
tree 1160 1816 2 0 179
tree 1272 1816 23 0 179
tree 1272 1800 5 0 179
tree 1288 1816 29 0 179
tree 1660 1802 14 0 179
trop 1856 1814 15 179 179
zabor 1936 1808 30 0 8
zabor 2096 1808 27 0 8
zabor 2288 1808 31 0 8
zabor 2544 1808 31 0 8
tree 2984 1808 12 0 179
tree 2984 1792 5 0 179
dom 3264 1800 319 0 179
lay 3320 1792 10 0 179
stand 3352 1792 51 0 179
lay 3384 1808 5 0 179
tree 152 1832 18 0 179
tree 168 1848 39 0 179
zabor 912 1840 31 0 8
tree 1000 1826 2 0 179
tree 1000 1842 40 0 179
tree 1288 1832 17 0 179
zabor 1936 1840 24 0 8
zabor 2096 1840 29 0 8
trop 2200 1854 94 179 179
stand 2284 1850 320 0 179
zabor 2288 1840 27 0 8
trop 2368 1846 192 179 179
tree 2888 1840 8 0 179
tree 2968 1840 20 0 179
tree 3000 1840 8 0 179
dom 3584 1832 66 0 179
tree 168 1864 18 0 179
trop 396 1878 102 179 179
stand 760 1858 176 0 179
zabor 912 1872 25 0 8
dom 1812 1874 66 0 179
zabor 1936 1872 24 0 8
tree 2108 1866 1 0 179
zabor 2096 1872 26 0 8
trop 2232 1878 98 179 179
zabor 2288 1872 29 0 8
zabor 2320 1872 28 0 8
zabor 2352 1872 27 0 8
zabor 2384 1872 29 0 8
zabor 2416 1872 27 0 8
zabor 2448 1872 28 0 8
zabor 2480 1872 24 0 8
zabor 2512 1872 27 0 8
lay 2572 1866 18 0 179
tree 2888 1856 32 0 179
dom 3232 1864 314 0 179
trop 3404 1860 123 179 179
tree 3496 1872 5 0 179
zabor 912 1904 29 0 8
tree 984 1890 38 0 179
tree 1032 1906 37 0 179
zabor 1744 1904 24 0 8
zabor 1776 1904 24 0 8
zabor 1808 1904 31 0 8
zabor 1840 1904 28 0 8
zabor 1872 1904 25 0 8
zabor 1904 1904 27 0 8
zabor 1936 1904 26 0 8
dom 2036 1906 288 0 179
stand 2156 1914 59 0 179
trop 2152 1918 123 179 179
trop 2280 1910 126 179 179
dom 2324 1906 314 0 179
lay 2412 1898 10 0 179
tree 2744 1912 16 0 179
tree 2744 1896 34 0 179
tree 2760 1896 1 0 179
tree 2760 1912 1 0 179
tree 2920 1904 16 0 179
lay 2936 1888 11 0 179
tree 2920 1888 4 0 179
stand 3272 1888 181 0 179
trop 3380 1908 117 179 179
tree 3640 1888 19 0 179
tree 3704 1888 26 0 179
tree 168 1944 1 0 179
tree 168 1928 14 0 179
tree 296 1938 25 0 179
dom 560 1946 314 0 179
zabor 912 1936 24 0 8
tree 1032 1922 7 0 179
tree 1112 1938 4 0 179
tree 1096 1938 36 0 179
zabor 1136 1936 27 0 8
tree 1176 1922 10 0 179
tree 1160 1922 40 0 179
zabor 1168 1936 28 0 8
tree 1192 1922 41 0 179
zabor 1200 1936 31 0 8
tree 1240 1922 23 0 179
tree 1256 1922 40 0 179
zabor 1296 1936 24 0 8
zabor 1328 1936 27 0 8
zabor 1360 1936 28 0 8
tree 1868 1930 20 0 179
tree 1916 1946 23 0 179
trop 2400 1950 123 179 179
tree 2920 1936 14 0 179
dom 3456 1928 315 0 179
tree 296 1954 10 0 179
dom 464 1978 290 0 179
tree 680 1970 22 0 179
tree 680 1954 13 0 179
zabor 912 1968 31 0 8
tree 968 1970 31 0 179
tree 968 1954 5 0 179
zabor 1360 1968 30 0 8
tree 1852 1978 25 0 179
tree 1868 1962 24 0 179
tree 1884 1962 23 0 179
trop 2008 1966 126 179 179
trop 2328 1966 123 179 179
stand 2364 1978 42 0 179
trop 2360 1974 123 179 179
tree 2872 1976 33 0 179
tree 2888 1976 8 0 179
tree 2920 1952 12 0 179
tree 3064 1968 28 0 179
tree 3096 1968 41 0 179
stand 3320 1968 51 0 179
trop 3404 1972 108 179 179
lay 3512 1952 7 0 179
zabor 3536 1968 24 0 8
zabor 3568 1968 29 0 8
zabor 3600 1968 24 0 8
zabor 3632 1968 26 0 8
zabor 3664 1968 27 0 8
zabor 3696 1968 31 0 8
zabor 3728 1968 29 0 8
dom 784 2010 291 0 179
zabor 912 2000 26 0 8
tree 968 2002 18 0 179
tree 968 1986 33 0 179
lay 1128 1986 9 0 179
zabor 1360 2000 31 0 8
stand 1756 1994 192 1 179
tree 1868 1994 23 0 179
tree 1884 1994 25 0 179
tree 1868 2010 23 0 179
trop 2016 2006 126 179 179
trop 2168 2006 96 179 179
trop 2216 2006 126 179 179
dom 2292 2002 313 0 179
trop 2360 2014 126 179 179
stand 2396 2010 320 0 179
zabor 2416 2000 30 0 8
zabor 2448 2000 31 0 8
zabor 2480 2000 25 0 8
zabor 2512 2000 28 0 8
zabor 2544 2000 28 0 8
zabor 2576 2000 25 0 8
tree 3064 1984 18 0 179
tree 3160 2000 38 0 179
tree 3192 2000 33 0 179
lay 3240 2000 3 0 179
trop 3292 1988 118 179 179
stand 3352 1984 147 0 179
zabor 3760 2000 27 0 8
tree 280 2034 7 0 179
tree 264 2034 22 0 179
tree 264 2018 24 0 179
tree 344 2034 26 0 179
trop 452 2030 98 179 179
zabor 912 2032 25 0 8
tree 968 2018 20 0 179
dom 1008 2042 317 0 179
dom 1104 2042 314 0 179
zabor 1360 2032 27 0 8
tree 1868 2026 26 0 179
zabor 2096 2032 25 0 8
lay 2188 2042 5 0 179
zabor 2576 2032 26 0 8
tree 2744 2040 32 0 179
stand 2920 2032 11 0 179
tree 3096 2016 9 0 179
stand 3128 2032 24 0 179
tree 3112 2016 41 0 179
trop 3204 2020 122 179 179
tree 3352 2016 0 0 179
stand 3448 2016 164 0 179
zabor 3472 2032 30 0 8
zabor 3760 2032 31 0 8
lay 3784 2016 44 0 179
tree 344 2050 3 0 179
zabor 592 2064 25 0 8
zabor 624 2064 25 0 8
zabor 656 2064 25 0 8
tree 696 2050 10 0 179
tree 712 2050 40 0 179
zabor 912 2064 28 0 8
zabor 1360 2064 25 0 8
trop 1976 2070 195 179 179
zabor 2096 2064 27 0 8
lay 2124 2074 8 0 179
zabor 2576 2064 24 0 8
tree 2680 2056 41 0 179
tree 2680 2072 8 0 179
tree 2744 2056 36 0 179
trop 3012 2076 109 179 179
trop 3180 2060 118 179 179
trop 3436 2060 110 179 179
zabor 3472 2064 27 0 8
zabor 3760 2064 24 0 8
stand 504 2098 164 0 179
lay 776 2098 9 0 179
zabor 1360 2096 26 0 8
zabor 2096 2096 30 0 8
lay 2140 2090 8 0 179
zabor 2256 2096 28 0 8
trop 2320 2086 195 179 179
lay 2556 2106 2 0 179
trop 2964 2084 109 179 179
trop 3076 2092 109 179 179
trop 3084 2084 109 179 179
zabor 3472 2096 29 0 8
zabor 3760 2096 29 0 8
tree 280 2130 36 0 179
stand 424 2114 147 0 179
stand 1160 2130 151 0 179
zabor 1360 2128 27 0 8
trop 2064 2118 195 179 179
zabor 2096 2128 30 0 8
zabor 2256 2128 24 0 8
trop 2312 2142 192 179 179
trop 2392 2118 192 179 179
tree 2712 2136 21 0 179
tree 2712 2120 5 0 179
tree 2696 2120 25 0 179
tree 3352 2120 17 0 179
zabor 3472 2128 27 0 8
lay 3608 2128 9 0 179
zabor 3760 2128 24 0 8
tree 280 2146 4 0 179
tree 344 2146 11 0 179
tree 328 2146 17 0 179
tree 360 2146 4 0 179
tree 392 2162 6 0 179
trop 556 2158 105 179 179
lay 584 2162 3 0 179
lay 888 2162 6 0 179
trop 932 2150 104 179 179
zabor 1072 2160 26 0 8
zabor 1104 2160 31 0 8
zabor 1136 2160 27 0 8
zabor 1168 2160 25 0 8
zabor 1200 2160 31 0 8
zabor 1360 2160 27 0 8
stand 1948 2170 320 0 179
tree 2108 2170 25 0 179
trop 2168 2158 96 179 179
zabor 2256 2160 24 0 8
zabor 2576 2160 31 0 8
tree 2744 2168 22 0 179
tree 2952 2168 26 0 179
tree 3128 2144 4 0 179
tree 3256 2168 6 0 179
tree 3272 2168 39 0 179
tree 3304 2160 23 0 179
zabor 3472 2160 27 0 8
lay 3560 2144 28 0 179
zabor 3760 2160 31 0 8
zabor 240 2192 25 0 8
zabor 272 2192 24 0 8
zabor 304 2192 29 0 8
zabor 336 2192 30 0 8
zabor 368 2192 29 0 8
zabor 400 2192 30 0 8
zabor 432 2192 26 0 8
zabor 464 2192 25 0 8
zabor 496 2192 26 0 8
dom 560 2202 318 0 179
trop 692 2182 95 179 179
trop 828 2182 95 179 179
tree 1128 2194 22 0 179
tree 1304 2178 7 0 179
trop 2032 2206 195 179 179
tree 2092 2186 20 0 179
tree 2124 2186 20 0 179
stand 2140 2186 36 0 179
tree 2124 2202 20 0 179
zabor 2256 2192 31 0 8
stand 2332 2202 320 0 179
dom 2420 2194 66 0 179
zabor 2576 2192 26 0 8
tree 2744 2184 3 0 179
tree 2760 2184 33 0 179
tree 3272 2184 24 0 179
stand 3432 2192 61 0 179
zabor 3472 2192 26 0 8
zabor 3504 2192 26 0 8
zabor 3536 2192 25 0 8
lay 3560 2176 38 0 179
zabor 3568 2192 29 0 8
zabor 3600 2192 28 0 8
zabor 3632 2192 28 0 8
zabor 3664 2192 28 0 8
zabor 3696 2192 28 0 8
zabor 3728 2192 27 0 8
zabor 3760 2192 27 0 8
stand 360 2210 53 0 179
stand 392 2210 53 0 179
zabor 624 2224 28 0 8
zabor 656 2224 26 0 8
stand 696 2226 177 0 179
zabor 688 2224 30 0 8
zabor 720 2224 26 0 8
zabor 752 2224 31 0 8
dom 816 2234 289 0 179
tree 984 2216 9 0 179
dom 1040 2234 290 0 179
tree 1176 2210 26 0 179
tree 1192 2210 20 0 179
tree 1240 2210 2 0 179
lay 1320 2226 11 0 179
tree 1368 2210 12 0 179
tree 1352 2210 7 0 179
tree 2108 2234 24 0 179
tree 2124 2218 26 0 179
tree 2124 2234 25 0 179
zabor 2256 2224 28 0 8
trop 2312 2238 193 179 179
zabor 2576 2224 29 0 8
fre 2592 2238 27 179 179
tree 2600 2232 13 0 179
tree 2680 2232 11 0 179
tree 2776 2232 26 0 179
tree 2760 2232 1 0 179
tree 3064 2232 26 0 179
tree 3224 2232 15 0 179
trop 940 2262 102 179 179
tree 1032 2264 28 0 179
zabor 1136 2256 27 0 8
zabor 1168 2256 27 0 8
zabor 1200 2256 25 0 8
zabor 1232 2256 27 0 8
zabor 1264 2256 25 0 8
zabor 1296 2256 29 0 8
tree 1528 2264 33 0 179
tree 1544 2264 41 0 179
tree 2108 2250 26 0 179
tree 2124 2250 26 0 179
tree 2140 2250 25 0 179
tree 2124 2266 25 0 179
zabor 2256 2256 30 0 8
zabor 2576 2256 31 0 8
tree 2680 2248 29 0 179
tree 2808 2264 26 0 179
tree 2792 2248 14 0 179
tree 3224 2264 28 0 179
tree 3224 2248 2 0 179
tree 3880 2264 21 0 179
stand 776 2290 151 0 179
zabor 1360 2288 30 0 8
lay 1980 2298 9 0 179
tree 2108 2298 25 0 179
tree 2140 2282 26 0 179
tree 2140 2298 25 0 179
zabor 2256 2288 25 0 8
zabor 2576 2288 26 0 8
fre 2640 2278 62 179 179
tree 2632 2296 9 0 179
tree 2808 2280 35 0 179
tree 3576 2296 21 0 179
tree 3896 2280 0 0 179
tree 3880 2280 31 0 179
dom 528 2330 309 0 179
stand 696 2322 53 0 179
stand 712 2322 53 0 179
stand 1192 2322 53 0 179
stand 1224 2322 53 0 179
stand 1320 2306 150 0 179
zabor 1360 2320 25 0 8
zabor 1392 2320 31 0 8
tree 1528 2328 31 0 179
tree 1608 2312 25 0 179
tree 1624 2328 6 0 179
tree 1768 2328 9 0 179
tree 1832 2328 19 0 179
tree 1848 2328 5 0 179
lay 2236 2330 4 0 179
zabor 2256 2320 30 0 8
lay 2316 2330 10 0 179
fre 2576 2334 18 179 179
zabor 2576 2320 27 0 8
tree 2632 2312 19 0 179
tree 2968 2312 24 0 179
tree 3592 2312 23 0 179
tree 3752 2312 40 0 179
zabor 1392 2352 29 0 8
tree 1512 2360 1 0 179
tree 1512 2344 0 0 179
tree 1624 2344 41 0 179
tree 1640 2344 28 0 179
tree 1640 2360 35 0 179
tree 1848 2344 30 0 179
tree 1960 2344 27 0 179
tree 2056 2360 41 0 179
trop 2200 2342 94 179 179
zabor 2256 2352 30 0 8
tree 2776 2360 0 0 179
tree 3064 2344 0 0 179
tree 3128 2344 21 0 179
tree 3352 2344 13 0 179
tree 3336 2344 8 0 179
tree 3368 2360 39 0 179
tree 3640 2360 36 0 179
tree 3624 2344 18 0 179
tree 3736 2360 1 0 179
zabor 464 2384 30 0 8
zabor 880 2384 30 0 8
trop 940 2398 96 179 179
stand 1000 2370 166 0 179
zabor 1040 2384 25 0 8
zabor 1392 2384 31 0 8
tree 1656 2376 14 0 179
tree 1896 2392 37 0 179
tree 1912 2392 12 0 179
tree 2040 2392 5 0 179
stand 2140 2378 4 0 179
zabor 2256 2384 25 0 8
zabor 2288 2384 30 0 8
zabor 2320 2384 29 0 8
zabor 2352 2384 27 0 8
zabor 2384 2384 28 0 8
zabor 2416 2384 24 0 8
zabor 2448 2384 27 0 8
zabor 2480 2384 30 0 8
zabor 2512 2384 27 0 8
zabor 2544 2384 30 0 8
fre 2592 2382 25 179 179
tree 2744 2392 12 0 179
tree 2760 2392 35 0 179
tree 2776 2376 22 0 179
tree 3384 2376 19 0 179
tree 3608 2392 22 0 179
tree 3704 2376 8 0 179
tree 3688 2376 40 0 179
tree 3736 2376 19 0 179
tree 3720 2376 8 0 179
tree 3752 2376 13 0 179
zabor 464 2416 28 0 8
zabor 592 2416 31 0 8
zabor 880 2416 28 0 8
zabor 1040 2416 27 0 8
zabor 1072 2416 31 0 8
dom 1104 2426 314 0 179
zabor 1392 2416 31 0 8
tree 1656 2424 8 0 179
tree 1672 2424 34 0 179
tree 1672 2408 28 0 179
tree 1896 2408 22 0 179
tree 1912 2408 4 0 179
fre 2536 2422 13 179 179
tree 3624 2408 12 0 179
tree 3928 2424 10 0 179
zabor 464 2448 30 0 8
zabor 592 2448 29 0 8
zabor 880 2448 27 0 8
lay 952 2434 5 0 179
zabor 1040 2448 27 0 8
zabor 1392 2448 27 0 8
lay 1880 2440 17 0 179
tree 2424 2456 15 0 179
tree 2440 2456 40 0 179
tree 2472 2456 2 0 179
tree 2712 2440 27 0 179
tree 3240 2456 14 0 179
tree 3400 2456 27 0 179
tree 3928 2440 36 0 179
zabor 272 2480 24 0 8
zabor 304 2480 31 0 8
zabor 336 2480 30 0 8
zabor 368 2480 30 0 8
zabor 400 2480 30 0 8
zabor 432 2480 29 0 8
zabor 464 2480 31 0 8
zabor 592 2480 31 0 8
zabor 880 2480 31 0 8
zabor 1040 2480 27 0 8
zabor 1392 2480 24 0 8
tree 1464 2466 0 0 179
tree 1480 2482 13 0 179
tree 2312 2488 34 0 179
tree 2312 2472 1 0 179
tree 2472 2472 2 0 179
trop 2900 2478 94 179 179
tree 3048 2472 21 0 179
tree 3400 2488 7 0 179
tree 3400 2472 21 0 179
tree 3768 2472 26 0 179
tree 3784 2472 38 0 179
tree 3800 2472 12 0 179
tree 3816 2472 9 0 179
tree 216 2520 0 0 179
tree 520 2498 26 0 179
tree 584 2514 32 0 179
zabor 592 2512 26 0 8
zabor 880 2512 27 0 8
stand 1032 2498 147 0 179
zabor 1040 2512 31 0 8
zabor 1392 2512 31 0 8
fre 1610 2502 9 179 179
fre 1738 2518 21 179 179
tree 2312 2504 7 0 179
tree 2392 2520 36 0 179
tree 2408 2520 26 0 179
tree 2616 2522 40 0 179
tree 2712 2522 21 0 179
tree 3160 2504 25 0 179
tree 3400 2504 19 0 179
tree 3780 2514 5 0 179
tree 440 2536 8 0 179
tree 456 2536 6 0 179
tree 472 2536 21 0 179
tree 504 2552 38 0 179
zabor 592 2544 25 0 8
zabor 624 2544 30 0 8
zabor 656 2544 30 0 8
zabor 688 2544 30 0 8
zabor 720 2544 31 0 8
zabor 752 2544 30 0 8
zabor 784 2544 26 0 8
zabor 816 2544 31 0 8
zabor 848 2544 31 0 8
zabor 880 2544 29 0 8
trop 972 2534 123 179 179
zabor 1040 2544 28 0 8
tree 1592 2552 41 0 179
fre 1666 2534 66 179 179
fre 1706 2542 63 179 179
trop 1866 2534 75 179 179
tree 2216 2552 35 0 179
tree 2232 2552 38 0 179
tree 2280 2552 4 0 179
tree 2296 2552 40 0 179
tree 2728 2538 18 0 179
tree 2728 2554 29 0 179
tree 3652 2530 8 0 179
tree 3684 2530 23 0 179
dom 3756 2554 295 0 179
tree 3796 2530 32 0 179
stand 3844 2530 153 0 179
tree 360 2584 15 0 179
tree 376 2584 35 0 179
tree 424 2584 18 0 179
tree 424 2568 28 0 179
tree 504 2568 10 0 179
tree 504 2584 6 0 179
zabor 1040 2576 29 0 8
zabor 1072 2576 29 0 8
zabor 1104 2576 30 0 8
zabor 1136 2576 28 0 8
zabor 1168 2576 27 0 8
zabor 1200 2576 27 0 8
zabor 1232 2576 24 0 8
zabor 1264 2576 31 0 8
zabor 1296 2576 30 0 8
zabor 1328 2576 27 0 8
zabor 1360 2576 26 0 8
zabor 1392 2576 30 0 8
tree 1592 2568 23 0 179
trop 1988 2564 95 179 179
tree 2216 2568 19 0 179
trop 2876 2582 91 179 179
tree 2952 2570 40 0 179
tree 2952 2586 40 0 179
trop 3568 2590 88 179 179
tree 3652 2578 13 0 179
tree 3684 2562 5 0 179
zabor 3856 2576 30 0 8
zabor 3888 2576 26 0 8
zabor 3920 2576 30 0 8
tree 616 2616 32 0 179
tree 632 2616 7 0 179
trop 972 2614 123 179 179
lay 1240 2610 10 0 179
tree 1464 2616 30 0 179
trop 2036 2612 95 179 179
tree 2520 2602 12 0 179
tree 2504 2602 1 0 179
tree 3208 2600 25 0 179
tree 3444 2594 34 0 179
tree 3636 2594 37 0 179
dom 3660 2618 296 0 179
tree 536 2648 11 0 179
tree 552 2648 29 0 179
tree 744 2632 33 0 179
tree 744 2648 21 0 179
tree 1368 2648 0 0 179
tree 1726 2626 34 0 179
tree 1742 2626 25 0 179
tree 2184 2632 22 0 179
tree 2424 2634 4 0 179
tree 2424 2650 5 0 179
tree 2648 2650 7 0 179
tree 2648 2634 24 0 179
trop 3600 2654 98 179 179
tree 3604 2626 32 0 179
lay 3764 2626 28 0 179
tree 216 2680 23 0 179
tree 328 2664 26 0 179
fre 596 2678 19 179 179
tree 920 2674 18 0 179
tree 936 2674 15 0 179
tree 1224 2680 28 0 179
tree 1240 2664 15 0 179
tree 1368 2664 18 0 179
tree 1384 2680 32 0 179
tree 1496 2664 31 0 179
tree 1528 2680 35 0 179
tree 1512 2664 15 0 179
tree 1566 2658 0 0 179
tree 1582 2658 34 0 179
trop 1858 2686 73 179 179
fre 2010 2662 13 179 179
fre 2050 2670 32 179 179
tree 2200 2680 2 0 179
tree 2216 2680 7 0 179
zabor 2320 2672 29 0 8
zabor 2352 2672 28 0 8
zabor 2384 2672 24 0 8
tree 2648 2666 3 0 179
tree 2664 2666 6 0 179
tree 2744 2666 4 0 179
tree 2744 2682 12 0 179
tree 2952 2666 39 0 179
tree 2952 2682 38 0 179
tree 2968 2682 21 0 179
tree 3064 2680 16 0 179
tree 3380 2658 40 0 179
tree 3380 2674 2 0 179
lay 3604 2674 3 0 179
lay 3748 2658 28 0 179
stand 3908 2658 147 0 179
lay 3940 2658 28 0 179
tree 856 2690 30 0 179
tree 1208 2696 23 0 179
tree 1400 2696 18 0 179
tree 1416 2712 10 0 179
tree 1560 2712 23 0 179
tree 1544 2712 15 0 179
tree 1694 2706 24 0 179
fre 2050 2710 2 179 179
zabor 2256 2704 25 0 8
zabor 2288 2704 30 0 8
zabor 2320 2704 31 0 8
tree 2680 2714 11 0 179
tree 2744 2698 6 0 179
trop 2884 2710 88 179 179
tree 2968 2698 32 0 179
tree 3064 2696 34 0 179
tree 3080 2712 41 0 179
tree 3080 2696 32 0 179
lay 3380 2706 7 0 179
lay 3412 2706 8 0 179
tree 3396 2690 34 0 179
trop 3496 2718 84 179 179
stand 3620 2690 166 0 179
tree 440 2744 26 0 179
tree 792 2744 18 0 179
tree 1432 2728 19 0 179
tree 1560 2728 6 0 179
lay 2264 2746 7 0 179
zabor 2256 2736 24 0 8
stand 2488 2746 53 0 179
stand 2520 2746 53 0 179
lay 2600 2746 11 0 179
tree 3080 2728 27 0 179
tree 3224 2744 8 0 179
tree 3208 2744 21 0 179
tree 3240 2728 13 0 179
tree 3272 2728 16 0 179
trop 3584 2726 98 179 179
tree 3652 2722 20 0 179
zabor 3760 2736 25 0 8
zabor 3792 2736 27 0 8
zabor 3824 2736 31 0 8
zabor 3856 2736 29 0 8
zabor 3888 2736 26 0 8
zabor 3920 2736 26 0 8
tree 168 2776 23 0 179
tree 312 2760 16 0 179
tree 792 2760 10 0 179
tree 808 2760 24 0 179
tree 1294 2754 20 0 179
tree 1294 2770 26 0 179
tree 1310 2770 30 0 179
tree 1966 2770 18 0 179
fre 2098 2766 21 179 179
tree 2200 2760 33 0 179
tree 2216 2776 34 0 179
zabor 2256 2768 24 0 8
lay 2408 2778 27 0 179
zabor 2672 2768 66 1 8
lay 2760 2778 28 0 179
tree 2952 2778 11 0 179
tree 3080 2760 0 0 179
stand 3780 2770 19 0 179
tree 584 2808 22 0 179
tree 696 2808 22 0 179
tree 760 2808 14 0 179
tree 872 2808 10 0 179
tree 1208 2792 41 0 179
tree 1208 2808 3 0 179
tree 1326 2802 25 0 179
tree 1528 2808 22 0 179
tree 1544 2808 22 0 179
lay 1854 2802 5 0 179
zabor 2256 2800 26 0 8
zabor 2672 2800 65 1 8
lay 2760 2794 5 0 179
tree 2952 2794 16 0 179
tree 3080 2792 16 0 179
lay 3412 2786 5 0 179
trop 3576 2790 97 179 179
trop 3704 2790 105 179 179
trop 3688 2798 97 179 179
trop 3808 2798 97 179 179
trop 3856 2798 203 179 179
trop 3944 2798 97 179 179
tree 392 2824 20 0 179
tree 696 2824 39 0 179
tree 760 2824 30 0 179
tree 776 2824 0 0 179
tree 968 2824 17 0 179
tree 1272 2824 22 0 179
tree 1342 2818 40 0 179
tree 1358 2834 4 0 179
tree 1528 2824 24 0 179
zabor 2256 2832 24 0 8
zabor 2672 2832 64 1 8
zabor 2704 2832 66 1 8
stand 2744 2842 241 0 179
zabor 2736 2832 64 1 8
trop 2812 2838 84 179 179
stand 2840 2842 241 0 179
zabor 2832 2832 66 1 8
zabor 2864 2832 65 1 8
tree 3080 2824 6 0 179
trop 3456 2830 81 179 179
dom 3564 2842 314 0 179
tree 488 2872 26 0 179
tree 536 2856 0 0 179
tree 984 2872 34 0 179
tree 984 2856 13 0 179
tree 968 2856 7 0 179
tree 1288 2872 16 0 179
trop 1890 2870 73 179 179
tree 2078 2866 17 0 179
tree 2078 2850 25 0 179
zabor 2256 2864 25 0 8
lay 2616 2874 28 0 179
zabor 2864 2864 64 1 8
tree 3240 2856 28 0 179
tree 3240 2872 24 0 179
tree 3380 2866 8 0 179
trop 3520 2854 100 179 179
trop 3728 2862 100 179 179
tree 3796 2866 23 0 179
tree 3780 2866 22 0 179
tree 1000 2888 2 0 179
tree 1304 2888 15 0 179
tree 1288 2888 14 0 179
tree 1320 2904 13 0 179
tree 2110 2898 33 0 179
lay 2184 2906 5 0 179
zabor 2256 2896 31 0 8
stand 2744 2890 176 0 179
dom 2720 2882 175 0 179
zabor 2864 2896 66 1 8
tree 2984 2904 21 0 179
tree 3380 2882 27 0 179
zabor 3504 2896 25 0 8
zabor 3600 2896 31 0 8
trop 3624 2886 102 179 179
zabor 3696 2896 30 0 8
zabor 3728 2896 24 0 8
tree 3764 2882 25 0 179
zabor 3760 2896 31 0 8
zabor 3792 2896 30 0 8
zabor 3824 2896 24 0 8
zabor 3856 2896 31 0 8
tree 280 2936 33 0 179
tree 728 2936 23 0 179
tree 1016 2920 30 0 179
fre 1330 2926 69 179 179
cliff 2240 2912 33 179 179
zabor 2256 2928 30 0 8
zabor 2576 2928 66 1 8
zabor 2608 2928 66 1 8
zabor 2640 2928 66 1 8
trop 2692 2926 80 179 179
zabor 2864 2928 65 1 8
tree 3160 2936 35 0 179
tree 3176 2920 19 0 179
dom 3340 2938 316 0 179
tree 3396 2930 30 0 179
zabor 3504 2928 25 0 8
zabor 3600 2928 27 0 8
trop 3688 2918 99 179 179
zabor 3696 2928 31 0 8
tree 728 2952 23 0 179
tree 1336 2952 19 0 179
tree 1438 2946 25 0 179
tree 2040 2952 6 0 179
zabor 2256 2960 27 0 8
zabor 2576 2960 64 1 8
trop 2764 2966 92 179 179
zabor 2864 2960 65 1 8
tree 2936 2970 28 0 179
tree 2984 2954 0 0 179
tree 3160 2968 27 0 179
tree 3144 2952 11 0 179
tree 3160 2952 38 0 179
trop 3448 2950 92 179 179
zabor 3504 2960 28 0 8
zabor 3600 2960 25 0 8
trop 3632 2974 96 179 179
zabor 3696 2960 27 0 8
tree 344 3000 35 0 179
tree 872 2984 34 0 179
tree 968 3000 26 0 179
tree 984 3000 33 0 179
tree 1320 3000 26 0 179
tree 1336 3000 4 0 179
tree 1352 3000 28 0 179
tree 2152 2984 5 0 179
zabor 2256 2992 25 0 8
zabor 2544 2992 66 1 8
zabor 2576 2992 65 1 8
lay 2712 2986 4 0 179
trop 2780 3006 95 179 179
zabor 3504 2992 27 0 8
zabor 3600 2992 24 0 8
zabor 3696 2992 25 0 8
tree 360 3016 2 0 179
tree 360 3032 21 0 179
tree 968 3016 38 0 179
zabor 2544 3024 66 1 8
trop 2620 3014 80 179 179
tree 2920 3034 18 0 179
trop 3448 3038 96 179 179
zabor 3504 3024 31 0 8
zabor 3600 3024 27 0 8
zabor 3696 3024 27 0 8
tree 280 3064 15 0 179
tree 264 3048 35 0 179
tree 344 3048 36 0 179
tree 360 3064 39 0 179
tree 728 3048 22 0 179
tree 712 3064 7 0 179
tree 744 3048 4 0 179
tree 776 3064 17 0 179
tree 968 3064 26 0 179
lay 2424 3066 28 0 179
lay 2616 3050 3 0 179
trop 2748 3046 95 179 179
trop 2788 3054 95 179 179
tree 2920 3050 6 0 179
tree 2920 3066 3 0 179
tree 2968 3066 16 0 179
tree 2984 3066 10 0 179
tree 3032 3066 16 0 179
tree 3224 3064 27 0 179
tree 3208 3064 14 0 179
tree 3240 3064 29 0 179
tree 3352 3064 24 0 179
zabor 3504 3056 28 0 8
zabor 3600 3056 29 0 8
zabor 3696 3056 28 0 8
tree 280 3080 30 0 179
tree 392 3096 41 0 179
tree 408 3096 16 0 179
tree 424 3096 31 0 179
tree 664 3080 22 0 179
tree 680 3096 35 0 179
tree 792 3080 23 0 179
tree 808 3096 39 0 179
tree 936 3096 37 0 179
tree 984 3080 29 0 179
tree 1000 3096 14 0 179
tree 1320 3096 34 0 179
lay 2328 3082 28 0 179
dom 2528 3074 176 0 179
trop 2644 3086 95 179 179
trop 2692 3094 80 179 179
stand 2760 3082 147 0 179
trop 2780 3078 95 179 179
lay 2792 3082 6 0 179
tree 2952 3082 20 0 179
tree 3064 3098 15 0 179
tree 3256 3096 13 0 179
zabor 3504 3088 28 0 8
zabor 3600 3088 26 0 8
zabor 3696 3088 25 0 8
tree 520 3112 9 0 179
tree 536 3112 31 0 179
tree 536 3128 6 0 179
tree 552 3128 16 0 179
tree 936 3112 32 0 179
tree 1000 3112 36 0 179
tree 1336 3128 19 0 179
tree 1336 3112 15 0 179
tree 1544 3128 15 0 179
tree 1560 3128 19 0 179
trop 1892 3116 73 179 179
lay 2472 3114 28 0 179
trop 2508 3126 93 179 179
stand 2840 3114 150 0 179
tree 2904 3128 41 0 179
tree 3256 3112 36 0 179
tree 3272 3128 23 0 179
zabor 3600 3120 26 0 8
trop 3632 3126 96 179 179
zabor 3696 3120 24 0 8
tree 200 3144 10 0 179
tree 216 3144 17 0 179
tree 616 3160 39 0 179
tree 632 3160 0 0 179
tree 712 3144 9 0 179
tree 936 3160 19 0 179
tree 1272 3160 39 0 179
trop 1826 3158 65 179 179
tree 2136 3144 36 0 179
stand 2376 3146 177 0 179
trop 2564 3150 91 179 179
tree 2968 3144 9 0 179
tree 2984 3144 27 0 179
tree 3288 3160 0 0 179
tree 3288 3144 32 0 179
dom 3532 3162 312 0 179
zabor 3696 3152 27 0 8
tree 216 3176 2 0 179
tree 232 3192 36 0 179
tree 1224 3176 9 0 179
tree 1240 3176 36 0 179
fre 1346 3174 22 179 179
fre 1402 3182 15 179 179
fre 1442 3174 25 179 179
dom 2688 3170 195 0 179
zabor 2832 3184 31 0 8
zabor 2864 3184 30 0 8
zabor 2896 3184 25 0 8
zabor 2928 3184 30 0 8
zabor 2960 3184 31 0 8
zabor 2992 3184 25 0 8
stand 3032 3178 53 0 179
stand 3016 3178 53 0 179
zabor 3024 3184 28 0 8
zabor 3056 3184 25 0 8
zabor 3088 3184 25 0 8
tree 3160 3176 11 0 179
tree 3176 3192 18 0 179
trop 3496 3182 98 179 179
zabor 3696 3184 24 0 8
tree 248 3224 11 0 179
trop 1786 3214 65 179 179
stand 2552 3226 241 0 179
stand 2616 3226 241 0 179
zabor 2608 3216 26 0 8
lay 2808 3226 28 0 179
stand 2824 3226 153 0 179
zabor 3088 3216 31 0 8
tree 3176 3208 37 0 179
tree 3192 3224 2 0 179
trop 3632 3206 96 179 179
tree 1192 3256 16 0 179
tree 1192 3240 17 0 179
trop 1802 3238 62 179 179
tree 2248 3256 20 0 179
tree 2488 3258 1 0 179
tree 2504 3258 16 0 179
trop 2564 3246 81 179 179
zabor 2608 3248 28 0 8
zabor 3088 3248 24 0 8
tree 3320 3256 18 0 179
tree 3336 3256 21 0 179
dom 3756 3258 311 0 179
zabor 3824 3248 27 0 8
zabor 3856 3248 31 0 8
zabor 3888 3248 26 0 8
zabor 3920 3248 29 0 8
tree 952 3272 27 0 179
tree 968 3288 22 0 179
tree 1176 3288 1 0 179
tree 1176 3272 4 0 179
tree 2504 3274 12 0 179
zabor 2608 3280 28 0 8
lay 2696 3274 9 0 179
lay 2824 3290 28 0 179
zabor 3088 3280 28 0 8
tree 3192 3288 1 0 179
tree 3336 3288 13 0 179
tree 3336 3272 9 0 179
trop 3576 3294 105 179 179
trop 3616 3278 97 179 179
trop 3624 3286 104 179 179
tree 200 3320 22 0 179
tree 200 3304 22 0 179
tree 968 3304 38 0 179
tree 1176 3304 7 0 179
tree 1368 3320 2 0 179
tree 1368 3304 31 0 179
stand 1726 3314 166 0 179
trop 2084 3324 73 179 179
trop 2556 3316 118 179 179
zabor 2608 3312 27 0 8
lay 2760 3306 28 0 179
lay 2904 3322 27 0 179
zabor 3088 3312 28 0 8
tree 3192 3320 7 0 179
tree 3192 3304 27 0 179
tree 3208 3304 3 0 179
trop 3632 3326 105 179 179
trop 3688 3326 101 179 179
trop 3736 3318 98 179 179
tree 3880 3320 9 0 179
tree 200 3336 26 0 179
fre 1266 3358 34 179 179
trop 1954 3350 73 179 179
trop 2596 3348 18 179 179
zabor 2608 3344 26 0 8
zabor 3088 3344 30 0 8
tree 3288 3352 22 0 179
tree 1016 3384 6 0 179
tree 1176 3368 19 0 179
tree 1192 3384 22 0 179
zabor 2608 3376 28 0 8
tree 3288 3368 4 0 179
tree 3288 3384 40 0 179
trop 3744 3374 101 179 179
tree 3880 3384 14 0 179
tree 3880 3368 36 0 179
tree 1016 3400 15 0 179
tree 1032 3416 21 0 179
tree 1032 3400 14 0 179
trop 1650 3406 68 179 179
trop 1802 3406 64 179 179
trop 1932 3412 72 179 179
zabor 2608 3408 26 0 8
zabor 3088 3408 30 0 8
tree 3288 3400 6 0 179
fre 1290 3430 31 179 179
trop 2082 3438 64 179 179
trop 2196 3444 72 179 179
trop 2300 3436 72 179 179
zabor 3088 3440 29 0 8
tree 3288 3432 25 0 179
tree 3640 3448 7 0 179
trop 3848 3454 105 179 179
trop 3880 3454 97 179 179
zabor 976 3472 26 0 8
trop 1562 3462 72 179 179
lay 1758 3458 5 0 179
trop 1970 3486 72 179 179
zabor 3088 3472 24 0 8
tree 3384 3464 27 0 179
tree 3384 3480 1 0 179
tree 3640 3464 0 0 179
tree 3736 3464 41 0 179
tree 3752 3464 31 0 179
trop 3920 3462 105 179 179
zabor 976 3504 27 0 8
tree 1016 3512 35 0 179
trop 1458 3510 67 179 179
lay 1550 3490 6 0 179
trop 2396 3492 72 179 179
zabor 3088 3504 25 0 8
tree 3160 3512 10 0 179
tree 3272 3512 20 0 179
tree 3304 3512 32 0 179
tree 3320 3512 22 0 179
tree 3336 3496 35 0 179
trop 3976 3494 101 179 179
zabor 976 3536 28 0 8
tree 1000 3544 8 0 179
tree 1000 3528 26 0 179
tree 1016 3528 31 0 179
trop 1802 3550 66 179 179
trop 2050 3542 73 179 179
zabor 2800 3536 24 0 8
zabor 2832 3536 31 0 8
zabor 2864 3536 30 0 8
zabor 2896 3536 27 0 8
zabor 2928 3536 28 0 8
zabor 2960 3536 24 0 8
zabor 2992 3536 30 0 8
zabor 3024 3536 28 0 8
zabor 3056 3536 24 0 8
zabor 3088 3536 24 0 8
tree 3160 3528 2 0 179
tree 3272 3528 36 0 179
tree 3656 3544 34 0 179
trop 3808 3550 134 179 179
zabor 432 3568 29 0 8
zabor 816 3568 28 0 8
zabor 848 3568 30 0 8
zabor 880 3568 24 0 8
zabor 912 3568 27 0 8
zabor 944 3568 30 0 8
zabor 976 3568 31 0 8
trop 1420 3564 72 179 179
tree 2968 3576 21 0 179
tree 3064 3560 19 0 179
tree 3080 3560 23 0 179
tree 3672 3576 18 0 179
tree 3656 3560 35 0 179
tree 3896 3560 3 0 179
zabor 432 3600 29 0 8
zabor 464 3600 31 0 8
zabor 496 3600 24 0 8
zabor 528 3600 24 0 8
zabor 560 3600 28 0 8
zabor 592 3600 29 0 8
tree 776 3608 9 0 179
tree 1454 3602 34 0 179
tree 2840 3592 32 0 179
tree 2936 3592 7 0 179
tree 2952 3592 38 0 179
tree 3688 3608 14 0 179
tree 3688 3592 6 0 179
tree 3752 3608 10 0 179
tree 3800 3608 40 0 179
tree 3784 3608 20 0 179
tree 3816 3608 7 0 179
dom 720 3616 175 0 179
stand 760 3640 158 0 179
fre 1362 3638 32 179 179
trop 1802 3630 73 179 179
trop 412 3652 105 179 179
trop 428 3652 105 179 179
trop 452 3660 97 179 179
trop 924 3668 65 179 179
fre 1394 3662 26 179 179
trop 580 3692 101 179 179
trop 660 3692 95 179 179
trop 700 3700 65 179 179
trop 748 3700 95 179 179
trop 900 3700 95 179 179
trop 1036 3700 101 179 179
trop 1068 3700 95 179 179
trop 1194 3686 98 179 179
fre 1378 3694 34 179 179
lay 2696 3688 18 0 179
tree 3896 3688 26 0 179
tree 3912 3704 2 0 179
trop 764 3732 100 179 179
tree 776 3736 6 0 179
zabor 816 3728 30 0 8
zabor 848 3728 29 0 8
zabor 880 3728 31 0 8
zabor 912 3728 31 0 8
zabor 944 3728 25 0 8
zabor 976 3728 30 0 8
zabor 1008 3728 26 0 8
zabor 1040 3728 29 0 8
zabor 1072 3728 30 0 8
fre 1426 3718 64 179 179
trop 2068 3740 73 179 179
tree 3928 3736 38 0 179
tree 3928 3720 31 0 179
tree 536 3768 11 0 179
tree 776 3768 17 0 179
tree 776 3752 11 0 179
trop 788 3748 100 179 179
tree 904 3752 11 0 179
zabor 1072 3760 25 0 8
stand 1214 3746 50 0 179
fre 1434 3766 31 179 179
fre 1418 3766 33 179 179
trop 1770 3750 74 179 179
tree 3192 3768 16 0 179
tree 3560 3768 10 0 179
tree 3720 3752 15 0 179
tree 3736 3752 34 0 179
tree 3736 3768 41 0 179
dom 624 3776 176 0 179
trop 668 3780 65 179 179
trop 732 3804 94 179 179
zabor 752 3792 30 0 8
tree 784 3800 15 0 179
zabor 1072 3792 30 0 8
trop 1642 3790 75 179 179
tree 3208 3784 28 0 179
tree 3560 3784 14 0 179
tree 3608 3784 6 0 179
tree 3608 3800 1 0 179
trop 700 3828 102 179 179
zabor 752 3824 24 0 8
zabor 1072 3824 28 0 8
trop 1298 3814 105 179 179
tree 3240 3832 6 0 179
tree 3608 3832 38 0 179
tree 3800 3816 33 0 179
tree 3816 3832 24 0 179
tree 3832 3832 29 0 179
tree 3848 3832 20 0 179
tree 3848 3816 24 0 179
stand 584 3864 153 0 179
stand 632 3848 179 0 179
stand 664 3864 161 0 179
stand 648 3864 161 0 179
zabor 752 3856 24 0 8
trop 1370 3846 101 179 179
tree 3112 3864 40 0 179
tree 3224 3864 30 0 179
tree 3240 3848 30 0 179
tree 3256 3864 8 0 179
tree 3240 3864 9 0 179
tree 3544 3864 4 0 179
tree 3544 3848 16 0 179
tree 3608 3848 4 0 179
tree 512 3896 16 0 179
tree 552 3896 5 0 179
stand 632 3896 178 0 179
stand 664 3880 159 0 179
stand 648 3880 162 0 179
stand 680 3880 160 0 179
zabor 752 3888 29 0 8
stand 1390 3874 56 0 179
trop 1458 3886 73 179 179
tree 3096 3896 3 0 179
tree 3096 3880 17 0 179
tree 3208 3880 0 0 179
tree 3544 3880 15 0 179
tree 3624 3896 31 0 179
tree 512 3912 15 0 179
tree 752 3928 11 0 179
trop 1644 3916 73 179 179
tree 2984 3928 18 0 179
tree 3000 3928 37 0 179
tree 3096 3912 3 0 179
tree 3416 3928 31 0 179
tree 3432 3928 30 0 179
tree 3624 3912 32 0 179
tree 3384 3944 18 0 179
tree 3400 3944 0 0 179
