tree 2428 120 13 0 179
trop 287 151 94 179 179
stand 371 155 160 0 179
tree 618 158 10 0 179
trop 678 130 92 179 179
lay 1466 158 2 0 179
lay 1514 158 0 0 179
lay 2476 136 28 0 179
tree 3290 142 13 0 179
tree 3290 158 13 0 179
tree 3546 142 15 0 179
tree 3530 142 7 0 179
tree 3722 142 8 0 179
trop 327 167 98 179 179
trop 343 167 99 179 179
stand 387 171 163 0 179
tree 618 190 15 0 179
tree 618 174 4 0 179
lay 1184 162 28 0 179
tree 1240 174 0 0 0
trop 1236 166 197 179 179
trop 1244 166 197 179 179
trop 1236 182 197 179 179
lay 1232 162 33 0 179
lay 1248 178 45 0 179
lay 1248 162 41 0 179
trop 1276 182 197 179 179
trop 1276 174 197 179 179
lay 1264 178 43 0 179
trop 1252 182 197 179 179
trop 1252 190 197 179 179
trop 1284 166 197 179 179
lay 1513 186 27 0 179
lay 1546 190 1 0 179
trop 1868 180 202 179 179
lay 1864 184 28 0 179
tree 1896 184 41 0 179
tree 2010 190 16 0 179
trop 2132 188 32 179 179
lay 2556 168 28 0 179
tree 2612 180 0 0 0
trop 2608 172 197 179 179
trop 2616 172 197 179 179
trop 2608 188 197 179 179
lay 2620 184 45 0 179
lay 2620 168 41 0 179
lay 2604 168 33 0 179
trop 2648 188 197 179 179
trop 2648 180 197 179 179
lay 2636 184 43 0 179
trop 2624 188 197 179 179
trop 2656 172 197 179 179
lay 2952 168 3 0 179
tree 3194 174 11 0 179
tree 3194 190 11 0 179
lay 3570 176 6 0 179
trop 3638 188 106 179 179
trop 3844 188 104 179 179
trop 265 193 102 179 179
tree 341 205 11 0 179
tree 389 205 9 0 179
lay 856 200 28 0 179
tree 1184 194 14 0 179
tree 1184 210 15 0 179
trop 1212 198 197 179 179
tree 1200 210 10 0 179
trop 1236 198 197 179 179
lay 1232 194 46 0 179
trop 1268 206 197 179 179
trop 1252 206 197 179 179
lay 1280 210 10 0 179
trop 1284 222 197 179 179
lay 1392 210 28 0 179
lay 1944 200 28 0 179
tree 1944 216 41 0 179
tree 1960 216 41 0 179
tree 2042 206 8 0 179
tree 2026 206 6 0 179
lay 2460 200 28 0 179
tree 2556 200 14 0 179
tree 2556 216 15 0 179
trop 2584 204 197 179 179
tree 2572 216 10 0 179
trop 2608 204 197 179 179
lay 2604 200 46 0 179
trop 2640 212 197 179 179
lay 2652 216 10 0 179
trop 2624 196 197 179 179
trop 2624 212 197 179 179
lay 2764 216 28 0 179
tree 3194 206 10 0 179
trop 3254 218 96 179 179
trop 3478 196 104 179 179
trop 3494 212 97 179 179
trop 3606 220 97 179 179
trop 3622 196 106 179 179
trop 3662 212 106 179 179
trop 3724 196 97 179 179
trop 3732 212 97 179 179
trop 3868 204 97 179 179
trop 3876 220 97 179 179
trop 3876 212 104 179 179
stand 451 251 159 0 179
trop 1148 230 202 179 179
lay 1248 226 43 0 179
lay 1264 226 28 0 179
lay 1264 242 10 0 179
lay 1280 226 7 0 179
trop 1292 230 197 179 179
lay 1328 242 33 0 179
tree 1530 238 11 0 179
lay 1562 238 4 0 179
trop 1908 236 202 179 179
trop 1948 236 205 179 179
tree 2042 254 9 0 179
tree 2042 238 14 0 179
trop 2132 244 32 179 179
trop 2520 236 202 179 179
lay 2620 232 43 0 179
lay 2636 232 28 0 179
lay 2652 232 7 0 179
lay 2636 248 10 0 179
trop 2664 236 197 179 179
trop 2656 228 197 179 179
lay 2700 248 33 0 179
tree 3194 238 7 0 179
trop 201 273 65 179 179
trop 217 273 65 179 179
stand 435 267 162 0 179
stand 451 283 156 0 179
stand 467 283 159 0 179
tree 1200 258 21 0 179
tree 1216 274 26 0 179
tree 1232 258 26 0 179
lay 1360 258 28 0 179
tree 2042 270 12 0 179
lay 2136 264 28 0 179
trop 2212 260 203 179 179
tree 2588 280 26 0 179
tree 2572 264 21 0 179
tree 2604 264 26 0 179
lay 2732 264 28 0 179
tree 3210 270 6 0 179
tree 3210 286 9 0 179
trop 3550 284 94 179 179
trop 263 295 96 179 179
tree 339 299 14 0 179
trop 345 305 65 179 179
stand 371 315 179 0 179
tree 419 315 16 0 179
stand 451 299 160 0 179
tree 1072 306 21 0 179
tree 1072 290 22 0 179
trop 1068 318 197 179 179
tree 1088 290 24 0 179
tree 1088 306 21 0 179
tree 1104 306 20 0 179
trop 1132 318 202 179 179
tree 1280 290 16 0 179
trop 1340 310 202 179 179
lay 1520 306 28 0 179
tree 1594 318 10 0 179
tree 2042 302 9 0 179
trop 2132 316 32 179 179
tree 2444 312 21 0 179
tree 2444 296 22 0 179
tree 2460 296 24 0 179
tree 2460 312 21 0 179
tree 2476 312 20 0 179
tree 2652 296 16 0 179
trop 2712 316 202 179 179
lay 2892 312 28 0 179
trop 3590 300 98 179 179
trop 3606 300 99 179 179
stand 3634 288 160 0 179
stand 3650 304 163 0 179
trop 3764 308 204 179 179
trop 185 321 65 179 179
trop 255 335 104 179 179
stand 355 331 178 1 179
trop 457 337 65 179 179
stand 483 331 185 0 179
trop 505 321 65 179 179
stand 531 347 180 0 179
trop 609 321 65 179 179
lay 888 344 28 0 179
tree 1032 334 7 0 0
trop 1052 342 197 179 179
trop 1068 334 197 179 179
lay 1072 338 46 0 179
trop 1060 334 197 179 179
lay 1200 338 28 0 179
trop 1324 334 202 179 179
trop 1348 326 202 179 179
lay 1944 344 28 0 179
tree 2042 334 8 0 179
tree 2404 340 7 0 0
trop 2424 348 197 179 179
trop 2440 324 197 179 179
trop 2440 340 197 179 179
lay 2444 344 46 0 179
trop 2432 340 197 179 179
trop 2504 324 202 179 179
lay 2572 344 28 0 179
trop 2696 340 202 179 179
trop 2720 332 202 179 179
tree 3210 350 7 0 179
trop 3254 330 96 179 179
tree 3322 334 14 0 179
tree 3322 350 13 0 179
trop 375 359 105 179 179
stand 515 379 183 0 179
stand 515 363 184 0 179
stand 547 379 178 0 179
stand 547 363 179 0 179
trop 1052 374 197 179 179
lay 1040 354 31 0 179
lay 1040 370 40 0 179
trop 1076 366 197 179 179
trop 1060 374 197 179 179
trop 1060 358 197 179 179
lay 1120 354 28 0 179
trop 1188 358 202 179 179
trop 1260 358 202 179 179
trop 1292 358 202 179 179
trop 1372 374 202 179 179
trop 1524 374 206 179 179
tree 1928 360 14 0 179
trop 1988 364 205 179 179
trop 2172 380 203 179 179
trop 2172 356 203 179 179
trop 2424 380 197 179 179
lay 2412 360 31 0 179
lay 2412 376 40 0 179
trop 2448 372 197 179 179
trop 2432 380 197 179 179
trop 2432 364 197 179 179
lay 2492 360 28 0 179
trop 2560 364 202 179 179
trop 2632 364 202 179 179
trop 2664 364 202 179 179
trop 2744 380 202 179 179
trop 2896 380 206 179 179
tree 3210 366 9 0 179
tree 3322 366 16 0 179
trop 191 399 104 179 179
trop 255 391 73 179 179
trop 239 415 94 179 179
trop 303 415 97 179 179
trop 399 407 95 179 179
trop 455 415 97 179 179
trop 543 407 105 179 179
trop 671 407 97 179 179
lay 1040 402 20 0 179
lay 1056 402 43 0 179
trop 1084 398 202 179 179
trop 1068 390 197 179 179
trop 1060 406 197 179 179
trop 1060 398 197 179 179
trop 1060 414 197 179 179
lay 1088 386 10 0 179
tree 1088 402 23 0 179
tree 1312 402 22 0 179
tree 1328 402 39 0 179
lay 1408 386 28 0 179
lay 1408 402 45 0 179
lay 1440 386 45 0 179
lay 1456 386 41 0 179
lay 1456 402 31 0 179
lay 1504 402 9 0 179
lay 1520 402 7 0 179
trop 1884 396 202 179 179
trop 1940 396 203 179 179
trop 2124 404 203 179 179
lay 2428 408 43 0 179
lay 2412 408 20 0 179
trop 2456 404 202 179 179
trop 2440 396 197 179 179
lay 2460 392 10 0 179
tree 2460 408 23 0 179
trop 2432 412 197 179 179
trop 2432 404 197 179 179
tree 2684 408 22 0 179
tree 2700 408 39 0 179
lay 2780 392 28 0 179
lay 2780 408 45 0 179
lay 2812 392 45 0 179
lay 2828 392 41 0 179
lay 2828 408 31 0 179
lay 2876 408 9 0 179
lay 2892 408 7 0 179
tree 3322 414 16 0 179
tree 3442 400 15 0 179
trop 639 439 101 179 179
trop 665 417 65 179 179
trop 719 423 104 179 179
lay 1040 434 39 0 179
lay 1056 434 40 0 179
tree 1072 418 35 0 179
tree 1072 434 10 0 179
trop 1124 438 202 179 179
lay 1216 418 28 0 179
trop 1324 438 200 179 179
lay 1408 434 4 0 179
tree 1438 440 4 0 179
tree 1422 440 13 0 179
lay 1440 418 44 0 179
lay 1456 434 33 0 179
lay 1488 434 32 0 179
lay 1520 418 7 0 179
lay 1536 418 8 0 179
tree 1536 418 0 0 179
tree 1536 434 35 0 179
trop 1908 444 203 179 179
lay 2040 440 21 0 179
lay 2412 440 39 0 179
lay 2428 440 40 0 179
tree 2444 424 35 0 179
tree 2444 440 10 0 179
trop 2432 420 197 179 179
trop 2496 444 202 179 179
lay 2588 424 28 0 179
trop 2696 444 200 179 179
lay 2780 440 4 0 179
tree 2810 446 4 0 179
tree 2794 446 13 0 179
lay 2812 424 44 0 179
lay 2828 440 33 0 179
lay 2860 440 32 0 179
lay 2908 424 8 0 179
lay 2892 424 7 0 179
tree 2908 424 0 0 179
tree 2908 440 35 0 179
stand 2954 446 154 0 179
tree 3338 430 4 0 179
tree 3338 446 4 0 179
tree 3426 416 10 0 179
trop 3526 428 96 179 179
tree 3602 432 14 0 179
trop 159 455 101 179 179
trop 271 463 107 179 179
trop 343 479 99 179 179
trop 391 471 97 179 179
trop 575 463 72 179 179
trop 551 463 97 179 179
trop 593 457 65 179 179
lay 1040 450 9 0 179
lay 1040 466 10 0 179
lay 1056 450 7 0 179
trop 1108 478 202 179 179
tree 1360 450 20 0 179
tree 1360 466 14 0 179
tree 1376 466 25 0 179
tree 1408 466 22 0 179
lay 1456 466 20 0 179
lay 1472 466 30 0 179
lay 1488 450 36 0 179
lay 1504 450 43 0 179
trop 1964 468 205 179 179
lay 1992 456 28 0 179
lay 1992 472 26 0 179
trop 2132 452 32 179 179
lay 2200 472 13 0 179
lay 2428 456 7 0 179
lay 2412 456 9 0 179
lay 2412 472 10 0 179
tree 2732 456 20 0 179
tree 2748 472 25 0 179
tree 2732 472 14 0 179
tree 2780 472 22 0 179
lay 2828 472 20 0 179
lay 2844 472 30 0 179
lay 2860 456 36 0 179
lay 2876 456 43 0 179
trop 3270 466 73 179 179
tree 3338 462 7 0 179
trop 3518 468 104 179 179
stand 3634 448 179 0 179
stand 3618 464 178 1 179
tree 3682 448 16 0 179
lay 179 491 3 0 179
trop 327 487 98 179 179
trop 567 503 101 179 179
lay 659 507 5 0 179
trop 1108 486 202 179 179
tree 1360 482 14 0 179
tree 1376 482 17 0 179
tree 1408 482 26 0 179
trop 1420 494 198 179 179
trop 1884 492 203 179 179
tree 2216 488 16 0 179
trop 2480 484 202 179 179
trop 2480 492 202 179 179
trop 2648 500 198 179 179
lay 2652 488 28 0 179
trop 2656 500 207 179 179
tree 2732 488 14 0 179
tree 2748 488 17 0 179
tree 2780 488 26 0 179
trop 2792 500 198 179 179
lay 2856 504 10 0 179
stand 2954 494 154 0 179
dom 3232 480 186 0 179
tree 3386 510 14 0 179
tree 3402 510 16 0 179
trop 3638 492 105 179 179
trop 3748 500 97 179 179
trop 343 527 100 179 179
trop 511 527 100 179 179
stand 531 539 160 0 179
trop 695 519 102 179 179
trop 759 535 103 179 179
trop 1884 540 203 179 179
tree 1944 520 17 0 179
trop 1956 524 205 179 179
trop 2052 540 202 179 179
tree 2184 520 10 0 179
trop 2212 540 203 179 179
tree 3338 526 9 0 179
trop 3454 532 104 179 179
trop 3518 524 73 179 179
trop 3662 540 95 179 179
trop 3806 540 105 179 179
trop 3868 516 97 179 179
trop 3908 516 97 179 179
trop 3934 540 97 179 179
trop 215 551 96 179 179
trop 271 575 96 179 179
trop 359 567 100 179 179
trop 375 575 106 179 179
trop 433 561 104 179 179
stand 451 571 156 0 179
stand 467 555 160 0 179
stand 451 555 161 0 179
stand 483 555 181 1 179
trop 489 561 65 179 179
trop 713 561 105 179 179
tree 746 574 8 0 179
lay 1032 552 28 0 179
trop 1884 564 203 179 179
trop 1956 556 202 179 179
trop 2150 562 94 179 179
lay 2476 552 42 0 179
lay 2492 568 34 0 179
lay 2588 552 28 0 179
stand 2970 558 178 0 179
tree 3338 574 4 0 179
trop 3382 548 97 179 179
trop 3502 548 94 179 179
trop 3566 548 97 179 179
trop 3718 548 97 179 179
trop 3902 572 101 179 179
trop 193 593 65 179 179
trop 255 591 73 179 179
stand 373 589 189 0 179
stand 405 589 188 0 179
fre 721 581 26 0 0
lay 936 584 28 0 179
trop 1828 604 203 179 179
trop 1828 596 203 179 179
trop 1988 604 202 179 179
stand 3002 606 179 0 179
dom 3202 582 189 0 179
trop 3278 594 62 179 179
trop 3422 588 101 179 179
trop 3534 596 107 179 179
trop 3654 604 97 179 179
trop 3838 596 72 179 179
trop 3814 596 97 179 179
trop 113 625 65 179 179
trop 375 623 105 179 179
trop 668 628 91 179 179
trop 1868 628 203 179 179
lay 1864 616 28 0 179
trop 2004 620 205 179 179
lay 1992 632 28 0 179
trop 2150 634 102 179 179
lay 2184 632 28 0 179
stand 3034 622 180 0 179
stand 3018 638 184 0 179
trop 3278 634 62 179 179
trop 3340 612 204 179 179
tree 3378 608 13 0 179
tree 3378 624 12 0 179
trop 3396 628 204 179 179
lay 3442 624 3 0 179
trop 3590 620 98 179 179
trop 3606 612 99 179 179
trop 3830 636 101 179 179
trop 153 657 107 179 179
trop 129 641 65 179 179
trop 161 665 107 179 179
trop 449 657 101 179 179
trop 489 657 65 179 179
stand 501 669 156 0 179
stand 501 653 156 0 179
trop 577 641 65 179 179
trop 2150 642 94 179 179
stand 3066 654 181 0 179
trop 3606 660 100 179 179
trop 3774 660 100 179 179
lay 3922 640 5 0 179
trop 3958 652 102 179 179
trop 4022 668 103 179 179
trop 137 673 97 179 179
trop 225 673 104 179 179
trop 359 695 100 179 179
stand 387 699 156 0 179
stand 387 683 161 0 179
stand 419 699 158 0 179
trop 569 697 105 179 179
dom 1152 672 175 0 179
dom 1248 672 175 0 179
dom 1344 672 175 0 179
tree 1786 686 15 0 179
tree 1994 702 15 0 179
tree 2026 686 8 0 179
tree 2906 702 17 0 179
tree 2922 702 17 0 179
tree 2970 702 4 0 179
dom 3074 678 175 0 179
stand 3114 686 166 0 179
dom 3202 678 190 0 179
trop 3310 698 15 179 179
trop 3382 698 65 179 179
trop 3478 684 96 179 179
trop 3622 700 100 179 179
stand 3730 688 160 0 179
stand 3714 688 161 0 179
stand 3746 688 181 1 179
stand 3794 672 160 0 179
trop 3886 700 106 179 179
trop 145 705 101 179 179
trop 223 735 96 179 179
trop 271 711 96 179 179
stand 341 733 184 0 179
stand 371 715 162 0 179
stand 355 715 156 0 179
stand 403 731 162 0 179
stand 387 715 161 0 179
stand 419 731 185 1 179
stand 419 715 157 0 179
trop 670 730 81 179 179
trop 830 722 65 179 179
dom 802 710 196 0 179
trop 974 730 65 179 179
dom 994 710 195 0 179
stand 1162 734 180 0 179
trop 1366 730 65 179 179
tree 1594 718 11 0 179
tree 1754 718 7 0 179
tree 1738 718 13 0 179
tree 1994 718 11 0 179
trop 2110 714 103 179 179
tree 2138 734 13 0 179
trop 3254 714 74 179 179
trop 3518 724 73 179 179
trop 3534 708 96 179 179
trop 3638 708 106 179 179
stand 3714 704 156 0 179
trop 3774 724 106 179 179
trop 4030 708 102 179 179
stand 371 763 160 0 179
stand 387 763 161 0 179
trop 513 753 102 179 179
trop 1078 746 65 179 179
trop 1270 746 65 179 179
trop 1406 738 10 179 179
trop 2142 746 103 179 179
trop 2142 762 90 179 179
trop 2246 746 105 179 179
trop 2254 762 80 179 179
trop 2294 754 105 179 179
trop 2334 762 105 179 179
trop 2381 758 93 179 179
trop 2454 754 97 179 179
trop 2646 754 97 179 179
trop 2758 754 97 179 179
trop 2886 754 97 179 179
trop 3070 746 90 179 179
trop 3174 762 72 179 179
trop 3174 746 80 179 179
trop 3262 746 89 179 179
trop 3350 762 15 179 179
trop 3638 756 105 179 179
trop 3870 764 97 179 179
trop 3926 764 104 179 179
tree 469 781 11 0 179
tree 618 798 7 0 179
trop 1118 778 97 179 179
trop 1278 778 97 179 179
trop 1374 794 97 179 179
trop 1614 770 90 179 179
trop 1742 770 93 179 179
trop 2038 794 95 179 179
tree 2792 792 40 0 179
stand 2970 798 150 0 179
trop 3006 778 95 179 179
stand 3290 798 165 0 179
trop 3350 794 65 179 179
trop 3742 772 106 179 179
trop 3950 796 101 179 179
tree 618 814 9 0 179
trop 830 810 65 179 179
trop 1086 810 101 179 179
stand 1098 830 181 0 179
trop 1214 826 95 179 179
trop 1190 826 101 179 179
trop 1478 802 95 179 179
tree 1626 830 4 0 179
tree 1610 830 12 0 179
trop 1894 802 95 179 179
tree 2042 830 16 0 179
stand 2106 814 204 1 179
stand 2090 814 204 1 179
stand 2122 830 197 1 179
tree 2202 830 13 0 179
dom 2336 800 188 0 179
lay 2504 808 28 0 179
lay 2760 824 28 0 179
tree 2792 808 36 0 179
tree 2808 808 40 0 179
tree 2824 824 29 0 179
stand 2922 814 153 0 179
trop 2988 804 204 179 179
tree 3066 814 15 0 179
tree 3050 814 6 0 179
tree 3082 830 16 0 179
tree 3162 814 7 0 179
tree 3146 814 5 0 179
trop 3212 804 204 179 179
trop 3622 828 100 179 179
stand 3650 816 161 0 179
trop 3764 828 204 179 179
trop 3812 828 204 179 179
tree 340 856 10 0 179
trop 662 850 92 179 179
trop 822 858 65 179 179
dom 800 832 176 0 179
trop 958 834 65 179 179
trop 974 834 100 179 179
tree 1082 862 14 0 179
stand 1114 846 163 0 179
stand 1130 846 161 0 179
trop 1278 842 100 179 179
tree 1338 846 8 0 179
tree 1386 846 5 0 179
tree 1530 846 13 0 179
trop 1510 842 100 179 179
tree 1562 846 15 0 179
tree 1610 846 9 0 179
trop 1692 852 202 179 179
trop 1684 860 204 179 179
tree 1850 846 14 0 179
tree 1834 846 17 0 179
tree 1946 846 11 0 179
tree 1962 846 12 0 179
tree 2042 846 16 0 179
tree 2026 846 11 0 179
tree 2266 846 6 0 179
trop 2302 842 8 179 179
trop 3228 836 204 179 179
trop 3356 844 204 179 179
trop 3444 860 204 179 179
trop 3534 844 96 179 179
trop 3612 852 204 179 179
stand 3634 848 162 0 179
stand 3618 848 156 0 179
stand 3650 832 156 0 179
stand 3650 848 161 0 179
stand 3682 848 157 0 179
stand 3682 832 158 0 179
tree 292 888 10 0 179
tree 340 872 14 0 179
tree 324 872 11 0 179
trop 934 890 99 179 179
stand 1002 878 147 0 179
trop 1254 866 105 179 179
trop 1294 866 100 179 179
trop 1422 890 104 179 179
stand 1498 894 158 0 179
stand 1482 894 157 0 179
tree 1514 878 14 0 179
tree 1561 876 7 0 179
stand 1562 878 204 1 179
tree 1577 876 4 0 179
lay 1768 872 28 0 179
lay 2456 888 28 0 179
dom 2496 864 253 0 179
dom 2688 864 230 0 179
lay 2824 872 28 0 179
trop 3332 892 204 179 179
trop 3436 876 204 179 179
trop 3500 868 204 179 179
trop 3508 884 204 179 179
trop 3540 868 204 179 179
stand 3666 864 162 0 179
stand 3682 864 185 1 179
trop 3828 884 204 179 179
trop 3844 892 204 179 179
trop 3892 884 204 179 179
lay 132 920 29 0 179
lay 180 920 31 0 179
lay 244 904 19 0 179
tree 276 904 10 0 179
tree 602 926 5 0 179
trop 648 924 96 179 179
tree 714 926 6 0 179
trop 830 922 65 179 179
tree 954 910 12 0 179
stand 938 926 200 1 179
trop 1158 914 104 179 179
trop 1244 916 204 179 179
trop 1262 898 105 179 179
stand 1450 926 156 0 179
stand 1498 910 156 0 179
stand 1482 910 156 0 179
stand 1530 926 161 0 179
tree 1561 924 7 0 179
tree 1593 924 13 0 179
tree 1577 908 5 0 179
trop 1708 908 202 179 179
trop 1740 900 202 179 179
lay 2008 904 28 0 179
lay 2888 920 28 0 179
lay 3048 920 28 0 179
trop 3124 900 204 179 179
lay 3144 920 28 0 179
trop 3228 900 204 179 179
trop 3476 900 19 179 179
trop 3532 908 19 179 179
trop 3540 900 19 179 179
trop 3620 924 19 179 179
stand 3634 896 160 0 179
stand 3650 896 161 0 179
trop 3692 908 19 179 179
trop 3724 916 204 179 179
trop 3756 924 204 179 179
lay 84 936 32 0 179
lay 68 936 40 0 179
lay 164 936 41 0 179
tree 468 936 10 0 179
tree 452 936 11 0 179
trop 552 940 106 179 179
trop 648 948 103 179 179
stand 810 958 181 0 179
stand 842 958 182 0 179
trop 878 954 96 179 179
tree 1162 958 14 0 179
tree 1242 942 14 0 179
trop 1236 940 204 179 179
tree 1258 958 9 0 179
tree 1354 958 9 0 179
tree 1401 940 9 0 179
tree 1385 956 8 0 179
tree 1385 940 15 0 179
tree 1433 940 4 0 179
tree 1561 940 14 0 179
tree 1561 956 6 0 179
tree 1545 940 11 0 179
tree 1593 940 8 0 179
trop 1812 940 204 179 179
trop 2294 938 9 179 179
tree 2888 952 14 0 179
tree 2938 958 13 0 179
tree 2970 958 6 0 179
tree 3162 958 8 0 179
tree 3290 958 15 0 179
trop 3356 932 19 179 179
trop 3436 932 19 179 179
trop 3494 954 20 179 179
tree 3562 942 13 0 179
trop 3764 932 19 179 179
trop 3804 948 19 179 179
trop 3828 948 204 179 179
trop 176 980 106 179 179
tree 730 990 7 0 179
trop 1030 978 100 179 179
tree 1098 990 15 0 179
trop 1334 986 102 179 179
tree 1465 972 14 0 179
tree 1465 988 8 0 179
tree 1497 972 5 0 179
tree 1513 972 12 0 179
trop 1676 972 204 179 179
trop 1820 972 202 179 179
trop 3220 980 204 179 179
trop 3236 988 204 179 179
trop 3390 962 18 179 179
trop 3428 980 47 179 179
trop 3486 978 20 179 179
tree 3562 974 14 0 179
trop 3598 970 24 179 179
trop 3678 962 24 179 179
trop 3766 962 24 179 179
trop 3836 988 19 179 179
trop 3828 972 19 179 179
lay 132 1000 6 0 179
trop 184 1004 106 179 179
trop 272 996 97 179 179
trop 536 1004 106 179 179
trop 576 996 106 179 179
trop 870 1018 103 179 179
tree 986 1022 12 0 179
trop 1188 1004 204 179 179
tree 1401 1004 13 0 179
tree 1386 1022 12 0 179
tree 1497 1004 13 0 179
tree 1529 1004 13 0 179
tree 1529 1020 11 0 179
tree 1513 1004 12 0 179
tree 1545 1004 14 0 179
dom 1729 996 131 0 179
trop 1852 1012 202 179 179
trop 1908 1012 202 179 179
lay 2152 1000 28 0 179
tree 2426 1022 11 0 179
lay 2456 1016 28 0 179
lay 2664 1000 28 0 179
lay 2808 1000 28 0 179
tree 3082 1006 17 0 179
trop 3300 1012 19 179 179
trop 3358 1010 21 179 179
dom 3490 998 186 0 179
trop 3868 1020 204 179 179
trop 3876 996 19 179 179
trop 48 1028 95 179 179
stand 340 1048 40 0 179
trop 432 1028 95 179 179
trop 472 1044 101 179 179
trop 544 1036 101 179 179
lay 628 1032 3 0 179
trop 670 1050 91 179 179
trop 918 1042 104 179 179
tree 986 1038 12 0 179
tree 1049 1036 10 0 179
tree 1081 1052 7 0 179
tree 1065 1052 15 0 179
tree 1113 1052 13 0 179
tree 1097 1052 6 0 179
trop 1204 1028 204 179 179
tree 1306 1054 9 0 179
tree 1337 1052 12 0 179
tree 1321 1036 15 0 179
tree 1386 1038 6 0 179
tree 1433 1052 6 0 179
tree 1417 1036 8 0 179
tree 1529 1036 16 0 179
tree 1513 1036 8 0 179
trop 1788 1036 202 179 179
trop 1796 1028 204 179 179
trop 1852 1044 202 179 179
tree 2600 1032 27 0 179
tree 2650 1054 12 0 179
tree 2696 1048 36 0 179
lay 2776 1048 28 0 179
tree 2938 1038 7 0 179
tree 2922 1038 15 0 179
trop 3284 1036 19 179 179
trop 3444 1028 47 179 179
trop 3494 1050 20 179 179
trop 3774 1050 24 179 179
trop 3780 1052 47 179 179
dom 3808 1024 186 0 179
trop 3862 1050 24 179 179
trop 3892 1028 19 179 179
tree 68 1080 15 0 179
tree 100 1080 14 0 179
tree 500 1080 14 0 179
trop 712 1060 98 179 179
tree 954 1086 6 0 179
tree 938 1086 6 0 179
tree 1113 1068 8 0 179
tree 1129 1084 16 0 179
tree 1241 1068 10 0 179
trop 1244 1076 204 179 179
tree 1306 1086 16 0 179
tree 1290 1070 8 0 179
tree 1369 1084 4 0 179
tree 1353 1068 5 0 179
tree 1401 1068 6 0 179
tree 1385 1084 10 0 179
tree 1417 1068 11 0 179
trop 1564 1076 207 179 179
lay 1944 1080 28 0 179
lay 2552 1080 28 0 179
tree 2568 1064 0 0 179
tree 2712 1064 40 0 179
tree 2712 1080 31 0 179
tree 2728 1080 22 0 179
trop 3406 1058 17 179 179
trop 3460 1068 47 179 179
trop 3500 1068 47 179 179
trop 3526 1058 24 179 179
trop 3606 1058 24 179 179
trop 3694 1058 24 179 179
trop 3940 1068 19 179 179
tree 116 1096 12 0 179
tree 132 1096 16 0 179
tree 484 1112 10 0 179
tree 500 1096 16 0 179
tree 484 1096 16 0 179
tree 516 1112 11 0 179
tree 724 1096 6 0 179
trop 806 1106 100 179 179
trop 941 1096 98 179 179
tree 1113 1116 12 0 179
tree 1129 1100 4 0 179
tree 1385 1100 6 0 179
dom 1665 1092 158 0 179
trop 1724 1092 207 179 179
dom 1729 1092 158 0 179
tree 2568 1096 10 0 179
tree 2714 1118 16 0 179
tree 2744 1096 36 0 179
tree 2792 1112 3 0 179
tree 2856 1112 1 0 179
tree 2872 1096 16 0 179
dom 3042 1094 175 0 179
trop 3156 1116 19 179 179
dom 3138 1094 159 0 179
trop 3244 1116 19 179 179
dom 3234 1094 183 0 179
trop 3276 1092 19 179 179
dom 3298 1094 189 0 179
trop 3788 1108 47 179 179
trop 3828 1100 47 179 179
trop 3900 1100 47 179 179
tree 500 1128 14 0 179
trop 656 1124 96 179 179
dom 1057 1124 156 0 179
tree 1113 1132 8 0 179
tree 1113 1148 10 0 179
tree 1177 1132 9 0 179
tree 1177 1148 10 0 179
tree 1306 1150 5 0 179
trop 1300 1132 204 179 179
trop 1316 1140 204 179 179
trop 1548 1124 204 179 179
trop 1804 1140 202 179 179
trop 1836 1140 204 179 179
trop 2294 1146 8 179 179
lay 2392 1128 28 0 179
lay 2552 1128 28 0 179
tree 2568 1128 28 0 179
tree 2584 1128 2 0 179
tree 2808 1128 4 0 179
tree 2824 1144 29 0 179
tree 2840 1128 11 0 179
trop 3422 1122 17 179 179
dom 3458 1126 154 0 179
trop 3534 1130 48 179 179
trop 3598 1146 48 179 179
trop 3774 1146 48 179 179
trop 3862 1146 48 179 179
trop 3916 1124 47 179 179
trop 3916 1140 47 179 179
dom 428 1168 211 0 179
trop 662 1170 92 179 179
trop 664 1164 102 179 179
trop 1037 1152 65 179 179
tree 1145 1164 5 0 179
tree 1129 1180 6 0 179
trop 1317 1168 65 179 179
dom 1345 1156 253 0 179
dom 1537 1156 185 0 179
trop 1637 1160 98 179 179
dom 1665 1156 157 0 179
stand 1721 1180 153 0 179
trop 1716 1156 202 179 179
trop 1708 1164 204 179 179
trop 1884 1156 202 179 179
lay 2008 1160 28 0 179
tree 2760 1176 36 0 179
tree 2856 1160 24 0 179
tree 2872 1176 37 0 179
trop 3382 1178 17 179 179
dom 3648 1152 139 0 179
trop 3686 1154 48 179 179
dom 3776 1152 182 0 179
trop 3812 1164 47 179 179
trop 352 1196 202 179 179
tree 484 1208 9 0 179
tree 618 1214 9 0 179
tree 618 1198 7 0 179
trop 632 1212 102 179 179
trop 734 1210 99 179 179
tree 1338 1214 12 0 179
trop 1437 1184 65 179 179
trop 1597 1200 94 179 179
trop 1621 1192 65 179 179
trop 1660 1212 202 179 179
trop 1764 1196 207 179 179
lay 2472 1192 28 0 179
tree 2744 1208 41 0 179
tree 2760 1208 14 0 179
tree 2760 1192 4 0 179
tree 2938 1214 4 0 179
tree 2970 1198 15 0 179
trop 3094 1186 20 179 179
trop 3230 1186 17 179 179
stand 3530 1214 165 0 179
trop 3812 1196 47 179 179
trop 3902 1210 22 179 179
stand 3882 1214 165 0 179
trop 3950 1194 18 179 179
tree 202 1246 5 0 179
trop 320 1220 202 179 179
tree 404 1240 13 0 179
tree 388 1240 14 0 179
tree 436 1224 11 0 179
tree 452 1240 11 0 179
tree 452 1224 4 0 179
tree 484 1240 7 0 179
tree 618 1230 4 0 179
stand 612 1240 41 0 179
tree 730 1230 4 0 179
dom 864 1216 320 0 179
trop 1045 1232 105 179 179
trop 1428 1236 204 179 179
trop 1653 1224 97 179 179
trop 1789 1224 97 179 179
tree 2234 1230 11 0 179
trop 2285 1238 9 179 179
stand 2346 1230 166 0 179
trop 2342 1226 98 179 179
tree 2874 1230 4 0 179
tree 3226 1246 6 0 179
trop 3502 1218 20 179 179
trop 3598 1226 20 179 179
trop 3886 1234 23 179 179
tree 218 1262 8 0 179
tree 234 1262 7 0 179
lay 537 1274 17 0 179
tree 548 1272 10 0 179
stand 602 1262 204 1 179
trop 792 1276 102 179 179
lay 1082 1278 4 0 179
trop 1205 1264 95 179 179
trop 1357 1272 95 179 179
trop 1501 1272 101 179 179
trop 1533 1256 101 179 179
trop 1524 1260 204 179 179
trop 1557 1256 95 179 179
trop 1725 1272 95 179 179
stand 1817 1276 165 0 179
trop 1893 1272 95 179 179
trop 2164 1260 204 179 179
tree 2362 1278 14 0 179
trop 2350 1266 98 179 179
stand 2378 1278 162 0 179
stand 2378 1262 163 0 179
tree 2954 1262 14 0 179
trop 3134 1266 72 179 179
trop 3110 1258 72 179 179
trop 3246 1250 72 179 179
trop 3366 1274 65 179 179
trop 3510 1258 18 179 179
trop 3694 1274 26 179 179
trop 3782 1266 26 179 179
trop 3942 1258 18 179 179
lay 436 1288 1 0 179
trop 662 1282 91 179 179
trop 656 1300 96 179 179
lay 740 1288 5 0 179
lay 1034 1294 2 0 179
trop 1429 1288 100 179 179
tree 1465 1308 10 0 179
tree 1449 1308 6 0 179
stand 1513 1292 165 0 179
trop 1629 1304 98 179 179
trop 1733 1296 100 179 179
tree 1769 1308 12 0 179
trop 1812 1300 202 179 179
lay 2040 1304 28 0 179
dom 2161 1282 88 0 179
trop 2260 1292 204 179 179
stand 2410 1294 157 0 179
lay 2488 1304 28 0 179
lay 2648 1304 28 0 179
dom 2818 1286 171 2 179
tree 3002 1294 11 0 179
dom 3170 1286 156 0 179
trop 3430 1290 65 179 179
trop 3550 1282 18 179 179
trop 3612 1308 19 179 179
trop 3902 1282 23 179 179
lay 392 1336 28 0 179
tree 746 1342 4 0 179
tree 772 1336 10 0 179
lay 1018 1342 0 0 179
trop 1070 1338 65 179 179
lay 1098 1342 1 0 179
trop 1245 1312 100 179 179
dom 1281 1316 176 0 179
trop 1349 1336 91 179 179
tree 1433 1324 15 0 179
lay 1480 1336 28 0 179
trop 1605 1320 99 179 179
trop 1660 1324 204 179 179
trop 1709 1336 99 179 179
trop 1836 1340 207 179 179
trop 2124 1340 204 179 179
trop 2846 1330 65 179 179
stand 3050 1326 165 0 179
trop 3086 1314 65 179 179
trop 3190 1322 65 179 179
tree 3450 1342 13 0 179
dom 3682 1318 156 0 179
trop 3732 1332 19 179 179
dom 3810 1318 159 0 179
tree 250 1374 5 0 179
tree 314 1358 8 0 179
tree 298 1358 5 0 179
tree 298 1374 5 0 179
tree 330 1358 6 0 179
tree 746 1358 6 0 179
trop 1173 1352 91 179 179
tree 1162 1358 5 0 179
tree 1162 1374 6 0 179
trop 1389 1352 99 179 179
trop 1396 1372 207 179 179
stand 1453 1364 141 0 179
trop 1645 1352 102 179 179
tree 1753 1372 16 0 179
tree 1785 1372 15 0 179
lay 1800 1368 28 0 179
stand 1849 1356 146 0 179
tree 1945 1356 8 0 179
tree 1945 1372 13 0 179
trop 2109 1368 94 179 179
trop 2430 1354 97 179 179
trop 2446 1354 105 179 179
trop 2614 1354 97 179 179
trop 2758 1354 97 179 179
dom 2818 1350 173 0 179
trop 2982 1354 65 179 179
dom 3362 1350 198 0 179
tree 3450 1374 7 0 179
trop 3718 1346 13 179 179
trop 3852 1356 19 179 179
tree 234 1390 9 0 179
lay 505 1402 6 0 179
tree 602 1406 8 0 179
trop 861 1376 103 179 179
lay 1050 1390 6 0 179
tree 1034 1406 12 0 179
stand 1130 1390 201 1 179
trop 1125 1376 65 179 179
trop 1205 1384 94 179 179
trop 1461 1376 65 179 179
trop 1525 1376 102 179 179
trop 1565 1400 94 179 179
trop 1692 1388 204 179 179
lay 1720 1384 28 0 179
trop 1869 1392 65 179 179
lay 2008 1384 28 0 179
trop 2774 1386 7 179 179
trop 2862 1378 10 179 179
trop 3038 1386 7 179 179
trop 3118 1386 10 179 179
trop 3438 1394 65 179 179
trop 3566 1378 65 179 179
trop 700 1412 83 179 179
lay 761 1418 13 0 179
tree 1002 1438 13 0 179
trop 1229 1432 98 179 179
trop 1365 1424 94 179 179
tree 1593 1434 7 0 179
lay 1688 1416 28 0 179
trop 2366 1418 100 179 179
lay 2376 1416 28 0 179
trop 2406 1434 100 179 179
tree 2650 1422 17 0 179
trop 2838 1418 65 179 179
trop 3262 1410 73 179 179
trop 3246 1410 72 179 179
tree 3450 1422 8 0 179
trop 3486 1434 15 179 179
trop 3670 1418 65 179 179
tree 3738 1422 16 0 179
trop 3758 1434 15 179 179
trop 3806 1410 65 179 179
trop 3846 1418 65 179 179
trop 3926 1434 18 179 179
trop 3942 1410 73 179 179
lay 216 1448 28 0 179
dom 949 1452 154 0 179
dom 1077 1452 159 0 179
trop 1069 1456 65 179 179
tree 1114 1470 9 0 179
tree 1098 1470 17 0 179
dom 1281 1444 185 0 179
lay 1368 1464 28 0 179
tree 1417 1452 13 0 179
stand 1497 1468 165 0 179
trop 1684 1460 204 179 179
trop 1709 1440 98 179 179
trop 1924 1460 202 179 179
dom 2165 1452 186 0 179
trop 2261 1456 94 179 179
tree 3002 1470 10 0 179
tree 3034 1470 13 0 179
trop 3014 1450 101 179 179
tree 3018 1454 4 0 179
trop 3342 1442 65 179 179
dom 3648 1440 320 0 179
trop 3686 1466 13 179 179
lay 3722 1470 5 0 179
tree 410 1486 9 0 179
tree 394 1502 9 0 179
lay 536 1496 28 0 179
trop 1173 1480 92 179 179
trop 1165 1488 103 179 179
trop 1357 1472 88 179 179
tree 1433 1500 9 0 179
trop 1533 1496 91 179 179
stand 1737 1500 165 0 179
tree 1817 1500 10 0 179
tree 1833 1484 12 0 179
tree 1881 1482 9 0 179
tree 1865 1482 31 0 179
tree 1865 1500 10 0 179
tree 1913 1482 8 0 179
tree 1897 1482 27 0 179
dom 1984 1472 186 0 179
trop 2388 1500 204 179 179
tree 2970 1486 8 0 179
tree 2954 1486 6 0 179
tree 3002 1486 5 0 179
tree 3066 1502 12 0 179
trop 3182 1498 15 179 179
trop 3462 1490 65 179 179
trop 3846 1498 65 179 179
lay 248 1512 28 0 179
lay 360 1512 1 0 179
lay 441 1530 7 0 179
lay 536 1528 28 0 179
trop 732 1508 87 179 179
trop 997 1528 109 179 179
trop 1029 1520 97 179 179
stand 1229 1524 165 0 179
trop 1269 1504 85 179 179
stand 1373 1524 165 0 179
lay 1544 1512 28 0 179
trop 1709 1504 94 179 179
tree 1929 1514 33 0 179
trop 2109 1528 94 179 179
lay 2408 1512 28 0 179
lay 2536 1528 28 0 179
tree 2618 1518 15 0 179
tree 2682 1534 12 0 179
tree 2682 1518 12 0 179
tree 2698 1534 17 0 179
dom 2850 1510 131 0 179
tree 2954 1534 15 0 179
trop 3030 1506 15 179 179
trop 3182 1506 65 179 179
trop 3294 1522 72 179 179
tree 3546 1518 17 0 179
trop 3542 1530 65 179 179
trop 3614 1506 13 179 179
trop 3726 1506 65 179 179
trop 3774 1522 15 179 179
trop 989 1552 109 179 179
trop 1061 1536 101 179 179
trop 1125 1552 95 179 179
trop 1173 1560 91 179 179
trop 1228 1540 87 179 179
lay 1384 1560 28 0 179
trop 1508 1556 204 179 179
lay 1912 1560 28 0 179
trop 1948 1556 204 179 179
dom 2133 1548 189 0 179
dom 2293 1548 161 0 179
trop 2300 1548 207 179 179
trop 2348 1556 204 179 179
dom 2464 1536 198 0 179
tree 2553 1548 5 0 179
tree 2637 1540 12 0 179
lay 2728 1544 28 0 179
trop 2894 1562 65 179 179
tree 2970 1550 0 0 179
trop 3158 1546 98 179 179
dom 3360 1536 185 0 179
trop 3486 1562 15 179 179
trop 3614 1546 15 179 179
trop 3670 1554 65 179 179
dom 3874 1542 189 0 179
lay 456 1592 28 0 179
trop 1564 1572 204 179 179
trop 1821 1576 105 179 179
trop 1805 1592 101 179 179
trop 1892 1580 207 179 179
trop 1964 1588 204 179 179
trop 2084 1580 204 179 179
trop 3158 1578 68 179 179
trop 3478 1570 65 179 179
lay 312 1624 28 0 179
trop 772 1620 83 179 179
trop 1213 1600 84 179 179
trop 1476 1628 18 179 179
dom 1493 1612 159 0 179
trop 1533 1608 81 179 179
dom 1632 1600 193 0 179
dom 1984 1600 185 0 179
trop 2133 1608 98 179 179
trop 2261 1608 94 179 179
trop 2452 1612 207 179 179
trop 2508 1604 204 179 179
trop 2645 1616 85 179 179
trop 2788 1604 93 179 179
trop 2846 1618 65 179 179
dom 2850 1606 132 0 179
trop 3262 1610 71 179 179
dom 3328 1600 189 0 179
trop 3606 1626 65 179 179
trop 3734 1626 65 179 179
trop 3854 1618 65 179 179
lay 488 1656 28 0 179
dom 1141 1644 185 0 179
trop 1268 1652 83 179 179
trop 1573 1632 83 179 179
trop 1652 1644 18 179 179
dom 1845 1644 159 0 179
lay 1912 1640 28 0 179
trop 2109 1656 94 179 179
dom 2165 1644 185 0 179
trop 2212 1644 207 179 179
trop 2269 1632 98 179 179
dom 2336 1632 193 0 179
trop 2436 1660 204 179 179
dom 2465 1636 159 0 179
trop 2854 1650 10 179 179
dom 3106 1638 226 0 179
trop 3190 1634 19 179 179
trop 3190 1650 19 179 179
trop 3222 1634 105 179 179
trop 3214 1642 104 179 179
trop 3206 1650 97 179 179
trop 3286 1634 73 179 179
dom 3874 1638 190 0 179
lay 168 1688 4 0 179
trop 1436 1668 18 179 179
trop 1532 1692 18 179 179
trop 1692 1692 19 179 179
trop 1901 1688 103 179 179
dom 1984 1664 154 0 179
trop 2877 1686 91 179 179
trop 3118 1666 19 179 179
trop 3118 1674 18 179 179
trop 3334 1690 70 179 179
trop 3926 1690 74 179 179
lay 248 1720 28 0 179
lay 648 1704 28 0 179
trop 1533 1720 81 179 179
trop 1620 1724 19 179 179
trop 1620 1708 19 179 179
trop 1661 1720 82 179 179
trop 1797 1720 80 179 179
trop 1909 1720 80 179 179
trop 2013 1712 105 179 179
trop 2029 1720 93 179 179
trop 2117 1704 94 179 179
trop 2205 1712 105 179 179
trop 2237 1704 103 179 179
stand 2537 1708 165 0 179
trop 2597 1720 84 179 179
tree 2665 1724 13 0 179
trop 2916 1700 18 179 179
tree 3050 1710 13 0 179
tree 3226 1726 10 0 179
tree 3210 1710 6 0 179
tree 3210 1726 15 0 179
tree 3242 1726 7 0 179
trop 3430 1714 63 179 179
trop 3606 1722 63 179 179
trop 3774 1722 63 179 179
tree 184 1752 39 0 179
tree 216 1752 22 0 179
tree 232 1752 22 0 179
lay 600 1736 28 0 179
trop 828 1740 87 179 179
trop 1444 1740 18 179 179
dom 1461 1740 189 0 179
trop 1500 1732 18 179 179
trop 1621 1736 85 179 179
trop 1685 1728 80 179 179
trop 2021 1736 101 179 179
trop 2165 1752 95 179 179
trop 2245 1736 101 179 179
trop 2317 1752 95 179 179
trop 2349 1728 105 179 179
trop 2461 1752 95 179 179
trop 2541 1728 89 179 179
tree 2665 1740 15 0 179
tree 3066 1742 6 0 179
tree 3066 1758 11 0 179
tree 3114 1758 14 0 179
tree 3146 1758 12 0 179
trop 3462 1754 72 179 179
tree 152 1784 20 0 179
tree 168 1784 20 0 179
tree 168 1768 22 0 179
tree 200 1768 21 0 179
tree 200 1784 21 0 179
lay 424 1768 28 0 179
trop 436 1764 8 179 179
trop 1324 1772 87 179 179
trop 1604 1788 19 179 179
trop 1668 1780 19 179 179
trop 1708 1788 19 179 179
trop 1780 1788 19 179 179
trop 1876 1788 19 179 179
stand 2105 1772 165 0 179
trop 2197 1784 100 179 179
dom 2688 1760 156 0 179
dom 2784 1760 184 0 179
tree 3594 1790 4 0 179
tree 3626 1790 4 0 179
trop 3734 1762 72 179 179
tree 136 1800 25 0 179
tree 216 1800 39 0 179
tree 232 1816 26 0 179
tree 264 1816 21 0 179
tree 264 1800 22 0 179
tree 952 1816 20 0 179
tree 936 1800 24 0 179
tree 952 1800 23 0 179
tree 968 1816 21 0 179
tree 1048 1816 23 0 179
tree 1080 1800 22 0 179
tree 1096 1800 21 0 179
tree 1096 1816 24 0 179
tree 1128 1800 25 0 179
tree 1128 1816 23 0 179
tree 1176 1800 20 0 179
tree 1208 1816 26 0 179
tree 1224 1816 24 0 179
lay 1481 1820 5 0 179
tree 1849 1804 14 0 179
tree 1865 1804 15 0 179
trop 1956 1796 19 179 179
trop 2020 1804 65 179 179
trop 2204 1812 19 179 179
dom 2305 1796 156 0 179
trop 2341 1808 102 179 179
trop 2437 1800 100 179 179
trop 2484 1820 19 179 179
trop 2877 1800 81 179 179
trop 2932 1804 18 179 179
tree 3306 1822 11 0 179
tree 3306 1806 16 0 179
stand 3338 1822 201 1 179
tree 3386 1806 9 0 179
tree 3482 1806 15 0 179
tree 3514 1822 13 0 179
lay 3562 1806 1 0 179
tree 3610 1806 15 0 179
tree 3770 1822 16 0 179
tree 3786 1806 17 0 179
tree 248 1832 25 0 179
tree 264 1848 22 0 179
tree 280 1848 20 0 179
tree 280 1832 22 0 179
trop 436 1852 9 179 179
tree 520 1848 39 0 179
tree 552 1848 26 0 179
tree 600 1848 26 0 179
tree 584 1832 20 0 179
tree 600 1832 39 0 179
tree 632 1848 25 0 179
tree 632 1832 24 0 179
tree 616 1848 21 0 179
tree 952 1848 26 0 179
tree 952 1832 39 0 179
tree 968 1832 22 0 179
tree 984 1848 24 0 179
tree 1000 1832 20 0 179
tree 1016 1848 22 0 179
tree 1048 1848 26 0 179
tree 1032 1848 26 0 179
tree 1064 1832 26 0 179
tree 1096 1832 22 0 179
tree 1128 1848 39 0 179
tree 1176 1832 20 0 179
tree 1160 1832 21 0 179
tree 1192 1832 24 0 179
tree 1208 1832 26 0 179
tree 1224 1832 26 0 179
tree 1240 1848 39 0 179
tree 1256 1848 26 0 179
tree 1528 1848 25 0 179
tree 1512 1848 21 0 179
tree 1560 1848 26 0 179
tree 1544 1832 26 0 179
trop 1860 1844 19 179 179
trop 1988 1852 19 179 179
trop 2052 1828 101 179 179
trop 2084 1828 19 179 179
trop 2180 1844 19 179 179
trop 2181 1824 99 179 179
trop 2341 1840 102 179 179
trop 2405 1824 99 179 179
trop 2460 1844 19 179 179
trop 2549 1840 92 179 179
tree 2569 1852 8 0 179
trop 2636 1836 18 179 179
trop 2708 1852 19 179 179
trop 2876 1844 18 179 179
tree 3258 1838 4 0 179
tree 3274 1838 9 0 179
tree 3306 1838 14 0 179
tree 3482 1854 10 0 179
tree 3466 1854 17 0 179
tree 3466 1838 12 0 179
lay 3514 1838 4 0 179
tree 3498 1854 6 0 179
trop 3612 1852 19 179 179
tree 3722 1854 11 0 179
tree 3770 1838 12 0 179
trop 3902 1842 65 179 179
tree 312 1880 23 0 179
tree 296 1864 39 0 179
tree 472 1864 21 0 179
tree 504 1864 24 0 179
tree 488 1864 39 0 179
tree 536 1864 23 0 179
tree 568 1864 23 0 179
tree 584 1864 24 0 179
tree 664 1864 24 0 179
tree 696 1880 39 0 179
tree 680 1880 25 0 179
tree 680 1864 22 0 179
tree 728 1880 23 0 179
tree 744 1880 21 0 179
tree 744 1864 23 0 179
trop 828 1860 92 179 179
tree 936 1864 22 0 179
tree 1000 1880 26 0 179
tree 1016 1880 24 0 179
tree 1032 1864 39 0 179
tree 1048 1880 20 0 179
tree 1080 1880 24 0 179
tree 1064 1880 24 0 179
tree 1096 1864 20 0 179
tree 1176 1880 20 0 179
tree 1160 1864 22 0 179
tree 1176 1864 25 0 179
tree 1208 1880 25 0 179
tree 1192 1880 26 0 179
tree 1240 1880 21 0 179
tree 1256 1864 22 0 179
trop 1316 1884 92 179 179
tree 1448 1880 24 0 179
tree 1480 1880 25 0 179
tree 1560 1864 24 0 179
lay 2040 1864 28 0 179
trop 2020 1876 19 179 179
trop 2068 1868 19 179 179
trop 2268 1860 19 179 179
tree 2457 1882 24 0 179
tree 2457 1866 25 0 179
lay 2472 1864 26 0 179
trop 2549 1878 92 179 179
tree 2633 1868 14 0 179
trop 2788 1860 19 179 179
trop 2877 1880 81 179 179
trop 2996 1876 19 179 179
trop 3060 1876 19 179 179
trop 3140 1860 19 179 179
trop 3204 1876 19 179 179
trop 3284 1876 19 179 179
trop 3348 1884 19 179 179
tree 3434 1870 14 0 179
trop 3740 1884 19 179 179
tree 3770 1870 12 0 179
tree 328 1896 25 0 179
tree 344 1912 20 0 179
tree 696 1912 23 0 179
tree 696 1896 25 0 179
tree 712 1912 22 0 179
tree 712 1896 24 0 179
tree 1000 1896 23 0 179
tree 1016 1896 21 0 179
tree 1224 1896 39 0 179
tree 1496 1896 23 0 179
tree 1512 1896 24 0 179
tree 1544 1896 25 0 179
tree 1544 1912 21 0 179
tree 1976 1912 26 0 179
tree 1960 1912 26 0 179
tree 1960 1896 22 0 179
lay 1992 1912 28 0 179
tree 2008 1912 39 0 179
tree 2024 1912 23 0 179
tree 2040 1912 24 0 179
tree 2248 1912 23 0 179
tree 2440 1912 23 0 179
tree 2680 1912 21 0 179
tree 2664 1912 21 0 179
tree 2696 1912 22 0 179
trop 3340 1908 19 179 179
trop 3444 1892 19 179 179
trop 3548 1900 19 179 179
trop 3580 1892 19 179 179
trop 3660 1892 19 179 179
trop 3724 1916 19 179 179
trop 3772 1908 19 179 179
trop 3836 1916 19 179 179
trop 3916 1916 19 179 179
trop 3934 1898 18 179 179
tree 1544 1928 21 0 179
tree 1960 1944 26 0 179
tree 2008 1928 23 0 179
tree 2024 1928 22 0 179
tree 2024 1944 20 0 179
tree 2072 1928 22 0 179
tree 2088 1928 21 0 179
tree 2120 1928 25 0 179
tree 2168 1928 22 0 179
tree 2152 1928 25 0 179
tree 2200 1928 25 0 179
tree 2184 1928 24 0 179
tree 2232 1928 20 0 179
tree 2216 1928 21 0 179
tree 2216 1944 24 0 179
tree 2264 1928 22 0 179
tree 2264 1944 21 0 179
tree 2248 1928 26 0 179
tree 2296 1944 39 0 179
tree 2280 1944 26 0 179
tree 2424 1928 25 0 179
tree 2424 1944 22 0 179
tree 2408 1944 26 0 179
tree 2616 1944 24 0 179
tree 2600 1928 26 0 179
tree 2696 1928 23 0 179
tree 2712 1944 23 0 179
tree 2728 1944 26 0 179
tree 2776 1944 22 0 179
tree 2792 1944 39 0 179
tree 2808 1944 22 0 179
tree 3000 1944 20 0 179
tree 2984 1944 23 0 179
tree 3000 1928 26 0 179
tree 3032 1944 24 0 179
tree 3064 1944 20 0 179
tree 3048 1944 39 0 179
tree 3096 1944 21 0 179
tree 3080 1944 23 0 179
tree 3128 1944 20 0 179
tree 3112 1944 22 0 179
tree 3192 1944 20 0 179
tree 3224 1944 21 0 179
tree 3208 1944 24 0 179
trop 3332 1924 18 179 179
trop 3348 1940 18 179 179
tree 3464 1944 20 0 179
trop 3660 1932 18 179 179
tree 1976 1976 26 0 179
tree 1960 1960 39 0 179
tree 2008 1976 23 0 179
tree 2024 1960 22 0 179
tree 2280 1976 39 0 179
tree 2296 1976 24 0 179
tree 2328 1976 23 0 179
tree 2312 1976 20 0 179
tree 2312 1960 26 0 179
tree 2344 1976 26 0 179
tree 2408 1960 24 0 179
tree 2648 1976 20 0 179
tree 2632 1960 26 0 179
tree 2680 1960 22 0 179
tree 2664 1960 39 0 179
tree 2664 1976 26 0 179
tree 2712 1960 25 0 179
tree 2712 1976 39 0 179
tree 2728 1976 22 0 179
tree 2744 1976 20 0 179
tree 2776 1960 20 0 179
tree 2760 1960 20 0 179
tree 2776 1976 26 0 179
tree 2792 1976 21 0 179
tree 2808 1960 26 0 179
tree 2808 1976 24 0 179
tree 2824 1976 24 0 179
tree 2920 1960 21 0 179
tree 2968 1976 20 0 179
tree 2952 1976 26 0 179
tree 2984 1976 23 0 179
tree 3128 1960 25 0 179
tree 3160 1960 26 0 179
tree 3144 1960 39 0 179
tree 3192 1960 24 0 179
tree 3224 1976 26 0 179
tree 3208 1976 39 0 179
tree 3416 1976 24 0 179
tree 3432 1976 24 0 179
tree 3448 1960 20 0 179
tree 3512 1960 21 0 179
tree 3528 1960 39 0 179
tree 3576 1960 21 0 179
tree 3576 1976 23 0 179
tree 3560 1960 22 0 179
tree 3768 1976 22 0 179
tree 3752 1976 21 0 179
tree 3800 1976 39 0 179
tree 3832 1976 23 0 179
tree 3848 1976 26 0 179
tree 2264 1992 26 0 179
tree 2280 1992 23 0 179
tree 2344 1992 39 0 179
tree 2648 2008 26 0 179
tree 2648 1992 39 0 179
tree 2664 1992 23 0 179
trop 2876 1988 92 179 179
tree 2968 1992 21 0 179
tree 3224 1992 23 0 179
tree 3240 2008 25 0 179
tree 3240 1992 39 0 179
tree 3416 1992 26 0 179
tree 3432 2008 24 0 179
tree 3448 2008 22 0 179
tree 3432 1992 23 0 179
tree 3448 1992 21 0 179
tree 3480 2008 21 0 179
tree 3464 1992 22 0 179
tree 3480 1992 26 0 179
tree 3496 2008 20 0 179
tree 3496 1992 23 0 179
tree 3512 1992 39 0 179
tree 3512 2008 39 0 179
tree 3528 1992 23 0 179
tree 3544 2008 26 0 179
tree 3560 2008 21 0 179
tree 3800 2008 39 0 179
tree 3784 1992 25 0 179
tree 3816 2008 26 0 179
tree 3896 2008 25 0 179
tree 3928 2008 23 0 179
tree 3912 2008 25 0 179
tree 3944 1992 26 0 179
tree 2664 2024 25 0 179
tree 2664 2040 23 0 179
tree 3448 2024 23 0 179
tree 3464 2024 39 0 179
tree 3848 2024 24 0 179
tree 200 2136 26 0 179
lay 712 2136 17 0 179
tree 216 2152 23 0 179
tree 216 2168 23 0 179
tree 232 2152 24 0 179
tree 248 2152 20 0 179
tree 248 2168 26 0 179
tree 232 2168 24 0 179
tree 1048 2168 25 0 179
tree 1416 2168 39 0 179
tree 1432 2168 21 0 179
tree 184 2184 21 0 179
tree 168 2200 20 0 179
tree 248 2184 25 0 179
lay 232 2200 6 0 179
tree 264 2184 39 0 179
tree 280 2184 24 0 179
tree 296 2200 21 0 179
tree 296 2184 24 0 179
tree 312 2200 23 0 179
trop 444 2204 126 179 179
trop 420 2204 96 179 179
tree 520 2184 39 0 179
tree 536 2200 24 0 179
tree 632 2200 22 0 179
tree 632 2184 39 0 179
tree 648 2184 21 0 179
tree 664 2200 22 0 179
tree 680 2200 21 0 179
tree 680 2184 39 0 179
tree 712 2200 24 0 179
trop 900 2204 98 179 179
tree 952 2184 21 0 179
tree 968 2184 23 0 179
tree 984 2200 25 0 179
tree 1016 2184 23 0 179
tree 1048 2184 20 0 179
tree 1064 2184 25 0 179
tree 1096 2200 25 0 179
trop 1380 2204 98 179 179
tree 1400 2184 22 0 179
tree 1416 2184 26 0 179
tree 1480 2184 25 0 179
tree 1496 2200 21 0 179
tree 3096 2200 26 0 179
stand 248 2232 11 0 179
trop 404 2236 103 179 179
tree 520 2232 23 0 179
tree 536 2216 23 0 179
tree 552 2216 22 0 179
stand 616 2232 11 0 179
tree 632 2232 23 0 179
tree 664 2216 24 0 179
tree 648 2216 25 0 179
tree 712 2216 25 0 179
tree 728 2216 23 0 179
trop 828 2212 103 179 179
tree 984 2216 25 0 179
tree 968 2232 20 0 179
tree 1032 2216 26 0 179
tree 1048 2216 23 0 179
tree 1080 2232 21 0 179
tree 1112 2232 22 0 179
tree 1144 2232 23 0 179
tree 1160 2232 39 0 179
tree 1208 2232 22 0 179
tree 1208 2216 39 0 179
trop 1316 2220 103 179 179
tree 1416 2232 23 0 179
tree 1496 2216 24 0 179
tree 1512 2232 20 0 179
tree 3080 2232 26 0 179
tree 3128 2216 26 0 179
tree 3144 2216 21 0 179
tree 3160 2232 26 0 179
tree 3176 2232 22 0 179
trop 196 2260 97 179 179
trop 316 2268 97 179 179
trop 476 2268 97 179 179
tree 616 2248 20 0 179
trop 644 2268 97 179 179
trop 796 2260 104 179 179
stand 1064 2264 11 0 179
tree 1144 2248 24 0 179
tree 1432 2248 21 0 179
stand 1512 2264 11 0 179
tree 1544 2248 39 0 179
tree 1560 2264 24 0 179
tree 1560 2248 23 0 179
tree 1576 2264 24 0 179
tree 2968 2264 22 0 179
tree 3080 2248 22 0 179
tree 3096 2264 26 0 179
tree 3128 2264 21 0 179
tree 3112 2264 20 0 179
tree 3160 2264 21 0 179
tree 3176 2264 39 0 179
tree 3786 2254 5 0 179
trop 156 2276 97 179 179
trop 540 2284 97 179 179
trop 540 2276 105 179 179
trop 652 2284 97 179 179
trop 788 2292 104 179 179
trop 820 2284 97 179 179
trop 804 2276 104 179 179
trop 948 2284 97 179 179
trop 972 2300 105 179 179
trop 964 2276 105 179 179
trop 1052 2292 97 179 179
trop 1092 2300 97 179 179
trop 1228 2284 97 179 179
trop 1220 2292 97 179 179
trop 1236 2284 104 179 179
trop 1300 2300 97 179 179
trop 1460 2292 105 179 179
trop 1452 2300 97 179 179
trop 1748 2300 47 179 179
trop 1820 2300 47 179 179
tree 1881 2282 8 0 179
lay 1896 2280 28 0 179
tree 2648 2296 22 0 179
tree 2664 2296 24 0 179
tree 2680 2296 26 0 179
tree 2696 2296 23 0 179
tree 2712 2296 26 0 179
tree 2809 2282 23 0 179
tree 2793 2298 25 0 179
tree 2793 2282 25 0 179
tree 2968 2280 24 0 179
tree 2984 2296 23 0 179
tree 3000 2296 26 0 179
tree 3016 2280 26 0 179
tree 3016 2296 39 0 179
tree 3032 2296 22 0 179
tree 3160 2280 25 0 179
tree 3144 2280 39 0 179
tree 3192 2280 22 0 179
tree 3224 2280 21 0 179
tree 3240 2280 26 0 179
tree 3417 2298 24 0 179
tree 3738 2302 16 0 179
tree 3818 2286 5 0 179
tree 120 2328 36 0 179
tree 136 2328 32 0 179
lay 328 2328 17 0 179
trop 468 2316 98 179 179
trop 1388 2308 97 179 179
trop 1556 2308 97 179 179
trop 1732 2332 47 179 179
trop 1801 2332 24 179 179
tree 1897 2330 6 0 179
tree 1897 2314 32 0 179
lay 1928 2312 28 0 179
dom 2432 2304 283 0 179
tree 2616 2328 22 0 179
tree 2648 2312 25 0 179
tree 2632 2328 25 0 179
tree 2632 2312 39 0 179
tree 2680 2328 22 0 179
tree 2664 2312 21 0 179
tree 2696 2328 25 0 179
trop 2885 2310 96 179 179
tree 2936 2328 24 0 179
tree 2968 2312 26 0 179
tree 2952 2328 25 0 179
tree 3016 2312 25 0 179
lay 3080 2328 28 0 179
tree 3514 2318 6 0 179
tree 3530 2318 7 0 179
tree 3530 2334 7 0 179
stand 3642 2318 179 0 179
stand 3626 2318 178 0 179
tree 3770 2318 15 0 179
tree 3754 2318 16 0 179
tree 3818 2318 7 0 179
trop 3910 2306 46 179 179
tree 120 2344 23 0 179
tree 184 2360 37 0 179
lay 312 2360 9 0 179
lay 328 2360 10 0 179
lay 584 2344 16 0 179
lay 888 2344 6 0 179
lay 1432 2360 28 0 179
dom 1728 2336 281 0 179
trop 1836 2364 47 179 179
tree 1881 2346 1 0 179
tree 1897 2346 32 0 179
lay 2008 2360 28 0 179
dom 2208 2336 281 0 179
trop 2276 2340 47 179 179
tree 2552 2344 24 0 179
tree 2568 2344 39 0 179
tree 2584 2344 26 0 179
tree 2584 2360 20 0 179
tree 2568 2360 23 0 179
tree 2600 2344 24 0 179
tree 2616 2344 25 0 179
tree 2648 2344 20 0 179
tree 2632 2360 21 0 179
tree 2745 2362 21 0 179
tree 2745 2346 23 0 179
tree 2728 2360 21 0 179
trop 2869 2350 103 179 179
tree 2936 2344 20 0 179
tree 2952 2344 22 0 179
tree 2952 2360 26 0 179
tree 2968 2360 25 0 179
lay 3128 2360 28 0 179
stand 3402 2350 166 0 179
trop 3614 2346 8 179 179
stand 3866 2366 192 0 179
trop 3926 2338 73 179 179
trop 462 2390 102 179 179
trop 532 2372 99 179 179
tree 745 2378 18 0 179
lay 776 2392 28 0 179
tree 1144 2392 27 0 179
tree 1192 2392 8 0 179
tree 1224 2376 13 0 179
tree 1240 2376 9 0 179
tree 1240 2392 18 0 179
trop 1649 2380 19 179 179
trop 1724 2396 47 179 179
trop 1740 2380 47 179 179
tree 2105 2378 8 0 179
trop 2269 2398 47 179 179
trop 2244 2380 47 179 179
tree 2520 2376 26 0 179
tree 2536 2376 25 0 179
tree 2584 2376 21 0 179
tree 2568 2376 22 0 179
tree 2600 2376 23 0 179
tree 2632 2376 21 0 179
tree 2664 2376 39 0 179
tree 2713 2378 24 0 179
tree 2697 2378 26 0 179
tree 2712 2376 26 0 179
tree 2696 2376 26 0 179
tree 2745 2378 26 0 179
tree 2777 2378 21 0 179
tree 2761 2378 20 0 179
stand 3033 2378 19 0 179
tree 3194 2398 14 0 179
tree 3178 2398 15 0 179
dom 3362 2374 175 0 179
tree 3514 2382 5 0 179
dom 3618 2374 176 0 179
trop 3654 2386 10 179 179
tree 3720 2392 26 0 179
tree 3736 2392 21 0 179
tree 3752 2392 26 0 179
tree 3768 2392 20 0 179
trop 3806 2394 47 179 179
trop 3838 2394 72 179 179
stand 3818 2382 180 0 179
tree 184 2424 11 0 179
dom 288 2400 157 1 179
stand 442 2426 254 0 179
lay 1112 2408 28 0 179
tree 1176 2408 35 0 179
tree 1160 2408 10 0 179
lay 1384 2424 28 0 179
trop 1644 2428 150 179 179
trop 1652 2404 150 179 179
trop 1705 2412 19 179 179
trop 1740 2412 47 179 179
trop 1777 2428 24 179 179
trop 1844 2404 47 179 179
trop 1868 2428 47 179 179
lay 1928 2424 28 0 179
trop 2261 2406 47 179 179
trop 2373 2406 46 179 179
trop 2381 2422 46 179 179
trop 2509 2430 105 179 179
trop 2781 2430 104 179 179
tree 2841 2410 20 0 179
trop 3029 2430 105 179 179
tree 3194 2414 10 0 179
trop 3294 2402 7 179 179
trop 3382 2402 10 179 179
trop 3638 2402 72 179 179
trop 412 2452 126 179 179
tree 394 2458 35 0 179
trop 436 2444 126 179 179
dom 544 2432 158 2 179
trop 1737 2436 24 179 179
trop 1756 2452 47 179 179
trop 1772 2460 47 179 179
trop 1828 2444 47 179 179
trop 2220 2444 47 179 179
trop 2541 2462 95 179 179
trop 3294 2450 90 179 179
trop 3422 2450 93 179 179
trop 3542 2450 90 179 179
trop 3654 2450 80 179 179
trop 3766 2450 80 179 179
trop 3894 2450 89 179 179
trop 3878 2450 80 179 179
tree 312 2488 31 0 179
tree 328 2488 6 0 179
lay 378 2474 3 0 179
stand 394 2474 253 0 179
lay 1432 2488 28 0 179
trop 1660 2468 150 179 179
trop 1705 2492 19 179 179
trop 2220 2476 47 179 179
trop 2373 2494 46 179 179
trop 2469 2486 100 179 179
trop 2645 2470 95 179 179
trop 2805 2478 95 179 179
trop 2965 2478 95 179 179
trop 3166 2482 95 179 179
stand 3386 2494 181 0 179
tree 3930 2494 8 0 179
tree 3914 2494 4 0 179
tree 226 2518 0 0 0
tree 312 2504 3 0 179
trop 412 2516 126 179 179
stand 394 2506 71 1 179
trop 422 2502 126 179 179
dom 498 2514 320 2 179
lay 664 2504 28 0 179
tree 920 2520 7 0 179
lay 1080 2504 28 0 179
lay 1192 2520 28 0 179
trop 1620 2524 150 179 179
trop 1681 2500 19 179 179
trop 1665 2500 19 179 179
trop 1676 2500 150 179 179
trop 1668 2508 150 179 179
trop 1797 2526 19 179 179
stand 1805 2504 165 0 179
trop 1833 2500 19 179 179
trop 1909 2526 18 179 179
trop 1981 2526 46 179 179
trop 2085 2526 46 179 179
trop 2293 2510 46 179 179
trop 2301 2510 46 179 179
trop 2317 2502 46 179 179
trop 2357 2502 46 179 179
trop 2389 2510 46 179 179
tree 2889 2522 22 0 179
tree 3226 2526 15 0 179
tree 3210 2526 7 0 179
fre 3269 2526 12 179 179
stand 3320 2520 254 0 179
stand 3336 2520 253 0 179
stand 3386 2510 181 0 179
stand 3418 2510 180 0 179
tree 3514 2510 5 0 179
tree 3514 2526 13 0 179
tree 3530 2510 9 0 179
tree 3578 2526 7 0 179
tree 3914 2510 10 0 179
trop 182 2558 195 179 179
tree 210 2550 0 0 0
tree 344 2536 0 0 179
tree 328 2536 41 0 179
trop 420 2556 96 179 179
trop 460 2532 126 179 179
trop 542 2542 204 179 179
trop 564 2548 126 179 179
trop 548 2556 126 179 179
tree 602 2530 21 0 179
tree 824 2552 27 0 179
tree 840 2552 21 0 179
tree 856 2552 18 0 179
tree 888 2536 36 0 179
lay 920 2536 10 0 179
tree 1480 2552 28 0 179
tree 1480 2536 1 0 179
trop 1733 2542 19 179 179
dom 1728 2528 280 0 179
trop 1829 2558 19 179 179
trop 1917 2542 18 179 179
trop 2029 2550 46 179 179
trop 2133 2542 46 179 179
trop 2165 2542 146 179 179
trop 2205 2558 46 179 179
trop 2229 2534 46 179 179
dom 2208 2528 280 0 179
trop 2485 2558 47 179 179
trop 2469 2534 47 179 179
dom 2464 2528 279 0 179
tree 2777 2538 39 0 179
tree 2761 2538 25 0 179
tree 2809 2538 22 0 179
tree 2809 2554 25 0 179
tree 2841 2554 4 0 179
tree 2905 2538 25 0 179
fre 2941 2542 35 179 179
tree 2921 2538 22 0 179
fre 2973 2542 19 179 179
tree 2953 2538 20 0 179
fre 3029 2558 16 179 179
tree 3033 2538 20 0 179
tree 3017 2538 25 0 179
tree 3065 2538 23 0 179
tree 3049 2538 25 0 179
fre 3101 2558 25 179 179
fre 3269 2550 33 179 179
stand 3320 2536 253 0 179
stand 3368 2552 254 0 179
stand 3368 2536 253 0 179
stand 3418 2542 178 0 179
stand 3402 2542 179 0 179
tree 3420 2552 13 0 179
tree 3562 2542 10 0 179
tree 3784 2552 24 0 179
stand 3833 2538 19 0 179
tree 210 2566 7 0 0
trop 430 2566 126 179 179
trop 484 2572 126 179 179
trop 524 2588 126 179 179
stand 538 2570 254 0 179
lay 1288 2584 21 0 179
tree 1368 2568 7 0 179
tree 1384 2568 24 0 179
tree 1464 2568 34 0 179
tree 1480 2568 13 0 179
trop 1628 2564 150 179 179
trop 1644 2580 150 179 179
trop 1660 2572 150 179 179
trop 1668 2564 150 179 179
trop 1717 2582 17 179 179
dom 1824 2560 282 0 179
trop 1909 2582 18 179 179
trop 1893 2590 19 179 179
dom 1952 2560 283 0 179
dom 2080 2560 282 0 179
trop 2141 2574 146 179 179
trop 2373 2590 46 179 179
lay 2616 2584 28 0 179
fre 2813 2566 36 179 179
tree 2841 2586 22 0 179
tree 2873 2570 29 0 179
tree 2857 2570 29 0 179
fre 2965 2566 19 179 179
fre 2989 2574 35 179 179
fre 3165 2590 16 179 179
fre 3205 2566 9 179 179
lay 3468 2568 28 0 179
lay 3672 2568 26 0 179
stand 3688 2568 253 0 179
tree 3800 2568 23 0 179
tree 3784 2568 26 0 179
lay 3881 2570 28 0 179
trop 166 2610 126 0 0
stand 282 2602 71 1 179
stand 266 2602 71 1 179
dom 370 2610 170 3 179
stand 392 2600 4 0 179
trop 430 2614 126 179 179
lay 490 2602 5 0 179
trop 556 2612 126 179 179
trop 596 2620 126 179 179
tree 1112 2616 22 0 179
tree 1128 2600 36 0 179
tree 1176 2600 21 0 179
tree 1160 2600 6 0 179
trop 1652 2604 150 179 179
trop 1829 2614 19 179 179
trop 1885 2598 19 179 179
trop 1869 2606 47 179 179
trop 1861 2598 19 179 179
trop 1957 2614 45 179 179
trop 2109 2614 45 179 179
trop 2245 2614 45 179 179
trop 2309 2614 49 179 179
trop 2453 2622 46 179 179
trop 2469 2598 47 179 179
tree 2857 2602 26 0 179
fre 2933 2606 27 179 179
fre 2949 2598 20 179 179
tree 3145 2618 31 0 179
tree 3225 2618 32 0 179
fre 3277 2598 66 179 179
lay 3433 2602 28 0 179
lay 3548 2600 28 0 179
tree 3604 2612 0 0 0
trop 3600 2604 197 179 179
trop 3608 2604 197 179 179
trop 3600 2620 197 179 179
lay 3612 2616 45 0 179
lay 3612 2600 41 0 179
lay 3596 2600 33 0 179
trop 3640 2620 197 179 179
trop 3640 2612 197 179 179
lay 3628 2616 43 0 179
trop 3616 2620 197 179 179
trop 3648 2604 197 179 179
stand 3736 2616 254 0 179
stand 3784 2600 253 0 179
stand 3896 2616 253 0 179
trop 158 2646 202 179 179
trop 174 2650 126 0 0
trop 174 2630 195 179 179
tree 210 2630 8 0 0
trop 428 2628 126 179 179
trop 550 2638 126 179 179
lay 824 2648 28 0 179
tree 968 2648 0 0 179
tree 1016 2648 26 0 179
trop 1500 2644 150 179 179
trop 1797 2654 47 179 179
trop 2364 2644 46 179 179
trop 2493 2630 47 179 179
fre 2781 2630 4 179 179
lay 3160 2648 28 0 179
tree 3177 2634 19 0 179
tree 3209 2634 4 0 179
lay 3241 2634 28 0 179
dom 3392 2624 320 0 179
lay 3452 2632 28 0 179
tree 3548 2632 14 0 179
tree 3548 2648 15 0 179
trop 3576 2636 197 179 179
tree 3564 2648 10 0 179
trop 3600 2636 197 179 179
lay 3596 2632 46 0 179
trop 3632 2644 197 179 179
lay 3644 2648 10 0 179
trop 3616 2628 197 179 179
trop 3616 2644 197 179 179
stand 3736 2632 253 0 179
lay 3721 2634 28 0 179
lay 3756 2648 28 0 179
tree 114 2662 7 0 0
trop 182 2670 195 179 179
tree 234 2682 13 0 179
tree 250 2666 15 0 179
tree 258 2662 7 0 0
trop 406 2662 126 179 179
trop 454 2686 126 179 179
tree 490 2682 13 0 179
lay 506 2666 32 0 179
trop 588 2684 126 179 179
lay 696 2664 28 0 179
tree 920 2664 9 0 179
tree 904 2664 41 0 179
lay 1224 2664 16 0 179
trop 1356 2668 150 179 179
trop 1356 2676 150 179 179
trop 1468 2668 150 179 179
trop 1484 2660 150 179 179
trop 1564 2668 150 179 179
trop 1596 2676 150 179 179
trop 1644 2660 150 179 179
trop 1660 2668 150 179 179
trop 1733 2662 17 179 179
trop 1845 2678 47 179 179
trop 1885 2670 47 179 179
trop 1941 2686 47 179 179
trop 2477 2662 46 179 179
lay 2744 2664 28 0 179
lay 2936 2680 28 0 179
fre 3285 2686 35 179 179
fre 3325 2670 2 179 179
trop 3512 2668 202 179 179
lay 3612 2664 43 0 179
lay 3628 2664 28 0 179
lay 3644 2664 7 0 179
lay 3628 2680 10 0 179
trop 3656 2668 197 179 179
trop 3648 2660 197 179 179
lay 3692 2680 33 0 179
stand 3880 2664 253 0 179
dom 370 2706 176 3 179
trop 444 2692 96 179 179
trop 422 2694 126 179 179
trop 572 2708 126 179 179
trop 558 2702 126 179 179
lay 968 2712 7 0 179
lay 1080 2712 28 0 179
trop 1407 2714 45 179 179
trop 1388 2692 150 179 179
trop 1380 2700 150 179 179
trop 1469 2702 18 179 179
trop 1581 2710 17 179 179
trop 1620 2692 150 179 179
trop 1821 2694 47 179 179
trop 1941 2702 47 179 179
trop 2021 2710 48 179 179
trop 2109 2710 48 179 179
trop 2205 2710 48 179 179
trop 2293 2710 48 179 179
trop 2381 2718 48 179 179
trop 2421 2702 46 179 179
trop 2493 2702 47 179 179
lay 3048 2696 28 0 179
tree 3580 2712 26 0 179
tree 3564 2696 21 0 179
tree 3596 2696 26 0 179
lay 3724 2696 28 0 179
lay 3865 2698 28 0 179
trop 190 2726 195 179 179
tree 234 2746 5 0 179
tree 234 2730 16 0 179
tree 298 2746 32 0 179
trop 396 2748 126 179 179
lay 506 2730 4 0 179
lay 696 2744 18 0 179
trop 1308 2748 96 179 179
trop 1741 2750 17 179 179
trop 1741 2734 17 179 179
trop 1813 2726 47 179 179
trop 1941 2734 47 179 179
trop 2325 2742 48 179 179
trop 2477 2726 46 179 179
trop 2509 2734 47 179 179
fre 2869 2734 17 179 179
lay 3449 2730 28 0 179
tree 3436 2744 21 0 179
tree 3436 2728 22 0 179
tree 3452 2728 24 0 179
tree 3452 2744 21 0 179
tree 3468 2744 20 0 179
tree 3578 2750 11 0 179
tree 3578 2734 5 0 179
tree 3562 2750 6 0 179
tree 3644 2728 16 0 179
trop 3704 2748 202 179 179
lay 3884 2744 28 0 179
trop 142 2758 202 179 179
trop 190 2774 195 179 179
tree 186 2778 19 0 179
tree 250 2778 39 0 179
tree 234 2778 28 0 179
tree 314 2778 23 0 179
tree 314 2762 38 0 179
trop 372 2780 126 179 179
trop 428 2756 96 179 179
trop 476 2780 126 179 179
trop 460 2780 96 179 179
trop 566 2774 126 179 179
tree 650 2778 8 0 179
trop 1316 2756 146 179 179
trop 1340 2756 146 179 179
trop 1477 2766 18 179 179
trop 1805 2766 19 179 179
trop 1885 2766 19 179 179
trop 1869 2758 47 179 179
trop 1901 2766 19 179 179
trop 1933 2774 47 179 179
trop 2053 2782 48 179 179
trop 2093 2766 48 179 179
trop 2173 2774 48 179 179
trop 2261 2782 48 179 179
trop 2445 2766 48 179 179
trop 2589 2782 46 179 179
trop 2644 2780 47 179 179
fre 2837 2758 19 179 179
fre 2829 2758 35 179 179
stand 3258 2782 202 1 179
stand 3258 2766 204 1 179
tree 3396 2772 7 0 0
trop 3416 2780 197 179 179
trop 3432 2756 197 179 179
trop 3432 2772 197 179 179
lay 3436 2776 46 0 179
trop 3424 2772 197 179 179
trop 3496 2756 202 179 179
tree 3562 2782 16 0 179
tree 3562 2766 6 0 179
lay 3564 2776 28 0 179
trop 3688 2772 202 179 179
trop 3712 2764 202 179 179
lay 3785 2778 28 0 179
tree 3865 2778 19 0 179
trop 238 2806 195 179 179
trop 270 2798 195 179 179
trop 316 2788 126 179 179
trop 332 2796 126 179 179
trop 358 2814 127 179 179
trop 388 2788 126 179 179
trop 390 2790 127 179 179
trop 430 2798 127 179 179
trop 558 2790 127 179 179
stand 554 2794 11 0 179
trop 606 2806 127 179 179
lay 712 2792 17 0 179
dom 1184 2784 156 2 179
trop 1292 2796 103 179 179
trop 1332 2812 146 179 179
trop 1469 2790 17 179 179
trop 1621 2790 17 179 179
trop 1813 2790 19 179 179
trop 1845 2806 19 179 179
trop 1837 2814 19 179 179
trop 1981 2790 48 179 179
trop 1981 2814 48 179 179
stand 2121 2810 112 0 179
trop 2325 2798 48 179 179
trop 2381 2790 48 179 179
trop 2501 2798 48 179 179
trop 2589 2806 48 179 179
trop 2636 2804 47 179 179
lay 2872 2792 28 0 179
tree 3226 2798 13 0 179
stand 3210 2814 206 1 179
trop 3416 2812 197 179 179
lay 3404 2792 31 0 179
lay 3404 2808 40 0 179
trop 3440 2804 197 179 179
trop 3424 2812 197 179 179
trop 3424 2796 197 179 179
lay 3484 2792 28 0 179
tree 3530 2814 5 0 179
trop 3552 2796 202 179 179
trop 3624 2796 202 179 179
trop 3656 2796 202 179 179
lay 3705 2794 28 0 179
trop 3736 2812 202 179 179
tree 3865 2794 5 0 179
tree 3881 2794 33 0 179
trop 3888 2812 206 179 179
trop 262 2838 80 179 179
trop 390 2838 93 179 179
trop 428 2820 126 179 179
trop 508 2820 126 179 179
trop 484 2836 126 179 179
trop 502 2822 127 179 179
trop 542 2838 127 179 179
trop 526 2838 90 179 179
trop 654 2838 93 179 179
trop 788 2836 93 179 179
trop 940 2844 97 179 179
trop 1124 2844 97 179 179
trop 1276 2844 96 179 179
trop 1268 2844 104 179 179
trop 1343 2818 44 179 179
trop 1405 2846 18 179 179
trop 1389 2838 18 179 179
trop 1749 2830 24 179 179
trop 1781 2846 24 179 179
trop 2077 2846 48 179 179
stand 2105 2826 65 0 179
stand 2105 2842 66 0 179
trop 2221 2830 48 179 179
stand 3242 2830 200 1 179
lay 3420 2840 43 0 179
lay 3404 2840 20 0 179
trop 3448 2836 202 179 179
trop 3432 2828 197 179 179
lay 3452 2824 10 0 179
tree 3452 2840 23 0 179
trop 3424 2844 197 179 179
trop 3424 2836 197 179 179
tree 3546 2830 7 0 179
trop 3558 2818 15 179 179
tree 3676 2840 22 0 179
tree 3692 2840 39 0 179
lay 3772 2824 28 0 179
lay 3772 2840 45 0 179
lay 3804 2824 45 0 179
lay 3820 2824 41 0 179
lay 3820 2840 31 0 179
lay 3868 2840 9 0 179
lay 3884 2840 7 0 179
lay 3913 2842 28 0 179
trop 246 2878 101 179 179
trop 414 2870 97 179 179
trop 438 2870 97 179 179
trop 478 2862 97 179 179
trop 646 2854 85 179 179
trop 1220 2868 101 179 179
trop 1324 2868 146 179 179
trop 1469 2854 18 179 179
trop 1485 2870 18 179 179
trop 1533 2862 24 179 179
trop 1629 2854 24 179 179
dom 1600 2848 282 0 179
trop 1661 2862 24 179 179
trop 1813 2878 24 179 179
trop 1893 2870 44 179 179
trop 1941 2878 46 179 179
stand 2137 2858 66 0 179
trop 2173 2854 48 179 179
trop 2301 2878 48 179 179
trop 2357 2854 48 179 179
trop 2397 2862 48 179 179
trop 2485 2870 48 179 179
trop 2581 2878 48 179 179
trop 2660 2860 47 179 179
trop 2668 2876 47 179 179
trop 2708 2868 47 179 179
trop 2716 2876 47 179 179
lay 2840 2856 28 0 179
tree 2889 2858 25 0 179
tree 2937 2858 29 0 179
lay 3048 2872 28 0 179
tree 3145 2874 25 0 179
tree 3193 2874 22 0 179
lay 3404 2872 39 0 179
lay 3420 2872 40 0 179
tree 3436 2856 35 0 179
tree 3436 2872 10 0 179
trop 3424 2852 197 179 179
trop 3488 2876 202 179 179
lay 3580 2856 28 0 179
trop 3688 2876 200 179 179
lay 3772 2872 4 0 179
lay 3804 2856 44 0 179
lay 3817 2874 28 0 179
lay 3820 2872 33 0 179
lay 3852 2872 32 0 179
lay 3900 2856 8 0 179
lay 3884 2856 7 0 179
tree 3900 2856 0 0 179
tree 3900 2872 35 0 179
trop 310 2886 86 179 179
trop 382 2910 127 179 179
trop 366 2886 105 179 179
trop 534 2910 104 179 179
trop 550 2902 100 179 179
lay 760 2904 14 0 179
lay 1144 2888 17 0 179
trop 1340 2884 146 179 179
dom 1425 2882 84 0 179
trop 1421 2910 47 179 179
trop 1605 2902 24 179 179
trop 1701 2886 24 179 179
trop 1733 2886 24 179 179
trop 1773 2910 24 179 179
dom 1841 2882 84 0 179
trop 1949 2902 18 179 179
trop 1925 2894 18 179 179
trop 1981 2902 48 179 179
dom 2513 2882 75 0 179
tree 2873 2906 39 0 179
tree 2905 2890 26 0 179
lay 3420 2888 7 0 179
lay 3404 2888 9 0 179
lay 3404 2904 10 0 179
lay 3673 2890 28 0 179
tree 3724 2888 20 0 179
tree 3740 2904 25 0 179
tree 3724 2904 14 0 179
tree 3772 2904 22 0 179
tree 3785 2906 19 0 179
tree 3785 2890 27 0 179
lay 3820 2904 20 0 179
lay 3836 2904 30 0 179
lay 3852 2888 36 0 179
lay 3868 2888 43 0 179
tree 314 2938 8 0 179
trop 414 2942 105 179 179
trop 438 2918 127 179 179
tree 570 2922 2 0 179
tree 602 2922 13 0 179
tree 586 2922 15 0 179
tree 634 2922 32 0 179
tree 618 2922 24 0 179
tree 888 2936 23 0 179
tree 888 2920 27 0 179
lay 1000 2936 28 0 179
trop 1316 2940 146 179 179
trop 1332 2916 146 179 179
trop 1381 2934 47 179 179
trop 1437 2926 47 179 179
trop 1581 2934 24 179 179
trop 2005 2942 46 179 179
trop 1989 2934 18 179 179
trop 1997 2926 18 179 179
tree 2025 2922 30 0 179
tree 2025 2938 7 0 179
trop 2077 2942 48 179 179
trop 2061 2942 46 179 179
trop 2237 2918 48 179 179
dom 2272 2912 280 0 179
trop 2453 2942 48 179 179
trop 2612 2924 47 179 179
trop 2669 2934 48 179 179
dom 2705 2914 84 0 179
trop 2724 2916 47 179 179
trop 2781 2934 18 179 179
tree 2889 2938 23 0 179
tree 3081 2938 29 0 179
tree 3193 2922 4 0 179
tree 3177 2922 5 0 179
lay 3304 2920 28 0 179
trop 3472 2916 202 179 179
trop 3472 2924 202 179 179
lay 3609 2938 28 0 179
trop 3640 2932 198 179 179
lay 3644 2920 28 0 179
trop 3648 2932 207 179 179
tree 3724 2920 14 0 179
tree 3740 2920 17 0 179
tree 3772 2920 26 0 179
tree 3785 2938 4 0 179
tree 3785 2922 5 0 179
trop 3784 2932 198 179 179
trop 406 2950 105 179 179
tree 888 2952 8 0 179
tree 904 2968 16 0 179
lay 1176 2952 18 0 179
trop 1343 2946 44 179 179
trop 1405 2958 47 179 179
trop 1453 2958 47 179 179
trop 1501 2958 47 179 179
trop 1485 2966 47 179 179
trop 1581 2974 24 179 179
trop 1629 2958 24 179 179
trop 1709 2966 24 179 179
trop 1813 2966 24 179 179
tree 2009 2954 5 0 179
tree 2041 2970 19 0 179
tree 2025 2954 9 0 179
tree 2025 2970 8 0 179
trop 2077 2958 47 179 179
trop 2173 2950 48 179 179
trop 2389 2958 46 179 179
trop 2381 2958 48 179 179
trop 2477 2966 46 179 179
trop 2525 2966 48 179 179
trop 2604 2956 47 179 179
trop 2725 2958 48 179 179
trop 2805 2966 18 179 179
trop 2789 2950 96 179 179
tree 2889 2954 21 0 179
tree 3081 2954 32 0 179
lay 3224 2952 28 0 179
dom 466 2994 79 3 179
tree 824 3000 6 0 179
tree 808 3000 40 0 179
tree 856 3000 19 0 179
tree 920 2984 22 0 179
tree 936 2984 17 0 179
tree 968 3000 6 0 179
lay 1080 2984 28 0 179
trop 1292 3004 96 179 179
trop 1316 2996 102 179 179
trop 1316 2980 146 179 179
trop 1629 2982 24 179 179
trop 1781 2990 24 179 179
trop 1893 2990 44 179 179
trop 1933 2982 46 179 179
trop 1997 2982 18 179 179
trop 2125 2998 46 179 179
trop 2157 2998 19 179 179
trop 2253 3006 46 179 179
trop 2317 3006 44 179 179
trop 2572 2988 47 179 179
trop 2613 2982 48 179 179
trop 2661 2998 48 179 179
trop 2765 3006 48 179 179
tree 2905 2986 19 0 179
tree 2889 3002 23 0 179
tree 2889 2986 24 0 179
dom 3008 2976 239 0 179
lay 3468 2984 42 0 179
lay 3484 3000 34 0 179
lay 3529 3002 28 0 179
lay 3580 2984 28 0 179
lay 232 3032 4 0 179
tree 728 3032 2 0 179
tree 760 3016 34 0 179
tree 744 3016 40 0 179
tree 776 3016 29 0 179
lay 1032 3032 28 0 179
trop 1300 3028 96 179 179
trop 1284 3028 146 179 179
trop 1316 3012 146 179 179
trop 1413 3038 47 179 179
trop 1477 3014 47 179 179
trop 1509 3022 47 179 179
trop 1581 3038 24 179 179
trop 1749 3038 24 179 179
trop 1981 3014 24 179 179
trop 2005 3038 24 179 179
trop 1997 3030 24 179 179
trop 2037 3014 18 179 179
trop 2021 3030 46 179 179
trop 2053 3022 18 179 179
trop 2101 3022 18 179 179
trop 2197 3038 18 179 179
trop 2205 3014 18 179 179
trop 2237 3022 46 179 179
trop 2213 3022 19 179 179
trop 2381 3038 48 179 179
trop 2453 3038 48 179 179
trop 2741 3038 48 179 179
tree 2905 3034 23 0 179
tree 2889 3018 25 0 179
tree 2921 3034 32 0 179
lay 3080 3016 28 0 179
lay 3080 3032 28 0 179
lay 3801 3018 28 0 179
trop 316 3060 94 179 179
lay 584 3064 28 0 179
trop 1300 3052 146 179 179
trop 1365 3054 146 179 179
trop 1429 3062 47 179 179
dom 1457 3042 74 0 179
trop 1477 3046 47 179 179
trop 1605 3046 146 179 179
trop 1669 3054 24 179 179
trop 1805 3054 24 179 179
trop 1805 3070 24 179 179
dom 1841 3042 269 0 179
trop 1965 3054 18 179 179
trop 2069 3046 18 179 179
trop 2093 3070 18 179 179
trop 2165 3046 19 179 179
trop 2381 3062 46 179 179
trop 2525 3062 46 179 179
dom 2545 3042 186 0 179
trop 2541 3062 48 179 179
trop 2621 3062 46 179 179
trop 2613 3054 48 179 179
trop 2701 3046 48 179 179
trop 2821 3046 18 179 179
tree 2905 3050 27 0 179
tree 2937 3066 20 0 179
tree 3834 3070 14 0 179
tree 3898 3070 16 0 179
tree 3898 3054 9 0 179
tree 3882 3054 5 0 179
tree 3914 3070 5 0 179
lay 3945 3066 28 0 179
lay 338 3088 6 0 179
trop 1260 3076 146 179 179
trop 1260 3092 146 179 179
trop 1343 3098 44 179 179
trop 1437 3086 47 179 179
trop 1597 3078 24 179 179
trop 1693 3078 24 179 179
trop 1701 3086 24 179 179
trop 1989 3086 24 179 179
trop 2069 3086 24 179 179
trop 2101 3102 18 179 179
trop 2205 3094 46 179 179
trop 2197 3102 46 179 179
trop 2189 3086 19 179 179
dom 2272 3072 281 0 179
dom 2705 3074 279 0 179
tree 2905 3098 21 0 179
tree 2905 3082 20 0 179
tree 3065 3098 20 0 179
tree 3257 3098 30 0 179
tree 3241 3098 32 0 179
tree 3658 3102 5 0 179
tree 3818 3086 11 0 179
tree 3930 3086 8 0 179
trop 246 3108 104 179 179
trop 262 3124 97 179 179
trop 430 3124 106 179 179
lay 728 3128 28 0 179
trop 956 3108 205 179 179
lay 968 3112 28 0 179
trop 1316 3116 146 179 179
trop 1621 3134 24 179 179
trop 1613 3126 146 179 179
trop 1685 3134 24 179 179
trop 1741 3118 24 179 179
trop 1829 3110 24 179 179
trop 1989 3134 18 179 179
trop 2117 3134 24 179 179
trop 2157 3110 18 179 179
trop 2197 3134 18 179 179
trop 2213 3118 19 179 179
trop 2253 3126 18 179 179
trop 2381 3126 48 179 179
trop 2469 3126 48 179 179
trop 2509 3110 46 179 179
trop 2541 3126 48 179 179
trop 2685 3126 48 179 179
trop 2749 3110 48 179 179
trop 2797 3126 18 179 179
tree 2873 3130 22 0 179
trop 2861 3118 98 179 179
tree 2905 3114 18 0 179
tree 2889 3130 6 0 179
tree 2889 3114 21 0 179
tree 3033 3114 39 0 179
tree 3017 3130 22 0 179
tree 3257 3114 5 0 179
lay 3738 3134 4 0 179
tree 712 3160 9 0 179
trop 1325 3158 19 179 179
trop 1373 3158 146 179 179
trop 1437 3142 146 179 179
trop 1453 3166 146 179 179
trop 1517 3142 47 179 179
trop 1893 3142 44 179 179
trop 1941 3142 18 179 179
trop 2045 3150 24 179 179
trop 2269 3150 46 179 179
trop 2261 3158 48 179 179
trop 2317 3158 44 179 179
trop 2613 3150 48 179 179
trop 2757 3158 48 179 179
tree 2841 3162 20 0 179
tree 2873 3162 24 0 179
tree 2857 3162 26 0 179
tree 2857 3146 39 0 179
tree 2905 3162 39 0 179
tree 2937 3162 25 0 179
tree 2921 3162 39 0 179
tree 2969 3146 25 0 179
tree 2953 3162 21 0 179
tree 3001 3146 24 0 179
tree 2985 3146 20 0 179
tree 2985 3162 23 0 179
tree 3017 3146 6 0 179
tree 3049 3146 27 0 179
tree 3081 3162 27 0 179
tree 3129 3162 3 0 179
tree 3161 3162 30 0 179
tree 3193 3162 19 0 179
tree 3257 3146 7 0 179
tree 3273 3162 27 0 179
lay 3706 3166 1 0 179
lay 3786 3166 0 0 179
stand 3818 3150 210 1 179
trop 3926 3138 15 179 179
trop 300 3180 126 179 179
trop 318 3196 94 179 179
lay 504 3176 28 0 179
tree 728 3192 27 0 179
tree 728 3176 0 0 179
tree 744 3192 8 0 179
trop 1116 3172 205 179 179
trop 1421 3198 146 179 179
dom 1457 3170 73 0 179
trop 1557 3182 146 179 179
trop 1589 3182 146 179 179
trop 1597 3182 146 179 179
trop 1637 3190 146 179 179
trop 1685 3198 24 179 179
trop 1765 3198 24 179 179
trop 1813 3190 24 179 179
trop 1797 3174 24 179 179
trop 1981 3182 24 179 179
trop 2141 3198 18 179 179
trop 2133 3190 24 179 179
trop 2189 3174 46 179 179
trop 2500 3188 19 179 179
trop 2645 3190 46 179 179
trop 2637 3174 46 179 179
trop 2677 3198 48 179 179
trop 2805 3174 96 179 179
trop 2804 3180 146 179 179
stand 3033 3194 19 0 179
tree 3289 3178 6 0 179
tree 3305 3178 31 0 179
tree 3898 3182 5 0 179
stand 3882 3198 203 1 179
tree 3914 3182 14 0 179
trop 358 3212 98 179 179
trop 374 3212 99 179 179
stand 402 3200 160 0 179
stand 418 3216 163 0 179
lay 920 3208 28 0 179
trop 1140 3228 205 179 179
trop 1276 3212 146 179 179
trop 1349 3230 146 179 179
trop 1389 3214 146 179 179
trop 1717 3206 24 179 179
trop 1813 3230 24 179 179
dom 1841 3202 73 0 179
trop 1925 3206 18 179 179
trop 2125 3230 24 179 179
trop 2205 3206 18 179 179
trop 2197 3230 18 179 179
trop 2381 3214 48 179 179
trop 2469 3214 48 179 179
dom 2545 3202 189 0 179
trop 2541 3222 48 179 179
trop 2613 3230 48 179 179
dom 2705 3202 190 0 179
trop 2693 3230 48 179 179
trop 2757 3230 48 179 179
trop 2772 3228 146 179 179
trop 3702 3226 80 179 179
trop 3814 3226 80 179 179
trop 3942 3226 93 179 179
trop 596 3252 205 179 179
lay 600 3240 28 0 179
trop 1276 3260 146 179 179
trop 1343 3250 44 179 179
trop 1373 3246 19 179 179
trop 1373 3238 146 179 179
trop 1439 3242 7 179 179
trop 1565 3238 18 179 179
trop 1581 3262 18 179 179
trop 1573 3254 146 179 179
trop 1685 3262 146 179 179
trop 1677 3254 146 179 179
trop 1893 3254 44 179 179
trop 2005 3238 18 179 179
trop 2061 3238 24 179 179
trop 2269 3246 46 179 179
trop 2269 3238 46 179 179
trop 2245 3238 46 179 179
trop 2541 3254 46 179 179
trop 2573 3262 46 179 179
trop 2781 3262 46 179 179
trop 2821 3254 18 179 179
trop 2876 3244 146 179 179
trop 3101 3254 95 179 179
trop 3253 3254 95 179 179
trop 3517 3254 95 179 179
trop 3670 3258 101 179 179
trop 388 3276 126 179 179
tree 984 3288 26 0 179
trop 1268 3276 146 179 179
trop 1316 3268 146 179 179
trop 1397 3294 19 179 179
trop 1413 3270 19 179 179
trop 1461 3294 146 179 179
trop 1509 3294 146 179 179
trop 1661 3286 146 179 179
trop 1637 3270 146 179 179
trop 1708 3284 46 179 179
trop 1748 3292 46 179 179
trop 1773 3286 45 179 179
trop 1861 3286 45 179 179
trop 1981 3278 24 179 179
trop 2053 3278 24 179 179
trop 2197 3278 18 179 179
trop 2205 3286 18 179 179
trop 2237 3294 18 179 179
trop 2292 3292 146 179 179
dom 2272 3264 280 0 179
trop 2340 3284 146 179 179
trop 2397 3294 46 179 179
trop 2389 3286 46 179 179
trop 2612 3292 19 179 179
trop 2725 3294 46 179 179
trop 2901 3286 100 179 179
trop 2941 3286 100 179 179
stand 3625 3290 19 0 179
lay 3674 3294 6 0 179
tree 210 3312 15 0 179
stand 466 3312 162 0 179
stand 482 3296 159 0 179
trop 708 3316 205 179 179
tree 904 3320 10 0 179
tree 936 3304 16 0 179
tree 1016 3304 37 0 179
lay 1128 3320 28 0 179
trop 1332 3300 146 179 179
trop 1437 3302 19 179 179
trop 1421 3318 146 179 179
trop 1533 3310 18 179 179
trop 1549 3310 18 179 179
trop 1788 3308 46 179 179
trop 2125 3302 24 179 179
trop 2317 3310 44 179 179
trop 2453 3302 46 179 179
trop 2461 3318 46 179 179
trop 2484 3324 19 179 179
trop 2485 3310 46 179 179
trop 2525 3310 46 179 179
trop 2613 3310 46 179 179
trop 2645 3318 46 179 179
trop 2637 3310 46 179 179
trop 2732 3308 19 179 179
trop 2741 3310 46 179 179
trop 2797 3326 46 179 179
trop 2837 3302 104 179 179
trop 2829 3310 18 179 179
trop 2884 3308 146 179 179
tree 3113 3322 19 0 179
trop 3878 3298 100 179 179
tree 3929 3322 24 0 179
tree 3945 3306 23 0 179
tree 194 3328 10 0 179
trop 294 3340 96 179 179
tree 370 3344 14 0 179
stand 482 3344 160 0 179
stand 482 3328 156 0 179
stand 498 3328 159 0 179
lay 728 3336 28 0 179
tree 760 3336 2 0 179
tree 808 3352 26 0 179
tree 872 3352 32 0 179
tree 952 3352 17 0 179
tree 1064 3352 0 0 179
tree 1080 3352 4 0 179
tree 1064 3336 40 0 179
trop 1380 3332 146 179 179
trop 1501 3342 19 179 179
trop 2421 3350 46 179 179
trop 2421 3342 46 179 179
trop 2461 3350 46 179 179
trop 2453 3350 46 179 179
trop 2517 3350 46 179 179
trop 2557 3342 46 179 179
trop 2533 3358 46 179 179
trop 2597 3334 46 179 179
trop 2701 3358 46 179 179
trop 2757 3342 46 179 179
trop 2884 3340 146 179 179
tree 2969 3338 30 0 179
tree 2969 3354 28 0 179
tree 3001 3338 31 0 179
tree 2985 3338 5 0 179
tree 3017 3338 4 0 179
trop 3092 3348 204 179 179
tree 3113 3338 18 0 179
trop 3148 3356 204 179 179
tree 3193 3354 25 0 179
tree 3177 3354 26 0 179
tree 3225 3354 22 0 179
tree 3225 3338 25 0 179
tree 3209 3354 23 0 179
lay 3570 3344 6 0 179
trop 3638 3356 106 179 179
tree 3738 3358 12 0 179
tree 3754 3358 10 0 179
trop 3806 3346 102 179 179
tree 3913 3354 39 0 179
trop 286 3380 104 179 179
stand 402 3360 179 0 179
stand 386 3376 178 1 179
tree 450 3360 16 0 179
stand 514 3376 185 0 179
tree 952 3368 37 0 179
lay 984 3368 26 0 179
tree 968 3368 41 0 179
tree 1000 3384 0 0 179
tree 1032 3384 29 0 179
trop 1420 3388 146 179 179
trop 1468 3388 46 179 179
trop 1565 3366 17 179 179
trop 1701 3366 17 179 179
trop 1861 3374 17 179 179
trop 2021 3374 17 179 179
trop 2173 3374 17 179 179
trop 2293 3374 17 179 179
trop 2284 3364 146 179 179
trop 2405 3374 46 179 179
trop 2413 3366 46 179 179
trop 2420 3380 146 179 179
trop 2436 3380 146 179 179
trop 2572 3380 19 179 179
trop 2573 3390 46 179 179
trop 2653 3374 46 179 179
trop 2660 3364 19 179 179
trop 2797 3374 46 179 179
trop 2924 3388 146 179 179
tree 2953 3370 27 0 179
trop 3012 3388 204 179 179
tree 3033 3386 28 0 179
tree 3065 3386 22 0 179
tree 3065 3370 21 0 179
tree 3049 3386 32 0 179
tree 3097 3386 39 0 179
tree 3097 3370 24 0 179
tree 3081 3386 24 0 179
tree 3113 3370 26 0 179
trop 3140 3388 204 179 179
tree 3161 3370 9 0 179
tree 3209 3370 27 0 179
trop 3478 3364 104 179 179
trop 3494 3380 97 179 179
trop 3606 3388 97 179 179
trop 3622 3364 106 179 179
trop 3662 3380 106 179 179
trop 406 3404 105 179 179
stand 546 3408 184 0 179
stand 562 3392 180 0 179
stand 578 3408 179 0 179
trop 662 3396 107 179 179
tree 888 3416 16 0 179
tree 1256 3416 24 0 179
tree 1256 3400 36 0 179
trop 1308 3412 202 179 179
trop 1372 3396 202 179 179
stand 2429 3416 165 0 179
trop 2508 3404 146 179 179
trop 2532 3404 19 179 179
trop 2580 3420 19 179 179
trop 2629 3414 46 179 179
trop 2732 3396 19 179 179
trop 2916 3404 146 179 179
trop 2956 3396 146 179 179
trop 2972 3396 146 179 179
trop 3012 3420 146 179 179
tree 3065 3402 20 0 179
tree 3081 3402 25 0 179
trop 3156 3420 204 179 179
stand 3786 3422 204 1 179
trop 3814 3410 102 179 179
trop 222 3444 104 179 179
trop 286 3436 73 179 179
trop 430 3452 95 179 179
trop 574 3452 105 179 179
stand 546 3424 183 0 179
stand 578 3424 178 0 179
trop 702 3452 97 179 179
trop 812 3444 97 179 179
trop 988 3444 97 179 179
trop 1156 3444 97 179 179
trop 1220 3452 202 179 179
tree 1272 3432 12 0 179
trop 1300 3436 97 179 179
trop 1436 3436 104 179 179
trop 1476 3444 146 179 179
trop 1557 3446 19 179 179
trop 1604 3452 46 179 179
trop 1789 3438 19 179 179
trop 1909 3430 19 179 179
trop 1989 3438 19 179 179
trop 2133 3446 19 179 179
trop 2117 3446 19 179 179
trop 2285 3454 19 179 179
trop 2309 3438 19 179 179
trop 2441 3452 17 179 179
trop 2860 3444 146 179 179
trop 2973 3454 23 179 179
trop 3292 3428 204 179 179
trop 3550 3452 94 179 179
stand 3785 3450 4 0 179
trop 3822 3442 96 179 179
trop 150 3460 97 179 179
trop 270 3460 94 179 179
trop 334 3460 97 179 179
trop 486 3460 97 179 179
trop 670 3484 101 179 179
trop 1300 3476 205 179 179
tree 1304 3464 22 0 179
trop 1364 3484 101 179 179
trop 1492 3484 94 179 179
trop 1596 3460 18 179 179
trop 1695 3456 17 179 179
trop 1831 3456 17 179 179
trop 1975 3456 17 179 179
trop 2188 3460 146 179 179
trop 2220 3468 146 179 179
trop 2333 3478 19 179 179
trop 2577 3460 17 179 179
trop 2713 3460 17 179 179
trop 2857 3460 17 179 179
trop 2940 3460 146 179 179
trop 3004 3468 146 179 179
trop 3084 3460 150 179 179
trop 3148 3476 204 179 179
trop 3196 3476 204 179 179
trop 3590 3468 98 179 179
trop 3606 3468 99 179 179
trop 190 3500 101 179 179
trop 302 3508 107 179 179
trop 422 3516 97 179 179
trop 606 3508 72 179 179
trop 582 3508 97 179 179
lay 1016 3496 3 0 179
trop 1244 3492 202 179 179
tree 1336 3496 18 0 179
tree 1368 3512 13 0 179
trop 1636 3492 18 179 179
trop 1732 3516 18 179 179
tree 1851 3508 12 0 179
tree 1835 3508 13 0 179
tree 2011 3492 14 0 179
tree 2011 3508 12 0 179
tree 2027 3508 11 0 179
trop 2028 3500 18 179 179
tree 2167 3510 33 0 179
trop 2204 3516 47 179 179
trop 2244 3508 47 179 179
trop 2292 3516 47 179 179
trop 2388 3500 47 179 179
trop 2388 3508 47 179 179
trop 2436 3508 47 179 179
trop 2556 3508 146 179 179
trop 2564 3508 19 179 179
tree 2717 3512 13 0 179
trop 2692 3516 146 179 179
tree 2733 3512 12 0 179
tree 2909 3512 11 0 179
tree 2893 3496 14 0 179
tree 2893 3512 12 0 179
trop 3020 3508 146 179 179
trop 3020 3516 146 179 179
tree 3049 3514 33 0 179
trop 3076 3492 150 179 179
trop 3204 3500 204 179 179
tree 146 3520 13 0 179
tree 146 3536 12 0 179
lay 210 3536 3 0 179
trop 358 3532 98 179 179
trop 374 3524 99 179 179
trop 598 3548 101 179 179
lay 872 3544 28 0 179
tree 1240 3528 7 0 179
tree 1224 3528 8 0 179
tree 1256 3544 16 0 179
tree 1304 3544 30 0 179
tree 1288 3544 0 0 179
tree 1384 3544 41 0 179
trop 1500 3532 146 179 179
trop 1548 3524 146 179 179
trop 1604 3540 146 179 179
trop 1668 3524 18 179 179
trop 1716 3548 18 179 179
trop 1756 3540 18 179 179
trop 1756 3532 18 179 179
tree 1787 3540 4 0 179
tree 1819 3524 10 0 179
tree 1803 3524 16 0 179
tree 1883 3524 8 0 179
tree 1867 3524 9 0 179
tree 1899 3524 7 0 179
tree 1931 3540 7 0 179
tree 2011 3540 13 0 179
trop 2084 3532 18 179 179
trop 2100 3548 146 179 179
tree 2135 3526 5 0 179
tree 2119 3526 6 0 179
trop 2124 3532 18 179 179
trop 2284 3532 146 179 179
trop 2500 3532 47 179 179
trop 2564 3524 47 179 179
trop 2620 3540 146 179 179
trop 2628 3524 146 179 179
tree 2685 3528 16 0 179
tree 2669 3544 4 0 179
trop 2676 3548 146 179 179
tree 2701 3528 10 0 179
tree 2749 3528 9 0 179
tree 2781 3528 7 0 179
tree 2765 3528 8 0 179
tree 2813 3544 7 0 179
tree 2893 3544 13 0 179
trop 2948 3532 146 179 179
tree 3001 3530 6 0 179
trop 2988 3532 146 179 179
tree 3017 3530 5 0 179
trop 3060 3548 146 179 179
trop 3092 3532 150 179 179
trop 3132 3532 150 179 179
trop 3252 3532 204 179 179
trop 374 3572 100 179 179
trop 542 3572 100 179 179
lay 690 3552 5 0 179
trop 726 3564 102 179 179
trop 790 3580 103 179 179
lay 952 3560 28 0 179
trop 1276 3580 205 179 179
tree 1288 3576 37 0 179
tree 1320 3576 36 0 179
trop 1516 3564 94 179 179
dom 1568 3552 280 0 179
trop 1700 3556 18 179 179
tree 1819 3556 5 0 179
tree 1803 3556 5 0 179
trop 1851 3562 65 179 179
tree 1979 3556 6 0 179
trop 1963 3570 65 179 179
tree 1963 3556 7 0 179
tree 2011 3556 14 0 179
tree 1995 3556 6 0 179
tree 2027 3572 15 0 179
trop 2252 3572 146 179 179
trop 2364 3580 47 179 179
trop 2348 3564 47 179 179
trop 2364 3564 146 179 179
trop 2436 3556 47 179 179
trop 2588 3580 146 179 179
tree 2685 3560 5 0 179
tree 2701 3560 5 0 179
trop 2733 3566 65 179 179
trop 2845 3574 65 179 179
tree 2845 3560 7 0 179
tree 2877 3560 6 0 179
tree 2861 3560 6 0 179
tree 2909 3576 15 0 179
tree 2893 3560 14 0 179
trop 3020 3556 146 179 179
trop 3276 3580 204 179 179
tree 3442 3568 15 0 179
trop 3838 3562 96 179 179
trop 3822 3570 96 179 179
trop 246 3596 96 179 179
trop 390 3612 100 179 179
stand 498 3600 160 0 179
stand 482 3600 161 0 179
stand 514 3600 181 1 179
stand 562 3584 160 0 179
trop 654 3612 106 179 179
lay 1128 3592 28 0 179
trop 1524 3596 146 179 179
trop 1628 3612 146 179 179
trop 1604 3588 146 179 179
trop 1647 3592 19 179 179
trop 1679 3600 18 179 179
stand 1707 3604 165 0 179
tree 1768 3592 16 0 179
tree 1784 3608 25 0 179
trop 1811 3594 65 179 179
trop 2068 3596 146 179 179
trop 2100 3596 146 179 179
trop 2164 3588 18 179 179
trop 2180 3596 18 179 179
trop 2260 3588 146 179 179
trop 2300 3596 47 179 179
trop 2324 3596 146 179 179
trop 2348 3596 146 179 179
trop 2356 3596 146 179 179
trop 2396 3612 146 179 179
trop 2452 3588 146 179 179
trop 2529 3596 19 179 179
stand 2589 3608 165 0 179
trop 2561 3604 18 179 179
trop 2693 3598 65 179 179
trop 3044 3596 146 179 179
trop 3156 3588 150 179 179
trop 3196 3612 146 179 179
tree 3426 3584 10 0 179
trop 3526 3596 96 179 179
tree 3602 3600 14 0 179
trop 286 3636 73 179 179
trop 302 3620 96 179 179
trop 406 3620 106 179 179
stand 482 3616 156 0 179
trop 542 3636 106 179 179
trop 798 3620 102 179 179
trop 1156 3620 207 179 179
trop 1492 3636 102 179 179
trop 1516 3644 146 179 179
trop 1548 3620 94 179 179
trop 1868 3644 47 179 179
trop 1923 3642 65 179 179
trop 2180 3636 18 179 179
dom 2211 3628 269 0 179
trop 2284 3620 146 179 179
trop 2316 3644 46 179 179
trop 2540 3636 146 179 179
trop 2540 3644 146 179 179
dom 2741 3632 162 0 179
trop 2805 3646 65 179 179
dom 2869 3632 156 0 179
trop 2996 3620 146 179 179
dom 3093 3632 269 0 179
trop 3084 3644 146 179 179
trop 3164 3628 146 179 179
trop 3316 3644 204 179 179
trop 3518 3636 104 179 179
tree 3682 3616 16 0 179
trop 406 3668 105 179 179
trop 638 3676 97 179 179
trop 996 3676 203 179 179
trop 1028 3652 203 179 179
tree 1080 3656 12 0 179
tree 1064 3656 12 0 179
trop 1108 3652 202 179 179
tree 1112 3656 14 0 179
tree 1096 3656 21 0 179
tree 1128 3656 26 0 179
trop 1452 3676 146 179 179
trop 1587 3658 65 179 179
trop 1687 3648 18 179 179
trop 1700 3676 146 179 179
tree 1768 3672 27 0 179
trop 1811 3666 65 179 179
dom 1952 3648 191 0 179
trop 2067 3650 65 179 179
trop 2107 3650 65 179 179
trop 2172 3652 146 179 179
trop 2244 3660 18 179 179
trop 2260 3668 18 179 179
trop 2420 3652 146 179 179
trop 2420 3676 146 179 179
dom 2432 3648 279 0 179
trop 2469 3662 65 179 179
trop 2476 3676 146 179 179
trop 2569 3652 18 179 179
trop 2693 3670 65 179 179
trop 2949 3654 65 179 179
trop 2989 3654 65 179 179
trop 3116 3676 146 179 179
trop 3124 3676 146 179 179
trop 3156 3676 146 179 179
trop 3638 3660 105 179 179
trop 3894 3652 107 179 179
trop 510 3684 106 179 179
trop 718 3708 101 179 179
trop 1044 3692 203 179 179
trop 1508 3684 146 179 179
trop 1727 3688 18 179 179
trop 1724 3700 146 179 179
tree 1768 3688 6 0 179
tree 1768 3704 10 0 179
trop 1940 3684 47 179 179
trop 1972 3700 47 179 179
trop 2043 3706 65 179 179
trop 2147 3690 65 179 179
trop 2332 3692 46 179 179
trop 2324 3700 46 179 179
trop 2609 3692 18 179 179
trop 2925 3710 65 179 179
trop 3029 3694 65 179 179
trop 3180 3684 146 179 179
trop 3228 3684 204 179 179
trop 3212 3692 150 179 179
trop 3316 3684 204 179 179
trop 3454 3700 104 179 179
trop 3518 3692 73 179 179
trop 3662 3708 95 179 179
trop 3806 3708 105 179 179
trop 3934 3708 97 179 179
trop 390 3740 100 179 179
stand 418 3728 161 0 179
trop 812 3724 96 179 179
tree 920 3736 27 0 179
tree 936 3736 23 0 179
trop 1196 3740 202 179 179
lay 1208 3720 28 0 179
trop 1348 3716 205 179 179
trop 1591 3712 19 179 179
trop 1647 3720 19 179 179
trop 1679 3728 18 179 179
trop 1716 3724 146 179 179
trop 1732 3732 47 179 179
tree 1768 3720 15 0 179
tree 1768 3736 32 0 179
trop 1819 3738 65 179 179
trop 1892 3716 47 179 179
trop 1900 3732 47 179 179
trop 1963 3738 65 179 179
trop 2043 3714 65 179 179
trop 2244 3732 18 179 179
trop 2473 3716 19 179 179
trop 2529 3724 19 179 179
trop 2561 3732 18 179 179
trop 2701 3742 65 179 179
trop 2845 3742 65 179 179
trop 2925 3718 65 179 179
trop 3137 3724 24 179 179
trop 3177 3716 18 179 179
trop 3180 3732 146 179 179
trop 3382 3716 97 179 179
trop 3502 3716 94 179 179
trop 3566 3716 97 179 179
trop 3718 3716 97 179 179
trop 3902 3740 101 179 179
trop 302 3756 96 179 179
stand 402 3760 162 0 179
stand 386 3760 156 0 179
stand 418 3744 156 0 179
stand 418 3760 161 0 179
stand 450 3760 157 0 179
stand 450 3744 158 0 179
trop 796 3772 96 179 179
tree 936 3768 36 0 179
lay 1160 3768 28 0 179
tree 1304 3752 15 0 179
tree 1320 3768 0 0 179
trop 1452 3748 146 179 179
trop 1500 3756 146 179 179
trop 1524 3748 94 179 179
dom 1568 3744 280 0 179
tree 1752 3768 30 0 179
tree 1768 3768 14 0 179
tree 1800 3768 3 0 179
tree 1848 3768 35 0 179
trop 1868 3764 146 179 179
tree 1963 3748 5 0 179
trop 2003 3770 65 179 179
tree 2008 3768 35 0 179
tree 2024 3768 34 0 179
tree 2056 3752 32 0 179
tree 2056 3768 12 0 179
lay 2137 3754 4 0 179
trop 2204 3748 146 179 179
trop 2228 3748 18 179 179
trop 2292 3748 18 179 179
trop 2364 3748 46 179 179
trop 2388 3756 46 179 179
tree 2685 3752 16 0 179
tree 2685 3768 6 0 179
tree 2701 3752 7 0 179
tree 2701 3768 14 0 179
tree 2749 3752 6 0 179
tree 2781 3752 4 0 179
tree 2765 3752 8 0 179
tree 2813 3752 8 0 179
tree 2797 3752 9 0 179
tree 2845 3752 5 0 179
tree 2829 3752 4 0 179
tree 2861 3752 12 0 179
trop 2885 3774 65 179 179
trop 3164 3748 146 179 179
trop 3422 3756 101 179 179
trop 3534 3764 107 179 179
trop 3654 3772 97 179 179
trop 3838 3764 72 179 179
trop 3814 3764 97 179 179
stand 434 3776 162 0 179
stand 450 3776 185 1 179
trop 708 3804 202 179 179
tree 952 3800 36 0 179
trop 1004 3796 203 179 179
trop 1108 3804 203 179 179
tree 1336 3800 22 0 179
tree 1336 3784 30 0 179
trop 1492 3780 146 179 179
trop 1595 3802 65 179 179
trop 1595 3778 65 179 179
trop 1692 3780 18 179 179
trop 1756 3788 47 179 179
tree 1768 3784 39 0 179
tree 1784 3784 20 0 179
trop 1851 3794 65 179 179
tree 2040 3784 14 0 179
tree 2056 3784 7 0 179
tree 2072 3784 26 0 179
trop 2171 3794 65 179 179
dom 2208 3776 189 0 179
trop 2260 3804 18 179 179
trop 2244 3796 18 179 179
dom 2432 3776 281 0 179
trop 2477 3806 65 179 179
trop 2477 3782 65 179 179
trop 2540 3804 146 179 179
tree 2685 3784 12 0 179
tree 2717 3800 6 0 179
tree 2701 3800 13 0 179
trop 2733 3798 65 179 179
tree 2781 3784 14 0 179
tree 2765 3784 5 0 179
tree 2813 3784 13 0 179
tree 2845 3784 5 0 179
tree 2829 3784 15 0 179
tree 2861 3784 16 0 179
tree 2909 3784 6 0 179
tree 2909 3800 8 0 179
trop 3053 3798 65 179 179
trop 3145 3804 24 179 179
trop 3197 3806 18 179 179
trop 3236 3796 146 179 179
tree 3378 3776 13 0 179
tree 3378 3792 12 0 179
lay 3442 3792 3 0 179
trop 3590 3788 98 179 179
trop 3606 3780 99 179 179
trop 3830 3804 101 179 179
stand 402 3808 160 0 179
stand 418 3808 161 0 179
lay 520 3816 28 0 179
trop 1276 3836 202 179 179
trop 1492 3836 146 179 179
trop 1500 3812 47 179 179
trop 1687 3816 18 179 179
trop 1711 3832 18 179 179
trop 1740 3812 145 179 179
trop 2115 3810 65 179 179
trop 2236 3836 18 179 179
trop 2357 3830 22 179 179
trop 2569 3820 18 179 179
trop 2593 3836 18 179 179
trop 2997 3814 65 179 179
dom 3125 3824 185 0 179
trop 3606 3828 100 179 179
trop 3774 3828 100 179 179
lay 3922 3808 5 0 179
trop 3958 3820 102 179 179
trop 4022 3836 103 179 179
trop 652 3868 202 179 179
tree 984 3848 4 0 179
lay 1192 3848 28 0 179
trop 1500 3852 146 179 179
trop 1524 3852 145 179 179
trop 1524 3860 47 179 179
trop 1628 3868 47 179 179
trop 1740 3868 18 179 179
trop 1803 3858 65 179 179
trop 1939 3858 65 179 179
trop 1999 3864 19 179 179
trop 2028 3852 18 179 179
trop 2111 3848 19 179 179
trop 2172 3868 18 179 179
trop 2685 3862 65 179 179
trop 2821 3862 65 179 179
trop 2881 3868 19 179 179
trop 2993 3852 19 179 179
trop 3252 3852 146 179 179
trop 3308 3844 204 179 179
trop 3364 3852 204 179 179
trop 3478 3852 96 179 179
trop 3622 3868 100 179 179
stand 3730 3856 160 0 179
stand 3714 3856 161 0 179
stand 3746 3856 181 1 179
stand 3794 3840 160 0 179
trop 3886 3868 106 179 179
lay 984 3880 28 0 179
tree 1016 3896 23 0 179
trop 1388 3884 146 179 179
trop 1412 3900 146 179 179
trop 1428 3876 145 179 179
trop 1508 3876 146 179 179
trop 1532 3892 47 179 179
trop 1564 3900 47 179 179
trop 1540 3876 47 179 179
trop 1588 3892 47 179 179
trop 1627 3882 65 179 179
dom 1600 3872 283 0 179
trop 1676 3876 47 179 179
trop 1703 3888 18 179 179
trop 1740 3892 18 179 179
trop 1804 3884 18 179 179
dom 1792 3872 267 0 179
trop 1892 3876 18 179 179
trop 1935 3880 19 179 179
dom 1920 3872 282 0 179
trop 1972 3884 146 179 179
dom 2048 3872 283 0 179
trop 2167 3880 19 179 179
trop 2239 3896 24 179 179
dom 2208 3872 190 0 179
trop 2509 3886 65 179 179
trop 2585 3892 18 179 179
dom 2645 3888 193 0 179
dom 2773 3888 183 0 179
trop 2817 3884 19 179 179
dom 2912 3872 267 0 179
trop 3049 3884 19 179 179
dom 3093 3888 190 0 179
trop 3121 3900 24 179 179
trop 3148 3876 146 179 179
trop 3197 3902 18 179 179
trop 3252 3884 146 179 179
trop 3292 3876 204 179 179
trop 3412 3884 204 179 179
trop 3518 3892 73 179 179
trop 3534 3876 96 179 179
trop 3638 3876 106 179 179
stand 3714 3872 156 0 179
trop 3774 3892 106 179 179
trop 4030 3876 102 179 179
trop 1468 3916 146 179 179
trop 1444 3924 146 179 179
trop 1532 3916 47 179 179
trop 1564 3908 47 179 179
trop 1556 3924 47 179 179
trop 1564 3924 47 179 179
trop 1588 3932 145 179 179
trop 1580 3908 47 179 179
trop 1572 3908 47 179 179
trop 1588 3916 47 179 179
trop 1580 3916 47 179 179
trop 1684 3916 145 179 179
trop 1692 3916 47 179 179
trop 1724 3916 145 179 179
trop 1851 3906 65 179 179
trop 1919 3912 24 179 179
trop 1972 3916 146 179 179
trop 1972 3924 146 179 179
trop 2039 3912 24 179 179
trop 2119 3912 24 179 179
trop 2199 3904 24 179 179
trop 2425 3932 18 179 179
trop 2733 3910 65 179 179
trop 2801 3916 24 179 179
trop 2921 3916 24 179 179
trop 3001 3916 24 179 179
trop 3081 3908 24 179 179
trop 3292 3932 146 179 179
trop 3364 3908 204 179 179
trop 3638 3924 105 179 179
trop 3870 3932 97 179 179
trop 3926 3932 104 179 179
trop 844 3940 96 179 179
tree 888 3944 16 0 179
tree 872 3944 29 0 179
tree 920 3960 25 0 179
tree 952 3960 34 0 179
tree 984 3944 20 0 179
tree 1272 3960 15 0 179
tree 1304 3944 32 0 179
tree 1288 3960 36 0 179
trop 1580 3948 145 179 179
trop 2881 3964 19 179 179
trop 3049 3964 19 179 179
trop 3213 3950 18 179 179
tree 3321 3946 4 0 179
tree 3305 3946 3 0 179
trop 3300 3940 146 179 179
trop 3742 3940 106 179 179
trop 3950 3964 101 179 179
trop 852 3988 96 179 179
trop 3622 3996 100 179 179
stand 3650 3984 161 0 179
trop 1516 4020 145 179 179
trop 3534 4012 96 179 179
stand 3634 4016 162 0 179
stand 3618 4016 156 0 179
stand 3650 4000 156 0 179
stand 3650 4016 161 0 179
stand 3682 4016 157 0 179
stand 3682 4000 158 0 179
stand 3666 4032 162 0 179
stand 3682 4032 185 1 179
stand 3634 4064 160 0 179
stand 3650 4064 161 0 179
