fre 268 156 230 179 179
fre 164 188 230 179 179
fre 412 188 230 179 179
fre 596 172 230 179 179
fre 892 180 230 179 179
fre 1388 180 230 179 179
fre 1820 180 230 179 179
fre 1924 188 230 179 179
fre 2092 172 230 179 179
fre 2228 164 230 179 179
fre 2596 180 230 179 179
fre 2812 164 230 179 179
fre 3636 164 220 179 179
trop 3756 164 30 179 179
fre 3876 172 230 179 179
fre 692 220 230 179 179
fre 788 212 230 179 179
fre 1004 212 230 179 179
fre 1148 212 230 179 179
fre 1276 220 230 179 179
fre 1292 196 230 179 179
fre 1684 196 230 179 179
fre 2316 212 230 179 179
fre 2420 212 230 179 179
fre 2684 204 230 179 179
fre 2980 204 230 179 179
fre 3132 204 230 179 179
fre 3276 220 230 179 179
fre 3404 204 230 179 179
fre 3484 204 230 179 179
fre 3588 220 230 179 179
fre 188 244 230 179 179
fre 300 236 230 179 179
fre 508 228 230 179 179
fre 1372 228 230 179 179
fre 1444 236 230 179 179
fre 1516 228 230 179 179
fre 1628 252 230 179 179
fre 1748 228 230 179 179
fre 1972 236 230 179 179
fre 2028 228 230 179 179
fre 2148 252 230 179 179
tree 2504 232 49 0 179
fre 2516 236 230 179 179
fre 2932 236 230 179 179
fre 3628 244 220 179 179
fre 3876 244 230 179 179
fre 876 276 230 179 179
fre 1836 276 230 179 179
fre 2764 268 230 179 179
fre 3052 260 230 179 179
fre 3940 260 230 179 179
fre 580 292 230 179 179
fre 756 308 220 179 179
fre 1084 300 230 179 179
fre 1212 308 230 179 179
fre 1500 308 230 179 179
fre 1948 292 230 179 179
fre 3372 292 230 179 179
fre 3564 300 220 179 179
fre 3892 300 230 179 179
fre 204 340 230 179 179
tree 376 328 41 0 179
fre 372 324 230 179 179
tree 1016 344 49 0 179
lay 1000 344 87 0 179
lay 1256 344 77 0 179
fre 1284 332 230 179 179
fre 1428 348 230 179 179
fre 1660 332 230 179 179
tree 2072 328 8 0 179
fre 2228 348 230 179 179
fre 2348 340 230 179 179
fre 2604 340 230 179 179
lay 2728 328 87 0 179
tree 2840 344 46 0 179
fre 3188 324 230 179 179
fre 3428 340 230 179 179
fre 3620 340 230 179 179
stand 3720 344 114 0 179
trop 3756 324 30 179 179
fre 3852 340 230 179 179
fre 460 356 230 179 179
fre 668 364 230 179 179
fre 940 380 230 179 179
fre 1388 364 230 179 179
fre 1756 380 230 179 179
fre 2060 356 230 179 179
fre 2228 380 220 179 179
fre 2452 380 230 179 179
fre 2844 364 230 179 179
tree 2856 360 43 0 179
fre 2964 380 230 179 179
fre 3500 380 230 179 179
fre 3964 372 230 179 179
fre 804 396 230 179 179
fre 1540 412 230 179 179
fre 3268 412 230 179 179
fre 3644 396 220 179 179
fre 204 436 230 179 179
fre 404 444 230 179 179
fre 588 428 230 179 179
fre 1028 444 230 179 179
fre 1156 444 230 179 179
fre 1516 428 219 179 179
fre 1860 420 230 179 179
fre 1964 428 230 179 179
fre 2700 420 230 179 179
tree 3704 424 49 0 179
fre 3884 436 230 179 179
fre 3916 428 230 179 179
fre 284 460 230 179 179
lay 392 472 77 0 179
lay 408 472 87 0 179
fre 508 452 230 179 179
fre 1372 452 230 179 179
fre 1348 452 230 179 179
fre 1652 468 230 179 179
fre 2132 460 230 179 179
fre 2284 476 230 179 179
fre 2564 452 230 179 179
fre 3068 452 230 179 179
fre 3468 460 223 179 179
fre 3604 452 220 179 179
fre 3652 476 220 179 179
fre 732 484 230 179 179
fre 1060 508 220 179 179
fre 1444 484 230 179 179
fre 1756 508 230 179 179
fre 1764 508 220 179 179
lay 1880 488 78 0 179
fre 2396 484 230 179 179
fre 2764 508 230 179 179
fre 2908 500 230 179 179
lay 3048 504 78 0 179
fre 3244 508 230 179 179
fre 3332 484 230 179 179
trop 3756 484 30 179 179
fre 204 540 230 179 179
fre 892 516 230 179 179
fre 1572 524 219 179 179
fre 1884 532 230 179 179
fre 2204 532 230 179 179
fre 2604 532 230 179 179
lay 3048 520 77 0 179
fre 3132 540 224 179 179
fre 3156 540 230 179 179
fre 3404 516 230 179 179
fre 3508 532 224 179 179
fre 3524 524 230 179 179
fre 3644 532 220 179 179
tree 3624 536 9 0 179
fre 3884 516 230 179 179
fre 3924 524 220 179 179
fre 308 548 230 179 179
fre 436 572 230 179 179
fre 636 564 230 179 179
fre 788 564 230 179 179
fre 1236 548 230 179 179
fre 1532 556 230 179 179
fre 2020 564 230 179 179
fre 2340 572 230 179 179
fre 2468 564 230 179 179
fre 2628 556 220 179 179
fre 3372 548 223 179 179
fre 3652 548 220 179 179
tree 3656 568 7 0 179
fre 540 580 230 179 179
fre 956 596 230 179 179
fre 1108 588 230 179 179
fre 2060 604 230 179 179
fre 2684 604 230 179 179
fre 2828 604 230 179 179
fre 2980 588 230 179 179
fre 3604 604 224 179 179
fre 3876 596 230 179 179
fre 1300 628 230 179 179
fre 1396 620 230 179 179
fre 1636 612 230 179 179
fre 1740 628 224 179 179
fre 2116 636 230 179 179
fre 2260 628 230 179 179
fre 3188 620 224 179 179
fre 3276 612 224 179 179
fre 3268 628 230 179 179
fre 3436 612 145 179 179
fre 3580 612 230 179 179
fre 3660 612 220 179 179
fre 3940 628 230 179 179
fre 204 644 230 179 179
fre 324 668 230 179 179
fre 348 668 219 179 179
fre 692 660 230 179 179
tree 728 648 43 0 179
fre 828 644 230 179 179
fre 1540 668 230 179 179
fre 1788 644 230 179 179
fre 1932 652 230 179 179
fre 1924 660 219 179 179
fre 2404 668 230 179 179
fre 2540 660 230 179 179
fre 2908 660 228 179 179
fre 3076 644 230 179 179
fre 3292 660 224 179 179
fre 3500 660 224 179 179
trop 3764 644 30 179 179
lay 3784 664 77 0 179
fre 548 692 230 179 179
fre 1028 684 230 179 179
fre 1164 700 230 179 179
fre 1652 676 219 179 179
fre 2748 700 230 179 179
fre 2900 676 230 179 179
lay 3384 680 88 0 179
lay 3400 680 78 0 179
fre 3500 676 230 179 179
fre 3876 700 230 179 179
fre 428 732 230 179 179
fre 892 724 230 179 179
fre 1484 708 230 179 179
fre 1572 724 220 179 179
fre 2028 724 230 179 179
fre 2212 708 230 179 179
fre 2644 724 230 179 179
fre 3148 732 230 179 179
fre 3372 724 230 179 179
fre 3428 716 223 179 179
fre 3636 732 230 179 179
fre 204 764 230 179 179
fre 604 748 230 179 179
fre 756 748 230 179 179
fre 1284 740 230 179 179
fre 1684 764 230 179 179
fre 2484 764 230 179 179
fre 2988 764 230 179 179
fre 3316 740 230 179 179
fre 3564 756 230 179 179
fre 316 780 230 179 179
fre 868 780 228 179 179
fre 1084 780 230 179 179
fre 1092 780 220 179 179
fre 1508 796 230 179 179
lay 1800 792 84 0 179
fre 1836 780 230 179 179
fre 1940 796 230 179 179
fre 2132 796 230 179 179
fre 2308 796 230 179 179
fre 2412 796 230 179 179
fre 2812 780 230 179 179
fre 3412 780 230 179 179
tree 3464 792 38 0 179
fre 3508 796 228 179 179
fre 3604 796 220 179 179
trop 3772 796 30 179 179
fre 484 820 230 179 179
fre 964 804 230 179 179
lay 2024 808 85 0 179
fre 2644 828 230 179 179
fre 2988 804 220 179 179
lay 3096 808 78 0 179
fre 3132 804 228 179 179
fre 3212 828 230 179 179
fre 3644 820 230 179 179
stand 3720 824 114 0 179
fre 3884 812 230 179 179
fre 220 860 230 179 179
fre 740 860 228 179 179
fre 852 860 228 179 179
fre 1196 860 230 179 179
fre 1372 836 230 179 179
fre 1708 844 230 179 179
lay 1816 840 88 0 179
lay 1832 840 80 0 179
fre 1940 860 230 179 179
fre 2548 844 230 179 179
fre 2572 852 230 179 179
fre 2716 852 230 179 179
fre 2892 852 230 179 179
fre 3084 860 230 179 179
fre 3348 836 230 179 179
fre 3492 844 230 179 179
fre 3964 836 230 179 179
fre 348 876 230 179 179
fre 540 868 230 179 179
fre 612 892 230 179 179
fre 668 868 230 179 179
fre 1172 868 228 179 179
fre 1460 868 230 179 179
fre 1564 868 230 179 179
fre 2780 892 230 179 179
fre 3460 892 224 179 179
fre 3580 892 230 179 179
fre 812 924 228 179 179
fre 908 924 228 179 179
fre 1028 908 230 179 179
lay 1528 904 79 0 179
fre 1940 916 220 179 179
tree 1976 920 49 0 179
fre 2044 924 230 179 179
fre 2204 916 230 179 179
fre 2372 900 230 179 179
fre 2492 916 230 179 179
tree 2568 904 20 0 179
tree 2616 920 31 0 179
tree 2648 904 33 0 179
fre 3108 908 224 179 179
fre 3324 916 230 179 179
fre 3644 900 230 179 179
fre 3900 908 230 179 179
fre 204 956 230 179 179
fre 276 956 230 179 179
fre 740 948 145 179 179
fre 1340 932 230 179 179
fre 1588 932 230 179 179
tree 1752 936 9 0 179
fre 1732 932 230 179 179
tree 1768 952 8 0 179
fre 1860 932 230 179 179
fre 2436 956 230 179 179
tree 2520 952 25 0 179
tree 2600 952 30 0 179
tree 2696 936 28 0 179
fre 2844 948 230 179 179
fre 2972 932 230 179 179
fre 3412 956 220 179 179
fre 3636 940 230 179 179
trop 3772 956 30 179 179
fre 3892 956 230 179 179
fre 412 964 230 179 179
fre 548 980 230 179 179
fre 596 988 228 179 179
fre 1108 972 230 179 179
fre 1260 980 230 179 179
fre 1676 988 220 179 179
fre 1956 972 220 179 179
tree 2488 984 14 0 179
fre 2556 972 122 179 179
fre 2548 980 122 179 179
tree 2696 968 30 0 179
fre 2740 988 122 179 179
tree 2744 968 21 0 179
fre 3164 972 230 179 179
fre 3580 972 230 179 179
fre 668 1020 145 179 179
lay 648 1016 87 0 179
fre 796 1012 145 179 179
lay 776 1000 84 0 179
fre 948 1004 230 179 179
fre 1308 1020 220 179 179
fre 1436 996 230 179 179
fre 1468 1020 220 179 179
fre 1828 1012 230 179 179
fre 2292 1004 230 179 179
tree 2456 1016 33 0 179
tree 2488 1016 31 0 179
fre 2628 1012 120 179 179
fre 2900 1020 230 179 179
fre 3020 1004 230 179 179
fre 3388 996 230 179 179
fre 3476 1012 220 179 179
fre 3644 1020 230 179 179
lay 664 1032 85 0 179
tree 712 1032 49 0 179
fre 1916 1028 145 179 179
lay 1976 1048 82 0 179
fre 2116 1028 230 179 179
tree 2456 1048 18 0 179
fre 2476 1044 122 179 179
fre 2500 1044 122 179 179
fre 2684 1052 119 179 179
fre 2708 1036 121 179 179
tree 2760 1032 30 0 179
fre 2788 1028 122 179 179
fre 2804 1028 122 179 179
fre 3260 1052 230 179 179
tree 3464 1048 48 0 179
tree 3480 1048 49 0 179
fre 3628 1052 230 179 179
trop 3772 1028 30 179 179
fre 3916 1044 230 179 179
fre 3932 1036 230 179 179
fre 340 1068 230 179 179
fre 468 1076 230 179 179
lay 648 1064 88 0 179
fre 740 1076 145 179 179
fre 1588 1060 230 179 179
tree 1816 1064 43 1 179
tree 1992 1080 46 0 179
fre 2020 1084 230 179 179
tree 2472 1080 15 0 179
fre 2564 1084 120 179 179
fre 2644 1084 119 179 179
tree 2824 1064 27 0 179
fre 2900 1084 230 179 179
fre 3476 1084 230 179 179
fre 3900 1076 230 179 179
fre 196 1092 230 179 179
fre 628 1092 228 179 179
fre 868 1116 230 179 179
fre 1028 1100 230 179 179
fre 1156 1108 230 179 179
fre 1428 1116 145 179 179
fre 1732 1100 228 179 179
tree 1784 1112 43 1 179
fre 1788 1100 230 179 179
fre 1916 1092 230 179 179
tree 1992 1096 47 0 179
tree 2008 1096 43 0 179
fre 2060 1108 230 179 179
fre 2388 1092 230 179 179
fre 2492 1116 122 179 179
fre 2508 1100 122 179 179
tree 2504 1096 30 0 179
fre 2612 1108 119 179 179
fre 2788 1092 122 179 179
tree 2808 1112 31 0 179
fre 3116 1092 230 179 179
fre 3660 1116 230 179 179
fre 596 1124 230 179 179
fre 628 1124 230 179 179
fre 724 1124 228 179 179
fre 716 1140 230 179 179
fre 1316 1124 230 179 179
fre 1532 1132 230 179 179
tree 1592 1144 48 0 179
fre 1676 1148 230 179 179
fre 2188 1124 230 179 179
fre 2548 1148 122 179 179
fre 2588 1148 122 179 179
fre 2604 1132 121 179 179
fre 2780 1140 122 179 179
tree 2824 1144 26 0 179
fre 2972 1140 230 179 179
fre 3340 1140 230 179 179
fre 3604 1140 230 179 179
trop 3772 1132 30 179 179
fre 372 1180 230 179 179
fre 1452 1164 230 179 179
tree 1592 1160 49 0 179
tree 1576 1160 48 0 179
fre 1852 1156 230 179 179
fre 1940 1172 213 179 179
fre 2004 1180 230 179 179
fre 2116 1180 145 179 179
fre 2428 1180 230 179 179
lay 2488 1176 88 0 179
tree 2504 1160 22 0 179
tree 2536 1176 30 0 179
fre 2580 1180 122 179 179
fre 2780 1180 122 179 179
fre 2764 1172 122 179 179
fre 2780 1156 122 179 179
fre 2788 1164 122 179 179
fre 3212 1180 230 179 179
fre 3916 1164 230 179 179
fre 188 1188 230 179 179
fre 252 1188 230 179 179
fre 484 1212 230 179 179
fre 1580 1188 230 179 179
fre 1884 1204 220 179 179
fre 2276 1196 230 179 179
fre 2556 1204 122 179 179
tree 2536 1208 24 0 179
fre 2596 1212 122 179 179
fre 2628 1188 122 179 179
fre 2748 1204 122 179 179
fre 2748 1196 122 179 179
tree 2792 1208 23 0 179
tree 2824 1192 27 0 179
fre 3404 1204 230 179 179
fre 3508 1204 230 179 179
fre 3660 1204 230 179 179
fre 3884 1188 230 179 179
fre 596 1236 230 179 179
fre 956 1220 230 179 179
fre 1660 1244 230 179 179
fre 1764 1236 230 179 179
fre 2196 1228 230 179 179
fre 2588 1236 122 179 179
tree 2568 1240 17 0 179
fre 2596 1220 122 179 179
fre 2620 1220 122 179 179
fre 2652 1244 122 179 179
fre 2684 1244 122 179 179
fre 2692 1236 122 179 179
fre 2708 1236 122 179 179
fre 2732 1228 122 179 179
fre 2724 1228 122 179 179
tree 2776 1224 16 0 179
fre 2876 1244 230 179 179
fre 3060 1220 230 179 179
fre 716 1252 220 179 179
fre 804 1252 230 179 179
fre 1060 1252 230 179 179
fre 1212 1260 230 179 179
tree 1320 1256 6 0 179
fre 1372 1260 230 179 179
fre 1532 1276 230 179 179
fre 2092 1268 230 179 179
fre 2356 1276 230 179 179
fre 2612 1252 122 179 179
tree 2648 1256 30 0 179
tree 2680 1272 19 0 179
tree 2728 1256 31 0 179
tree 2744 1256 26 0 179
fre 3116 1276 230 179 179
fre 3324 1252 230 179 179
fre 3524 1252 228 179 179
fre 3620 1260 145 179 179
stand 3720 1272 120 0 179
fre 3900 1276 230 179 179
fre 308 1292 230 179 179
fre 1652 1300 219 179 179
fre 1820 1292 230 179 179
fre 2508 1284 230 179 179
tree 2632 1288 28 0 179
trop 3772 1292 30 179 179
fre 196 1316 230 179 179
fre 684 1340 230 179 179
lay 1256 1320 81 0 179
lay 1448 1320 77 0 179
fre 1604 1324 230 179 179
fre 1748 1340 230 179 179
fre 1924 1324 145 179 179
fre 1988 1316 230 179 179
fre 2196 1340 223 179 179
fre 2772 1340 230 179 179
fre 2948 1332 230 179 179
fre 3212 1324 230 179 179
fre 3412 1340 230 179 179
fre 3900 1324 230 179 179
fre 404 1364 230 179 179
fre 540 1356 230 179 179
fre 852 1348 230 179 179
fre 1116 1372 230 179 179
fre 1300 1356 230 179 179
fre 1396 1348 230 179 179
fre 1876 1364 230 179 179
fre 2020 1348 230 179 179
fre 2172 1356 230 179 179
fre 2308 1348 220 179 179
fre 2436 1364 230 179 179
tree 2552 1368 49 0 179
fre 2596 1356 230 179 179
fre 3524 1364 145 179 179
fre 3676 1348 230 179 179
fre 3892 1372 230 179 179
fre 980 1396 230 179 179
fre 1244 1404 230 179 179
fre 1684 1404 230 179 179
fre 1820 1396 219 179 179
fre 2076 1404 230 179 179
fre 2684 1380 230 179 179
fre 2860 1396 230 179 179
fre 3012 1388 230 179 179
fre 3612 1404 145 179 179
fre 3940 1388 230 179 179
fre 220 1436 230 179 179
fre 300 1436 230 179 179
fre 1004 1436 230 179 179
fre 1460 1420 230 179 179
fre 2260 1436 219 179 179
fre 2684 1428 230 179 179
fre 3116 1420 230 179 179
fre 3180 1428 220 179 179
fre 3292 1420 230 179 179
fre 1196 1452 230 179 179
fre 1324 1452 220 179 179
fre 1724 1460 214 179 179
lay 1928 1448 78 0 179
fre 1988 1444 230 179 179
fre 2156 1452 230 179 179
fre 2220 1460 220 179 179
lay 2408 1448 101 0 179
fre 2516 1460 230 179 179
fre 3436 1460 228 179 179
fre 3580 1452 228 179 179
fre 3692 1460 230 179 179
tree 3704 1448 43 0 179
lay 3688 1448 77 0 179
trop 3780 1452 30 179 179
fre 420 1492 230 179 179
fre 572 1476 230 179 179
fre 724 1484 230 179 179
fre 900 1492 230 179 179
fre 1564 1476 230 179 179
fre 1756 1476 230 179 179
fre 1908 1484 230 179 179
fre 2140 1492 220 179 179
fre 2396 1476 230 179 179
fre 2900 1484 230 179 179
fre 3428 1476 230 179 179
fre 3892 1476 230 179 179
fre 1028 1516 150 179 179
lay 1736 1512 79 0 179
fre 1788 1516 220 179 179
fre 2324 1524 230 179 179
fre 2604 1532 230 179 179
fre 2772 1516 230 179 179
fre 3540 1524 230 179 179
fre 3900 1532 230 179 179
fre 172 1556 230 179 179
fre 1100 1548 150 179 179
fre 1284 1548 219 179 179
lay 1416 1544 85 0 179
fre 1436 1548 230 179 179
fre 1636 1548 220 179 179
fre 1644 1548 230 179 179
fre 1844 1564 230 179 179
fre 1948 1540 230 179 179
fre 2076 1556 230 179 179
fre 3012 1540 230 179 179
fre 3140 1548 230 179 179
fre 3220 1540 230 179 179
tree 3352 1560 49 0 179
fre 308 1580 230 179 179
fre 484 1588 230 179 179
fre 628 1596 230 179 179
fre 796 1588 230 179 179
cliff 912 1584 45 179 179
fre 1044 1596 154 179 179
fre 1236 1572 230 179 179
fre 1692 1588 230 179 179
lay 1736 1576 81 0 179
tree 1992 1576 9 0 179
fre 2236 1580 230 179 179
lay 2520 1592 78 0 179
fre 2500 1580 230 179 179
fre 3292 1572 228 179 179
fre 3324 1580 230 179 179
fre 3636 1580 230 179 179
fre 3692 1572 230 179 179
fre 3932 1596 230 179 179
tree 840 1608 48 0 179
tree 840 1624 49 0 179
fre 964 1620 154 179 179
fre 1068 1612 150 179 179
fre 1292 1612 209 179 179
fre 1356 1628 230 179 179
fre 1532 1620 230 179 179
fre 1540 1612 220 179 179
fre 1724 1628 230 179 179
fre 2404 1604 228 179 179
fre 2404 1612 230 179 179
fre 2684 1612 230 179 179
fre 2844 1604 230 179 179
fre 3460 1620 230 179 179
trop 3788 1612 30 179 179
fre 3892 1604 230 179 179
fre 988 1636 154 179 179
cliff 1136 1648 1 179 179
lay 1912 1656 81 0 179
fre 1932 1644 230 179 179
tree 2040 1656 49 0 179
fre 2140 1636 230 179 179
fre 2188 1660 220 179 179
fre 2580 1660 230 179 179
fre 3076 1652 230 179 179
fre 3676 1652 230 179 179
lay 3656 1640 85 0 179
fre 212 1684 230 179 179
fre 388 1676 230 179 179
cliff 816 1680 45 179 179
lay 1160 1688 84 0 179
tree 1192 1672 48 0 179
fre 1452 1692 230 179 179
fre 1444 1692 230 179 179
fre 2068 1692 230 179 179
fre 2316 1684 230 179 179
fre 2340 1676 220 179 179
fre 2932 1676 230 179 179
fre 3204 1676 145 179 179
tree 3240 1688 40 0 179
fre 3564 1676 230 179 179
fre 532 1708 230 179 179
fre 700 1716 230 179 179
fre 868 1708 154 179 179
fre 1012 1700 154 179 179
cliff 1088 1696 2 179 179
lay 1144 1704 81 0 179
fre 1252 1724 230 179 179
tree 1288 1720 49 0 179
fre 1364 1724 224 179 179
fre 1604 1708 230 179 179
fre 1724 1716 214 179 179
fre 1812 1716 230 179 179
fre 1932 1724 145 179 179
lay 2184 1720 88 0 179
fre 2500 1700 230 179 179
fre 2580 1716 219 179 179
fre 2628 1708 230 179 179
fre 2764 1700 230 179 179
fre 2956 1708 230 179 179
lay 3176 1704 84 0 179
fre 3340 1700 230 179 179
fre 3684 1724 230 179 179
fre 3924 1716 230 179 179
cliff 1040 1744 3 179 179
lay 1112 1736 82 0 179
fre 1252 1756 219 179 179
fre 1596 1756 230 179 179
fre 1996 1756 230 179 179
fre 2108 1756 213 179 179
fre 2220 1740 230 179 179
fre 2284 1732 219 179 179
fre 2692 1748 220 179 179
lay 2872 1752 83 0 179
tree 3160 1736 6 0 179
fre 3180 1748 145 179 179
fre 3412 1756 228 179 179
fre 3940 1748 230 179 179
fre 292 1780 230 179 179
fre 396 1772 220 179 179
cliff 720 1776 45 179 179
fre 884 1764 154 179 179
fre 1700 1788 230 179 179
fre 1996 1764 145 179 179
fre 2396 1780 145 179 179
fre 2412 1764 230 179 179
fre 2580 1788 230 179 179
fre 2852 1772 230 179 179
fre 3028 1788 230 179 179
fre 3308 1780 230 179 179
fre 3476 1772 230 179 179
fre 3676 1788 230 179 179
trop 3796 1772 30 179 179
fre 204 1804 230 179 179
fre 420 1804 230 179 179
fre 588 1820 230 179 179
fre 940 1804 154 179 179
cliff 1008 1808 4 179 179
lay 1080 1800 81 0 179
fre 1156 1820 230 179 179
fre 1348 1820 230 179 179
fre 1492 1804 230 179 179
fre 1876 1812 230 179 179
fre 2156 1804 230 179 179
fre 2612 1820 214 179 179
fre 3588 1820 230 179 179
fre 3676 1812 228 179 179
fre 3916 1812 230 179 179
fre 340 1828 219 179 179
fre 444 1836 220 179 179
fre 756 1828 154 179 179
fre 1164 1836 230 179 179
tree 1480 1832 10 0 179
fre 2044 1852 145 179 179
fre 2068 1844 230 179 179
fre 2300 1836 230 179 179
fre 2308 1828 220 179 179
fre 2468 1836 230 179 179
tree 2632 1832 9 0 179
dom 2624 1824 96 1 179
dom 2720 1824 79 1 179
dom 2816 1824 39 1 179
fre 2924 1852 230 179 179
tree 3000 1848 46 0 179
fre 3140 1844 145 179 179
fre 3676 1844 230 179 179
stand 3752 1832 114 0 179
fre 3916 1836 220 179 179
cliff 640 1856 45 179 179
fre 772 1876 154 179 179
trop 820 1868 65 179 179
cliff 960 1856 5 179 179
lay 1016 1864 80 0 179
fre 1012 1876 42 179 179
fre 1228 1868 224 179 179
fre 1332 1860 219 179 179
fre 1412 1884 220 179 179
fre 1580 1868 230 179 179
fre 1652 1868 230 179 179
fre 1756 1860 230 179 179
fre 1820 1860 224 179 179
fre 2668 1876 230 179 179
fre 2796 1884 230 179 179
fre 3068 1884 228 179 179
fre 3236 1876 228 179 179
fre 3404 1860 230 179 179
fre 220 1916 230 179 179
fre 324 1916 230 179 179
fre 332 1916 220 179 179
fre 404 1900 220 179 179
fre 676 1900 154 179 179
fre 828 1908 154 179 179
cliff 912 1904 6 179 179
fre 1100 1916 230 179 179
fre 1252 1916 230 179 179
fre 1420 1916 230 179 179
tree 1640 1896 49 0 179
lay 1640 1912 88 0 179
tree 1912 1912 9 0 179
fre 1940 1900 230 179 179
fre 2236 1892 230 179 179
fre 2252 1908 220 179 179
fre 2404 1908 230 179 179
fre 2540 1892 220 179 179
tree 2632 1912 49 0 179
tree 2824 1912 48 0 179
fre 2820 1892 230 179 179
fre 3276 1892 230 179 179
fre 3684 1892 230 179 179
fre 3940 1908 230 179 179
fre 476 1932 230 179 179
fre 732 1940 154 179 179
cliff 896 1920 10 179 179
lay 952 1928 82 0 179
fre 2132 1940 230 179 179
tree 2840 1928 49 0 179
fre 3012 1924 230 179 179
fre 3196 1948 220 179 179
fre 3492 1924 228 179 179
fre 3500 1948 230 179 179
trop 3804 1932 30 179 179
fre 596 1956 150 179 179
fre 684 1972 154 179 179
fre 780 1964 154 179 179
cliff 864 1968 2 179 179
fre 1508 1964 230 179 179
fre 1684 1964 230 179 179
fre 1812 1964 230 179 179
fre 1796 1972 230 179 179
lay 2152 1976 101 0 179
fre 2332 1980 230 179 179
lay 2472 1976 77 0 179
fre 2628 1980 145 179 179
fre 2748 1956 230 179 179
dom 2720 1952 79 1 179
fre 2892 1972 230 179 179
fre 3708 1980 230 179 179
fre 3908 1964 220 179 179
cliff 816 1984 3 179 179
lay 872 2008 78 0 179
fre 1004 2004 230 179 179
fre 1108 1988 230 179 179
fre 1332 2004 230 179 179
fre 2012 1988 230 179 179
fre 2500 1996 230 179 179
fre 2628 1996 230 179 179
lay 2952 1992 79 0 179
fre 3084 1996 230 179 179
fre 3308 1996 228 179 179
fre 3948 2004 230 179 179
fre 228 2036 230 179 179
fre 380 2044 230 179 179
fre 596 2028 150 179 179
fre 732 2028 150 179 179
lay 856 2040 81 0 179
tree 1368 2040 49 0 179
fre 1940 2036 219 179 179
tree 2200 2024 43 1 179
fre 2228 2020 230 179 179
lay 2824 2040 101 0 179
dom 2848 2016 78 1 179
fre 2964 2020 220 179 179
fre 3364 2020 230 179 179
fre 3580 2020 230 179 179
tree 408 2072 49 0 179
fre 516 2068 230 179 179
fre 668 2052 150 179 179
lay 856 2056 67 0 179
fre 1188 2068 230 179 179
fre 1428 2076 230 179 179
fre 1596 2052 230 179 179
fre 1724 2076 230 179 179
fre 1860 2060 230 179 179
tree 1864 2072 43 1 179
fre 1884 2068 230 179 179
lay 1928 2056 82 0 179
fre 2108 2068 230 179 179
fre 2100 2052 220 179 179
fre 2092 2068 230 179 179
fre 2436 2052 230 179 179
fre 2828 2052 230 179 179
dom 3008 2048 87 0 179
fre 3692 2060 230 179 179
fre 116 2084 230 179 179
fre 652 2100 150 179 179
fre 1004 2100 230 179 179
fre 1252 2092 230 179 179
fre 1708 2084 219 179 179
tree 2280 2088 43 1 179
fre 2324 2084 230 179 179
fre 2588 2092 230 179 179
fre 2708 2092 230 179 179
fre 2964 2084 220 179 179
fre 3180 2084 230 179 179
fre 3444 2108 230 179 179
trop 3804 2084 30 179 179
fre 3908 2108 230 179 179
fre 612 2140 230 179 179
fre 788 2132 230 179 179
fre 812 2116 230 179 179
fre 892 2116 230 179 179
fre 924 2116 230 179 179
tree 1048 2136 50 0 179
tree 1592 2120 43 1 179
fre 1964 2124 230 179 179
fre 2068 2140 230 179 179
fre 2404 2140 145 179 179
fre 2532 2140 230 179 179
fre 2916 2116 230 179 179
fre 3084 2116 230 179 179
lay 3112 2120 88 0 179
fre 3580 2124 230 179 179
fre 268 2148 230 179 179
fre 468 2156 230 179 179
fre 692 2148 209 179 179
tree 936 2168 49 0 179
fre 1500 2172 230 179 179
fre 1540 2148 220 179 179
fre 1900 2172 230 179 179
fre 2172 2156 230 179 179
fre 2180 2148 230 179 179
fre 2412 2148 230 179 179
fre 2780 2156 220 179 179
tree 3048 2152 48 0 179
fre 3140 2164 220 179 179
fre 3268 2156 230 179 179
fre 828 2180 230 179 179
fre 1068 2180 230 179 179
fre 1324 2180 145 179 179
lay 1400 2200 101 0 179
fre 1628 2188 230 179 179
fre 1804 2188 230 179 179
fre 2036 2196 230 179 179
fre 2044 2188 230 179 179
fre 2236 2196 145 179 179
tree 2248 2200 43 1 179
fre 2660 2204 230 179 179
fre 3004 2196 230 179 179
fre 3692 2180 230 179 179
fre 3932 2180 230 179 179
fre 676 2228 230 179 179
fre 820 2228 230 179 179
tree 1144 2216 48 0 179
fre 1156 2212 230 179 179
fre 1196 2220 230 179 179
lay 1480 2232 100 0 179
fre 1524 2228 214 179 179
fre 1628 2212 220 179 179
lay 1864 2232 87 0 179
fre 2108 2228 230 179 179
fre 2268 2212 230 179 179
fre 2492 2236 230 179 179
fre 2908 2236 230 179 179
fre 3348 2220 230 179 179
fre 3708 2236 230 179 179
fre 132 2252 230 179 179
fre 332 2260 230 179 179
fre 564 2244 230 179 179
fre 708 2244 220 179 179
fre 924 2252 230 179 179
lay 1032 2248 88 0 179
fre 1908 2252 230 179 179
fre 2220 2252 220 179 179
fre 2612 2260 230 179 179
fre 2756 2244 220 179 179
lay 2824 2264 81 0 179
fre 2892 2260 230 179 179
fre 3084 2268 230 179 179
fre 3228 2252 230 179 179
fre 3476 2252 230 179 179
tree 3496 2248 7 0 179
fre 3708 2252 220 179 179
stand 3768 2264 114 0 179
trop 3812 2244 30 179 179
fre 276 2276 145 179 179
fre 468 2284 145 179 179
fre 1268 2292 230 179 179
fre 1396 2276 230 179 179
fre 1540 2300 230 179 179
fre 1700 2292 230 179 179
lay 1864 2280 90 0 179
lay 1928 2280 92 0 179
fre 1980 2292 219 179 179
fre 2124 2276 230 179 179
fre 2332 2276 214 179 179
fre 2348 2284 230 179 179
lay 2488 2280 78 0 179
fre 3252 2284 220 179 179
fre 3596 2300 230 179 179
fre 3932 2284 230 179 179
fre 620 2316 230 179 179
fre 900 2332 230 179 179
fre 1044 2324 230 179 179
fre 1244 2316 230 179 179
fre 1404 2332 230 179 179
tree 1768 2328 49 0 179
fre 1988 2332 230 179 179
tree 2552 2312 8 0 179
fre 2732 2316 230 179 179
fre 3004 2332 230 179 179
fre 3044 2308 145 179 179
tree 3704 2328 46 0 179
fre 436 2364 230 179 179
fre 524 2340 219 179 179
fre 708 2340 230 179 179
fre 812 2364 219 179 179
fre 1556 2356 228 179 179
lay 1688 2360 90 0 179
fre 1804 2348 230 179 179
lay 1912 2344 92 0 179
lay 1928 2360 84 0 179
fre 2148 2340 219 179 179
fre 2220 2364 230 179 179
fre 2420 2356 230 179 179
fre 2540 2340 230 179 179
fre 2844 2356 230 179 179
fre 2820 2356 220 179 179
fre 3172 2356 230 179 179
fre 3388 2356 230 179 179
fre 3364 2340 230 179 179
fre 3516 2364 228 179 179
lay 3704 2344 77 0 179
fre 204 2372 230 179 179
fre 340 2372 230 179 179
fre 508 2396 220 179 179
fre 652 2388 150 179 179
fre 932 2388 230 179 179
fre 1100 2388 230 179 179
tree 1096 2376 10 0 179
lay 1704 2376 85 0 179
tree 1960 2376 12 0 179
fre 2324 2396 224 179 179
fre 2676 2396 230 179 179
lay 3448 2376 82 0 179
fre 3676 2372 230 179 179
fre 3700 2396 230 179 179
fre 3924 2372 230 179 179
lay 1032 2408 77 0 179
fre 1124 2412 230 179 179
fre 1316 2412 230 179 179
dom 1344 2400 1 1 179
fre 1436 2420 230 179 179
lay 1464 2424 77 0 179
lay 1512 2408 92 0 179
fre 1604 2404 230 179 179
fre 1876 2428 145 179 179
fre 1892 2428 230 179 179
fre 2068 2404 230 179 179
fre 2292 2428 230 179 179
fre 2492 2404 220 179 179
fre 2580 2420 230 179 179
fre 2948 2428 230 179 179
fre 3076 2404 230 179 179
fre 3244 2404 221 179 179
fre 3268 2428 230 179 179
fre 3444 2412 228 179 179
fre 3492 2420 230 179 179
trop 3820 2404 30 179 179
fre 572 2436 230 179 179
fre 780 2436 230 179 179
fre 964 2444 230 179 179
fre 1340 2460 230 179 179
stand 1432 2456 63 0 179
stand 1496 2456 10 0 179
stand 1544 2456 12 0 179
stand 1624 2456 59 0 179
fre 1708 2452 224 179 179
tree 1768 2456 39 0 179
fre 2076 2444 230 179 179
lay 2104 2456 100 0 179
fre 2476 2460 220 179 179
fre 3948 2436 230 179 179
fre 268 2476 219 179 179
fre 300 2484 230 179 179
fre 412 2476 230 179 179
fre 652 2492 230 179 179
fre 956 2484 220 179 179
tree 1464 2472 48 0 179
fre 1588 2484 98 179 179
fre 1676 2476 8 179 179
tree 1672 2472 25 0 179
tree 1688 2472 30 0 179
tree 1672 2488 12 0 179
fre 1988 2476 219 179 179
tree 2232 2488 49 0 179
fre 2356 2476 230 179 179
fre 2484 2468 230 179 179
fre 2756 2484 230 179 179
fre 2876 2468 220 179 179
tree 2952 2472 49 0 179
fre 3164 2484 223 179 179
fre 3580 2484 219 179 179
fre 3556 2476 230 179 179
fre 3724 2492 230 179 179
fre 508 2524 145 179 179
fre 828 2500 228 179 179
tree 888 2520 7 0 179
lay 1192 2504 100 0 179
fre 1204 2508 145 179 179
stand 1336 2520 15 0 179
fre 1516 2508 230 179 179
fre 1748 2500 224 179 179
fre 1732 2500 223 179 179
stand 1736 2504 62 0 179
fre 1972 2524 230 179 179
lay 2056 2520 77 0 179
fre 2148 2500 230 179 179
lay 2216 2520 92 0 179
lay 2296 2504 87 0 179
fre 2876 2500 220 179 179
fre 3028 2508 230 179 179
fre 3164 2524 230 179 179
tree 3320 2504 49 0 179
fre 3356 2500 230 179 179
fre 3956 2500 230 179 179
fre 164 2556 230 179 179
fre 684 2556 145 179 179
fre 860 2540 230 179 179
fre 1044 2540 230 179 179
fre 1100 2556 220 179 179
fre 1356 2556 230 179 179
stand 1432 2552 54 0 179
stand 1464 2552 88 0 179
fre 1540 2532 76 179 179
stand 1592 2552 28 0 179
fre 1628 2556 230 179 179
stand 1640 2552 28 0 179
fre 1692 2532 8 179 179
fre 1956 2532 230 179 179
stand 2472 2536 80 0 179
fre 2612 2540 230 179 179
fre 2668 2548 220 179 179
lay 2760 2552 80 0 179
fre 3708 2540 220 179 179
fre 3956 2556 230 179 179
fre 436 2580 230 179 179
tree 600 2584 49 0 179
lay 1096 2568 78 0 179
stand 1560 2568 28 0 179
fre 1708 2580 44 179 179
tree 1720 2568 10 0 179
fre 1788 2564 223 179 179
stand 1768 2584 11 0 179
tree 1832 2584 48 0 179
lay 2200 2568 101 0 179
fre 2244 2580 230 179 179
lay 2264 2568 92 0 179
fre 2444 2572 230 179 179
fre 2764 2572 230 179 179
fre 2908 2572 220 179 179
fre 3452 2588 230 179 179
fre 3604 2580 230 179 179
stand 3768 2568 120 0 179
trop 3828 2564 30 179 179
fre 4020 2564 230 179 179
fre 268 2604 230 179 179
fre 260 2604 230 179 179
tree 296 2600 49 0 179
tree 376 2600 7 0 179
fre 524 2604 230 179 179
fre 668 2596 230 179 179
fre 780 2604 230 179 179
fre 1052 2620 214 179 179
tree 1224 2616 49 0 179
fre 1276 2604 230 179 179
fre 1468 2612 74 179 179
fre 1492 2604 230 179 179
dom 1696 2592 2 3 179
fre 1732 2604 76 179 179
lay 1880 2600 92 0 179
lay 2008 2616 92 0 179
fre 2068 2620 230 179 179
tree 2168 2616 44 0 179
tree 2184 2616 46 0 179
fre 2524 2604 228 179 179
fre 2676 2612 220 179 179
fre 3044 2620 230 179 179
fre 3244 2612 230 179 179
lay 3496 2600 84 0 179
lay 3496 2616 83 0 179
lay 3512 2616 79 0 179
lay 3512 2600 87 0 179
lay 3528 2616 82 0 179
lay 3528 2600 81 0 179
fre 3740 2604 223 179 179
fre 308 2644 230 179 179
fre 460 2644 220 179 179
fre 828 2644 220 179 179
fre 932 2636 230 179 179
fre 1116 2644 230 179 179
fre 1268 2644 230 179 179
tree 1464 2648 11 0 179
stand 1448 2648 72 0 179
dom 1632 2624 44 0 179
lay 1656 2632 92 0 179
fre 1660 2636 44 179 179
fre 1772 2652 52 179 179
fre 1892 2628 230 179 179
tree 2184 2632 45 0 179
fre 2324 2652 230 179 179
lay 2472 2632 82 0 179
fre 2508 2636 230 179 179
fre 2644 2628 223 179 179
fre 2828 2652 230 179 179
lay 3512 2632 85 0 179
lay 3528 2632 80 0 179
dom 3744 2624 75 0 179
fre 3956 2628 230 179 179
fre 452 2684 220 179 179
fre 580 2676 230 179 179
fre 708 2676 230 179 179
stand 1416 2664 61 0 179
fre 1556 2684 230 179 179
fre 1700 2660 230 179 179
lay 2136 2680 90 0 179
fre 2612 2684 220 179 179
tree 2840 2664 49 0 179
fre 3668 2660 230 179 179
fre 3956 2660 230 179 179
fre 3988 2684 230 179 179
fre 1380 2708 230 179 179
lay 1544 2712 88 0 179
fre 1596 2700 55 179 179
fre 1644 2708 79 179 179
stand 1640 2696 34 1 179
stand 1816 2712 88 0 179
fre 1972 2716 230 179 179
fre 2148 2700 230 179 179
fre 2404 2700 219 179 179
fre 2612 2708 230 179 179
fre 2740 2700 220 179 179
fre 2948 2716 230 179 179
fre 3132 2708 230 179 179
fre 3340 2700 230 179 179
fre 3492 2700 230 179 179
tree 3528 2712 48 0 179
fre 3724 2692 230 179 179
fre 3956 2692 230 179 179
fre 188 2748 230 179 179
fre 788 2740 230 179 179
fre 1012 2740 230 179 179
fre 1180 2748 230 179 179
fre 1180 2740 228 179 179
dom 1760 2720 10 2 179
fre 1804 2740 230 179 179
fre 2132 2732 219 179 179
fre 2420 2724 230 179 179
tree 3192 2728 6 0 179
fre 3244 2748 228 179 179
fre 3364 2740 220 179 179
trop 3820 2724 30 179 179
fre 332 2756 230 179 179
fre 364 2780 230 179 179
fre 564 2772 230 179 179
fre 684 2772 230 179 179
fre 708 2780 145 179 179
fre 876 2764 145 179 179
stand 1512 2760 28 0 179
fre 1692 2772 47 179 179
lay 1928 2760 86 0 179
lay 2056 2760 90 0 179
lay 2152 2760 92 0 179
lay 2200 2776 100 0 179
fre 2236 2772 230 179 179
lay 2264 2776 92 0 179
lay 2344 2760 88 0 179
lay 2536 2776 84 0 179
fre 2532 2764 230 179 179
fre 3580 2764 230 179 179
fre 3940 2764 230 179 179
fre 908 2796 230 179 179
fre 1276 2812 230 179 179
fre 1372 2804 219 179 179
fre 1388 2812 230 179 179
fre 1468 2796 230 179 179
fre 1452 2796 74 179 179
stand 1512 2792 50 0 179
fre 1548 2796 218 179 179
stand 1592 2792 18 0 179
stand 1624 2808 62 0 179
fre 1636 2788 230 179 179
fre 2692 2796 230 179 179
fre 3212 2812 230 179 179
fre 3204 2812 230 179 179
fre 3380 2804 230 179 179
fre 3716 2788 230 179 179
fre 492 2828 230 179 179
tree 920 2824 9 0 179
fre 1084 2844 230 179 179
fre 1092 2820 228 179 179
dom 1504 2816 17 2 179
fre 1732 2844 230 179 179
fre 1908 2828 230 179 179
fre 2044 2820 230 179 179
fre 2324 2836 230 179 179
fre 2476 2844 230 179 179
fre 2620 2844 230 179 179
fre 2844 2820 230 179 179
fre 3028 2828 230 179 179
fre 3316 2836 219 179 179
fre 3468 2836 220 179 179
fre 3668 2836 230 179 179
fre 3940 2836 230 179 179
fre 252 2868 230 179 179
fre 596 2860 220 179 179
fre 804 2852 220 179 179
fre 1540 2876 230 179 179
fre 1700 2868 223 179 179
fre 2060 2876 228 179 179
fre 3284 2860 219 179 179
fre 3492 2868 230 179 179
dom 3744 2848 58 0 179
dom 3904 2848 59 0 179
fre 452 2884 230 179 179
fre 916 2908 230 179 179
fre 1348 2908 230 179 179
lay 1576 2888 77 0 179
fre 1780 2892 219 179 179
fre 2140 2884 230 179 179
tree 2136 2904 48 0 179
fre 2388 2900 230 179 179
lay 2696 2904 79 0 179
fre 2732 2908 230 179 179
fre 3092 2884 145 179 179
fre 3212 2884 220 179 179
fre 3380 2908 220 179 179
fre 3604 2892 228 179 179
fre 3692 2892 230 179 179
trop 3820 2884 30 179 179
fre 3932 2908 230 179 179
fre 172 2932 230 179 179
fre 516 2916 230 179 179
fre 564 2940 145 179 179
fre 692 2924 230 179 179
fre 812 2916 230 179 179
fre 1180 2924 230 179 179
fre 1292 2916 224 179 179
fre 1500 2924 230 179 179
lay 1864 2920 92 0 179
fre 1892 2916 228 179 179
fre 2556 2932 230 179 179
fre 2916 2924 230 179 179
fre 3108 2924 230 179 179
fre 3132 2932 230 179 179
fre 3172 2932 220 179 179
fre 3284 2940 219 179 179
stand 3752 2920 120 0 179
fre 388 2972 230 179 179
tree 520 2952 39 0 179
fre 932 2956 223 179 179
fre 1012 2948 230 179 179
fre 1076 2956 220 179 179
fre 1404 2948 149 179 179
lay 1432 2952 78 0 179
fre 1644 2948 230 179 179
fre 1812 2948 230 179 179
fre 1948 2956 230 179 179
fre 2236 2956 230 179 179
fre 3548 2956 230 179 179
dom 3904 2944 60 0 179
fre 316 2988 230 179 179
fre 612 3004 228 179 179
fre 748 2996 230 179 179
fre 828 2996 219 179 179
fre 1436 2996 230 179 179
fre 1596 2980 230 179 179
tree 1992 3000 8 0 179
fre 2044 3004 230 179 179
fre 2124 3004 220 179 179
fre 2356 3004 230 179 179
fre 2492 2980 230 179 179
fre 2788 3004 230 179 179
fre 2980 2996 230 179 179
fre 3356 2988 230 179 179
tree 3464 2984 41 0 179
fre 3700 2996 230 179 179
stand 3752 3000 35 0 179
dom 3744 2976 61 0 179
fre 3916 3004 230 179 179
fre 452 3036 230 179 179
fre 564 3028 230 179 179
fre 1036 3036 230 179 179
fre 1252 3012 230 179 179
fre 1260 3028 145 179 179
tree 1544 3032 43 1 179
tree 1832 3016 49 0 179
fre 2644 3020 228 179 179
fre 2636 3028 230 179 179
fre 3116 3028 230 179 179
fre 3148 3028 219 179 179
fre 3652 3028 220 179 179
fre 3716 3028 220 179 179
fre 316 3068 230 179 179
fre 1140 3068 230 179 179
fre 1540 3052 230 179 179
fre 1716 3044 230 179 179
tree 1784 3048 43 0 179
fre 1892 3044 230 179 179
lay 1992 3048 83 0 179
fre 2276 3060 230 179 179
fre 3236 3052 145 179 179
fre 3444 3060 230 179 179
trop 3812 3044 30 179 179
dom 3904 3040 64 0 179
fre 204 3092 230 179 179
fre 340 3084 230 179 179
fre 772 3092 223 179 179
fre 828 3084 230 179 179
fre 924 3076 230 179 179
fre 1348 3076 150 179 179
fre 1652 3076 230 179 179
lay 1736 3080 87 0 179
fre 1788 3100 145 179 179
fre 2148 3076 230 179 179
fre 2436 3084 230 179 179
fre 2868 3076 230 179 179
fre 3564 3092 230 179 179
tree 3592 3080 49 0 179
dom 3712 3072 12 0 179
tree 3928 3080 49 0 179
fre 3972 3100 230 179 179
fre 452 3116 230 179 179
fre 532 3124 219 179 179
fre 652 3116 230 179 179
fre 732 3132 223 179 179
fre 956 3132 219 179 179
fre 1340 3108 230 179 179
fre 1516 3116 219 179 179
fre 1972 3108 230 179 179
fre 2708 3124 230 179 179
tree 2872 3128 49 0 179
tree 2872 3112 48 0 179
fre 2956 3124 230 179 179
fre 3028 3124 230 179 179
fre 3068 3132 228 179 179
fre 3140 3108 219 179 179
fre 3252 3116 230 179 179
fre 3284 3132 219 179 179
fre 3436 3132 220 179 179
stand 3736 3128 103 0 179
lay 3928 3112 86 0 179
fre 324 3164 228 179 179
fre 668 3148 220 179 179
tree 856 3160 49 0 179
fre 900 3164 219 179 179
fre 1036 3140 219 179 179
fre 1244 3164 230 179 179
fre 1436 3148 230 179 179
fre 1620 3140 220 179 179
fre 1620 3164 230 179 179
tree 1736 3160 11 0 179
fre 1796 3140 230 179 179
fre 2252 3148 230 179 179
fre 2364 3164 230 179 179
fre 2500 3140 228 179 179
fre 2532 3140 230 179 179
fre 2956 3164 230 179 179
fre 3020 3156 230 179 179
tree 3192 3160 46 0 179
tree 3208 3160 43 0 179
fre 3324 3164 230 179 179
fre 3388 3156 230 179 179
fre 3532 3164 230 179 179
fre 3620 3164 230 179 179
fre 3660 3164 230 179 179
trop 3804 3140 30 179 179
tree 232 3176 49 0 179
fre 564 3172 230 179 179
fre 636 3172 219 179 179
fre 788 3180 220 179 179
fre 844 3196 219 179 179
fre 1156 3180 230 179 179
fre 1420 3196 219 179 179
fre 1876 3188 230 179 179
fre 2044 3196 230 179 179
fre 2140 3196 230 179 179
fre 2484 3188 230 179 179
fre 2724 3188 220 179 179
fre 2756 3188 220 179 179
fre 3140 3172 230 179 179
fre 3468 3172 230 179 179
fre 3692 3180 220 179 179
dom 3904 3168 25 0 179
fre 276 3212 230 179 179
fre 348 3204 219 179 179
fre 452 3228 230 179 179
fre 812 3212 230 179 179
fre 948 3220 230 179 179
fre 1356 3220 145 179 179
fre 1708 3212 224 179 179
fre 1772 3220 219 179 179
fre 1868 3228 230 179 179
fre 1980 3212 214 179 179
fre 2796 3212 230 179 179
fre 2852 3204 230 179 179
dom 2976 3200 104 0 179
dom 3040 3200 107 0 179
dom 3168 3200 108 0 179
dom 3296 3200 23 0 179
dom 3360 3200 124 0 179
dom 3424 3200 125 0 179
dom 3584 3200 4 0 179
stand 3640 3208 96 0 179
stand 3736 3208 119 0 179
dom 3712 3200 11 0 179
trop 3804 3204 30 179 179
fre 3932 3228 230 179 179
stand 3912 3224 35 0 179
dom 3904 3200 18 0 179
fre 180 3244 230 179 179
fre 692 3236 230 179 179
lay 792 3256 79 0 179
fre 1036 3236 230 179 179
fre 1372 3260 230 179 179
fre 1500 3244 230 179 179
tree 1592 3256 8 0 179
fre 1660 3244 224 179 179
fre 1700 3244 230 179 179
fre 1804 3236 230 179 179
fre 2332 3244 230 179 179
fre 2612 3244 230 179 179
fre 2628 3236 220 179 179
stand 2856 3256 113 0 179
stand 3016 3256 117 0 179
stand 3336 3240 121 0 179
tree 3528 3256 49 0 179
fre 268 3268 219 179 179
tree 648 3288 6 0 179
fre 756 3276 145 179 179
lay 808 3272 82 0 179
fre 1148 3268 220 179 179
fre 1268 3292 230 179 179
fre 1548 3292 219 179 179
fre 1932 3268 220 179 179
fre 2148 3292 230 179 179
fre 2268 3268 230 179 179
fre 2452 3276 230 179 179
fre 2460 3292 223 179 179
fre 2476 3268 220 179 179
fre 2596 3276 230 179 179
dom 2944 3264 75 0 179
stand 3752 3288 3 1 179
fre 3972 3292 230 179 179
fre 196 3308 230 179 179
fre 324 3300 230 179 179
fre 500 3324 230 179 179
fre 556 3308 220 179 179
fre 588 3308 230 179 179
fre 868 3300 230 179 179
tree 1816 3320 48 0 179
fre 1948 3316 230 179 179
fre 2052 3316 230 179 179
fre 2692 3324 230 179 179
fre 2764 3308 220 179 179
trop 2924 3324 40 179 179
trop 3020 3300 31 179 179
trop 3180 3300 31 179 179
trop 3332 3300 31 179 179
trop 3492 3300 31 179 179
trop 3652 3300 31 179 179
trop 3804 3300 39 179 179
fre 420 3340 228 179 179
fre 940 3340 230 179 179
fre 1052 3356 230 179 179
fre 1052 3340 220 179 179
fre 1444 3332 230 179 179
fre 1564 3348 230 179 179
fre 1716 3356 230 179 179
fre 1772 3348 230 179 179
fre 1940 3356 220 179 179
fre 2732 3332 220 179 179
stand 3640 3352 70 1 179
stand 3704 3352 2 0 179
stand 3720 3352 2 0 179
dom 3904 3328 25 0 179
fre 572 3380 230 179 179
fre 700 3380 219 179 179
fre 796 3380 230 179 179
fre 1092 3372 230 179 179
tree 1160 3384 49 0 179
fre 1260 3388 230 179 179
fre 1292 3372 149 179 179
fre 1356 3380 230 179 179
fre 1508 3380 220 179 179
fre 2236 3380 230 179 179
fre 2348 3372 230 179 179
fre 2532 3372 230 179 179
fre 2772 3380 219 179 179
fre 3020 3380 220 179 179
fre 3252 3380 220 179 179
fre 3364 3388 219 179 179
fre 3428 3388 230 179 179
tree 3592 3384 7 0 179
stand 3704 3384 13 0 179
stand 3704 3368 13 0 179
stand 3736 3368 35 0 179
stand 3720 3384 2 0 179
stand 3736 3384 2 0 179
stand 3720 3368 13 0 179
fre 356 3404 230 179 179
fre 836 3396 95 179 179
fre 1652 3404 219 179 179
fre 2004 3412 145 179 179
fre 2028 3412 230 179 179
fre 2308 3404 220 179 179
fre 2556 3404 230 179 179
fre 2676 3412 219 179 179
fre 3068 3404 224 179 179
fre 3204 3412 220 179 179
stand 3704 3416 34 0 179
stand 3704 3400 2 0 179
stand 3736 3400 13 0 179
stand 3720 3400 2 0 179
stand 3720 3416 94 0 179
fre 3876 3396 230 179 179
fre 3924 3412 230 179 179
fre 204 3444 230 179 179
fre 460 3444 230 179 179
fre 636 3436 145 179 179
fre 708 3428 230 179 179
fre 892 3452 230 179 179
fre 964 3452 219 179 179
fre 1164 3444 230 179 179
fre 1284 3428 230 179 179
fre 1412 3452 230 179 179
tree 1464 3432 40 0 179
fre 1652 3428 230 179 179
fre 1716 3452 145 179 179
fre 1844 3436 230 179 179
fre 1892 3436 220 179 179
fre 2148 3436 230 179 179
fre 2396 3452 230 179 179
tree 2408 3448 49 0 179
fre 2436 3444 230 179 179
fre 2612 3452 230 179 179
fre 2636 3452 230 179 179
trop 2900 3444 30 179 179
fre 3124 3436 230 179 179
fre 3164 3444 230 179 179
fre 3300 3452 230 179 179
dom 3520 3424 19 0 179
fre 3564 3436 230 179 179
stand 3624 3432 103 0 179
fre 3644 3436 230 179 179
trop 3684 3444 102 179 179
fre 3764 3444 230 179 179
dom 3936 3424 15 0 179
fre 268 3476 230 179 179
fre 484 3476 230 179 179
fre 540 3468 220 179 179
fre 1204 3484 230 179 179
fre 1212 3460 220 179 179
fre 1540 3484 230 179 179
fre 2732 3476 230 179 179
lay 2776 3480 88 0 179
tree 3224 3480 49 0 179
dom 3200 3456 22 0 179
dom 3296 3456 21 0 179
dom 3392 3456 20 0 179
dom 3520 3456 18 0 179
fre 3532 3484 230 179 179
dom 3584 3456 17 0 179
stand 3896 3480 3 1 179
dom 3872 3456 16 0 179
stand 3912 3464 95 0 179
fre 260 3516 145 179 179
fre 404 3508 230 179 179
fre 780 3500 230 179 179
fre 1340 3508 219 179 179
fre 1348 3500 96 179 179
fre 1468 3508 230 179 179
fre 1540 3492 228 179 179
fre 1732 3516 230 179 179
fre 1732 3492 149 179 179
fre 2012 3500 220 179 179
fre 2108 3500 230 179 179
fre 2220 3516 222 179 179
fre 2260 3508 230 179 179
fre 2780 3492 220 179 179
fre 2796 3492 228 179 179
fre 2988 3492 230 179 179
fre 3084 3500 219 179 179
tree 3192 3512 8 0 179
stand 3400 3496 95 0 179
fre 3716 3492 230 179 179
fre 3820 3508 230 179 179
fre 4004 3500 230 179 179
fre 340 3548 219 179 179
fre 476 3548 219 179 179
fre 668 3532 230 179 179
fre 892 3548 219 179 179
fre 972 3524 230 179 179
fre 1060 3548 230 179 179
fre 1644 3548 219 179 179
fre 1916 3524 230 179 179
fre 2484 3532 230 179 179
fre 2732 3548 220 179 179
stand 2856 3544 120 0 179
fre 3004 3532 230 179 179
fre 3196 3548 230 179 179
fre 3364 3548 230 179 179
lay 3480 3528 88 0 179
fre 3468 3548 230 179 179
dom 3584 3520 6 0 179
stand 3688 3544 74 1 179
stand 3832 3544 72 0 179
stand 3896 3544 34 1 179
dom 3872 3520 76 0 179
fre 572 3556 230 179 179
fre 1156 3580 230 179 179
fre 1228 3564 230 179 179
fre 1260 3580 219 179 179
fre 1316 3580 230 179 179
fre 1572 3556 150 179 179
fre 1820 3580 219 179 179
fre 1828 3556 220 179 179
fre 1964 3564 145 179 179
fre 2596 3572 230 179 179
fre 2644 3564 230 179 179
fre 2780 3556 220 179 179
fre 3604 3556 230 179 179
dom 3808 3552 5 0 179
fre 3844 3556 230 179 179
lay 3880 3576 79 0 179
fre 220 3604 230 179 179
fre 420 3588 230 179 179
fre 668 3596 142 179 179
fre 780 3596 230 179 179
fre 868 3612 230 179 179
fre 1036 3588 145 179 179
tree 1192 3608 10 0 179
tree 1400 3592 48 0 179
lay 1416 3592 87 0 179
fre 1548 3588 230 179 179
fre 1636 3604 230 179 179
tree 1768 3592 9 0 179
fre 2044 3604 230 179 179
fre 2140 3604 228 179 179
fre 2308 3588 230 179 179
trop 2900 3604 30 179 179
fre 3068 3612 230 179 179
dom 3136 3584 110 0 179
fre 3252 3596 223 179 179
dom 3584 3584 7 0 179
stand 3608 3608 103 0 179
fre 3700 3612 230 179 179
fre 3940 3596 230 179 179
fre 324 3636 230 179 179
tree 456 3624 46 0 179
tree 472 3624 43 0 179
lay 504 3640 88 0 179
fre 588 3620 219 179 179
fre 740 3620 219 179 179
fre 1324 3644 230 179 179
fre 1452 3620 230 179 179
fre 1460 3644 220 179 179
fre 1716 3628 220 179 179
fre 1796 3620 230 179 179
fre 1988 3620 230 179 179
fre 2140 3628 230 179 179
tree 2216 3640 49 0 179
fre 2276 3620 228 179 179
fre 2380 3644 219 179 179
fre 2404 3636 230 179 179
fre 2676 3644 230 179 179
tree 3096 3624 49 0 179
dom 3328 3616 54 0 179
tree 3496 3640 49 0 179
fre 3708 3644 219 179 179
fre 3772 3644 230 179 179
dom 3776 3616 9 0 179
fre 3860 3644 230 179 179
fre 476 3668 230 179 179
fre 964 3660 230 179 179
fre 1068 3676 220 179 179
fre 1092 3668 230 179 179
fre 1356 3676 220 179 179
fre 1388 3676 219 179 179
fre 2012 3676 220 179 179
fre 2524 3652 230 179 179
fre 2532 3660 230 179 179
fre 2724 3652 230 179 179
fre 2980 3652 219 179 179
stand 3448 3656 95 0 179
fre 3572 3668 230 179 179
fre 684 3708 230 179 179
tree 872 3688 48 0 179
fre 1660 3708 230 179 179
fre 1700 3692 219 179 179
fre 1868 3700 230 179 179
fre 2660 3708 220 179 179
fre 2780 3692 230 179 179
fre 3036 3692 230 179 179
fre 3132 3708 230 179 179
fre 3180 3692 219 179 179
stand 3448 3688 34 0 179
dom 3584 3680 13 0 179
dom 3776 3680 8 0 179
fre 164 3724 230 179 179
fre 252 3724 230 179 179
tree 376 3720 7 0 179
fre 532 3716 230 179 179
fre 876 3724 230 179 179
tree 1016 3720 10 0 179
fre 1220 3724 145 179 179
fre 1404 3740 230 179 179
fre 1524 3724 230 179 179
fre 1836 3724 145 179 179
fre 2068 3740 223 179 179
fre 2204 3716 230 179 179
fre 2276 3740 145 179 179
dom 3136 3712 110 0 179
stand 3288 3736 1 0 179
trop 3348 3740 112 179 179
trop 3348 3716 112 179 179
stand 3352 3720 1 0 179
stand 3416 3736 2 0 179
fre 3516 3724 230 179 179
fre 3668 3716 230 179 179
fre 3924 3732 230 179 179
fre 356 3764 230 179 179
fre 428 3764 230 179 179
fre 796 3756 145 179 179
fre 972 3772 219 179 179
tree 1752 3752 49 0 179
fre 1932 3748 219 179 179
fre 2316 3772 230 179 179
fre 2604 3748 230 179 179
fre 2780 3764 230 179 179
trop 2900 3764 30 179 179
fre 2972 3748 219 179 179
stand 3416 3752 13 0 179
stand 3432 3752 2 0 179
stand 3432 3768 13 0 179
stand 3448 3768 2 0 179
fre 3500 3764 230 179 179
dom 3712 3744 10 0 179
fre 3780 3764 230 179 179
tree 3944 3768 48 0 179
fre 316 3796 145 179 179
fre 764 3796 230 179 179
fre 996 3780 230 179 179
fre 1116 3796 230 179 179
fre 1460 3796 145 179 179
fre 1612 3788 230 179 179
fre 1764 3804 230 179 179
fre 1780 3780 219 179 179
fre 1948 3796 230 179 179
fre 2428 3780 230 179 179
trop 3308 3780 231 179 179
stand 3448 3784 35 0 179
fre 3964 3796 230 179 179
fre 596 3812 230 179 179
fre 700 3836 230 179 179
fre 1300 3828 230 179 179
fre 1524 3828 230 179 179
fre 2084 3828 230 179 179
fre 2716 3820 230 179 179
fre 3020 3820 230 179 179
fre 3140 3828 230 179 179
trop 3364 3820 222 179 179
fre 3556 3828 230 179 179
fre 3644 3828 230 179 179
fre 172 3868 230 179 179
fre 492 3852 230 179 179
fre 732 3852 230 179 179
fre 764 3844 219 179 179
fre 2172 3844 228 179 179
fre 2364 3852 223 179 179
fre 2500 3868 230 179 179
fre 2780 3860 230 179 179
stand 2856 3848 114 0 179
fre 3036 3860 220 179 179
dom 3136 3840 110 0 179
fre 3524 3852 230 179 179
fre 3764 3852 230 179 179
fre 3860 3844 230 179 179
fre 356 3900 230 179 179
fre 900 3876 230 179 179
fre 1164 3900 230 179 179
fre 1276 3900 220 179 179
fre 1412 3900 230 179 179
fre 1684 3876 230 179 179
trop 3324 3900 221 179 179
fre 212 3916 230 179 179
fre 284 3916 230 179 179
fre 452 3932 230 179 179
fre 612 3916 230 179 179
fre 780 3916 230 179 179
fre 1004 3908 230 179 179
fre 1300 3916 230 179 179
fre 1492 3916 230 179 179
fre 1724 3908 220 179 179
fre 1852 3908 230 179 179
fre 1940 3908 230 179 179
fre 2204 3916 230 179 179
trop 2900 3924 30 179 179
fre 2980 3924 219 179 179
fre 3452 3924 219 179 179
fre 868 3956 230 179 179
fre 1212 3956 230 179 179
fre 1556 3964 230 179 179
fre 1676 3940 230 179 179
fre 2324 3964 230 179 179
fre 2628 3940 230 179 179
fre 2772 3948 230 179 179
fre 3052 3956 230 179 179
fre 3180 3940 230 179 179
fre 3556 3940 230 179 179
fre 3676 3940 230 179 179
fre 3796 3948 230 179 179
fre 3932 3940 230 179 179
fre 1060 3988 230 179 179
fre 2052 3972 230 179 179
fre 3188 3980 220 179 179
trop 3308 4004 232 179 179
trop 3372 4004 232 179 179
fre 3500 4004 220 179 179
