stand 968 152 68 0 179
stand 1704 152 71 0 179
stand 1736 136 98 0 179
tree 2360 136 12 0 179
tree 2408 152 21 0 179
tree 2872 136 23 0 179
tree 2920 136 3 0 179
tree 248 184 12 0 179
tree 232 184 7 0 179
tree 280 184 27 0 179
stand 1032 184 67 0 179
tree 1240 184 10 0 179
tree 1240 168 26 0 179
tree 1256 184 27 0 179
tree 2904 184 7 0 179
tree 2904 168 12 0 179
tree 2888 168 23 0 179
tree 2920 168 8 0 179
tree 2920 184 10 0 179
tree 3496 184 11 0 179
tree 3608 168 9 0 179
stand 3640 168 77 0 179
tree 200 200 5 0 179
tree 216 200 1 0 179
tree 216 216 0 0 179
tree 232 216 0 0 179
tree 280 200 23 0 179
tree 312 216 12 0 179
tree 296 200 4 0 179
tree 328 216 27 0 179
lay 984 200 55 0 179
stand 1016 200 90 0 179
tree 1032 216 3 0 179
tree 1032 200 10 0 179
tree 1048 200 6 0 179
tree 1080 216 0 0 179
tree 1064 216 12 0 179
tree 1112 200 21 0 179
tree 1144 216 3 0 179
tree 1160 216 10 0 179
lay 1208 216 55 0 179
stand 1816 200 68 0 179
stand 1864 200 88 0 179
stand 1912 216 69 0 179
tree 2840 200 21 0 179
tree 2840 216 1 0 179
tree 2872 216 22 0 179
tree 3416 200 26 0 179
tree 3416 216 15 0 179
tree 3432 200 35 0 179
tree 3496 200 10 0 179
tree 3528 216 5 0 179
tree 3528 200 11 0 179
stand 3560 216 92 0 179
tree 168 248 3 0 179
tree 216 232 26 0 179
tree 232 248 34 0 179
tree 232 232 9 0 179
tree 248 232 15 0 179
tree 248 248 8 0 179
tree 264 248 7 0 179
tree 376 248 15 0 179
tree 360 248 24 0 179
tree 392 248 11 0 179
tree 440 248 27 0 179
tree 440 232 3 0 179
tree 456 248 8 0 179
tree 792 248 13 0 179
tree 952 232 25 0 179
tree 936 248 27 0 179
tree 936 232 6 0 179
tree 968 232 1 0 179
tree 984 232 7 0 179
tree 1016 248 24 0 179
stand 1032 232 90 0 179
tree 1064 232 34 0 179
tree 1736 248 8 0 179
tree 1768 248 34 0 179
tree 1800 248 9 0 179
tree 1832 232 35 0 179
tree 1864 248 26 0 179
tree 1880 248 7 0 179
tree 2376 232 5 0 179
tree 2392 232 12 0 179
tree 2488 232 1 0 179
tree 2696 248 12 0 179
tree 2712 232 23 0 179
tree 2696 232 21 0 179
tree 2712 248 13 0 179
tree 2776 248 9 0 179
tree 2808 248 5 0 179
tree 2792 248 1 0 179
tree 2840 248 15 0 179
tree 2824 248 3 0 179
tree 2856 232 11 0 179
tree 2856 248 8 0 179
tree 3048 248 26 0 179
tree 3048 232 34 0 179
tree 3416 232 11 0 179
tree 3432 232 25 0 179
tree 3432 248 4 0 179
stand 3592 248 80 0 179
stand 3672 248 90 0 179
tree 152 264 26 0 179
tree 168 264 8 0 179
tree 264 264 7 0 179
tree 280 264 22 0 179
tree 472 264 26 0 179
tree 456 280 15 0 179
tree 504 280 27 0 179
tree 488 280 34 0 179
tree 488 264 24 0 179
tree 792 264 9 0 179
tree 792 280 13 0 179
tree 776 280 25 0 179
tree 936 264 5 0 179
tree 936 280 23 0 179
tree 952 280 6 0 179
tree 968 280 3 0 179
stand 968 264 85 0 179
tree 1000 280 7 0 179
stand 1048 264 99 0 179
stand 1032 280 68 0 179
tree 1064 264 2 0 179
tree 1064 280 15 0 179
tree 1688 264 1 0 179
tree 1720 264 5 0 179
tree 1736 264 8 0 179
tree 1784 280 26 0 179
tree 1880 264 22 0 179
tree 1880 280 1 0 179
tree 1864 280 12 0 179
tree 1896 264 24 0 179
tree 1928 264 24 0 179
tree 1976 264 21 0 179
tree 2360 280 3 0 179
tree 2360 264 3 0 179
tree 2488 264 12 0 179
tree 2488 280 7 0 179
tree 2712 264 9 0 179
tree 2712 280 0 0 179
tree 2696 280 11 0 179
tree 2728 264 9 0 179
tree 2744 280 2 0 179
tree 2840 280 35 0 179
tree 2856 280 25 0 179
stand 2968 280 26 0 179
tree 3064 264 13 0 179
stand 3096 280 19 0 179
tree 3096 264 8 0 179
tree 3416 280 26 0 179
tree 3448 264 1 0 179
tree 3432 264 3 0 179
tree 3592 264 5 0 179
stand 3912 280 84 0 179
stand 3944 280 80 0 179
tree 376 312 13 0 179
tree 456 296 26 0 179
tree 472 312 6 0 179
tree 504 296 26 0 179
tree 488 312 0 0 179
tree 536 312 15 0 179
tree 520 296 4 0 179
tree 680 312 9 0 179
lay 968 296 55 0 179
tree 1064 296 0 0 179
tree 1064 312 22 0 179
tree 1688 296 34 0 179
tree 1704 312 6 0 179
tree 1784 312 1 0 179
tree 1800 312 11 0 179
tree 1800 296 15 0 179
tree 1848 312 13 0 179
tree 1864 296 27 0 179
tree 1896 312 3 0 179
tree 1944 296 26 0 179
tree 1992 296 15 0 179
tree 2008 296 21 0 179
tree 2008 312 8 0 179
tree 1992 312 0 0 179
tree 2024 312 13 0 179
tree 2376 312 6 0 179
dom 2432 288 218 3 179
tree 2504 312 13 0 179
tree 2760 312 13 0 179
tree 2776 312 10 0 179
tree 2808 312 25 0 179
tree 2792 312 12 0 179
tree 2840 312 12 0 179
lay 3592 296 49 0 179
stand 3640 296 94 0 179
stand 3624 296 91 0 179
stand 3816 312 90 0 179
stand 3928 312 79 0 179
stand 3944 312 89 0 179
tree 344 328 10 0 179
tree 360 328 0 0 179
tree 376 328 5 0 179
tree 584 344 24 0 179
tree 584 328 15 0 179
tree 600 328 9 0 179
tree 648 328 15 0 179
tree 664 328 12 0 179
tree 680 328 26 0 179
tree 760 328 24 0 179
tree 744 328 1 0 179
tree 1064 328 2 0 179
dom 1120 320 1 0 179
stand 1592 344 64 0 179
tree 1672 344 2 0 179
tree 1720 344 12 0 179
tree 1752 344 11 0 179
tree 1752 328 13 0 179
tree 1768 328 12 0 179
tree 1816 344 24 0 179
tree 1800 328 3 0 179
stand 1848 344 94 0 179
tree 1832 328 9 0 179
tree 2040 328 25 0 179
tree 2376 328 22 0 179
tree 2696 344 11 0 179
tree 2744 344 2 0 179
tree 2728 344 25 0 179
tree 2776 328 24 0 179
tree 2760 328 22 0 179
tree 2792 328 5 0 179
tree 2792 344 0 0 179
tree 2824 328 0 0 179
tree 2840 328 34 0 179
stand 2920 328 25 0 179
stand 3048 328 24 0 179
tree 3096 344 22 0 179
tree 3480 344 4 0 179
tree 3496 344 13 0 179
tree 3496 328 6 0 179
stand 3512 344 69 0 179
stand 3672 344 78 0 179
tree 3784 328 12 0 179
stand 3816 328 88 0 179
stand 3912 328 85 0 179
tree 3960 344 9 0 179
stand 3960 344 89 0 179
tree 248 360 27 0 179
tree 264 376 23 0 179
tree 312 376 10 0 179
tree 328 376 12 0 179
tree 344 376 9 0 179
tree 344 360 6 0 179
tree 584 360 25 0 179
lay 1336 360 55 0 179
stand 1656 360 90 0 179
tree 1656 376 7 0 179
tree 1688 376 12 0 179
tree 1736 360 15 0 179
tree 1768 376 27 0 179
tree 1784 376 35 0 179
tree 1768 360 34 0 179
tree 1800 360 9 0 179
stand 1832 360 97 0 179
tree 1960 360 3 0 179
tree 1976 376 9 0 179
tree 1960 376 1 0 179
tree 2072 360 8 0 179
tree 2088 360 23 0 179
tree 2168 360 5 0 179
tree 2168 376 34 0 179
tree 2152 376 25 0 179
tree 2200 360 23 0 179
tree 2216 360 24 0 179
tree 2504 376 23 0 179
tree 2520 376 9 0 179
tree 2776 376 9 0 179
tree 2776 360 7 0 179
stand 2904 376 23 0 179
tree 2904 360 25 0 179
stand 3480 376 70 0 179
tree 3480 360 9 0 179
stand 3544 360 90 0 179
lay 3608 376 46 0 179
stand 3752 376 67 0 179
stand 3784 360 78 0 179
tree 3896 360 13 0 179
tree 3912 360 11 0 179
tree 248 408 24 0 179
tree 280 392 0 0 179
tree 296 392 10 0 179
tree 312 392 0 0 179
lay 1256 392 55 0 179
dom 1344 384 3 0 179
tree 1432 392 1 0 179
stand 1592 408 98 0 179
stand 1640 392 64 0 179
tree 1640 392 9 0 179
tree 1656 392 12 0 179
stand 1752 408 68 0 179
stand 1784 392 71 0 179
tree 1816 392 22 0 179
tree 1800 408 11 0 179
tree 2152 392 25 0 179
tree 2808 408 35 0 179
stand 2888 408 22 0 179
stand 3512 392 91 0 179
lay 3640 408 46 0 179
tree 248 424 22 0 179
tree 264 424 22 0 179
dom 416 416 2 0 179
tree 664 440 27 0 179
tree 696 440 1 0 179
tree 680 440 26 0 179
tree 712 440 13 0 179
tree 760 440 8 0 179
tree 744 440 13 0 179
tree 1048 424 12 0 179
tree 1048 440 27 0 179
lay 1192 424 55 0 179
tree 1688 440 35 0 179
tree 1672 424 7 0 179
tree 1704 440 8 0 179
tree 1768 424 27 0 179
tree 1960 424 2 0 179
tree 1976 424 23 0 179
tree 1992 424 11 0 179
tree 2056 424 5 0 179
tree 2072 424 23 0 179
lay 2376 440 49 0 179
trop 2548 420 192 179 179
tree 2824 440 10 0 179
stand 2872 424 94 0 179
stand 2904 440 70 0 179
stand 2936 440 20 0 179
stand 3448 424 20 0 179
stand 3784 424 186 0 179
tree 264 472 11 0 179
tree 664 456 10 0 179
tree 648 456 22 0 179
tree 648 472 3 0 179
tree 760 456 7 0 179
tree 792 472 0 0 179
tree 792 456 24 0 179
tree 776 456 2 0 179
tree 840 472 22 0 179
lay 1048 456 55 0 179
tree 1096 456 4 0 179
stand 1624 456 68 0 179
stand 1656 456 97 0 179
tree 1720 472 21 0 179
tree 1704 456 1 0 179
tree 1720 456 13 0 179
tree 1768 456 6 0 179
tree 1784 472 9 0 179
trop 2580 468 192 179 179
tree 2808 472 0 0 179
tree 2808 456 24 0 179
stand 3000 472 18 0 179
tree 3544 456 3 0 179
tree 3560 472 10 0 179
dom 3680 448 1 0 179
stand 3768 472 184 0 179
stand 3768 456 185 0 179
stand 3784 472 160 0 179
stand 3816 472 163 0 179
tree 264 488 3 0 179
tree 840 488 0 0 179
tree 872 504 9 0 179
tree 1080 488 9 0 179
tree 1080 504 13 0 179
dom 1120 480 0 0 179
tree 1208 504 24 0 179
tree 1192 504 7 0 179
tree 1192 488 8 0 179
tree 1496 504 35 0 179
tree 1496 488 26 0 179
stand 1736 504 90 0 179
tree 1736 488 23 0 179
stand 1784 488 67 0 179
tree 1784 488 35 0 179
tree 1784 504 24 0 179
tree 1800 504 7 0 179
tree 1832 504 10 0 179
tree 1832 488 9 0 179
tree 1848 488 23 0 179
trop 2524 484 192 179 179
tree 2808 488 11 0 179
stand 2872 504 93 0 179
stand 2856 488 85 0 179
tree 3576 504 15 0 179
tree 3576 488 22 0 179
stand 3768 488 184 0 179
stand 3800 488 163 0 179
stand 3816 488 162 0 179
tree 184 520 8 0 179
tree 232 536 21 0 179
tree 296 536 27 0 179
tree 312 536 4 0 179
dom 416 512 3 0 179
tree 872 520 4 0 179
tree 1080 520 34 0 179
tree 1080 536 26 0 179
tree 1208 520 6 0 179
tree 1480 536 27 0 179
tree 1480 520 34 0 179
trop 2444 516 192 179 179
trop 2516 532 192 179 179
tree 2632 536 23 0 179
tree 2744 536 12 0 179
tree 2808 520 23 0 179
stand 2952 520 15 0 179
tree 3016 536 25 0 179
stand 3032 520 98 0 179
tree 3576 536 10 0 179
tree 3592 536 3 0 179
tree 3592 520 13 0 179
tree 216 568 0 0 179
tree 200 568 15 0 179
tree 232 552 26 0 179
tree 312 552 22 0 179
tree 296 552 3 0 179
tree 344 568 12 0 179
tree 360 552 22 0 179
tree 360 568 25 0 179
tree 1048 568 34 0 179
tree 1464 568 9 0 179
tree 1480 568 11 0 179
tree 1480 552 27 0 179
tree 1976 552 1 0 179
tree 1976 568 3 0 179
tree 1992 568 8 0 179
tree 2520 552 23 0 179
dom 2560 544 1 0 179
trop 2620 564 192 179 179
trop 2644 556 192 179 179
tree 2712 568 0 0 179
tree 2856 552 27 0 179
stand 3000 552 95 0 179
dom 3680 544 1 0 179
tree 248 600 26 0 179
tree 232 600 11 0 179
tree 312 600 24 0 179
tree 344 584 22 0 179
tree 328 600 22 0 179
tree 376 600 7 0 179
tree 376 584 2 0 179
tree 696 584 6 0 179
tree 744 600 12 0 179
tree 760 584 5 0 179
tree 776 584 13 0 179
tree 808 600 0 0 179
tree 824 600 10 0 179
tree 856 600 11 0 179
dom 1184 576 8 0 179
tree 1368 584 8 0 179
tree 1368 600 34 0 179
tree 1400 584 27 0 179
tree 1384 584 1 0 179
tree 1464 584 21 0 179
tree 1976 584 10 0 179
tree 1976 600 6 0 179
tree 2008 600 7 0 179
tree 1992 584 26 0 179
most 2176 576 7 0 179
tree 2296 600 24 0 179
tree 2312 600 8 0 179
tree 2344 600 22 0 179
trop 2564 596 192 179 179
trop 2604 604 192 179 179
trop 2620 580 192 179 179
dom 2784 576 207 3 179
tree 2872 600 26 0 179
tree 2872 584 7 0 179
tree 2936 600 15 0 179
stand 3480 600 23 0 179
tree 3544 600 21 0 179
dom 3808 576 6 0 179
stand 3880 584 180 0 179
stand 3896 600 180 0 179
tree 248 616 2 0 179
tree 280 616 5 0 179
tree 264 616 1 0 179
tree 312 616 0 0 179
tree 296 616 25 0 179
dom 544 608 8 0 179
tree 872 616 9 0 179
tree 888 616 9 0 179
tree 1112 616 4 0 179
stand 1112 616 67 0 179
stand 1096 632 67 0 179
tree 1096 632 22 0 179
tree 1128 616 11 0 179
tree 1176 632 12 0 179
tree 1384 632 3 0 179
tree 2008 632 23 0 179
tree 2008 616 1 0 179
tree 2024 632 22 0 179
tree 2328 616 23 0 179
tree 2392 616 23 0 179
trop 2508 636 192 179 179
trop 2556 620 192 179 179
trop 2564 636 192 179 179
tree 2584 632 26 0 179
trop 2612 636 192 179 179
tree 2600 632 25 0 179
trop 2628 612 192 179 179
tree 2648 632 24 0 179
dom 2688 608 3 0 179
fre 2868 636 1 179 179
fre 2900 612 1 179 179
tree 2888 632 12 0 179
tree 3544 616 0 0 179
tree 312 648 7 0 179
tree 328 664 27 0 179
tree 328 648 13 0 179
stand 1112 648 69 0 179
tree 1112 664 21 0 179
tree 1096 648 1 0 179
tree 1112 648 9 0 179
stand 1128 648 69 0 179
tree 1128 648 8 0 179
tree 1128 664 5 0 179
tree 1384 648 27 0 179
tree 1384 664 21 0 179
tree 1944 664 21 0 179
tree 1976 648 1 0 179
tree 1960 664 24 0 179
tree 1976 664 13 0 179
tree 1992 664 8 0 179
tree 2008 664 25 0 179
tree 2008 648 8 0 179
trop 2508 652 192 179 179
trop 2628 652 192 179 179
trop 2940 644 193 179 179
stand 3480 664 26 0 179
tree 3528 648 26 0 179
tree 312 696 35 0 179
tree 328 696 13 0 179
tree 328 680 34 0 179
tree 712 696 0 0 179
tree 840 680 5 0 179
tree 856 696 10 0 179
tree 872 680 0 0 179
tree 1112 696 26 0 179
tree 1112 680 22 0 179
tree 1176 680 15 0 179
tree 1192 680 35 0 179
tree 1336 696 11 0 179
tree 1368 680 5 0 179
tree 1352 696 3 0 179
tree 1944 680 23 0 179
tree 1992 680 3 0 179
tree 2136 696 2 0 179
tree 2152 680 7 0 179
trop 2572 676 192 179 179
trop 2660 684 192 179 179
trop 2692 684 192 179 179
trop 2724 700 192 179 179
tree 3000 696 11 0 179
tree 3432 696 15 0 179
tree 3704 680 3 0 179
tree 3752 680 15 0 179
tree 280 728 26 0 179
tree 280 712 25 0 179
tree 712 712 22 0 179
tree 1128 728 16 0 179
tree 1144 712 27 0 179
tree 1160 728 26 0 179
tree 1256 728 23 0 179
tree 1304 712 3 0 179
tree 1400 728 27 0 179
tree 1976 728 7 0 179
tree 1976 712 12 0 179
tree 1960 712 23 0 179
tree 1992 712 8 0 179
tree 1992 728 10 0 179
tree 2136 728 7 0 179
tree 2152 712 1 0 179
tree 2200 728 10 0 179
tree 2184 728 2 0 179
trop 2428 732 192 179 179
dom 2400 704 8 0 179
trop 2676 724 192 179 179
trop 2724 732 193 179 179
tree 3000 728 10 0 179
tree 3000 712 15 0 179
tree 3032 728 7 0 179
tree 3512 728 5 0 179
stand 3544 712 5 0 179
tree 3928 728 6 0 179
tree 296 760 34 0 179
tree 504 760 3 0 179
tree 488 760 10 0 179
tree 520 744 12 0 179
tree 584 760 23 0 179
tree 744 760 10 0 179
tree 744 744 27 0 179
tree 888 744 11 0 179
tree 920 760 34 0 179
tree 904 744 3 0 179
tree 952 760 7 0 179
tree 936 760 4 0 179
stand 1176 760 82 0 179
tree 1176 760 26 0 179
tree 1192 760 18 0 179
tree 1224 744 24 0 179
tree 1256 744 25 0 179
tree 1400 744 35 0 179
tree 1400 760 11 0 179
tree 1912 744 21 0 179
tree 1912 760 1 0 179
tree 1944 760 22 0 179
tree 2120 760 12 0 179
tree 2168 744 13 0 179
tree 2184 744 26 0 179
most 2240 736 4 0 179
trop 2308 748 193 179 179
trop 2372 748 193 179 179
trop 2412 748 192 179 179
tree 2440 760 25 0 179
trop 2460 764 192 179 179
trop 2580 756 192 179 179
tree 2600 760 1 0 179
trop 2660 748 192 179 179
trop 2748 748 193 179 179
trop 2788 740 193 179 179
trop 2788 756 193 179 179
tree 2856 744 21 0 179
tree 2872 744 0 0 179
trop 2852 764 193 179 179
tree 2920 744 3 0 179
tree 2920 760 11 0 179
tree 2936 760 35 0 179
tree 2952 760 7 0 179
tree 3016 760 8 0 179
tree 3032 744 15 0 179
stand 3384 760 162 0 179
dom 3616 736 1 0 179
tree 3896 760 10 0 179
tree 3912 760 9 0 179
tree 3912 744 3 0 179
tree 296 776 8 0 179
tree 472 776 35 0 179
tree 584 776 9 0 179
tree 584 792 23 0 179
tree 632 792 21 0 179
tree 648 792 25 0 179
tree 664 792 25 0 179
tree 680 792 21 0 179
tree 696 792 3 0 179
tree 760 776 27 0 179
tree 776 792 3 0 179
tree 824 792 25 0 179
tree 840 776 12 0 179
tree 856 776 22 0 179
tree 856 792 3 0 179
tree 840 792 5 0 179
tree 872 776 26 0 179
tree 904 792 1 0 179
tree 904 776 24 0 179
tree 952 776 0 0 179
tree 968 776 8 0 179
lay 1192 792 41 0 179
tree 1192 776 0 0 179
tree 1208 792 21 0 179
tree 1400 776 5 0 179
tree 1384 776 3 0 179
tree 1384 792 4 0 179
tree 1880 792 5 0 179
tree 1864 792 1 0 179
tree 1912 792 15 0 179
tree 1896 792 3 0 179
tree 1928 776 11 0 179
tree 1928 792 8 0 179
tree 2120 792 26 0 179
tree 2120 776 34 0 179
tree 2168 792 9 0 179
trop 2324 788 193 179 179
trop 2316 780 193 179 179
trop 2340 788 193 179 179
trop 2364 788 193 179 179
trop 2380 796 193 179 179
tree 2376 792 1 0 179
trop 2460 780 192 179 179
trop 2444 780 192 179 179
trop 2508 780 192 179 179
trop 2524 772 192 179 179
tree 2552 792 26 0 179
trop 2540 796 192 179 179
trop 2532 772 192 179 179
trop 2540 788 192 179 179
trop 2588 796 192 179 179
tree 2616 776 25 0 179
trop 2668 796 192 179 179
trop 2916 780 193 179 179
trop 2940 780 193 179 179
tree 2952 776 35 0 179
trop 2956 796 193 179 179
tree 3016 776 5 0 179
trop 3020 788 193 179 179
trop 3036 796 193 179 179
stand 3480 776 20 0 179
tree 3864 792 10 0 179
tree 3896 776 24 0 179
tree 3880 792 9 0 179
tree 248 808 27 0 179
tree 264 808 12 0 179
tree 376 824 3 0 179
tree 360 824 25 0 179
tree 360 808 34 0 179
tree 504 824 23 0 179
tree 504 808 12 0 179
tree 616 808 3 0 179
tree 632 808 5 0 179
tree 648 808 2 0 179
tree 696 808 5 0 179
tree 712 808 35 0 179
tree 728 808 27 0 179
tree 744 824 1 0 179
tree 792 808 21 0 179
tree 808 824 6 0 179
tree 904 808 1 0 179
tree 904 824 7 0 179
lay 1176 824 45 0 179
lay 1192 824 32 0 179
tree 1912 824 35 0 179
tree 1928 824 25 0 179
stand 2040 824 26 0 179
tree 2136 808 13 0 179
stand 2168 824 19 0 179
tree 2168 808 8 0 179
trop 2316 828 193 179 179
trop 2324 820 193 179 179
trop 2476 820 192 179 179
tree 2472 824 3 0 179
trop 2508 812 192 179 179
tree 2536 808 21 0 179
trop 2548 820 192 179 179
trop 2644 804 192 179 179
tree 3512 824 15 0 179
tree 312 856 13 0 179
tree 296 856 11 0 179
tree 344 840 6 0 179
tree 328 856 15 0 179
tree 392 856 15 0 179
tree 472 856 10 0 179
tree 488 856 24 0 179
tree 488 840 23 0 179
tree 584 856 10 0 179
tree 600 856 23 0 179
tree 664 856 8 0 179
tree 664 840 26 0 179
tree 696 856 5 0 179
tree 680 856 0 0 179
tree 760 840 4 0 179
tree 776 840 4 0 179
tree 792 856 2 0 179
tree 840 856 12 0 179
lay 1256 840 0 0 179
tree 1880 856 25 0 179
tree 1864 856 12 0 179
tree 1912 856 12 0 179
tree 2200 856 25 0 179
tree 2216 856 11 0 179
tree 2376 840 15 0 179
tree 2472 840 12 0 179
tree 2488 840 4 0 179
trop 2508 860 192 179 179
tree 2680 856 24 0 179
tree 2776 840 6 0 179
tree 2776 856 2 0 179
tree 2792 856 15 0 179
stand 3304 856 70 0 179
dom 3392 832 8 0 179
stand 184 888 67 0 179
stand 168 872 88 0 179
stand 216 888 97 0 179
tree 216 872 1 0 179
tree 392 872 5 0 179
tree 472 888 13 0 179
tree 472 872 23 0 179
tree 536 888 15 0 179
tree 520 888 4 0 179
tree 584 872 0 0 179
tree 600 872 2 0 179
tree 600 888 22 0 179
tree 696 872 8 0 179
tree 680 872 12 0 179
tree 728 872 3 0 179
tree 712 872 12 0 179
tree 808 872 35 0 179
tree 856 872 15 0 179
tree 872 888 11 0 179
tree 936 872 22 0 179
tree 952 888 22 0 179
stand 1240 888 4 0 179
stand 1400 872 9 0 179
tree 1864 872 5 0 179
tree 1864 888 0 0 179
tree 1896 872 0 0 179
tree 1912 872 34 0 179
stand 1992 872 25 0 179
stand 2120 872 24 0 179
tree 2168 888 22 0 179
tree 2216 872 27 0 179
tree 2264 888 3 0 179
trop 2548 884 192 179 179
tree 2680 872 3 0 179
trop 2668 884 110 179 179
tree 2696 872 6 0 179
tree 2712 888 8 0 179
stand 3336 888 78 0 179
dom 3744 864 2 0 179
stand 3848 872 163 0 179
stand 168 920 89 0 179
stand 232 904 86 0 179
stand 328 904 20 0 179
tree 472 920 10 0 179
tree 616 904 13 0 179
tree 616 920 23 0 179
tree 888 904 12 0 179
tree 904 920 11 0 179
tree 968 904 22 0 179
tree 968 920 9 0 179
tree 984 920 8 0 179
tree 1368 920 0 0 179
tree 1400 920 6 0 179
stand 1976 920 23 0 179
tree 1976 904 25 0 179
tree 2264 904 26 0 179
tree 2296 920 5 0 179
tree 2280 904 34 0 179
dom 2336 896 210 3 179
tree 2728 904 34 0 179
tree 2728 920 8 0 179
tree 2808 904 6 0 179
tree 2808 920 21 0 179
stand 3096 904 85 0 179
tree 3096 904 6 0 179
tree 3128 920 11 0 179
tree 3112 920 4 0 179
stand 3144 904 90 0 179
stand 3176 920 64 0 179
stand 3352 920 69 0 179
stand 3784 920 181 0 179
stand 3832 920 183 0 179
stand 3848 904 161 0 179
stand 3864 904 161 0 179
stand 3880 904 163 0 179
stand 168 936 98 0 179
tree 312 952 22 0 179
stand 376 936 89 0 179
tree 472 936 1 0 179
tree 488 952 24 0 179
tree 488 936 34 0 179
tree 760 952 5 0 179
tree 792 952 11 0 179
tree 776 952 8 0 179
stand 1368 936 64 0 179
tree 1480 952 6 0 179
stand 1960 952 22 0 179
tree 2232 936 11 0 179
tree 2248 936 6 0 179
fre 2388 948 1 179 179
stand 2424 952 95 0 179
lay 2456 952 17 0 179
tree 2744 936 25 0 179
tree 2776 936 12 0 179
tree 2776 952 2 0 179
tree 2760 952 34 0 179
tree 2760 936 35 0 179
tree 2792 936 23 0 179
stand 3096 936 84 0 179
stand 3144 936 97 0 179
stand 3192 936 87 0 179
tree 3192 936 13 0 179
tree 3208 952 2 0 179
tree 3624 952 11 0 179
stand 3816 936 182 0 179
stand 3816 952 183 0 179
stand 120 984 98 0 179
tree 312 968 35 0 179
stand 344 984 68 0 179
stand 376 984 84 0 179
stand 440 968 69 0 179
tree 456 968 5 0 179
stand 504 984 90 0 179
tree 776 968 2 0 179
tree 936 984 27 0 179
stand 1336 984 1 0 179
stand 1368 984 99 0 179
stand 1480 968 87 0 179
stand 1512 984 98 0 179
stand 1608 984 89 0 179
tree 1704 984 7 0 179
stand 1944 968 94 0 179
stand 1976 984 70 0 179
stand 2008 984 20 0 179
tree 2328 984 4 0 179
tree 2312 984 1 0 179
tree 2360 984 12 0 179
tree 2376 984 9 0 179
tree 2488 984 1 0 179
tree 2552 968 34 0 179
tree 2552 984 12 0 179
tree 2568 984 26 0 179
tree 2632 984 24 0 179
stand 3160 968 86 0 179
tree 3192 968 26 0 179
tree 3192 984 21 0 179
tree 3224 984 34 0 179
tree 3208 968 1 0 179
stand 3640 984 178 0 179
stand 3624 984 179 0 179
stand 120 1016 69 0 179
stand 152 1016 67 0 179
stand 376 1016 86 0 179
stand 376 1000 97 0 179
tree 360 1016 1 0 179
stand 408 1000 84 0 179
stand 424 1000 90 0 179
tree 424 1016 15 0 179
tree 440 1016 15 0 179
tree 680 1016 3 0 179
stand 1304 1000 95 0 179
stand 1560 1000 98 0 179
stand 1608 1000 95 0 179
tree 1624 1016 5 0 179
tree 1608 1016 7 0 179
stand 1640 1000 85 0 179
stand 1656 1000 69 0 179
tree 1640 1000 0 0 179
stand 1688 1000 95 0 179
stand 1720 1016 91 0 179
stand 2072 1016 18 0 179
tree 2328 1016 22 0 179
tree 2328 1000 1 0 179
tree 2344 1016 35 0 179
tree 2488 1000 1 0 179
tree 2520 1000 15 0 179
tree 2504 1000 34 0 179
tree 2552 1000 9 0 179
tree 2536 1000 21 0 179
tree 2552 1016 27 0 179
tree 2568 1000 8 0 179
tree 2568 1016 9 0 179
tree 2632 1000 8 0 179
tree 3256 1016 27 0 179
tree 3272 1000 24 0 179
stand 168 1048 67 0 179
stand 216 1048 98 0 179
stand 264 1032 88 0 179
stand 440 1032 69 0 179
stand 504 1048 67 0 179
tree 696 1032 2 0 179
stand 1176 1032 87 0 179
stand 1320 1032 92 0 179
stand 1480 1048 92 0 179
stand 1496 1032 80 0 179
stand 1624 1032 90 0 179
stand 1640 1032 98 0 179
stand 1656 1032 92 0 179
stand 1944 1048 93 0 179
stand 1928 1032 85 0 179
stand 2424 1032 84 0 179
tree 3256 1048 12 0 179
dom 3584 1024 8 0 179
tree 168 1080 12 0 179
stand 248 1080 98 0 179
stand 264 1064 70 0 179
stand 312 1080 67 0 179
stand 488 1064 67 0 179
stand 488 1080 68 0 179
stand 520 1080 99 0 179
tree 1048 1080 10 0 179
tree 1080 1080 9 0 179
tree 1096 1064 11 0 179
stand 1224 1080 93 0 179
tree 1304 1064 13 0 179
tree 1320 1064 10 0 179
stand 1448 1064 95 0 179
stand 1480 1080 69 0 179
stand 1544 1064 91 0 179
tree 1576 1080 3 0 179
stand 1624 1064 93 0 179
stand 1688 1064 89 0 179
stand 1720 1080 93 0 179
stand 2024 1064 15 0 179
tree 2088 1080 25 0 179
stand 2104 1064 98 0 179
tree 2616 1064 3 0 179
tree 2600 1064 2 0 179
tree 2632 1080 12 0 179
trop 2724 1076 102 179 179
stand 2968 1064 90 0 179
stand 2952 1064 88 0 179
stand 3096 1064 92 0 179
tree 3096 1080 12 0 179
tree 3112 1080 7 0 179
stand 3160 1064 85 0 179
tree 3224 1064 25 0 179
tree 3272 1080 3 0 179
tree 3288 1080 7 0 179
stand 3320 1080 71 0 179
tree 3816 1064 18 0 179
tree 3832 1064 13 0 179
tree 200 1096 6 0 179
stand 248 1112 90 0 179
tree 232 1112 26 0 179
tree 1080 1112 15 0 179
tree 1064 1096 5 0 179
stand 1368 1112 86 0 179
stand 1496 1112 87 0 179
tree 1512 1112 3 0 179
stand 1576 1096 91 0 179
stand 1576 1112 88 0 179
stand 1608 1112 86 0 179
stand 1672 1096 90 0 179
stand 1720 1112 92 0 179
stand 1704 1096 88 0 179
tree 1704 1112 9 0 179
stand 1736 1096 91 0 179
stand 1784 1112 89 0 179
stand 2072 1096 95 0 179
stand 2152 1112 92 0 179
tree 2456 1096 8 0 179
tree 2472 1112 26 0 179
tree 2488 1096 10 0 179
tree 2648 1096 9 0 179
tree 2664 1112 0 0 179
stand 2936 1112 89 0 179
stand 2952 1096 92 0 179
tree 3096 1096 12 0 179
stand 3128 1096 71 0 179
stand 3160 1096 87 0 179
stand 3144 1096 91 0 179
stand 3208 1112 67 0 179
tree 3208 1112 6 0 179
tree 3224 1112 26 0 179
tree 3256 1112 24 0 179
tree 3288 1112 8 0 179
stand 3304 1112 90 0 179
tree 3320 1096 23 0 179
tree 3320 1112 6 0 179
tree 3368 1096 11 0 179
tree 3384 1096 34 0 179
tree 3368 1112 22 0 179
tree 3784 1112 0 0 179
stand 312 1128 70 0 179
stand 312 1144 69 0 179
tree 296 1128 23 0 179
stand 328 1128 99 0 179
tree 664 1128 34 0 179
tree 680 1144 12 0 179
stand 1064 1144 101 0 179
tree 1080 1128 13 0 179
stand 1096 1144 68 0 179
tree 1112 1128 4 0 179
tree 1096 1128 6 0 179
stand 1160 1128 93 0 179
stand 1192 1144 84 0 179
tree 1304 1144 13 0 179
tree 1288 1144 7 0 179
stand 1512 1144 91 0 179
stand 1672 1128 96 0 179
stand 2328 1128 88 0 179
tree 2536 1144 1 0 179
stand 2920 1128 94 0 179
stand 3144 1128 68 0 179
stand 3160 1144 86 0 179
tree 3208 1128 4 0 179
stand 3288 1144 95 0 179
tree 3304 1128 12 0 179
tree 3320 1144 12 0 179
stand 3384 1144 69 0 179
stand 3368 1128 68 0 179
tree 3528 1144 11 0 179
tree 3544 1144 7 0 179
tree 3544 1128 11 0 179
tree 3560 1144 24 0 179
tree 3720 1144 10 0 179
tree 3736 1144 34 0 179
stand 312 1176 99 0 179
stand 1032 1160 2 0 179
stand 1304 1160 21 0 179
tree 1288 1160 5 0 179
tree 1496 1176 12 0 179
stand 1512 1176 92 0 179
stand 1560 1160 91 0 179
stand 1544 1160 93 0 179
stand 1704 1160 82 0 179
tree 2216 1176 9 0 179
tree 2216 1160 2 0 179
tree 2312 1176 6 0 179
tree 2520 1160 23 0 179
tree 2552 1160 3 0 179
tree 2536 1160 25 0 179
tree 2568 1176 8 0 179
tree 2584 1160 7 0 179
tree 2600 1160 4 0 179
tree 3240 1160 13 0 179
stand 3352 1176 89 0 179
stand 3352 1160 98 0 179
tree 3336 1176 7 0 179
stand 3688 1176 71 0 179
stand 3720 1160 98 0 179
stand 248 1208 68 0 179
stand 264 1192 90 0 179
stand 312 1192 86 0 179
stand 344 1192 86 0 179
stand 360 1192 84 0 179
stand 408 1208 97 0 179
stand 424 1192 99 0 179
stand 440 1192 84 0 179
stand 424 1208 91 0 179
tree 424 1208 23 0 179
tree 648 1208 3 0 179
tree 728 1208 1 0 179
stand 1160 1192 67 0 179
stand 1240 1192 84 0 179
stand 1512 1208 90 0 179
stand 1592 1208 84 0 179
tree 1608 1208 9 0 179
stand 1640 1192 84 0 179
stand 1720 1208 88 0 179
tree 2232 1192 22 0 179
tree 2312 1208 22 0 179
tree 2312 1192 11 0 179
tree 2536 1208 10 0 179
tree 2552 1192 35 0 179
stand 2744 1208 78 0 179
stand 2824 1208 89 0 179
tree 2920 1208 7 0 179
tree 3160 1208 15 0 179
stand 3256 1192 91 0 179
tree 3256 1208 34 0 179
tree 3320 1208 4 0 179
stand 3336 1192 98 0 179
stand 3352 1208 91 0 179
tree 3352 1208 8 0 179
tree 3336 1192 1 0 179
stand 3400 1192 68 0 179
tree 280 1240 8 0 179
stand 312 1224 98 0 179
tree 344 1224 12 0 179
tree 376 1224 1 0 179
stand 408 1224 89 0 179
tree 600 1240 22 0 179
tree 648 1224 34 0 179
tree 648 1240 11 0 179
tree 728 1224 1 0 179
stand 1256 1224 20 0 179
stand 1352 1224 90 0 179
tree 1368 1240 3 0 179
tree 1352 1224 6 0 179
stand 1400 1224 68 0 179
stand 1416 1224 97 0 179
stand 1640 1240 70 0 179
stand 1672 1240 84 0 179
stand 1704 1224 82 0 179
stand 1736 1224 88 0 179
tree 2232 1240 15 0 179
tree 2216 1224 35 0 179
tree 2248 1224 4 0 179
tree 2312 1240 21 0 179
tree 2520 1224 12 0 179
stand 2776 1224 98 0 179
stand 2824 1224 95 0 179
tree 2840 1240 5 0 179
tree 2824 1240 7 0 179
stand 2856 1224 85 0 179
stand 2872 1224 69 0 179
tree 2856 1224 0 0 179
stand 2904 1224 95 0 179
stand 2936 1240 91 0 179
stand 2968 1240 88 0 179
tree 3000 1240 5 0 179
stand 3016 1224 87 0 179
stand 3032 1240 84 0 179
tree 3016 1240 10 0 179
tree 3016 1224 1 0 179
stand 3048 1224 99 0 179
stand 3048 1240 80 0 179
tree 3160 1224 12 0 179
stand 3800 1224 68 0 179
stand 3848 1224 88 0 179
stand 3896 1240 69 0 179
stand 536 1256 91 0 179
tree 600 1272 0 0 179
tree 664 1272 15 0 179
tree 744 1256 24 0 179
stand 1368 1256 99 0 179
stand 1384 1256 85 0 179
stand 1464 1272 85 0 179
stand 1608 1256 68 0 179
stand 1752 1272 90 0 179
tree 1752 1272 5 0 179
tree 1768 1272 0 0 179
tree 1784 1256 7 0 179
tree 2120 1272 8 0 179
tree 2120 1256 22 0 179
tree 2152 1272 23 0 179
tree 2264 1272 27 0 179
tree 2248 1272 27 0 179
tree 2248 1256 11 0 179
tree 2296 1256 5 0 179
tree 2280 1256 1 0 179
tree 2280 1272 22 0 179
stand 2840 1256 90 0 179
stand 2856 1256 98 0 179
stand 2872 1256 92 0 179
stand 3112 1256 94 0 179
stand 3208 1256 90 0 179
tree 3720 1272 8 0 179
tree 3752 1272 34 0 179
tree 3784 1272 9 0 179
tree 3816 1256 35 0 179
tree 3848 1272 26 0 179
tree 3864 1272 7 0 179
tree 584 1304 22 0 179
tree 584 1288 7 0 179
tree 680 1304 13 0 179
tree 744 1288 25 0 179
stand 1352 1288 91 0 179
stand 1400 1288 89 0 179
stand 1464 1304 64 0 179
stand 1480 1304 98 0 179
stand 1560 1288 95 0 179
stand 1560 1304 83 0 179
stand 1608 1288 69 0 179
tree 1816 1288 11 0 179
tree 2136 1288 4 0 179
tree 2120 1288 25 0 179
tree 2280 1288 10 0 179
stand 2760 1288 91 0 179
tree 2792 1304 3 0 179
stand 2840 1288 93 0 179
stand 2904 1288 89 0 179
stand 2936 1304 93 0 179
tree 3672 1288 1 0 179
tree 3704 1288 5 0 179
tree 3720 1288 8 0 179
tree 3768 1304 26 0 179
tree 3864 1288 22 0 179
tree 3864 1304 1 0 179
tree 3848 1304 12 0 179
tree 3880 1288 24 0 179
tree 3912 1288 24 0 179
tree 3960 1288 21 0 179
lay 200 1320 44 0 179
stand 344 1336 70 0 179
tree 328 1336 7 0 179
stand 360 1336 91 0 179
stand 408 1336 70 0 179
stand 392 1336 91 0 179
stand 424 1320 69 0 179
stand 552 1320 70 0 179
stand 584 1336 98 0 179
tree 680 1336 21 0 179
tree 728 1320 7 0 179
stand 824 1336 12 0 179
stand 1176 1336 99 0 179
tree 1240 1320 6 0 179
stand 1224 1336 99 0 179
tree 1256 1336 2 0 179
stand 1256 1320 71 0 179
stand 1256 1336 92 0 179
stand 1304 1320 82 0 179
stand 1528 1320 95 0 179
tree 2264 1320 21 0 179
stand 2792 1320 91 0 179
stand 2792 1336 88 0 179
stand 2824 1336 86 0 179
stand 2888 1320 90 0 179
stand 2936 1336 92 0 179
stand 2920 1320 88 0 179
tree 2920 1336 9 0 179
stand 2952 1320 91 0 179
stand 3000 1336 89 0 179
stand 3096 1320 93 0 179
tree 3080 1336 15 0 179
tree 3672 1320 34 0 179
tree 3688 1336 6 0 179
tree 3768 1336 1 0 179
tree 3784 1336 11 0 179
tree 3784 1320 15 0 179
tree 3832 1336 13 0 179
tree 3848 1320 27 0 179
tree 3880 1336 3 0 179
tree 3928 1320 26 0 179
tree 8 1352 8 0 179
tree 56 1368 2 0 179
tree 40 1352 1 0 179
tree 312 1368 15 0 179
tree 296 1352 15 0 179
tree 296 1368 4 0 179
stand 440 1368 69 0 179
stand 424 1352 69 0 179
tree 472 1368 6 0 179
stand 472 1352 97 0 179
stand 536 1352 69 0 179
stand 600 1368 90 0 179
tree 696 1368 24 0 179
tree 728 1368 35 0 179
tree 728 1352 25 0 179
tree 1272 1352 7 0 179
stand 1256 1368 97 0 179
tree 1304 1368 0 0 179
stand 1512 1368 88 0 179
stand 1512 1352 97 0 179
stand 1544 1368 89 0 179
tree 1560 1368 7 0 179
stand 1576 1352 97 0 179
stand 2888 1352 96 0 179
stand 3032 1352 70 0 179
stand 3080 1352 87 0 179
tree 3080 1352 11 0 179
stand 3576 1368 64 0 179
tree 3656 1368 2 0 179
tree 3704 1368 12 0 179
tree 3736 1368 11 0 179
tree 3736 1352 13 0 179
tree 3752 1352 12 0 179
tree 3800 1368 24 0 179
tree 3784 1352 3 0 179
stand 3832 1368 94 0 179
tree 3816 1352 9 0 179
tree 152 1400 15 0 179
tree 136 1400 12 0 179
lay 152 1400 19 0 179
tree 184 1400 35 0 179
stand 296 1400 7 0 179
stand 376 1400 91 0 179
tree 408 1384 10 0 179
tree 408 1400 24 0 179
tree 424 1400 10 0 179
tree 424 1384 8 0 179
tree 456 1384 2 0 179
stand 472 1384 91 0 179
tree 696 1384 24 0 179
tree 712 1400 12 0 179
tree 712 1384 12 0 179
stand 824 1400 11 0 179
tree 1224 1384 7 0 179
tree 1240 1384 11 0 179
stand 1224 1384 64 0 179
stand 1448 1384 71 0 179
tree 1560 1400 12 0 179
tree 1560 1384 3 0 179
stand 1576 1384 68 0 179
stand 1576 1400 67 0 179
tree 2088 1384 10 0 179
tree 2104 1400 4 0 179
tree 2456 1400 7 0 179
lay 2504 1400 21 0 179
tree 2584 1400 6 0 179
tree 2616 1400 5 0 179
stand 2920 1384 82 0 179
stand 3080 1384 95 0 179
tree 3304 1384 34 0 179
tree 3320 1400 23 0 179
tree 3416 1400 26 0 179
tree 3432 1384 26 0 179
tree 3464 1400 26 0 179
stand 3640 1384 90 0 179
tree 3640 1400 7 0 179
tree 3672 1400 12 0 179
tree 3720 1384 15 0 179
tree 3752 1400 27 0 179
tree 3768 1400 35 0 179
tree 3752 1384 34 0 179
tree 3784 1384 9 0 179
stand 3816 1384 97 0 179
tree 376 1432 9 0 179
tree 440 1416 15 0 179
stand 472 1432 91 0 179
stand 472 1416 89 0 179
stand 488 1432 68 0 179
tree 632 1432 23 0 179
tree 664 1432 10 0 179
tree 648 1432 2 0 179
tree 648 1416 34 0 179
tree 712 1416 4 0 179
stand 856 1432 14 0 179
stand 1288 1416 13 0 179
stand 1432 1432 69 0 179
stand 1528 1416 98 0 179
tree 1512 1416 12 0 179
stand 1544 1432 91 0 179
tree 2120 1416 27 0 179
tree 2344 1432 3 0 179
lay 2456 1432 39 0 179
tree 2488 1432 7 0 179
tree 2520 1432 11 0 179
tree 2536 1432 10 0 179
tree 2824 1432 9 0 179
stand 2856 1416 84 0 179
stand 2936 1432 88 0 179
tree 3320 1416 25 0 179
tree 3320 1432 8 0 179
tree 3400 1416 12 0 179
tree 3400 1432 26 0 179
tree 3448 1432 0 0 179
tree 3448 1416 3 0 179
tree 3544 1432 27 0 179
stand 3576 1432 98 0 179
stand 3624 1416 64 0 179
tree 3624 1416 9 0 179
tree 3640 1416 12 0 179
stand 3736 1432 68 0 179
stand 3768 1416 71 0 179
tree 3800 1416 22 0 179
tree 3784 1432 11 0 179
lay 8 1448 45 0 179
tree 184 1448 2 0 179
tree 200 1464 13 0 179
stand 296 1464 90 0 179
tree 376 1448 13 0 179
stand 360 1464 91 0 179
stand 376 1448 71 0 179
stand 504 1464 99 0 179
tree 520 1464 26 0 179
stand 520 1448 91 0 179
stand 536 1448 69 0 179
stand 584 1464 68 0 179
tree 744 1464 35 0 179
stand 856 1464 16 0 179
stand 1224 1448 12 0 179
stand 1288 1464 69 0 179
tree 2328 1448 25 0 179
tree 2328 1464 12 0 179
tree 2344 1448 6 0 179
stand 2504 1464 91 0 179
lay 2552 1448 18 0 179
tree 3384 1448 22 0 179
tree 3384 1464 6 0 179
tree 3464 1464 7 0 179
tree 3464 1448 22 0 179
tree 3512 1464 35 0 179
tree 3672 1464 35 0 179
tree 3656 1448 7 0 179
tree 3688 1464 8 0 179
tree 3752 1448 27 0 179
stand 328 1496 88 0 179
tree 392 1496 11 0 179
stand 440 1496 67 0 179
tree 520 1480 5 0 179
stand 568 1480 83 0 179
stand 568 1496 98 0 179
tree 728 1480 13 0 179
tree 728 1496 7 0 179
tree 760 1480 9 0 179
tree 744 1480 10 0 179
stand 1272 1496 99 0 179
tree 2328 1496 3 0 179
tree 3368 1480 5 0 179
tree 3368 1496 21 0 179
tree 3432 1496 35 0 179
tree 3448 1496 27 0 179
tree 3464 1496 27 0 179
tree 3464 1480 7 0 179
tree 3496 1480 7 0 179
stand 3608 1480 68 0 179
stand 3640 1480 97 0 179
tree 3704 1496 21 0 179
tree 3688 1480 1 0 179
tree 3704 1480 13 0 179
tree 3752 1480 6 0 179
tree 3768 1496 9 0 179
stand 232 1528 89 0 179
stand 344 1528 83 0 179
tree 728 1512 10 0 179
tree 712 1512 7 0 179
stand 1464 1528 99 0 179
stand 1608 1528 69 0 179
tree 2312 1512 11 0 179
tree 2312 1528 12 0 179
tree 2520 1528 4 0 179
tree 3224 1512 11 0 179
tree 3256 1528 22 0 179
tree 3240 1528 25 0 179
tree 3272 1528 6 0 179
tree 3480 1528 13 0 179
stand 3688 1528 13 0 179
stand 3720 1528 90 0 179
tree 3720 1512 23 0 179
stand 3768 1512 67 0 179
tree 3768 1512 35 0 179
tree 3768 1528 24 0 179
tree 3784 1528 7 0 179
tree 3816 1528 10 0 179
tree 3816 1512 9 0 179
tree 3832 1512 23 0 179
tree 264 1560 3 0 179
tree 264 1544 12 0 179
stand 536 1560 30 0 179
tree 1608 1560 7 0 179
tree 2024 1544 11 0 179
tree 2024 1560 5 0 179
tree 2040 1560 9 0 179
stand 2072 1560 68 0 179
stand 2088 1544 68 0 179
lay 2520 1560 26 0 179
tree 3240 1544 35 0 179
tree 3256 1544 9 0 179
tree 3288 1544 26 0 179
tree 3272 1544 2 0 179
tree 3272 1560 13 0 179
tree 3480 1560 9 0 179
tree 3480 1544 0 0 179
stand 3640 1560 15 0 179
stand 216 1576 90 0 179
tree 1608 1576 5 0 179
stand 1640 1576 67 0 179
stand 1736 1576 68 0 179
tree 1928 1576 13 0 179
stand 2040 1592 68 0 179
stand 2136 1576 69 0 179
stand 2216 1576 68 0 179
tree 3304 1576 4 0 179
tree 3320 1592 27 0 179
tree 3480 1592 10 0 179
tree 3480 1576 9 0 179
tree 1576 1624 23 0 179
tree 1576 1608 24 0 179
tree 1592 1608 5 0 179
tree 1608 1608 13 0 179
tree 1704 1624 21 0 179
tree 1704 1608 23 0 179
tree 1896 1624 13 0 179
stand 1944 1608 67 0 179
stand 1928 1624 67 0 179
stand 2024 1608 67 0 179
stand 2136 1608 3 0 179
tree 3336 1608 34 0 179
tree 3352 1608 12 0 179
tree 3464 1624 24 0 179
tree 3464 1608 25 0 179
tree 3480 1608 21 0 179
stand 3544 1608 16 0 179
tree 1592 1656 34 0 179
tree 1576 1656 34 0 179
stand 1656 1656 83 0 179
tree 1688 1640 26 0 179
tree 1720 1656 5 0 179
stand 1880 1656 64 0 179
stand 1912 1640 71 0 179
tree 1896 1640 3 0 179
tree 1944 1656 11 0 179
tree 1944 1640 10 0 179
stand 1928 1656 67 0 179
tree 1960 1656 15 0 179
tree 1960 1640 10 0 179
stand 2744 1656 93 0 179
stand 2744 1640 93 0 179
tree 3176 1656 22 0 179
tree 3192 1656 25 0 179
tree 3208 1656 4 0 179
stand 1688 1672 99 0 179
tree 1672 1672 6 0 179
stand 1720 1672 99 0 179
stand 1800 1672 71 0 179
stand 1800 1688 70 0 179
stand 1976 1688 64 0 179
stand 1976 1672 64 0 179
tree 2136 1672 0 0 179
tree 2344 1672 23 0 179
tree 2376 1688 23 0 179
tree 2408 1688 35 0 179
tree 2456 1688 34 0 179
tree 2440 1672 25 0 179
lay 3336 1688 50 0 179
lay 3848 1672 50 0 179
stand 1816 1720 71 0 179
stand 1832 1704 64 0 179
tree 2104 1720 11 0 179
tree 2264 1704 3 0 179
tree 2280 1704 0 0 179
tree 2424 1720 15 0 179
tree 2456 1704 12 0 179
tree 2440 1704 2 0 179
tree 2456 1720 27 0 179
lay 2456 1720 30 0 179
tree 2472 1720 23 0 179
stand 2856 1704 10 0 179
lay 3720 1720 49 0 179
tree 1656 1752 0 0 179
tree 1640 1736 8 0 179
stand 1640 1752 93 0 179
stand 1704 1736 84 0 179
tree 1720 1736 6 0 179
tree 1720 1752 8 0 179
stand 1736 1752 85 0 179
stand 1752 1736 96 0 179
stand 1800 1736 68 0 179
tree 2184 1752 7 0 179
tree 2200 1736 9 0 179
stand 2232 1752 67 0 179
stand 2248 1752 67 0 179
lay 2552 1752 40 0 179
lay 2920 1752 34 0 179
lay 3544 1736 50 0 179
tree 1272 1768 6 0 179
tree 1288 1784 0 0 179
tree 1304 1768 2 0 179
stand 1384 1784 90 0 179
stand 1560 1784 1 0 179
tree 1656 1784 2 0 179
tree 1672 1784 0 0 179
tree 1672 1768 12 0 179
stand 1784 1768 69 0 179
tree 1960 1784 12 0 179
tree 1976 1784 5 0 179
tree 1992 1784 12 0 179
tree 2056 1784 6 0 179
stand 2056 1784 67 0 179
stand 2072 1784 67 0 179
stand 2200 1768 69 0 179
stand 2312 1784 67 0 179
tree 2520 1768 7 0 179
stand 2504 1768 93 0 179
stand 2776 1768 9 0 179
tree 3272 1768 0 0 179
tree 3288 1784 23 0 179
stand 760 1816 15 0 179
tree 1288 1800 0 0 179
stand 1304 1816 93 0 179
stand 1320 1816 91 0 179
stand 1336 1816 90 0 179
stand 1368 1816 99 0 179
tree 1400 1816 35 0 179
tree 1400 1800 6 0 179
stand 1480 1800 4 0 179
tree 1640 1816 4 0 179
tree 1656 1816 10 0 179
tree 1688 1800 35 0 179
tree 1704 1816 5 0 179
stand 1736 1816 95 0 179
stand 2008 1816 64 0 179
tree 2040 1816 4 0 179
tree 2056 1816 5 0 179
stand 2248 1800 69 0 179
stand 2248 1816 64 0 179
stand 2328 1800 68 0 179
stand 2792 1816 8 0 179
stand 2840 1816 90 0 179
tree 3256 1800 7 0 179
tree 3240 1800 3 0 179
tree 3240 1816 11 0 179
tree 3288 1816 23 0 179
tree 3464 1816 26 0 179
tree 3464 1800 5 0 179
tree 3896 1816 8 0 179
stand 696 1848 23 0 179
stand 1288 1832 90 0 179
stand 1400 1848 92 0 179
stand 1736 1848 87 0 179
stand 1944 1832 67 0 179
stand 1976 1848 64 0 179
stand 2072 1848 69 0 179
tree 2216 1832 10 0 179
stand 2280 1848 89 0 179
tree 2312 1832 11 0 179
lay 2904 1832 16 0 179
tree 3224 1832 34 0 179
tree 3224 1848 22 0 179
tree 3208 1848 0 0 179
tree 3304 1832 27 0 179
tree 3464 1848 15 0 179
tree 3464 1832 34 0 179
stand 3496 1832 14 0 179
tree 3880 1848 6 0 179
tree 3896 1832 8 0 179
tree 1240 1864 0 0 179
stand 1240 1880 88 0 179
stand 1240 1864 91 0 179
tree 1272 1880 2 0 179
stand 1272 1864 88 0 179
stand 1256 1880 91 0 179
stand 1256 1864 98 0 179
stand 1352 1864 98 0 179
stand 1688 1864 101 0 179
stand 1896 1864 67 0 179
stand 1928 1864 70 0 179
tree 2088 1880 2 0 179
stand 2296 1880 69 0 179
tree 2488 1880 6 0 179
tree 2504 1880 11 0 179
stand 2760 1880 6 0 179
stand 2808 1880 83 0 179
stand 2856 1880 69 0 179
lay 2888 1880 45 0 179
tree 3352 1880 21 0 179
tree 3384 1864 23 0 179
tree 3400 1880 9 0 179
tree 3464 1864 3 0 179
lay 3672 1864 50 0 179
stand 824 1912 95 0 179
tree 840 1896 7 0 179
tree 856 1912 12 0 179
lay 856 1912 17 0 179
tree 888 1912 12 0 179
stand 1208 1912 93 0 179
tree 1240 1912 1 0 179
stand 1224 1896 92 0 179
stand 1240 1896 67 0 179
tree 1272 1896 1 0 179
tree 1272 1912 3 0 179
tree 1256 1912 3 0 179
stand 1272 1912 93 0 179
stand 1288 1912 87 0 179
stand 1880 1912 24 0 179
tree 3352 1896 13 0 179
tree 3368 1896 22 0 179
tree 3384 1896 7 0 179
tree 3368 1912 9 0 179
tree 3384 1912 15 0 179
tree 3448 1912 9 0 179
stand 3528 1896 12 0 179
tree 3928 1896 13 0 179
stand 136 1928 8 0 179
tree 184 1928 11 0 179
tree 168 1928 0 0 179
tree 200 1928 2 0 179
stand 216 1944 67 0 179
stand 232 1944 69 0 179
stand 1208 1928 98 0 179
stand 1224 1944 87 0 179
stand 1224 1928 97 0 179
stand 1368 1944 94 0 179
tree 1592 1944 15 0 179
stand 1576 1944 90 0 179
stand 1592 1944 86 0 179
stand 1608 1944 100 0 179
stand 1608 1928 100 0 179
tree 1640 1944 12 0 179
stand 1640 1944 86 0 179
stand 1688 1928 87 0 179
stand 2440 1928 18 0 179
tree 2536 1944 9 0 179
tree 2696 1944 23 0 179
stand 2776 1944 2 0 179
stand 2808 1928 71 0 179
lay 2856 1928 40 0 179
tree 3384 1944 2 0 179
tree 3432 1944 24 0 179
tree 3432 1928 25 0 179
tree 3448 1928 1 0 179
stand 3560 1944 11 0 179
tree 3848 1928 6 0 179
tree 3864 1944 12 0 179
stand 744 1976 99 0 179
tree 792 1976 8 0 179
stand 808 1960 69 0 179
tree 920 1960 15 0 179
tree 904 1960 34 0 179
tree 952 1960 9 0 179
tree 936 1960 21 0 179
tree 1096 1960 0 0 179
stand 1112 1960 88 0 179
tree 1176 1960 13 0 179
tree 1160 1960 12 0 179
stand 1224 1976 92 0 179
stand 1400 1960 88 0 179
stand 1464 1976 97 0 179
stand 1528 1976 70 0 179
tree 1560 1960 4 0 179
stand 1544 1976 93 0 179
stand 1544 1960 64 0 179
tree 1576 1960 8 0 179
tree 2536 1960 15 0 179
tree 2712 1960 12 0 179
tree 2712 1976 9 0 179
tree 2856 1960 3 0 179
tree 3384 1960 1 0 179
stand 3736 1976 15 0 179
tree 232 1992 0 0 179
tree 248 1992 26 0 179
tree 632 1992 13 0 179
tree 616 1992 10 0 179
tree 664 1992 4 0 179
tree 648 2008 8 0 179
tree 712 2008 0 0 179
tree 776 1992 9 0 179
stand 824 1992 84 0 179
stand 1128 1992 91 0 179
stand 1128 2008 94 0 179
stand 1208 2008 93 0 179
stand 1208 1992 91 0 179
stand 1352 1992 91 0 179
stand 1432 2008 93 0 179
stand 1416 2008 99 0 179
stand 1544 1992 97 0 179
tree 1576 2008 9 0 179
tree 1592 1992 6 0 179
most 2144 1984 7 1 179
tree 3400 1992 12 0 179
tree 3400 2008 22 0 179
tree 3480 2008 21 0 179
stand 3624 1992 20 0 179
tree 3944 1992 9 0 179
tree 3960 2008 24 0 179
tree 104 2040 0 0 179
tree 280 2024 15 0 179
tree 696 2040 15 0 179
tree 696 2024 13 0 179
tree 712 2040 8 0 179
tree 728 2040 5 0 179
stand 728 2024 88 0 179
tree 760 2024 15 0 179
tree 744 2040 10 0 179
stand 840 2040 90 0 179
stand 1224 2040 99 0 179
stand 1384 2040 91 0 179
stand 1432 2040 87 0 179
most 1920 2016 4 0 179
tree 2456 2040 10 0 179
tree 2472 2040 3 0 179
tree 3160 2040 12 0 179
tree 3480 2040 21 0 179
tree 3480 2024 15 0 179
stand 3640 2040 16 0 179
stand 3752 2040 17 0 179
tree 3864 2024 21 0 179
tree 3880 2024 21 0 179
tree 3960 2024 0 0 179
most 416 2048 4 0 179
stand 552 2072 92 0 179
tree 680 2056 11 0 179
tree 728 2072 15 0 179
stand 728 2072 64 0 179
tree 744 2056 8 0 179
tree 760 2072 8 0 179
tree 856 2056 8 0 179
tree 872 2072 26 0 179
tree 888 2056 10 0 179
stand 1096 2072 94 0 179
stand 1304 2072 91 0 179
stand 1336 2056 97 0 179
tree 1368 2072 11 0 179
stand 1384 2072 99 0 179
tree 1384 2072 8 0 179
tree 1384 2056 13 0 179
tree 1400 2056 5 0 179
tree 1464 2072 0 0 179
tree 2488 2056 2 0 179
lay 2792 2056 19 0 179
tree 3128 2056 2 0 179
tree 3128 2072 8 0 179
tree 3144 2056 21 0 179
tree 3144 2072 25 0 179
tree 3160 2072 21 0 179
tree 3432 2072 7 0 179
tree 3432 2056 25 0 179
tree 3448 2056 8 0 179
tree 3512 2056 26 0 179
tree 3496 2072 24 0 179
stand 3800 2056 14 0 179
stand 568 2088 15 0 179
tree 680 2088 2 0 179
tree 696 2104 11 0 179
tree 680 2104 10 0 179
stand 680 2088 90 0 179
tree 712 2104 5 0 179
tree 728 2088 1 0 179
stand 712 2088 88 0 179
stand 728 2088 88 0 179
tree 744 2088 7 0 179
stand 744 2088 89 0 179
tree 936 2104 1 0 179
stand 1128 2104 99 0 179
stand 1288 2104 87 0 179
stand 1320 2088 94 0 179
stand 1352 2104 87 0 179
tree 1368 2104 4 0 179
stand 1384 2088 91 0 179
tree 1464 2088 35 0 179
stand 1496 2088 99 0 179
stand 1480 2088 93 0 179
stand 1528 2104 94 0 179
stand 1512 2088 89 0 179
stand 2520 2104 83 0 179
tree 2536 2104 6 0 179
tree 2568 2088 10 0 179
tree 2616 2104 6 0 179
lay 2776 2104 30 0 179
tree 3144 2088 5 0 179
tree 3160 2088 22 0 179
tree 3144 2104 21 0 179
tree 3496 2088 7 0 179
tree 3496 2104 26 0 179
tree 3800 2104 4 0 179
tree 3928 2088 7 0 179
tree 3944 2088 15 0 179
tree 3944 2104 25 0 179
tree 616 2136 9 0 179
tree 616 2120 2 0 179
stand 696 2120 88 0 179
stand 680 2136 69 0 179
stand 728 2120 89 0 179
tree 712 2136 6 0 179
tree 760 2120 6 0 179
tree 760 2136 6 0 179
tree 920 2120 23 0 179
tree 952 2120 3 0 179
tree 936 2120 25 0 179
tree 968 2136 8 0 179
tree 984 2120 7 0 179
tree 1000 2120 4 0 179
stand 1144 2120 87 0 179
stand 1208 2136 88 0 179
tree 1208 2136 9 0 179
tree 1224 2136 0 0 179
tree 1240 2136 3 0 179
stand 1224 2120 93 0 179
tree 1256 2136 3 0 179
tree 1336 2120 1 0 179
stand 1368 2136 93 0 179
stand 1352 2136 94 0 179
tree 1352 2136 4 0 179
stand 1432 2136 91 0 179
tree 1864 2136 23 0 179
tree 2536 2120 35 0 179
tree 2552 2136 21 0 179
tree 2552 2120 10 0 179
stand 2584 2120 84 0 179
tree 2568 2120 5 0 179
tree 2568 2136 15 0 179
tree 2584 2136 1 0 179
tree 2616 2136 0 0 179
tree 2600 2136 8 0 179
tree 2632 2120 15 0 179
tree 2632 2136 2 0 179
lay 2808 2136 37 0 179
lay 2952 2120 47 0 179
tree 3144 2120 26 0 179
tree 3896 2136 26 0 179
tree 3912 2136 9 0 179
tree 3960 2120 5 0 179
tree 3960 2136 9 0 179
tree 632 2152 22 0 179
tree 712 2168 22 0 179
tree 712 2152 11 0 179
tree 936 2168 10 0 179
tree 952 2152 35 0 179
stand 1144 2168 78 0 179
tree 1192 2168 9 0 179
stand 1208 2152 98 0 179
tree 1880 2152 21 0 179
tree 1896 2168 25 0 179
stand 2104 2168 89 0 179
stand 2120 2168 94 0 179
stand 2168 2168 90 0 179
stand 2200 2152 98 0 179
stand 2248 2152 99 0 179
tree 2552 2168 6 0 179
tree 2584 2168 7 0 179
tree 2584 2152 27 0 179
tree 2568 2168 25 0 179
tree 2600 2168 9 0 179
tree 2600 2152 8 0 179
tree 2616 2168 3 0 179
tree 2648 2168 0 0 179
lay 2792 2168 45 0 179
stand 3272 2152 20 0 179
tree 3672 2152 6 0 179
tree 3656 2152 34 0 179
tree 3656 2168 2 0 179
tree 632 2200 15 0 179
tree 616 2184 35 0 179
tree 648 2184 4 0 179
tree 712 2200 21 0 179
tree 920 2184 12 0 179
stand 1848 2184 89 0 179
stand 1880 2184 68 0 179
stand 1864 2184 88 0 179
tree 1896 2200 9 0 179
tree 1944 2200 2 0 179
stand 2088 2184 94 0 179
dom 2240 2176 2 0 179
tree 2648 2184 2 0 179
tree 2648 2200 10 0 179
tree 2664 2200 23 0 179
tree 520 2232 8 0 179
tree 520 2216 22 0 179
tree 552 2232 23 0 179
tree 664 2232 27 0 179
tree 648 2232 27 0 179
tree 648 2216 11 0 179
tree 696 2216 5 0 179
tree 680 2216 1 0 179
tree 680 2232 22 0 179
stand 1848 2216 88 0 179
stand 1832 2232 69 0 179
tree 1896 2232 25 0 179
tree 1912 2232 23 0 179
tree 1944 2216 3 0 179
tree 2008 2216 11 0 179
tree 2040 2232 26 0 179
tree 2024 2216 15 0 179
stand 2616 2216 84 0 179
tree 2616 2216 34 0 179
tree 2632 2216 25 0 179
tree 2648 2232 13 0 179
tree 2664 2216 27 0 179
tree 2664 2232 0 0 179
tree 3880 2232 12 0 179
tree 536 2248 4 0 179
tree 520 2248 25 0 179
tree 680 2248 10 0 179
stand 1816 2264 84 0 179
stand 1800 2264 97 0 179
tree 1912 2248 1 0 179
tree 1928 2248 9 0 179
tree 1944 2264 7 0 179
tree 1960 2264 4 0 179
tree 1976 2248 35 0 179
tree 2072 2264 27 0 179
tree 2088 2264 13 0 179
stand 2616 2248 83 0 179
tree 2680 2248 13 0 179
tree 2696 2264 4 0 179
stand 2712 2264 83 0 179
tree 2696 2248 4 0 179
stand 2744 2264 83 0 179
lay 2952 2264 34 0 179
tree 3864 2248 10 0 179
tree 3864 2264 10 0 179
tree 3928 2264 11 0 179
tree 3928 2248 9 0 179
tree 3944 2248 5 0 179
tree 664 2280 21 0 179
stand 1528 2296 95 0 179
lay 1560 2296 17 0 179
stand 1800 2280 68 0 179
stand 1800 2296 86 0 179
tree 1800 2280 11 0 179
stand 1848 2296 88 0 179
stand 1928 2280 94 0 179
tree 1928 2280 21 0 179
tree 1944 2280 11 0 179
tree 1960 2280 2 0 179
stand 2040 2280 94 0 179
stand 2072 2296 94 0 179
stand 2056 2296 94 0 179
stand 2104 2296 67 0 179
stand 2152 2296 89 0 179
stand 2216 2296 94 0 179
stand 2264 2280 86 0 179
tree 2680 2280 13 0 179
stand 2728 2280 83 0 179
tree 2776 2280 9 0 179
tree 2776 2296 8 0 179
lay 2984 2296 46 0 179
lay 3048 2296 42 0 179
tree 3048 2296 22 0 179
tree 3768 2296 11 0 179
tree 3784 2280 7 0 179
stand 3800 2296 67 0 179
tree 3816 2296 34 0 179
tree 3864 2280 18 0 179
tree 3864 2296 18 0 179
tree 3912 2296 7 0 179
tree 3928 2280 3 0 179
stand 1832 2312 97 0 179
stand 1832 2328 97 0 179
stand 1912 2328 97 0 179
stand 1896 2312 90 0 179
stand 2184 2312 91 0 179
lay 2952 2328 39 0 179
stand 2984 2328 69 0 179
tree 3064 2312 35 0 179
tree 3080 2328 10 0 179
tree 3752 2312 21 0 179
tree 3768 2312 18 0 179
tree 3784 2328 0 0 179
tree 3864 2312 23 0 179
tree 3848 2312 2 0 179
tree 3864 2328 3 0 179
tree 3912 2312 0 0 179
tree 488 2344 10 0 179
tree 504 2360 4 0 179
tree 856 2360 7 0 179
lay 904 2360 21 0 179
tree 984 2360 6 0 179
tree 1016 2360 5 0 179
tree 1624 2344 15 0 179
tree 1608 2344 34 0 179
tree 1656 2344 9 0 179
tree 1640 2344 21 0 179
stand 2008 2344 0 0 179
stand 2056 2360 68 0 179
stand 2088 2360 89 0 179
stand 2136 2344 67 0 179
tree 2152 2344 35 0 179
stand 2312 2344 91 0 179
stand 2936 2344 89 0 179
lay 2984 2360 46 0 179
lay 3080 2344 45 0 179
tree 3080 2344 26 0 179
tree 3096 2344 21 0 179
stand 3160 2344 8 0 179
tree 3384 2344 2 0 179
tree 3400 2360 3 0 179
tree 3800 2360 22 0 179
stand 3832 2344 67 0 179
tree 3864 2344 19 0 179
tree 3912 2360 23 0 179
tree 3912 2344 3 0 179
tree 520 2376 27 0 179
tree 744 2392 3 0 179
lay 856 2392 39 0 179
tree 888 2392 7 0 179
tree 920 2392 11 0 179
tree 936 2392 10 0 179
stand 1528 2376 84 0 179
tree 1880 2376 27 0 179
stand 2024 2392 67 0 179
stand 2168 2376 86 0 179
stand 2184 2392 98 0 179
tree 2232 2392 23 0 179
tree 3064 2392 5 0 179
stand 3144 2376 87 0 179
tree 3176 2376 0 0 179
tree 3176 2392 12 0 179
tree 3432 2392 9 0 179
stand 3704 2376 67 0 179
tree 3816 2376 22 0 179
tree 3816 2392 25 0 179
tree 3832 2392 20 0 179
tree 3896 2376 1 0 179
lay 472 2408 50 0 179
tree 728 2408 25 0 179
tree 728 2424 12 0 179
tree 744 2408 6 0 179
stand 904 2424 91 0 179
lay 952 2408 18 0 179
stand 1992 2408 94 0 179
stand 2008 2408 98 0 179
stand 2040 2424 69 0 179
stand 2056 2424 84 0 179
stand 2104 2424 84 0 179
tree 2136 2424 4 0 179
stand 2584 2424 95 0 179
lay 2616 2424 17 0 179
tree 2824 2424 27 0 179
tree 3064 2408 34 0 179
stand 3128 2424 1 0 179
stand 3192 2424 4 0 179
tree 3448 2424 6 0 179
stand 3688 2424 67 0 179
stand 3688 2408 69 0 179
lay 3800 2424 30 0 179
tree 3832 2408 16 0 179
tree 3832 2424 21 0 179
tree 3816 2408 7 0 179
tree 3896 2424 5 0 179
stand 3880 2424 67 0 179
tree 728 2456 3 0 179
stand 1256 2456 92 0 179
tree 1560 2440 8 0 179
tree 1576 2456 26 0 179
tree 1592 2440 10 0 179
tree 2136 2440 13 0 179
stand 2152 2456 69 0 179
tree 2152 2440 24 0 179
tree 2168 2440 34 0 179
stand 2216 2440 97 0 179
tree 2760 2440 5 0 179
tree 2776 2440 26 0 179
tree 2808 2440 10 0 179
tree 2808 2456 5 0 179
tree 2824 2440 11 0 179
tree 2824 2456 4 0 179
stand 3256 2456 95 0 179
lay 3288 2456 17 0 179
stand 3720 2456 67 0 179
stand 3816 2440 69 0 179
tree 3848 2440 25 0 179
tree 3848 2456 9 0 179
tree 3864 2456 18 0 179
tree 3880 2456 11 0 179
tree 3912 2440 10 0 179
tree 3928 2456 10 0 179
lay 408 2488 52 0 179
tree 440 2472 34 0 179
tree 472 2472 1 0 179
tree 712 2472 11 0 179
tree 712 2488 12 0 179
tree 920 2488 4 0 179
stand 1432 2472 88 0 179
tree 1640 2488 1 0 179
tree 2008 2488 22 0 179
stand 2040 2472 98 0 179
tree 2136 2488 15 0 179
stand 2184 2472 84 0 179
tree 2680 2472 15 0 179
tree 2664 2472 34 0 179
tree 2712 2472 9 0 179
tree 2696 2472 21 0 179
tree 2792 2472 8 0 179
tree 2808 2488 5 0 179
tree 2824 2472 3 0 179
tree 2840 2472 23 0 179
tree 2840 2488 1 0 179
tree 3192 2472 11 0 179
tree 3176 2472 34 0 179
stand 3720 2488 67 0 179
lay 3848 2488 25 0 179
tree 3880 2488 6 0 179
tree 3880 2472 23 0 179
stand 3896 2488 67 0 179
lay 248 2504 52 0 179
lay 312 2504 52 0 179
tree 296 2520 3 0 179
stand 520 2520 88 0 179
tree 536 2520 12 0 179
lay 552 2504 52 0 179
tree 552 2520 1 0 179
stand 568 2520 94 0 179
lay 920 2520 26 0 179
tree 1320 2520 9 0 179
tree 1320 2504 2 0 179
tree 1416 2520 6 0 179
tree 1624 2504 23 0 179
tree 1656 2504 3 0 179
tree 1640 2504 25 0 179
tree 1672 2520 8 0 179
tree 1688 2504 7 0 179
tree 1704 2504 4 0 179
tree 2024 2504 2 0 179
tree 2040 2520 15 0 179
tree 2072 2520 21 0 179
tree 2088 2520 7 0 179
stand 2152 2520 90 0 179
tree 2152 2504 35 0 179
tree 2168 2504 1 0 179
tree 2248 2520 7 0 179
stand 2584 2504 84 0 179
tree 2840 2504 12 0 179
tree 2824 2504 15 0 179
tree 2824 2520 15 0 179
tree 2840 2520 35 0 179
tree 2856 2520 21 0 179
tree 2904 2520 4 0 179
tree 2888 2520 6 0 179
tree 2920 2520 8 0 179
tree 2936 2520 10 0 179
tree 3352 2504 15 0 179
tree 3336 2504 34 0 179
tree 3384 2504 9 0 179
tree 3368 2504 21 0 179
tree 3720 2520 17 0 179
stand 3784 2504 67 0 179
stand 3816 2504 67 0 179
stand 3864 2520 67 0 179
stand 3848 2504 69 0 179
stand 3912 2504 67 0 179
tree 216 2552 35 0 179
tree 200 2552 1 0 179
tree 296 2536 12 0 179
stand 440 2536 99 0 179
lay 472 2536 52 0 179
stand 536 2536 68 0 179
tree 552 2552 9 0 179
tree 1336 2536 22 0 179
tree 1416 2552 22 0 179
tree 1416 2536 11 0 179
tree 1640 2552 10 0 179
tree 1656 2536 35 0 179
stand 1848 2552 78 0 179
tree 2056 2536 1 0 179
tree 2072 2536 2 0 179
stand 2104 2536 94 0 179
stand 2264 2552 98 0 179
tree 2936 2552 5 0 179
stand 2920 2536 84 0 179
tree 2952 2536 8 0 179
tree 3064 2552 3 0 179
stand 3064 2536 83 0 179
stand 3256 2536 84 0 179
tree 3720 2536 27 0 179
tree 3720 2552 20 0 179
stand 3784 2552 69 0 179
stand 3880 2552 67 0 179
tree 216 2584 8 0 179
tree 216 2568 10 0 179
tree 248 2568 4 0 179
dom 384 2560 2 0 179
stand 536 2584 84 0 179
tree 536 2568 3 0 179
tree 568 2584 7 0 179
tree 552 2568 0 0 179
tree 600 2584 13 0 179
tree 1336 2584 15 0 179
tree 1320 2568 35 0 179
tree 1352 2568 4 0 179
tree 1416 2584 21 0 179
tree 1624 2568 12 0 179
stand 2056 2568 86 0 179
stand 2248 2568 88 0 179
stand 2312 2584 92 0 179
tree 2616 2568 8 0 179
tree 2632 2584 26 0 179
tree 2648 2568 10 0 179
stand 2936 2568 83 0 179
tree 3720 2568 8 0 179
tree 3736 2584 25 0 179
stand 3848 2568 67 0 179
tree 232 2616 1 0 179
tree 232 2600 35 0 179
tree 248 2600 10 0 179
lay 552 2616 52 0 179
tree 1224 2616 8 0 179
tree 1224 2600 22 0 179
tree 1256 2616 23 0 179
tree 1368 2616 27 0 179
tree 1352 2616 27 0 179
tree 1352 2600 11 0 179
tree 1400 2600 5 0 179
tree 1384 2600 1 0 179
tree 1384 2616 22 0 179
stand 2488 2600 88 0 179
tree 2696 2616 1 0 179
stand 2984 2616 92 0 179
tree 3288 2600 8 0 179
tree 3304 2616 26 0 179
tree 3320 2600 10 0 179
stand 3432 2616 89 0 179
stand 3480 2616 91 0 179
tree 3752 2600 35 0 179
tree 216 2648 7 0 179
tree 248 2632 0 0 179
lay 264 2632 52 0 179
tree 264 2648 8 0 179
dom 320 2624 7 0 179
stand 408 2648 179 0 179
stand 424 2648 181 0 179
stand 632 2632 84 0 179
tree 744 2632 23 0 179
tree 776 2648 23 0 179
tree 808 2648 35 0 179
tree 856 2648 34 0 179
tree 840 2632 25 0 179
tree 1240 2632 4 0 179
tree 1224 2632 25 0 179
tree 1384 2632 10 0 179
tree 2376 2648 9 0 179
tree 2376 2632 2 0 179
tree 2472 2648 6 0 179
tree 2680 2632 23 0 179
tree 2712 2632 3 0 179
tree 2696 2632 25 0 179
tree 2728 2648 8 0 179
tree 2744 2632 7 0 179
tree 2760 2632 4 0 179
stand 3160 2632 88 0 179
tree 3368 2648 1 0 179
stand 3544 2632 83 0 179
stand 3576 2632 95 0 179
stand 3624 2648 86 0 179
tree 3768 2632 23 0 179
tree 3752 2632 7 0 179
tree 3752 2648 7 0 179
tree 3768 2648 0 0 179
tree 216 2664 0 0 179
tree 232 2664 4 0 179
tree 248 2680 1 0 179
stand 424 2680 179 0 179
dom 512 2656 0 0 179
tree 616 2664 15 0 179
tree 824 2680 15 0 179
tree 856 2664 12 0 179
tree 840 2664 2 0 179
tree 856 2680 27 0 179
tree 872 2680 23 0 179
tree 1368 2664 21 0 179
tree 2392 2664 22 0 179
tree 2472 2680 22 0 179
tree 2472 2664 11 0 179
tree 2696 2680 10 0 179
tree 2712 2664 35 0 179
stand 2904 2680 78 0 179
tree 3048 2680 9 0 179
tree 3048 2664 2 0 179
tree 3144 2680 6 0 179
tree 3352 2664 23 0 179
tree 3384 2664 3 0 179
tree 3368 2664 25 0 179
tree 3400 2680 8 0 179
tree 3416 2664 7 0 179
tree 3432 2664 4 0 179
stand 3432 2680 83 0 179
stand 3464 2664 85 0 179
stand 3640 2680 85 0 179
stand 3624 2664 88 0 179
tree 3768 2664 23 0 179
tree 3752 2664 5 0 179
tree 3752 2680 0 0 179
stand 3752 2664 69 0 179
lay 248 2696 52 0 179
tree 2392 2712 15 0 179
tree 2376 2696 35 0 179
tree 2408 2696 4 0 179
tree 2472 2712 21 0 179
tree 2680 2696 12 0 179
tree 3064 2696 22 0 179
tree 3144 2712 22 0 179
tree 3144 2696 11 0 179
tree 3192 2696 1 0 179
tree 3208 2712 0 0 179
tree 3368 2712 10 0 179
tree 3384 2696 35 0 179
tree 3416 2712 3 0 179
tree 3448 2696 15 0 179
stand 3480 2712 85 0 179
stand 3576 2712 78 0 179
tree 3624 2712 27 0 179
tree 3656 2712 26 0 179
tree 3752 2696 15 0 179
tree 264 2728 5 0 179
lay 440 2728 54 0 179
lay 472 2728 54 0 179
lay 520 2744 4 0 179
lay 568 2728 54 0 179
tree 1192 2728 10 0 179
tree 1208 2744 4 0 179
tree 1560 2744 7 0 179
lay 1608 2744 21 0 179
tree 1688 2744 6 0 179
tree 1720 2744 5 0 179
tree 2280 2744 8 0 179
tree 2280 2728 22 0 179
tree 2312 2744 23 0 179
tree 2424 2744 27 0 179
tree 2408 2744 27 0 179
tree 2408 2728 11 0 179
tree 2456 2728 5 0 179
tree 2440 2728 1 0 179
tree 2440 2744 22 0 179
tree 3064 2744 15 0 179
tree 3048 2728 35 0 179
tree 3080 2728 4 0 179
tree 3144 2744 21 0 179
tree 3352 2728 12 0 179
stand 3480 2728 83 0 179
tree 3624 2728 13 0 179
tree 3640 2728 11 0 179
tree 3672 2728 8 0 179
tree 3656 2744 6 0 179
tree 3688 2728 34 0 179
tree 3704 2728 4 0 179
tree 264 2776 13 0 179
dom 320 2752 7 0 179
stand 408 2776 178 0 179
stand 424 2760 178 0 179
tree 1224 2760 27 0 179
tree 1448 2776 3 0 179
lay 1560 2776 39 0 179
tree 1592 2776 7 0 179
tree 1624 2776 11 0 179
tree 1640 2776 10 0 179
tree 2296 2760 4 0 179
tree 2280 2760 25 0 179
tree 2440 2760 10 0 179
tree 2952 2776 8 0 179
tree 2952 2760 22 0 179
tree 2984 2776 23 0 179
tree 3096 2776 27 0 179
tree 3080 2776 27 0 179
tree 3080 2760 11 0 179
tree 3128 2760 5 0 179
tree 3112 2760 1 0 179
tree 3112 2776 22 0 179
stand 3400 2776 88 0 179
tree 3448 2776 15 0 179
tree 3448 2760 0 0 179
stand 3496 2760 88 0 179
stand 3816 2760 96 0 179
lay 312 2808 35 0 179
lay 424 2792 52 0 179
tree 1432 2792 25 0 179
tree 1432 2808 12 0 179
tree 1448 2792 6 0 179
stand 1608 2808 91 0 179
lay 1656 2792 18 0 179
tree 2424 2792 21 0 179
tree 2968 2792 4 0 179
tree 2952 2792 25 0 179
tree 3112 2792 10 0 179
stand 3448 2808 87 0 179
stand 3496 2792 89 0 179
lay 3592 2808 45 0 179
dom 3616 2784 3 0 179
stand 392 2840 89 0 179
stand 440 2840 91 0 179
tree 1432 2840 3 0 179
tree 3096 2824 21 0 179
stand 3512 2824 87 0 179
lay 3608 2824 31 0 179
lay 3592 2840 27 0 179
tree 3752 2840 0 0 179
tree 3896 2840 34 0 179
tree 3880 2824 2 0 179
lay 296 2856 26 0 179
stand 328 2872 92 0 179
lay 424 2856 52 0 179
stand 504 2856 83 0 179
stand 536 2856 95 0 179
stand 584 2872 86 0 179
stand 1048 2856 85 0 179
tree 1048 2856 6 0 179
tree 1080 2872 11 0 179
tree 1064 2872 4 0 179
stand 1096 2856 90 0 179
stand 1128 2872 64 0 179
tree 1416 2856 11 0 179
tree 1416 2872 12 0 179
tree 1624 2872 4 0 179
tree 2248 2856 10 0 179
tree 2264 2872 4 0 179
tree 2616 2872 7 0 179
lay 2664 2872 21 0 179
tree 2744 2872 6 0 179
tree 2776 2872 5 0 179
lay 3512 2872 3 0 179
tree 3560 2856 15 0 179
tree 3752 2856 9 0 179
tree 3800 2872 21 0 179
tree 3784 2872 35 0 179
tree 3832 2872 34 0 179
tree 3816 2872 2 0 179
tree 3848 2856 4 0 179
tree 3864 2872 9 0 179
tree 3912 2872 13 0 179
tree 3912 2856 10 0 179
lay 312 2904 22 0 179
lay 312 2888 31 0 179
stand 392 2904 83 0 179
stand 424 2888 85 0 179
lay 520 2904 52 0 179
stand 584 2888 88 0 179
stand 600 2904 85 0 179
stand 1048 2888 84 0 179
stand 1096 2888 97 0 179
stand 1144 2888 87 0 179
tree 1144 2888 13 0 179
tree 1160 2904 2 0 179
lay 1624 2904 26 0 179
tree 2280 2888 27 0 179
tree 2504 2904 3 0 179
lay 2616 2904 39 0 179
tree 2648 2904 7 0 179
tree 2680 2904 11 0 179
tree 2696 2904 10 0 179
tree 2920 2888 10 0 179
tree 2936 2904 4 0 179
tree 3288 2904 7 0 179
lay 3336 2904 21 0 179
tree 3416 2904 6 0 179
tree 3448 2904 5 0 179
tree 3784 2888 9 0 179
tree 3896 2904 8 0 179
tree 3928 2888 8 0 179
tree 3912 2888 2 0 179
lay 312 2920 35 0 179
lay 296 2936 22 0 179
lay 296 2920 22 0 179
tree 376 2936 3 0 179
tree 408 2920 15 0 179
stand 440 2936 85 0 179
tree 584 2936 0 0 179
tree 616 2936 5 0 179
stand 1112 2920 86 0 179
tree 1144 2920 26 0 179
tree 1144 2936 21 0 179
tree 1176 2936 34 0 179
tree 1160 2920 1 0 179
tree 2488 2920 25 0 179
tree 2488 2936 12 0 179
tree 2504 2920 6 0 179
stand 2664 2936 91 0 179
lay 2712 2920 18 0 179
tree 2952 2920 27 0 179
tree 3176 2936 3 0 179
lay 3288 2936 39 0 179
tree 3320 2936 7 0 179
tree 3352 2936 11 0 179
tree 3368 2936 10 0 179
tree 3848 2920 6 0 179
tree 3896 2920 26 0 179
stand 3896 2936 92 0 179
tree 3880 2936 5 0 179
tree 3912 2920 5 0 179
tree 3928 2920 13 0 179
stand 344 2968 92 0 179
stand 440 2952 83 0 179
tree 600 2952 11 0 179
tree 584 2952 13 0 179
tree 632 2952 3 0 179
tree 616 2968 6 0 179
tree 664 2952 4 0 179
tree 648 2952 34 0 179
tree 1208 2968 27 0 179
tree 1224 2952 24 0 179
tree 2488 2968 3 0 179
tree 3160 2952 25 0 179
tree 3160 2968 12 0 179
tree 3176 2952 6 0 179
stand 3336 2968 91 0 179
lay 3384 2952 18 0 179
tree 3880 2952 6 0 179
tree 3896 2968 13 0 179
stand 360 3000 88 0 179
lay 408 3000 52 0 179
tree 408 2984 0 0 179
tree 408 3000 15 0 179
stand 456 2984 88 0 179
lay 520 3000 52 0 179
lay 616 2984 52 0 179
tree 1208 3000 12 0 179
tree 1880 2984 34 0 179
tree 1896 3000 12 0 179
tree 2472 2984 11 0 179
tree 2472 3000 12 0 179
tree 2680 3000 4 0 179
tree 3160 3000 3 0 179
stand 3400 2984 85 0 179
stand 3512 2984 83 0 179
dom 3584 2976 0 0 179
tree 3752 2984 3 0 179
tree 3768 2984 1 0 179
tree 3800 3000 1 0 179
tree 3816 3000 15 0 179
tree 3944 3000 13 0 179
stand 3960 3000 87 0 179
stand 408 3032 87 0 179
stand 456 3016 89 0 179
lay 552 3032 45 0 179
dom 576 3008 3 0 179
stand 920 3016 90 0 179
stand 904 3016 88 0 179
stand 1048 3016 92 0 179
tree 1048 3032 12 0 179
tree 1064 3032 7 0 179
stand 1112 3016 85 0 179
tree 1176 3016 25 0 179
tree 1224 3032 3 0 179
tree 1240 3032 7 0 179
stand 1272 3032 71 0 179
tree 1448 3016 23 0 179
tree 1480 3032 23 0 179
tree 1512 3032 35 0 179
tree 1560 3032 34 0 179
tree 1544 3016 25 0 179
lay 2680 3032 26 0 179
stand 2904 3016 85 0 179
tree 2904 3016 6 0 179
tree 2936 3032 11 0 179
tree 2920 3032 4 0 179
stand 2952 3016 90 0 179
stand 2984 3032 64 0 179
tree 3144 3016 11 0 179
tree 3144 3032 12 0 179
tree 3352 3032 4 0 179
tree 3400 3016 15 0 179
stand 3416 3016 87 0 179
tree 3816 3016 0 0 179
tree 3832 3016 13 0 179
tree 3848 3032 34 0 179
stand 472 3048 87 0 179
lay 552 3064 27 0 179
lay 568 3048 31 0 179
stand 888 3064 89 0 179
stand 904 3048 92 0 179
tree 1048 3048 12 0 179
stand 1080 3048 71 0 179
stand 1112 3048 87 0 179
stand 1096 3048 91 0 179
stand 1160 3064 67 0 179
tree 1160 3064 6 0 179
tree 1176 3064 26 0 179
tree 1208 3064 24 0 179
tree 1240 3064 8 0 179
stand 1256 3064 90 0 179
tree 1272 3048 23 0 179
tree 1272 3064 6 0 179
tree 1320 3048 11 0 179
tree 1336 3048 34 0 179
tree 1320 3064 22 0 179
tree 1528 3064 15 0 179
tree 1560 3048 12 0 179
tree 1544 3048 2 0 179
tree 1560 3064 27 0 179
tree 1576 3064 23 0 179
tree 1864 3064 3 0 179
tree 1944 3064 1 0 179
stand 2904 3048 84 0 179
stand 2952 3048 97 0 179
stand 3000 3048 87 0 179
tree 3000 3048 13 0 179
tree 3016 3064 2 0 179
lay 3352 3064 26 0 179
tree 3448 3064 11 0 179
tree 3432 3064 5 0 179
stand 3448 3064 85 0 179
lay 3496 3064 35 0 179
stand 3544 3048 1 0 179
tree 3672 3064 35 0 179
stand 328 3080 81 0 179
tree 520 3080 15 0 179
stand 872 3080 94 0 179
stand 1096 3080 68 0 179
stand 1112 3096 86 0 179
tree 1160 3080 4 0 179
stand 1240 3096 95 0 179
tree 1256 3080 12 0 179
tree 1272 3096 12 0 179
stand 1336 3096 69 0 179
stand 1320 3080 68 0 179
tree 1816 3096 22 0 179
tree 1864 3080 34 0 179
tree 1864 3096 11 0 179
tree 1944 3080 1 0 179
stand 2968 3080 86 0 179
tree 3000 3080 26 0 179
tree 3000 3096 21 0 179
tree 3032 3096 34 0 179
tree 3016 3080 1 0 179
tree 3432 3096 15 0 179
tree 3528 3080 7 0 179
tree 3528 3096 10 0 179
lay 3592 3096 45 0 179
lay 3608 3096 31 0 179
lay 3624 3096 44 0 179
tree 3688 3080 34 0 179
stand 472 3128 33 0 179
stand 520 3112 81 0 179
tree 1192 3112 13 0 179
stand 1304 3128 89 0 179
stand 1304 3112 98 0 179
tree 1288 3128 7 0 179
tree 1816 3128 0 0 179
tree 1880 3128 15 0 179
tree 1960 3112 24 0 179
stand 2184 3112 18 0 179
stand 2248 3128 19 0 179
tree 2264 3112 3 0 179
tree 2248 3112 21 0 179
tree 3064 3128 27 0 179
tree 3080 3112 24 0 179
lay 3512 3112 44 0 179
lay 3496 3112 21 0 179
stand 3528 3112 81 0 179
lay 3576 3128 41 0 179
lay 3608 3128 31 0 179
tree 3672 3128 2 0 179
stand 776 3160 89 0 179
tree 872 3160 7 0 179
tree 1112 3160 15 0 179
stand 1208 3144 91 0 179
tree 1208 3160 34 0 179
tree 1272 3160 4 0 179
stand 1288 3144 98 0 179
stand 1304 3160 91 0 179
tree 1304 3160 8 0 179
tree 1288 3144 1 0 179
stand 1352 3144 68 0 179
tree 1800 3160 22 0 179
tree 1896 3160 13 0 179
tree 1960 3144 25 0 179
tree 2328 3160 21 0 179
tree 2504 3144 23 0 179
tree 2536 3160 23 0 179
tree 2568 3160 35 0 179
tree 2616 3160 34 0 179
tree 2600 3144 25 0 179
tree 3064 3160 12 0 179
stand 3640 3144 85 0 179
tree 3688 3144 7 0 179
tree 3704 3160 11 0 179
stand 3720 3160 90 0 179
tree 3720 3160 0 0 179
tree 3736 3160 5 0 179
stand 392 3192 88 0 179
lay 440 3192 52 0 179
tree 440 3176 0 0 179
tree 440 3192 15 0 179
stand 488 3176 88 0 179
lay 552 3192 52 0 179
stand 728 3176 98 0 179
stand 776 3176 95 0 179
tree 792 3192 5 0 179
tree 776 3192 7 0 179
stand 808 3176 85 0 179
stand 824 3176 69 0 179
tree 808 3176 0 0 179
stand 856 3176 95 0 179
stand 888 3192 91 0 179
stand 920 3192 88 0 179
tree 952 3192 5 0 179
stand 968 3176 87 0 179
stand 984 3192 84 0 179
tree 968 3192 10 0 179
tree 968 3176 1 0 179
stand 1000 3176 99 0 179
stand 1000 3192 80 0 179
tree 1112 3176 12 0 179
tree 1896 3192 21 0 179
tree 1944 3176 7 0 179
stand 2040 3192 12 0 179
stand 2280 3176 17 0 179
tree 2376 3192 35 0 179
tree 2584 3192 15 0 179
tree 2616 3176 12 0 179
tree 2600 3176 2 0 179
tree 2616 3192 27 0 179
tree 2632 3192 23 0 179
stand 2776 3176 90 0 179
stand 2760 3176 88 0 179
stand 2904 3176 92 0 179
tree 2904 3192 12 0 179
tree 2920 3192 7 0 179
stand 2968 3176 85 0 179
tree 3032 3176 25 0 179
tree 3080 3192 3 0 179
tree 3096 3192 7 0 179
stand 3128 3192 71 0 179
tree 3144 3192 10 0 179
tree 3176 3176 23 0 179
tree 3208 3192 23 0 179
tree 3240 3192 35 0 179
tree 3256 3192 0 0 179
stand 3256 3176 77 0 179
tree 3288 3192 34 0 179
tree 3272 3176 25 0 179
tree 3448 3192 3 0 179
stand 3448 3192 89 0 179
tree 3464 3192 5 0 179
tree 3480 3192 10 0 179
tree 3496 3192 9 0 179
tree 3512 3192 7 0 179
tree 3528 3176 9 0 179
stand 3544 3192 87 0 179
tree 3576 3192 4 0 179
stand 440 3224 87 0 179
stand 488 3208 89 0 179
lay 584 3224 45 0 179
stand 792 3208 90 0 179
stand 808 3208 98 0 179
stand 824 3208 92 0 179
stand 1064 3208 94 0 179
stand 1160 3208 90 0 179
tree 1912 3224 24 0 179
tree 1944 3224 35 0 179
tree 1944 3208 25 0 179
tree 2232 3208 1 0 179
tree 2216 3208 26 0 179
tree 2392 3208 35 0 179
stand 2744 3224 89 0 179
stand 2760 3208 92 0 179
tree 2904 3208 12 0 179
stand 2936 3208 71 0 179
stand 2968 3208 87 0 179
stand 2952 3208 91 0 179
stand 3016 3224 67 0 179
tree 3016 3224 6 0 179
tree 3032 3224 26 0 179
tree 3064 3224 24 0 179
tree 3096 3224 8 0 179
stand 3112 3224 90 0 179
tree 3128 3208 23 0 179
tree 3128 3224 6 0 179
tree 3160 3224 4 0 179
tree 3160 3208 6 0 179
tree 3176 3208 11 0 179
tree 3192 3208 34 0 179
tree 3176 3224 22 0 179
tree 3256 3224 15 0 179
tree 3288 3208 12 0 179
tree 3272 3208 2 0 179
tree 3288 3224 27 0 179
tree 3304 3224 23 0 179
stand 3384 3208 90 0 179
stand 3448 3208 91 0 179
tree 3480 3208 5 0 179
tree 3512 3208 2 0 179
stand 3496 3224 94 0 179
tree 3544 3224 8 0 179
tree 3544 3208 5 0 179
tree 3528 3208 7 0 179
stand 3528 3208 89 0 179
stand 3656 3208 82 0 179
tree 328 3256 27 0 179
stand 504 3240 87 0 179
lay 584 3256 27 0 179
lay 600 3240 31 0 179
stand 712 3240 91 0 179
tree 744 3256 3 0 179
stand 792 3240 93 0 179
stand 856 3240 89 0 179
stand 888 3256 93 0 179
tree 1912 3240 24 0 179
tree 1928 3256 12 0 179
tree 1928 3240 12 0 179
stand 2040 3256 11 0 179
tree 2360 3256 35 0 179
tree 2408 3256 23 0 179
tree 2408 3240 24 0 179
stand 2728 3240 94 0 179
stand 2952 3240 68 0 179
stand 2968 3256 86 0 179
tree 3016 3240 4 0 179
stand 3096 3256 95 0 179
tree 3112 3240 12 0 179
tree 3128 3256 12 0 179
stand 3192 3256 69 0 179
stand 3176 3240 68 0 179
lay 3240 3256 11 0 179
tree 3384 3256 10 0 179
tree 3368 3256 9 0 179
tree 3400 3256 3 0 179
stand 3416 3256 85 0 179
stand 3416 3240 89 0 179
tree 3496 3256 11 0 179
tree 3544 3256 2 0 179
tree 3544 3240 9 0 179
tree 3528 3240 5 0 179
tree 3592 3240 22 0 179
tree 3608 3256 11 0 179
tree 3592 3256 1 0 179
stand 3672 3256 8 0 179
stand 3720 3256 91 0 179
stand 3768 3256 83 0 179
tree 312 3272 0 0 179
tree 296 3288 3 0 179
tree 552 3272 15 0 179
stand 744 3272 91 0 179
stand 744 3288 88 0 179
stand 776 3288 86 0 179
stand 840 3272 90 0 179
stand 888 3288 92 0 179
stand 872 3272 88 0 179
tree 872 3288 9 0 179
stand 904 3272 91 0 179
stand 952 3288 89 0 179
stand 1048 3272 93 0 179
tree 1032 3288 15 0 179
tree 1656 3288 22 0 179
tree 1672 3272 35 0 179
tree 1688 3288 26 0 179
tree 1704 3288 5 0 179
tree 1736 3288 12 0 179
tree 1752 3288 2 0 179
tree 1768 3288 9 0 179
tree 1848 3288 23 0 179
tree 1880 3288 10 0 179
tree 1864 3288 2 0 179
tree 1864 3272 34 0 179
tree 1928 3272 4 0 179
stand 2072 3288 14 0 179
tree 2328 3272 12 0 179
tree 2312 3272 11 0 179
tree 2424 3288 34 0 179
tree 2408 3272 8 0 179
tree 3048 3272 13 0 179
stand 3160 3288 89 0 179
stand 3160 3272 98 0 179
tree 3144 3288 7 0 179
lay 3192 3288 0 0 179
stand 3208 3288 67 0 179
tree 3400 3288 8 0 179
tree 3432 3288 1 0 179
tree 3448 3272 5 0 179
tree 3432 3272 9 0 179
tree 3480 3272 3 0 179
tree 3464 3272 1 0 179
tree 3560 3272 8 0 179
tree 3592 3272 10 0 179
tree 3800 3272 5 0 179
stand 232 3304 81 0 179
tree 280 3304 27 0 179
stand 472 3320 79 0 179
stand 504 3320 33 0 179
stand 552 3304 81 0 179
stand 840 3304 96 0 179
stand 984 3304 70 0 179
stand 1032 3304 87 0 179
tree 1032 3304 11 0 179
tree 1656 3320 12 0 179
tree 1656 3304 26 0 179
tree 1672 3320 21 0 179
tree 1720 3304 21 0 179
tree 1736 3304 23 0 179
tree 1768 3304 7 0 179
tree 1784 3304 21 0 179
tree 1800 3320 15 0 179
tree 1816 3320 9 0 179
tree 1832 3320 8 0 179
tree 1960 3320 35 0 179
stand 2072 3320 16 0 179
tree 2424 3304 12 0 179
stand 2632 3320 89 0 179
tree 2728 3320 7 0 179
tree 2968 3320 15 0 179
stand 3064 3304 91 0 179
tree 3064 3320 34 0 179
tree 3128 3320 4 0 179
stand 3144 3304 98 0 179
stand 3160 3320 91 0 179
tree 3160 3320 8 0 179
tree 3144 3304 1 0 179
lay 3176 3304 55 0 179
stand 3208 3304 68 0 179
stand 3224 3304 67 0 179
stand 3272 3320 67 0 179
lay 3432 3304 51 0 179
tree 3592 3320 4 0 179
stand 232 3352 30 0 179
stand 872 3336 82 0 179
stand 1032 3336 95 0 179
tree 1592 3352 23 0 179
tree 1832 3336 7 0 179
tree 1848 3336 34 0 179
tree 1864 3336 27 0 179
tree 1864 3352 5 0 179
tree 1880 3352 10 0 179
tree 1944 3336 13 0 179
tree 1944 3352 7 0 179
tree 1976 3336 9 0 179
tree 1960 3336 10 0 179
tree 2392 3352 15 0 179
stand 2584 3336 98 0 179
stand 2632 3336 95 0 179
tree 2648 3352 5 0 179
tree 2632 3352 7 0 179
stand 2664 3336 85 0 179
stand 2680 3336 69 0 179
tree 2664 3336 0 0 179
stand 2712 3336 95 0 179
stand 2744 3352 91 0 179
stand 2776 3352 88 0 179
tree 2808 3352 5 0 179
stand 2824 3336 87 0 179
stand 2840 3352 84 0 179
tree 2824 3352 10 0 179
tree 2824 3336 1 0 179
stand 2856 3336 99 0 179
stand 2856 3352 80 0 179
tree 2968 3336 12 0 179
stand 3176 3352 67 0 179
tree 3176 3352 25 0 179
stand 3272 3352 67 0 179
stand 3368 3336 1 0 179
tree 3608 3336 12 0 179
tree 3608 3352 5 0 179
tree 3624 3352 4 0 179
lay 3816 3336 51 0 179
stand 3832 3352 178 0 179
stand 184 3368 80 0 179
trop 308 3380 46 179 179
tree 776 3384 9 0 179
stand 808 3368 84 0 179
stand 888 3384 88 0 179
tree 1592 3368 10 0 179
tree 1624 3368 11 0 179
tree 1608 3368 34 0 179
tree 1656 3368 25 0 179
tree 1640 3368 1 0 179
tree 1640 3384 1 0 179
fre 1780 3388 1 179 179
tree 1816 3384 9 0 179
tree 1832 3384 25 0 179
tree 1848 3384 13 0 179
tree 1896 3368 12 0 179
tree 1912 3368 5 0 179
tree 1944 3368 10 0 179
tree 1928 3368 7 0 179
tree 2360 3384 25 0 179
tree 2376 3368 1 0 179
tree 2392 3368 21 0 179
stand 2648 3368 90 0 179
stand 2664 3368 98 0 179
stand 2680 3368 92 0 179
stand 2920 3368 94 0 179
stand 3016 3368 90 0 179
tree 3192 3384 10 0 179
tree 3224 3384 24 0 179
tree 3304 3368 21 0 179
stand 3352 3384 99 0 179
tree 3432 3384 9 0 179
tree 3624 3368 24 0 179
dom 3744 3360 8 0 179
stand 3832 3368 178 0 179
tree 200 3416 8 0 179
trop 372 3396 46 179 179
stand 536 3416 82 0 179
stand 920 3400 87 0 179
lay 1016 3400 31 0 179
lay 1000 3416 27 0 179
tree 1720 3416 10 0 179
tree 1752 3400 13 0 179
tree 1736 3400 21 0 179
tree 1736 3416 27 0 179
tree 1752 3416 1 0 179
tree 1784 3416 15 0 179
tree 1768 3416 34 0 179
tree 1816 3400 2 0 179
tree 1816 3416 15 0 179
tree 1800 3416 5 0 179
tree 1832 3400 9 0 179
tree 2360 3416 1 0 179
tree 2344 3416 3 0 179
tree 2344 3400 15 0 179
stand 2568 3400 91 0 179
tree 2600 3416 3 0 179
stand 2648 3400 93 0 179
stand 2712 3400 89 0 179
stand 2744 3416 93 0 179
stand 3224 3400 67 0 179
tree 3224 3400 12 0 179
tree 3208 3416 12 0 179
dom 3488 3392 4 0 179
lay 3688 3400 52 0 179
tree 200 3432 17 0 179
tree 200 3448 3 0 179
stand 376 3432 251 0 179
trop 356 3444 46 179 179
lay 920 3448 3 0 179
tree 968 3432 15 0 179
tree 1688 3448 1 0 179
tree 1720 3432 9 0 179
tree 1704 3448 10 0 179
tree 1752 3432 12 0 179
tree 1736 3432 35 0 179
tree 1800 3448 26 0 179
tree 1800 3432 8 0 179
fre 1820 3444 1 179 179
tree 1960 3432 13 0 179
fre 1980 3452 1 179 179
tree 2072 3448 35 0 179
tree 2232 3448 27 0 179
tree 2248 3448 23 0 179
tree 2248 3432 10 0 179
tree 2264 3432 26 0 179
tree 2280 3432 15 0 179
tree 2280 3448 15 0 179
tree 2296 3448 10 0 179
stand 2600 3432 91 0 179
stand 2600 3448 88 0 179
stand 2632 3448 86 0 179
stand 2696 3432 90 0 179
stand 2744 3448 92 0 179
stand 2728 3432 88 0 179
tree 2728 3448 9 0 179
stand 2760 3432 91 0 179
stand 2808 3448 89 0 179
stand 2904 3432 93 0 179
tree 2888 3448 15 0 179
stand 3608 3448 93 0 179
tree 3640 3448 5 0 179
tree 3624 3432 9 0 179
tree 3624 3448 2 0 179
stand 3640 3448 64 0 179
tree 3672 3432 9 0 179
tree 3656 3432 8 0 179
tree 3688 3432 7 0 179
lay 3832 3448 53 0 179
tree 200 3464 22 0 179
trop 468 3468 7 179 179
dom 512 3456 173 3 179
trop 556 3484 10 179 179
tree 1672 3464 8 0 179
tree 1672 3480 9 0 179
tree 1816 3464 13 0 179
tree 1800 3464 12 0 179
fre 2044 3460 1 179 179
tree 2296 3464 23 0 179
tree 2296 3480 8 0 179
tree 2312 3464 11 0 179
stand 2696 3464 96 0 179
stand 2840 3464 70 0 179
stand 2888 3464 87 0 179
tree 2888 3464 11 0 179
stand 3592 3480 84 0 179
tree 3656 3464 6 0 179
stand 3656 3464 94 0 179
tree 3720 3464 12 0 179
stand 3752 3480 91 0 179
trop 316 3500 46 179 179
dom 352 3488 167 3 179
dom 416 3488 166 3 179
dom 480 3488 168 3 179
trop 484 3508 14 179 179
tree 2296 3496 0 0 179
tree 2280 3496 5 0 179
tree 2280 3512 8 0 179
tree 2360 3512 0 0 179
tree 2376 3512 10 0 179
tree 2376 3496 27 0 179
tree 2392 3512 5 0 179
tree 2600 3512 23 0 179
stand 2728 3496 82 0 179
stand 2888 3496 95 0 179
stand 3304 3496 67 0 179
dom 3424 3488 1 0 179
stand 3640 3512 89 0 179
tree 3640 3496 11 0 179
tree 3624 3496 4 0 179
tree 3672 3496 4 0 179
tree 3656 3496 10 0 179
tree 3656 3512 2 0 179
stand 3736 3496 84 0 179
stand 440 3528 78 0 179
stand 568 3528 80 0 179
tree 1640 3528 15 0 179
tree 2040 3544 25 0 179
tree 2232 3528 34 0 179
tree 2232 3544 13 0 179
tree 2264 3528 25 0 179
tree 2248 3528 21 0 179
tree 2296 3544 0 0 179
tree 2312 3544 1 0 179
tree 2312 3528 26 0 179
tree 2328 3528 8 0 179
tree 2344 3528 23 0 179
tree 2360 3528 25 0 179
tree 2376 3528 1 0 179
tree 2392 3544 1 0 179
tree 2392 3528 10 0 179
tree 2408 3544 1 0 179
tree 2616 3528 21 0 179
tree 2632 3544 9 0 179
stand 2664 3528 84 0 179
stand 2744 3544 88 0 179
stand 2840 3544 89 0 179
stand 2856 3544 94 0 179
stand 2904 3544 90 0 179
stand 3336 3544 67 0 179
lay 3560 3544 52 0 179
stand 3640 3544 89 0 179
lay 3656 3544 51 0 179
stand 3672 3528 67 0 179
tree 3672 3528 3 0 179
stand 3672 3544 97 0 179
stand 3656 3528 90 0 179
tree 3704 3528 3 0 179
stand 3720 3528 84 0 179
tree 3736 3528 10 0 179
tree 3752 3528 4 0 179
stand 3800 3544 69 0 179
stand 3832 3528 179 0 179
stand 3816 3528 179 0 179
trop 292 3564 8 179 179
stand 376 3560 81 0 179
stand 600 3576 81 0 179
stand 808 3560 85 0 179
stand 920 3560 83 0 179
dom 992 3552 0 0 179
tree 1160 3560 3 0 179
tree 1176 3560 1 0 179
tree 1656 3560 13 0 179
tree 2024 3576 2 0 179
tree 2024 3560 26 0 179
tree 2040 3560 2 0 179
fre 2044 3556 1 179 179
tree 2232 3560 21 0 179
tree 2248 3560 5 0 179
tree 2264 3576 23 0 179
tree 2264 3560 3 0 179
tree 2280 3560 5 0 179
tree 2392 3560 0 0 179
tree 2392 3576 13 0 179
stand 2584 3560 89 0 179
stand 2616 3560 68 0 179
stand 2600 3560 88 0 179
tree 2632 3576 9 0 179
tree 2680 3576 2 0 179
stand 2824 3560 94 0 179
lay 3768 3560 52 0 179
stand 3784 3560 67 0 179
dom 288 3584 163 3 179
dom 384 3584 164 3 179
trop 460 3588 14 179 179
stand 584 3608 78 0 179
stand 664 3608 80 0 179
tree 808 3592 15 0 179
stand 824 3592 87 0 179
most 1856 3584 7 0 179
tree 2040 3592 0 0 179
tree 2024 3592 23 0 179
tree 2328 3592 22 0 179
tree 2328 3608 25 0 179
tree 2392 3592 23 0 179
tree 2392 3608 12 0 179
stand 2584 3592 88 0 179
stand 2568 3608 69 0 179
tree 2632 3608 25 0 179
tree 2648 3608 23 0 179
tree 2680 3592 3 0 179
tree 2744 3592 11 0 179
tree 2776 3608 26 0 179
tree 2760 3592 15 0 179
stand 3272 3592 22 0 179
stand 3400 3592 100 0 179
stand 3752 3592 100 0 179
stand 232 3624 78 0 179
trop 308 3644 14 179 179
stand 376 3640 79 0 179
stand 424 3640 81 0 179
dom 544 3616 172 3 179
tree 856 3640 11 0 179
tree 840 3640 5 0 179
stand 856 3640 85 0 179
lay 904 3640 35 0 179
stand 952 3624 1 0 179
tree 1080 3640 35 0 179
fre 2164 3636 1 179 179
tree 2328 3624 24 0 179
stand 2552 3640 84 0 179
stand 2536 3640 97 0 179
tree 2648 3624 1 0 179
tree 2664 3624 9 0 179
tree 2680 3640 7 0 179
tree 2696 3640 4 0 179
tree 2712 3624 35 0 179
tree 2808 3640 27 0 179
tree 2824 3640 13 0 179
stand 3048 3640 69 0 179
tree 3368 3640 0 0 179
tree 3384 3640 11 0 179
tree 3384 3624 4 0 179
stand 3416 3640 101 0 179
stand 3400 3640 100 0 179
stand 3448 3640 99 0 179
tree 3432 3640 8 0 179
tree 3432 3624 9 0 179
stand 3480 3624 100 0 179
tree 3720 3640 0 0 179
tree 3736 3640 11 0 179
tree 3736 3624 4 0 179
stand 3768 3640 101 0 179
stand 3752 3640 100 0 179
stand 3800 3640 99 0 179
tree 3784 3640 8 0 179
tree 3784 3624 9 0 179
stand 3832 3624 100 0 179
trop 292 3668 9 179 179
lay 696 3672 49 0 179
tree 840 3672 15 0 179
tree 936 3656 7 0 179
tree 936 3672 10 0 179
lay 1000 3672 45 0 179
lay 1016 3672 31 0 179
lay 1032 3672 44 0 179
tree 1096 3656 34 0 179
stand 1432 3672 81 0 179
tree 1848 3672 12 0 179
tree 1896 3672 24 0 179
fre 2300 3652 1 179 179
tree 2344 3656 9 0 179
tree 2344 3672 4 0 179
tree 2392 3656 22 0 179
stand 2504 3672 91 0 179
tree 2520 3656 2 0 179
stand 2536 3656 68 0 179
stand 2536 3672 86 0 179
tree 2536 3656 11 0 179
stand 2584 3672 88 0 179
stand 2664 3656 94 0 179
tree 2664 3656 21 0 179
tree 2680 3656 11 0 179
tree 2696 3656 2 0 179
stand 2776 3656 94 0 179
stand 2808 3672 94 0 179
stand 2792 3672 94 0 179
stand 2840 3672 67 0 179
stand 2888 3672 89 0 179
stand 2952 3672 94 0 179
stand 3000 3656 86 0 179
stand 3336 3672 85 0 179
lay 3336 3672 45 0 179
lay 3416 3672 22 0 179
lay 3400 3672 2 0 179
tree 3400 3656 12 0 179
stand 3432 3672 99 0 179
tree 3752 3656 12 0 179
stand 3784 3672 99 0 179
lay 200 3704 49 0 179
trop 356 3708 46 179 179
trop 436 3692 15 179 179
trop 532 3692 46 179 179
lay 792 3688 41 0 179
lay 920 3688 44 0 179
lay 904 3688 21 0 179
stand 936 3688 81 0 179
lay 984 3704 41 0 179
lay 1016 3704 31 0 179
tree 1080 3704 2 0 179
tree 1304 3704 9 0 179
stand 1352 3704 3 0 179
lay 1400 3704 22 0 179
stand 1464 3688 91 0 179
tree 1880 3688 15 0 179
tree 1912 3688 8 0 179
tree 1896 3688 13 0 179
tree 2328 3688 13 0 179
tree 2344 3688 24 0 179
lay 2376 3688 55 0 179
tree 2504 3704 10 0 179
stand 2568 3688 97 0 179
stand 2568 3704 97 0 179
stand 2648 3704 97 0 179
stand 2632 3688 90 0 179
stand 2920 3688 91 0 179
stand 3256 3688 87 0 179
stand 3272 3704 83 0 179
stand 3304 3688 92 0 179
tree 3432 3704 6 0 179
tree 3448 3704 2 0 179
stand 3464 3704 94 0 179
lay 3464 3688 22 0 179
stand 3480 3704 22 0 179
tree 3496 3704 3 0 179
tree 3512 3704 3 0 179
stand 3544 3704 101 0 179
stand 3656 3704 10 0 179
stand 3752 3688 13 0 179
tree 3752 3688 2 0 179
tree 3768 3688 2 0 179
tree 3784 3704 6 0 179
tree 3800 3704 2 0 179
stand 3832 3704 22 0 179
tree 3848 3704 3 0 179
tree 3864 3704 3 0 179
stand 3896 3704 101 0 179
stand 872 3736 88 0 179
lay 904 3720 44 0 179
stand 952 3720 87 0 179
stand 1048 3720 85 0 179
tree 1096 3720 7 0 179
tree 1112 3736 11 0 179
stand 1128 3736 90 0 179
tree 1128 3736 0 0 179
tree 1144 3736 5 0 179
tree 1304 3720 3 0 179
tree 1304 3736 12 0 179
stand 1416 3736 69 0 179
lay 1432 3720 26 0 179
lay 1480 3736 31 0 179
lay 1528 3736 44 0 179
tree 1560 3720 13 0 179
tree 1816 3720 27 0 179
tree 1816 3736 5 0 179
tree 1800 3736 5 0 179
fre 2108 3740 1 179 179
lay 2280 3736 55 0 179
tree 2328 3736 11 0 179
stand 2744 3720 0 0 179
stand 2792 3736 68 0 179
stand 2824 3736 89 0 179
stand 2872 3720 67 0 179
tree 2888 3720 35 0 179
stand 3048 3720 91 0 179
tree 3144 3720 6 0 179
tree 3160 3736 13 0 179
stand 3352 3736 4 0 179
stand 3432 3736 81 0 179
stand 3448 3720 93 0 179
lay 3496 3720 22 0 179
tree 3512 3720 7 0 179
tree 3528 3720 8 0 179
tree 3608 3720 5 0 179
tree 3608 3736 1 0 179
tree 3640 3736 7 0 179
stand 3720 3720 67 0 179
stand 3768 3736 78 0 179
tree 3816 3720 7 0 179
tree 3864 3720 7 0 179
tree 3880 3720 8 0 179
lay 936 3752 41 0 179
stand 968 3768 90 0 179
tree 1080 3752 8 0 179
stand 1112 3768 86 0 179
stand 1160 3768 87 0 179
tree 1240 3768 10 0 179
tree 1320 3752 10 0 179
lay 1480 3752 25 0 179
lay 1560 3752 44 0 179
stand 1592 3768 89 0 179
tree 1784 3752 24 0 179
tree 1784 3768 3 0 179
tree 1800 3752 9 0 179
tree 1800 3768 34 0 179
fre 2012 3756 1 179 179
fre 2244 3748 1 179 179
tree 2328 3752 21 0 179
tree 2328 3768 27 0 179
tree 2616 3752 27 0 179
stand 2760 3768 67 0 179
stand 2904 3752 86 0 179
stand 2920 3768 98 0 179
tree 2968 3768 23 0 179
tree 3064 3768 1 0 179
tree 3080 3768 15 0 179
tree 3208 3768 13 0 179
stand 3224 3768 87 0 179
stand 3288 3752 3 0 179
lay 3416 3768 35 0 179
lay 3464 3768 26 0 179
lay 3496 3768 27 0 179
tree 3640 3752 8 0 179
tree 3656 3752 11 0 179
tree 3656 3768 5 0 179
stand 3704 3768 86 0 179
stand 3736 3752 70 0 179
stand 392 3800 31 0 179
stand 456 3784 131 0 179
stand 488 3784 130 0 179
lay 856 3800 27 0 179
stand 1032 3800 89 0 179
tree 1240 3784 5 0 179
stand 1384 3784 0 0 179
stand 1464 3784 86 0 179
lay 1480 3784 44 0 179
stand 1592 3800 95 0 179
tree 1624 3800 8 0 179
tree 1800 3784 34 0 179
tree 1816 3784 0 0 179
fre 2180 3788 1 179 179
tree 2296 3784 6 0 179
tree 2328 3784 25 0 179
tree 2312 3800 8 0 179
tree 2344 3784 3 0 179
tree 2344 3800 9 0 179
stand 2728 3784 94 0 179
stand 2744 3784 98 0 179
stand 2776 3800 69 0 179
stand 2792 3800 84 0 179
stand 2840 3800 84 0 179
tree 2872 3800 4 0 179
tree 3080 3784 0 0 179
tree 3096 3784 13 0 179
tree 3112 3800 34 0 179
tree 3208 3800 2 0 179
stand 3352 3800 5 0 179
stand 3400 3800 81 0 179
stand 3448 3784 85 0 179
stand 3432 3784 81 0 179
lay 3448 3800 45 0 179
tree 3464 3800 5 0 179
lay 3496 3800 27 0 179
stand 3608 3784 92 0 179
tree 3592 3784 11 0 179
tree 3592 3800 1 0 179
stand 3704 3784 91 0 179
tree 3688 3784 10 0 179
tree 3688 3800 1 0 179
tree 3704 3800 0 0 179
tree 3720 3800 3 0 179
stand 3800 3784 97 0 179
tree 3832 3800 1 0 179
tree 3848 3800 2 0 179
stand 3880 3800 100 0 179
tree 3928 3784 5 0 179
tree 3912 3784 9 0 179
tree 3928 3800 7 0 179
tree 3944 3784 11 0 179
tree 3944 3800 1 0 179
stand 344 3816 81 0 179
trop 492 3828 46 179 179
stand 632 3816 34 0 179
stand 824 3816 85 0 179
stand 888 3816 90 0 179
lay 920 3832 25 0 179
stand 952 3832 93 0 179
lay 952 3832 41 0 179
stand 1240 3816 67 0 179
stand 1336 3816 69 0 179
lay 1336 3816 27 0 179
stand 1624 3832 87 0 179
tree 1768 3816 27 0 179
tree 1784 3832 23 0 179
tree 1928 3832 7 0 179
tree 1944 3832 9 0 179
tree 1960 3832 24 0 179
tree 1976 3832 4 0 179
tree 1992 3832 22 0 179
fre 2068 3828 1 179 179
tree 2328 3816 27 0 179
tree 2872 3816 13 0 179
stand 2888 3832 69 0 179
tree 2888 3816 24 0 179
tree 2904 3816 34 0 179
stand 2952 3816 97 0 179
tree 3304 3816 15 0 179
lay 3400 3816 31 0 179
lay 3464 3816 45 0 179
lay 3512 3816 21 0 179
lay 3544 3816 41 0 179
stand 3592 3816 99 0 179
tree 3608 3816 5 0 179
tree 3592 3816 11 0 179
tree 3864 3816 9 0 179
stand 3896 3832 100 0 179
tree 3880 3816 1 0 179
tree 3896 3816 5 0 179
stand 3944 3816 99 0 179
tree 3960 3816 5 0 179
tree 3944 3816 11 0 179
lay 584 3864 49 0 179
stand 664 3864 82 0 179
stand 888 3864 87 0 179
stand 1272 3864 68 0 179
lay 1288 3848 27 0 179
lay 1384 3864 22 0 179
lay 1432 3864 39 0 179
lay 1480 3848 26 0 179
stand 1560 3848 81 0 179
stand 1576 3864 87 0 179
stand 1592 3864 94 0 179
tree 1800 3848 34 0 179
tree 1816 3848 35 0 179
tree 1832 3848 26 0 179
tree 1848 3864 2 0 179
tree 1864 3864 6 0 179
tree 1880 3864 1 0 179
tree 1896 3848 5 0 179
tree 1912 3848 11 0 179
tree 1992 3848 10 0 179
tree 2008 3848 21 0 179
fre 2172 3860 1 179 179
tree 2328 3848 10 0 179
tree 2328 3864 7 0 179
tree 2344 3848 2 0 179
tree 2360 3864 25 0 179
tree 2744 3864 22 0 179
stand 2776 3848 98 0 179
tree 2872 3864 15 0 179
stand 2920 3848 84 0 179
stand 3288 3864 81 0 179
lay 3352 3848 21 0 179
lay 3368 3864 35 0 179
stand 3448 3848 81 0 179
tree 3464 3864 5 0 179
stand 3592 3848 101 0 179
tree 3608 3848 10 0 179
stand 3640 3848 92 0 179
stand 3944 3848 101 0 179
tree 3960 3848 10 0 179
stand 600 3896 79 0 179
stand 616 3880 35 0 179
lay 888 3880 45 0 179
stand 904 3880 92 0 179
lay 952 3896 21 0 179
tree 1032 3896 27 0 179
stand 1576 3896 93 0 179
tree 2312 3880 12 0 179
tree 2360 3880 35 0 179
tree 2760 3880 2 0 179
tree 2776 3896 15 0 179
tree 2808 3896 21 0 179
tree 2824 3896 7 0 179
stand 2888 3896 90 0 179
tree 2888 3880 35 0 179
tree 2904 3880 1 0 179
tree 2984 3896 7 0 179
tree 3160 3896 9 0 179
stand 3208 3896 3 0 179
lay 3256 3896 22 0 179
stand 3320 3880 91 0 179
stand 3448 3896 94 0 179
lay 3432 3896 39 0 179
tree 3464 3880 15 0 179
lay 3512 3896 39 0 179
stand 3704 3896 91 0 179
stand 3736 3896 64 0 179
stand 3720 3880 87 0 179
stand 3768 3896 77 0 179
stand 3832 3896 8 0 179
stand 872 3928 95 0 179
stand 888 3912 90 0 179
lay 920 3928 45 0 179
lay 952 3912 22 0 179
lay 968 3912 21 0 179
tree 1016 3912 26 0 179
tree 1048 3912 12 0 179
tree 1032 3912 8 0 179
stand 1096 3928 84 0 179
stand 1160 3928 88 0 179
stand 1192 3928 71 0 179
stand 1304 3928 83 0 179
stand 1432 3928 85 0 179
stand 1592 3912 88 0 179
tree 2232 3928 5 0 179
tree 2264 3928 7 0 179
tree 2248 3928 24 0 179
tree 2360 3912 13 0 179
tree 2344 3912 15 0 179
tree 2792 3912 1 0 179
tree 2808 3912 2 0 179
stand 2840 3912 94 0 179
stand 3000 3928 98 0 179
tree 3160 3912 3 0 179
tree 3160 3928 12 0 179
stand 3272 3928 69 0 179
lay 3288 3912 26 0 179
lay 3336 3928 31 0 179
lay 3384 3928 44 0 179
tree 3416 3912 13 0 179
stand 3480 3912 82 0 179
stand 3704 3912 92 0 179
stand 3752 3928 93 0 179
lay 904 3960 45 0 179
tree 2200 3944 22 0 179
tree 2216 3944 24 0 179
stand 2792 3944 86 0 179
stand 2984 3944 88 0 179
stand 3016 3960 87 0 179
tree 3096 3960 10 0 179
tree 3176 3944 10 0 179
lay 3336 3944 25 0 179
lay 3416 3944 44 0 179
stand 3448 3960 89 0 179
stand 3720 3960 94 0 179
tree 3816 3944 9 0 179
tree 3832 3960 10 0 179
