tree 3688 120 4 0 0
tree 3704 120 20 0 0
fre 174 154 12 0 0
fre 238 154 13 0 0
tree 3560 152 6 0 0
tree 3576 152 4 0 0
tree 3672 152 15 0 0
tree 3688 136 15 0 0
tree 3704 136 0 0 0
tree 3704 152 16 0 0
tree 3720 136 2 0 0
stand 194 182 19 0 0
trop 270 162 47 0 0
tree 338 182 15 0 0
tree 338 166 9 0 0
tree 322 182 6 0 0
tree 322 166 12 0 0
tree 498 166 19 0 0
tree 530 182 14 0 0
tree 530 166 17 0 0
tree 514 166 15 0 0
tree 514 182 6 0 0
tree 546 166 20 0 0
tree 3096 168 4 0 0
tree 3096 184 14 0 0
trop 3508 172 40 0 0
tree 3560 184 16 0 0
tree 3560 168 9 0 0
tree 3768 184 13 0 0
fre 182 194 33 0 0
tree 242 214 1 0 0
tree 226 214 2 0 0
tree 546 214 4 0 0
cliff 618 222 32 179 179
tree 944 208 16 0 0
tree 944 192 14 0 0
tree 1216 222 1 0 0
tree 1232 222 10 0 0
tree 2104 216 12 0 0
tree 2152 216 15 0 0
dom 3036 207 0 0 0
tree 3112 200 8 0 0
tree 3128 200 14 0 0
tree 3128 216 17 0 0
fre 3236 212 33 0 0
tree 3416 200 7 0 0
tree 3560 200 16 0 0
tree 3768 216 18 0 0
tree 3768 200 7 0 0
stand 3864 216 13 0 0
fre 3852 220 32 0 0
fre 158 234 12 0 0
fre 222 242 31 0 0
stand 434 246 15 0 0
fre 510 234 12 0 0
tree 562 246 8 0 0
tree 562 230 4 0 0
tree 546 230 0 0 0
tree 546 246 9 0 0
tree 896 240 5 0 0
tree 912 224 16 0 0
tree 912 240 10 0 0
tree 928 224 0 0 0
tree 928 240 11 0 0
tree 1136 238 17 0 0
tree 1200 238 12 0 0
tree 1248 238 10 0 0
tree 1440 238 15 0 0
tree 1544 248 1 0 0
tree 1544 232 4 0 0
tree 2104 232 18 0 0
tree 2120 232 4 0 0
tree 2152 232 6 0 0
tree 2152 248 4 0 0
dom 2972 239 5 0 0
fre 3188 252 33 0 0
fre 3188 228 33 0 0
fre 3292 228 33 0 0
tree 3400 232 14 0 0
tree 3400 248 8 0 0
tree 3576 232 18 0 0
tree 3592 248 4 0 0
tree 3736 248 17 0 0
fre 158 266 31 0 0
stand 210 278 13 0 0
tree 338 262 9 0 0
fre 390 282 12 0 0
tree 546 262 18 0 0
tree 610 278 15 0 0
cliff 682 286 31 179 179
tree 864 272 7 0 0
tree 880 272 19 0 0
tree 880 256 12 0 0
tree 896 256 6 0 0
tree 896 272 13 0 0
tree 912 272 10 0 0
tree 912 256 15 0 0
tree 1504 272 4 0 0
tree 1520 272 7 0 0
tree 1536 256 13 0 0
tree 1536 272 17 0 0
tree 1560 280 11 0 0
tree 1608 264 1 0 0
tree 1608 280 9 0 0
tree 2024 280 6 0 0
tree 2152 264 5 0 0
tree 2168 264 14 0 0
cliff 2320 256 42 179 179
trop 2812 260 46 0 0
tree 2856 280 2 0 0
tree 2872 280 19 0 0
tree 2888 264 19 0 0
tree 2904 280 9 0 0
tree 2920 280 18 0 0
fre 3000 259 8 0 0
tree 3032 264 9 0 0
fre 3056 275 14 0 0
tree 3128 264 16 0 0
tree 3128 280 18 0 0
fre 3132 260 33 0 0
stand 3256 264 14 0 0
tree 3400 264 18 0 0
tree 3576 280 13 0 0
tree 3592 264 11 0 0
tree 3720 280 0 0 0
tree 3736 280 1 0 0
tree 3752 264 11 0 0
fre 230 298 31 0 0
tree 450 310 13 0 0
tree 610 294 13 0 0
tree 848 288 12 0 0
tree 864 288 14 0 0
tree 864 304 6 0 0
tree 880 288 0 0 0
tree 880 304 10 0 0
tree 912 304 10 0 0
stand 1200 302 34 0 0
fre 1228 290 12 0 0
stand 1376 318 33 0 0
tree 1504 288 13 0 0
tree 1520 288 3 0 0
tree 1560 296 18 0 0
tree 1592 296 3 0 0
tree 1592 312 14 0 0
tree 1576 312 11 0 0
tree 1608 296 6 0 0
tree 1608 312 3 0 0
tree 2008 296 11 0 0
tree 2120 312 8 0 0
tree 2136 312 8 0 0
cliff 2512 288 43 179 179
tree 2920 296 3 0 0
fre 2968 307 16 0 0
tree 3128 296 18 0 0
fre 3332 308 32 0 0
tree 3576 312 1 0 0
tree 3576 296 14 0 0
tree 3704 312 12 0 0
tree 3720 312 5 0 0
tree 3768 312 13 0 0
stand 194 342 14 0 0
trop 278 330 46 0 0
tree 322 326 17 0 0
tree 434 342 10 0 0
tree 466 326 10 0 0
tree 482 342 1 0 0
tree 562 342 1 0 0
tree 546 342 6 0 0
tree 594 342 4 0 0
tree 578 342 3 0 0
tree 610 326 16 0 0
fre 670 330 16 0 0
tree 1504 336 12 0 0
tree 1576 344 13 0 0
tree 1576 328 13 0 0
tree 1592 344 10 0 0
tree 1592 328 12 0 0
tree 1608 344 0 0 0
tree 1656 342 8 0 0
tree 1976 344 13 0 0
tree 1976 328 13 0 0
tree 1992 344 10 0 0
tree 2120 328 0 0 0
tree 2136 328 16 0 0
trop 2868 348 41 0 0
fre 3040 347 15 0 0
fre 3244 324 32 0 0
trop 3500 324 40 0 0
tree 3560 328 16 0 0
tree 3608 328 6 0 0
tree 3608 344 12 0 0
tree 3736 328 5 0 0
tree 3752 328 14 0 0
tree 3784 328 18 0 0
tree 3800 344 5 0 0
tree 338 358 4 0 0
tree 322 358 19 0 0
tree 354 358 19 0 0
tree 402 358 8 0 0
tree 530 358 14 0 0
tree 546 374 9 0 0
tree 546 358 6 0 0
cliff 778 382 20 179 179
tree 1504 352 18 0 0
tree 1520 352 4 0 0
tree 1560 376 11 0 0
tree 1544 360 18 0 0
tree 1544 376 11 0 0
tree 1576 360 12 0 0
tree 1592 376 2 0 0
tree 1592 360 4 0 0
tree 1656 358 18 0 0
tree 2008 360 2 0 0
tree 2024 376 6 0 0
cliff 2416 352 46 179 179
cliff 2576 352 35 179 179
fre 2840 379 8 0 0
fre 2840 371 8 0 0
fre 2832 379 8 0 0
dom 2908 367 10 0 0
dom 3100 367 10 0 0
dom 3456 352 15 0 0
tree 3624 360 7 0 0
tree 3784 376 20 0 0
tree 3800 376 2 0 0
tree 3816 360 4 0 0
tree 3832 376 4 0 0
trop 222 410 41 0 0
trop 390 410 41 0 0
trop 534 410 48 0 0
fre 638 402 16 0 0
fre 694 410 16 0 0
fre 1388 386 12 0 0
tree 1504 400 18 0 0
tree 1520 384 8 0 0
tree 1528 408 3 0 0
tree 1528 392 18 0 0
tree 1552 384 12 0 0
tree 1544 390 18 0 0
tree 1560 390 4 0 0
tree 1544 392 15 0 0
tree 1560 408 5 0 0
tree 1568 400 6 0 0
tree 1576 392 0 0 0
tree 1600 400 6 0 0
cliff 2352 384 46 179 179
fre 2864 403 17 0 0
trop 2876 396 41 0 0
trop 2980 404 41 0 0
dom 3004 399 17 0 0
fre 3064 411 16 0 0
fre 3112 395 8 0 0
tree 3176 408 5 0 0
fre 3204 404 33 0 0
dom 3736 392 19 0 0
fre 3732 396 33 0 0
tree 3800 392 3 0 0
tree 3832 392 2 0 0
tree 3848 408 6 0 0
tree 3864 408 5 0 0
stand 200 424 48 0 0
dom 586 446 114 0 0
cliff 778 446 18 179 179
stand 1296 430 32 0 0
fre 1340 442 5 0 0
fre 1348 442 6 0 0
tree 1536 416 18 0 0
tree 1544 424 6 0 0
tree 1568 432 12 0 0
tree 1584 432 20 0 0
tree 1600 416 11 0 0
tree 2936 440 8 0 0
tree 3160 440 15 0 0
tree 3144 424 18 0 0
tree 3176 424 13 0 0
tree 3192 424 6 0 0
dom 3448 424 9 0 0
dom 3608 424 17 0 0
dom 3768 424 15 0 0
tree 3880 424 3 0 0
tree 3880 440 8 0 0
fre 164 452 15 0 0
stand 232 456 45 0 0
stand 264 472 30 0 0
fre 412 460 15 0 0
trop 526 458 46 0 0
fre 622 458 15 0 0
fre 670 458 15 0 0
tree 1056 462 8 0 0
tree 1056 478 18 0 0
fre 1356 474 6 0 0
tree 1408 478 2 0 0
tree 1424 478 1 0 0
tree 1536 464 9 0 0
tree 1552 448 3 0 0
tree 1568 448 5 0 0
tree 1584 464 13 0 0
tree 1600 464 5 0 0
cliff 2704 448 7 179 179
trop 2876 460 41 0 0
dom 2876 463 0 0 0
tree 2920 456 9 0 0
dom 2940 463 7 0 0
stand 3044 455 30 0 0
fre 3080 475 8 0 0
tree 3096 472 4 0 0
stand 3140 471 49 0 0
tree 3320 472 2 0 0
tree 3336 472 0 0 0
tree 3352 472 7 0 0
stand 3368 472 53 1 0
dom 3584 448 3 0 0
dom 3640 456 18 0 0
tree 3896 456 12 0 0
tree 3896 472 1 0 0
fre 220 484 33 0 0
trop 286 490 47 0 0
fre 412 508 15 0 0
dom 586 510 114 0 0
fre 590 482 13 0 0
cliff 778 510 18 179 179
fre 1244 482 14 0 0
tree 1408 494 17 0 0
tree 1536 496 19 0 0
tree 1552 496 20 0 0
tree 2504 504 10 0 0
dom 2560 480 115 0 0
cliff 2672 480 38 179 179
dom 3004 495 8 0 0
fre 3048 499 8 0 0
fre 3056 483 8 0 0
tree 3048 504 5 0 0
tree 3048 488 14 0 0
tree 3064 488 11 0 0
tree 3080 488 13 0 0
tree 3096 488 4 0 0
tree 3112 488 13 0 0
tree 3128 488 20 0 0
tree 3272 488 12 0 0
tree 3288 488 15 0 0
tree 3320 488 1 0 0
tree 3336 488 6 0 0
dom 3448 488 6 0 0
fre 3452 484 35 0 0
trop 3500 484 40 0 0
dom 3584 480 3 0 0
dom 3672 488 16 0 0
dom 3768 488 10 0 0
dom 3800 488 17 0 0
tree 3896 488 15 0 0
tree 3880 488 4 0 0
tree 3880 504 8 0 0
tree 3896 504 14 0 0
stand 184 536 42 0 0
stand 216 520 23 0 0
fre 244 532 33 0 0
stand 264 520 21 0 0
fre 260 532 15 0 0
dom 394 542 105 0 0
fre 540 540 15 0 0
fre 580 540 15 0 0
fre 590 538 13 0 0
tree 2472 536 3 0 0
tree 2488 536 18 0 0
fre 2872 531 16 0 0
fre 2912 531 15 0 0
fre 2968 531 15 0 0
fre 3016 531 16 0 0
fre 3080 515 19 0 0
dom 3196 527 6 0 0
fre 3232 523 15 0 0
fre 412 556 15 0 0
trop 526 546 47 0 0
cliff 778 574 5 179 179
zabor 816 560 113 2 9
zabor 848 560 105 2 8
tree 944 544 6 0 0
fre 1276 554 16 0 0
tree 1392 560 13 0 0
tree 1408 560 10 0 0
fre 1468 570 16 0 0
fre 1532 562 12 0 0
tree 1616 560 4 0 0
cliff 2352 544 42 179 179
cliff 2672 544 30 179 179
trop 2868 556 41 0 0
dom 2972 559 19 0 0
fre 3088 571 14 0 0
fre 3244 572 35 0 0
dom 3448 552 7 0 0
fre 3492 556 35 0 0
dom 3552 544 17 0 0
dom 3640 552 8 0 0
cliff 170 606 42 179 179
tree 242 598 8 0 0
tree 242 582 4 0 0
cliff 746 606 12 179 179
zabor 784 592 112 2 9
zabor 848 592 104 2 8
tree 1322 606 12 0 0
tree 1392 576 0 0 0
tree 1408 592 16 0 0
stand 1504 606 11 0 0
tree 2280 600 15 0 0
cliff 2416 576 40 179 179
dom 2876 591 5 0 0
dom 3132 591 19 0 0
dom 3288 584 7 0 0
fre 3300 604 35 0 0
dom 3352 584 0 0 0
dom 3416 584 10 0 0
fre 3452 604 35 0 0
trop 3596 580 41 0 0
trop 3764 580 41 0 0
trop 3932 580 41 0 0
trop 430 618 48 0 0
zabor 784 624 113 2 9
zabor 848 624 105 2 8
tree 1360 624 12 0 0
tree 1360 608 16 0 0
tree 1376 608 6 0 0
tree 1376 624 5 0 0
tree 1392 624 16 0 0
tree 1408 624 0 0 0
stand 1600 638 15 0 0
cliff 2480 608 29 179 179
cliff 2736 608 25 179 179
trop 2868 620 41 0 0
fre 2952 619 15 0 0
dom 3004 623 17 0 0
fre 3048 627 16 0 0
dom 3068 623 18 0 0
fre 3164 612 35 0 0
dom 3196 623 16 0 0
dom 3256 616 9 0 0
trop 3508 636 40 0 0
trop 294 642 46 0 0
trop 374 642 47 0 0
zabor 784 656 104 2 8
zabor 848 656 104 2 8
stand 1488 670 10 0 0
tree 2296 664 6 0 0
cliff 2544 640 13 179 179
cliff 2576 640 14 179 179
cliff 2640 640 16 179 179
cliff 2704 640 21 179 179
fre 2912 643 15 0 0
fre 3120 659 15 0 0
dom 3132 655 8 0 0
fre 3184 667 13 0 0
trop 3252 660 41 0 0
trop 3396 660 41 0 0
dom 3552 640 7 0 0
fre 3596 660 34 0 0
fre 3596 652 34 0 0
dom 3640 648 16 0 0
tree 482 694 5 0 0
zabor 784 688 104 2 8
zabor 848 688 105 2 8
fre 1276 690 15 0 0
tree 1424 702 6 0 0
fre 1548 682 12 0 0
tree 2264 696 20 0 0
tree 2264 680 10 0 0
tree 2280 696 14 0 0
tree 2312 696 4 0 0
trop 2812 700 47 0 0
dom 2972 687 9 0 0
stand 3098 685 52 0 0
trop 3150 697 25 0 0
fre 3436 692 31 0 0
dom 3672 680 17 0 0
fre 3700 676 33 0 0
fre 286 722 13 0 0
fre 358 722 15 0 0
zabor 784 720 105 2 8
zabor 848 720 104 2 8
stand 1290 734 11 1 0
tree 1424 718 1 0 0
stand 1504 734 19 0 0
tree 2264 728 15 0 0
tree 2312 728 14 0 0
tree 2344 728 2 0 0
dom 2908 719 11 0 0
fre 2952 723 16 0 0
fre 3016 707 18 0 0
dom 3100 719 15 0 0
trop 3156 716 40 0 0
fre 3168 731 15 0 0
fre 3220 716 31 0 0
dom 3232 704 0 0 0
fre 3268 716 32 0 0
fre 3324 708 33 0 0
fre 3356 708 33 0 0
dom 3328 704 9 0 0
fre 3428 732 31 0 0
dom 3456 704 19 0 0
fre 3572 724 34 0 0
dom 3608 712 7 0 0
dom 3640 712 9 0 0
fre 3660 732 33 0 0
cliff 234 766 41 179 179
fre 318 746 15 0 0
tree 466 758 6 0 0
tree 498 758 8 0 0
tree 514 758 6 0 0
cliff 618 766 8 179 179
zabor 784 752 104 2 8
zabor 848 752 105 2 8
fre 1318 754 16 0 0
stand 1434 750 15 0 0
tree 2280 760 17 0 0
tree 2328 744 14 0 0
tree 2328 760 4 0 0
tree 2360 760 8 0 0
tree 2344 744 10 0 0
tree 2376 760 2 0 0
dom 3068 751 7 0 0
dom 3132 751 18 0 0
dom 3164 751 15 0 0
dom 3320 744 19 0 0
fre 3388 764 32 0 0
fre 3460 756 32 0 0
tree 466 774 19 0 0
tree 498 790 2 0 0
tree 530 774 10 0 0
tree 514 774 9 0 0
zabor 656 784 112 2 9
zabor 688 784 104 2 8
zabor 720 784 104 2 8
zabor 752 784 104 2 8
zabor 784 784 105 2 8
zabor 848 784 104 2 8
fre 1284 794 16 0 0
fre 1374 778 15 0 0
tree 2312 776 15 0 0
tree 2344 776 19 0 0
tree 2408 792 14 0 0
tree 2904 776 14 0 0
tree 2904 792 12 0 0
tree 2920 776 12 0 0
dom 3032 776 9 0 0
tree 3080 792 20 0 0
dom 3192 776 17 0 0
fre 3244 788 31 0 0
tree 3560 776 9 0 0
tree 3560 792 11 0 0
cliff 298 830 28 179 179
tree 546 806 14 0 0
zabor 848 816 104 2 8
tree 1184 830 9 0 0
fre 1228 826 15 0 0
fre 1438 802 15 0 0
stand 1498 814 12 0 0
tree 2424 824 14 0 0
trop 2964 820 47 0 0
tree 3112 824 9 0 0
dom 3224 808 18 0 0
trop 3508 804 40 0 0
tree 3560 808 2 0 0
cliff 362 862 15 179 179
cliff 426 862 14 179 179
cliff 490 862 40 179 179
cliff 618 862 36 179 179
zabor 656 848 113 2 9
zabor 848 848 105 2 8
tree 1114 846 18 0 0
tree 1114 862 11 0 0
tree 1168 862 20 0 0
tree 1184 846 8 0 0
tree 1200 846 10 0 0
stand 1226 846 17 0 0
fre 1332 850 12 0 0
stand 1344 846 16 0 0
tree 1664 848 15 0 0
tree 2264 840 19 0 0
tree 2264 856 3 0 0
tree 2248 856 12 0 0
tree 2392 840 15 0 0
tree 2424 856 10 0 0
tree 2440 856 17 0 0
tree 2456 856 0 0 0
tree 2456 840 17 0 0
stand 2856 840 61 1 0
dom 3032 840 6 0 0
tree 3096 840 3 0 0
trop 3156 860 40 0 0
dom 3256 840 16 0 0
fre 3324 852 32 0 0
dom 3352 840 10 0 0
dom 3456 832 6 0 0
stand 3592 856 57 1 0
zabor 656 880 112 2 9
zabor 688 880 113 2 9
zabor 720 880 105 2 8
zabor 752 880 105 2 8
zabor 784 880 104 2 8
zabor 816 880 105 2 8
zabor 848 880 104 2 8
tree 1104 880 1 0 0
fre 1276 890 12 0 0
tree 1648 880 11 0 0
tree 1648 864 0 0 0
tree 1664 864 7 0 0
tree 1680 880 17 0 0
tree 1728 864 14 0 0
tree 1728 880 4 0 0
tree 1744 864 10 0 0
tree 1760 880 8 0 0
fre 1790 890 15 0 0
tree 2328 888 5 0 0
tree 2344 888 11 0 0
tree 3096 888 16 0 0
tree 3096 872 11 0 0
fre 3236 884 31 0 0
fre 3444 868 32 0 0
tree 3736 888 7 0 0
tree 1072 912 16 0 0
tree 1088 912 18 0 0
tree 1088 896 4 0 0
tree 1104 896 5 0 0
tree 1120 896 3 0 0
tree 1616 912 4 0 0
tree 1632 896 13 0 0
tree 1680 912 8 0 0
tree 1680 896 9 0 0
tree 1696 896 5 0 0
tree 1712 896 15 0 0
tree 1808 912 14 0 0
tree 2360 904 1 0 0
tree 2344 904 0 0 0
tree 2376 920 14 0 0
tree 2840 904 15 0 0
tree 2840 920 3 0 0
tree 2824 920 17 0 0
dom 3032 904 7 0 0
fre 3044 924 33 0 0
tree 3080 904 14 0 0
tree 3096 904 5 0 0
dom 3224 904 8 0 0
fre 3204 900 31 0 0
trop 3324 916 45 0 0
trop 3436 916 48 0 0
tree 3752 904 6 0 0
tree 3768 904 14 0 0
tree 3816 920 3 0 0
tree 3864 920 20 0 0
tree 3880 920 13 0 0
tree 3880 904 14 0 0
tree 1072 928 8 0 0
tree 1136 928 14 0 0
tree 1296 944 10 0 0
tree 1312 944 17 0 0
tree 1312 928 20 0 0
tree 1584 944 20 0 0
tree 1600 928 9 0 0
tree 1616 944 17 0 0
tree 1664 928 4 0 0
tree 1680 944 12 0 0
tree 1680 928 20 0 0
tree 1672 952 0 0 0
tree 1712 944 8 0 0
tree 1728 928 15 0 0
tree 1824 944 14 0 0
tree 2392 952 10 0 0
tree 2808 936 2 0 0
tree 2792 952 3 0 0
dom 3000 936 10 0 0
fre 2988 956 33 0 0
tree 3096 952 19 0 0
fre 3244 948 31 0 0
stand 3320 952 37 1 0
trop 3516 940 47 0 0
tree 1440 976 13 0 0
tree 1600 960 3 0 0
tree 1600 976 9 0 0
tree 1632 960 6 0 0
tree 1680 960 19 0 0
tree 1688 984 12 0 0
tree 1688 968 0 0 0
tree 1672 968 6 0 0
tree 1696 960 9 0 0
tree 1704 984 2 0 0
tree 1792 960 15 0 0
tree 1824 976 10 0 0
tree 1840 976 17 0 0
tree 2744 984 12 0 0
tree 2776 968 16 0 0
tree 2776 984 13 0 0
tree 2760 968 15 0 0
tree 2760 984 8 0 0
tree 3032 984 16 0 0
tree 3064 984 12 0 0
tree 3096 968 8 0 0
fre 3236 964 31 0 0
tree 1408 1008 20 0 0
tree 1616 1008 7 0 0
tree 1704 1000 20 0 0
tree 2744 1000 19 0 0
tree 2760 1000 5 0 0
tree 3048 1000 0 0 0
trop 3156 1004 40 0 0
dom 3224 1000 16 0 0
stand 3432 1000 61 1 0
fre 3820 1012 33 0 0
tree 1680 1040 1 0 0
tree 2776 1032 7 0 0
fre 3196 1044 31 0 0
dom 3256 1032 17 0 0
fre 3276 1052 31 0 0
fre 3644 1028 33 0 0
dom 3744 1024 31 0 0
tree 1144 1080 18 0 0
tree 1160 1064 0 0 0
tree 1712 1072 9 0 0
tree 1800 1080 9 0 0
tree 1816 1064 0 0 0
tree 2776 1064 10 0 0
tree 2760 1080 4 0 0
fre 3060 1084 33 0 0
dom 3072 1056 10 0 0
dom 3192 1064 7 0 0
dom 3224 1064 9 0 0
fre 3228 1060 31 0 0
tree 1696 1088 18 0 0
tree 1712 1104 7 0 0
tree 1720 1096 12 0 0
tree 1704 1096 5 0 0
tree 1704 1112 1 0 0
tree 1744 1104 13 0 0
tree 1784 1096 15 0 0
tree 2776 1096 20 0 0
tree 2776 1112 16 0 0
tree 2760 1112 18 0 0
tree 2760 1096 17 0 0
tree 1128 1144 9 0 0
tree 1736 1144 18 0 0
tree 2840 1128 6 0 0
tree 2856 1144 4 0 0
stand 3096 1128 63 1 0
trop 3156 1148 47 0 0
cliff 3680 1120 23 179 179
cliff 3744 1120 15 179 179
cliff 3808 1120 16 179 179
cliff 3872 1120 14 179 179
cliff 3936 1120 14 179 179
tree 1144 1160 19 0 0
tree 1736 1176 11 0 0
tree 2872 1160 12 0 0
tree 2904 1176 4 0 0
tree 1144 1208 2 0 0
tree 1144 1192 3 0 0
tree 1736 1208 11 0 0
tree 2952 1208 2 0 0
cliff 3552 1184 42 179 179
stand 296 1240 11 0 0
fre 380 1228 32 0 0
fre 388 1244 41 0 0
tree 1112 1240 5 0 0
tree 1560 1240 11 0 0
tree 1544 1240 5 0 0
tree 1720 1240 16 0 0
tree 1752 1224 5 0 0
tree 1736 1240 16 0 0
tree 1784 1240 17 0 0
tree 1800 1240 18 0 0
tree 1816 1240 12 0 0
tree 2888 1240 1 0 0
tree 2920 1240 0 0 0
tree 2936 1224 11 0 0
tree 3000 1224 0 0 0
tree 3048 1240 20 0 0
cliff 3680 1216 36 179 179
fre 300 1276 14 0 0
tree 1112 1256 0 0 0
tree 1128 1272 1 0 0
tree 1544 1256 14 0 0
tree 1576 1272 10 0 0
tree 1576 1256 4 0 0
tree 1656 1272 4 0 0
tree 1656 1256 11 0 0
tree 1672 1256 0 0 0
tree 1688 1256 15 0 0
tree 1752 1256 15 0 0
tree 1848 1256 2 0 0
tree 1832 1256 5 0 0
tree 1832 1272 4 0 0
tree 2872 1272 2 0 0
tree 2888 1272 12 0 0
tree 2904 1256 14 0 0
fre 276 1300 18 0 0
fre 476 1292 2 0 0
tree 536 1304 19 0 0
tree 1144 1288 12 0 0
tree 1496 1288 7 0 0
tree 1512 1304 14 0 0
tree 1528 1304 20 0 0
tree 1544 1288 20 0 0
tree 1544 1304 10 0 0
tree 1560 1288 4 0 0
tree 1688 1288 9 0 0
tree 1672 1288 15 0 0
tree 1720 1288 3 0 0
tree 1720 1304 2 0 0
tree 1704 1304 6 0 0
tree 1736 1288 19 0 0
tree 1800 1288 18 0 0
tree 1816 1288 13 0 0
tree 2872 1288 8 0 0
tree 328 1336 20 0 0
stand 408 1320 37 0 0
fre 476 1340 33 0 0
stand 456 1320 18 0 0
tree 568 1320 4 0 0
tree 552 1320 20 0 0
tree 952 1336 14 0 0
tree 968 1336 6 0 0
tree 984 1320 7 0 0
tree 1000 1320 5 0 0
tree 1176 1320 20 0 0
tree 1192 1320 2 0 0
tree 360 1352 17 0 0
tree 392 1368 0 0 0
tree 424 1368 11 0 0
tree 440 1368 3 0 0
tree 472 1368 9 0 0
tree 488 1368 12 0 0
tree 728 1368 12 0 0
tree 792 1368 9 0 0
tree 840 1368 17 0 0
tree 888 1352 11 0 0
tree 936 1352 6 0 0
tree 984 1368 3 0 0
fre 1972 1364 15 0 0
stand 2008 1352 59 1 0
fre 2028 1356 15 0 0
fre 2108 1356 15 0 0
cliff 3296 1344 30 179 179
tree 776 1400 20 0 0
tree 984 1400 5 0 0
tree 1000 1384 5 0 0
trop 1300 1380 45 0 0
trop 1444 1380 41 0 0
trop 1588 1380 48 0 0
trop 1804 1388 45 0 0
trop 1916 1396 43 0 0
fre 1980 1388 15 0 0
fre 2044 1388 15 0 0
tree 2108 1404 9 0 0
tree 3528 1400 5 0 0
tree 760 1432 19 0 0
tree 776 1416 2 0 0
tree 792 1416 16 0 0
fre 876 1428 16 0 0
stand 968 1416 35 0 0
fre 1020 1412 12 0 0
stand 1992 1432 63 1 0
tree 3528 1416 19 0 0
tree 184 1464 16 0 0
fre 828 1460 12 0 0
fre 940 1468 12 0 0
fre 1988 1452 15 0 0
cliff 3360 1440 35 179 179
tree 184 1496 14 0 0
tree 184 1480 10 0 0
fre 820 1476 12 0 0
stand 1848 1480 61 1 0
tree 2434 1494 19 0 0
tree 2450 1494 20 0 0
tree 2738 1494 15 0 0
tree 3016 1480 20 0 0
tree 3032 1480 4 0 0
tree 3048 1480 8 0 0
tree 200 1528 20 0 0
tree 616 1512 19 0 0
fre 836 1532 12 0 0
fre 852 1524 12 0 0
stand 904 1512 32 0 0
tree 1744 1520 12 0 0
trop 1932 1532 40 0 0
stand 2008 1528 59 1 0
stand 2208 1520 54 0 0
tree 2386 1526 1 0 0
tree 2418 1526 6 0 0
tree 2450 1526 12 0 0
tree 2722 1526 2 0 0
tree 2754 1526 0 0 0
tree 600 1544 15 0 0
fre 868 1564 14 0 0
fre 924 1540 16 0 0
tree 1744 1552 7 0 0
fre 2164 1556 15 0 0
tree 2288 1536 7 0 0
fre 2280 1560 8 0 0
fre 2288 1560 8 0 0
tree 2402 1558 17 0 0
tree 2418 1558 9 0 0
tree 2418 1542 19 0 0
tree 2434 1542 1 0 0
tree 2706 1542 15 0 0
tree 2722 1558 19 0 0
tree 2722 1542 8 0 0
tree 2738 1558 19 0 0
tree 2754 1558 0 0 0
tree 2754 1542 19 0 0
cliff 3040 1536 23 179 179
cliff 3104 1536 15 179 179
cliff 3168 1536 15 179 179
cliff 3232 1536 11 179 179
tree 200 1592 17 0 0
tree 600 1576 20 0 0
tree 648 1592 17 0 0
tree 664 1576 13 0 0
tree 1432 1598 3 0 0
tree 1464 1598 10 0 0
tree 1480 1598 10 0 0
dom 1832 1592 6 1 0
trop 1908 1572 44 0 0
dom 2176 1568 0 0 0
fre 2280 1568 8 0 0
fre 2344 1576 14 0 0
tree 168 1624 15 0 0
tree 216 1624 8 0 0
tree 600 1608 2 0 0
tree 600 1624 7 0 0
tree 616 1624 14 0 0
tree 616 1608 19 0 0
fre 900 1612 16 0 0
tree 1416 1614 9 0 0
tree 1432 1630 20 0 0
tree 1448 1630 14 0 0
tree 1464 1630 11 0 0
tree 1728 1616 19 0 0
fre 2000 1608 12 0 0
fre 2000 1600 13 0 0
trop 2076 1620 46 0 0
fre 2104 1608 12 0 0
trop 2096 1616 29 0 0
fre 2204 1620 15 0 0
fre 2256 1608 16 0 0
tree 3240 1608 0 0 0
tree 3240 1624 7 0 0
trop 3428 1628 46 0 0
tree 152 1640 17 0 0
tree 152 1656 7 0 0
tree 184 1656 10 0 0
tree 200 1656 1 0 0
tree 600 1640 5 0 0
fre 892 1652 16 0 0
tree 1464 1646 20 0 0
tree 1728 1632 17 0 0
tree 1728 1648 14 0 0
tree 1776 1632 0 0 0
tree 1792 1632 7 0 0
trop 1916 1644 44 0 0
fre 1992 1656 19 0 0
trop 2080 1656 24 0 0
fre 2328 1648 15 0 0
tree 2338 1654 14 0 0
tree 2416 1648 20 0 0
tree 2514 1638 11 0 0
tree 2530 1654 19 0 0
cliff 3040 1632 36 179 179
tree 3256 1656 5 0 0
tree 3240 1656 11 0 0
tree 3240 1640 2 0 0
tree 152 1672 6 0 0
tree 152 1688 1 0 0
trop 732 1684 46 0 0
tree 1416 1678 19 0 0
fre 1420 1682 8 0 0
tree 1416 1694 7 0 0
tree 1480 1678 15 0 0
tree 1728 1664 1 0 0
stand 2000 1680 57 0 0
fre 2024 1680 18 0 0
fre 2088 1680 13 0 0
fre 2120 1680 8 0 0
fre 2128 1672 8 0 0
fre 2128 1680 8 0 0
stand 2144 1664 59 0 0
stand 2256 1664 56 0 0
tree 2338 1670 12 0 0
tree 2416 1664 4 0 0
tree 2416 1680 2 0 0
tree 2514 1686 0 0 0
tree 2514 1670 8 0 0
tree 2530 1686 17 0 0
tree 2530 1670 9 0 0
tree 3240 1672 1 0 0
tree 152 1704 12 0 0
tree 136 1704 5 0 0
tree 152 1720 7 0 0
tree 1400 1726 13 0 0
tree 1416 1710 20 0 0
tree 1416 1726 6 0 0
fre 1500 1714 8 0 0
tree 1496 1710 0 0 0
tree 1512 1726 9 0 0
fre 1548 1714 8 0 0
tree 1544 1710 11 0 0
fre 1556 1714 8 0 0
fre 1556 1706 8 0 0
tree 1560 1710 1 0 0
tree 1792 1712 8 0 0
stand 1840 1696 37 1 0
stand 1920 1712 37 0 0
fre 1920 1712 19 0 0
fre 2032 1712 16 0 0
fre 2016 1720 18 0 0
fre 2152 1704 17 0 0
fre 2352 1712 16 0 0
fre 2400 1696 8 0 0
tree 2530 1702 5 0 0
tree 152 1736 15 0 0
tree 1416 1742 17 0 0
fre 1516 1754 8 0 0
tree 1512 1758 4 0 0
tree 1808 1728 9 0 0
tree 1824 1728 20 0 0
tree 1880 1758 7 0 0
tree 1896 1742 3 0 0
tree 1928 1758 9 0 0
fre 1944 1728 19 0 0
tree 2064 1744 10 0 0
stand 2332 1756 30 0 0
tree 2528 1744 5 0 0
tree 3480 1736 17 0 0
tree 3480 1752 16 0 0
tree 3496 1752 11 0 0
fre 1516 1762 8 0 0
fre 1508 1762 8 0 0
tree 1512 1790 15 0 0
tree 1528 1790 6 0 0
dom 1800 1784 6 2 0
tree 1864 1774 2 0 0
fre 1888 1760 13 0 0
tree 1928 1774 9 0 0
tree 1944 1790 17 0 0
fre 1960 1784 15 0 0
tree 2032 1776 9 0 0
tree 2048 1760 17 0 0
trop 2092 1772 40 0 0
dom 2176 1760 8 0 0
trop 2228 1788 40 0 0
stand 2304 1776 62 0 0
fre 2344 1784 8 0 0
fre 2368 1776 8 0 0
stand 2428 1772 49 0 0
tree 2444 1788 5 0 0
tree 2512 1760 13 0 0
trop 3428 1772 40 0 0
tree 3512 1768 0 0 0
tree 1944 1822 6 0 0
tree 1936 1808 0 0 0
tree 1952 1792 13 0 0
tree 1952 1808 20 0 0
fre 2016 1800 16 0 0
tree 2032 1792 19 0 0
dom 2112 1792 9 0 0
dom 2176 1792 7 0 0
fre 2336 1800 8 0 0
fre 2368 1816 19 0 0
tree 2400 1792 0 0 0
tree 2416 1808 2 0 0
trop 732 1828 40 0 0
tree 1480 1838 12 0 0
tree 1496 1838 19 0 0
tree 1496 1854 5 0 0
tree 1756 1836 19 0 0
fre 1872 1832 16 0 0
tree 1904 1824 2 0 0
tree 1920 1824 4 0 0
stand 1984 1840 56 0 0
fre 2160 1832 16 0 0
fre 2200 1832 15 0 0
fre 2256 1832 15 0 0
fre 2304 1832 16 0 0
tree 2432 1824 13 0 0
tree 2448 1824 3 0 0
tree 2464 1840 15 0 0
fre 2520 1824 15 0 0
fre 1492 1866 8 0 0
tree 1496 1870 19 0 0
fre 1580 1858 8 0 0
fre 1580 1874 8 0 0
fre 1816 1880 19 0 0
tree 1864 1886 18 0 0
tree 1880 1886 3 0 0
tree 1912 1870 19 0 0
tree 1912 1886 8 0 0
tree 1928 1870 8 0 0
fre 2376 1872 14 0 0
tree 2448 1856 19 0 0
tree 3544 1880 11 0 0
tree 1880 1902 19 0 0
tree 1888 1888 20 0 0
tree 1904 1888 0 0 0
tree 1920 1888 18 0 0
fre 1984 1896 13 0 0
stand 2448 1904 55 0 0
fre 2512 1896 15 0 0
trop 1872 1920 6 0 0
tree 1872 1936 14 0 0
fre 1928 1920 17 0 0
trop 1996 1924 41 0 0
trop 2092 1940 40 0 0
dom 2144 1920 16 0 0
fre 2200 1944 15 0 0
trop 2204 1948 41 0 0
fre 2240 1920 15 0 0
dom 2272 1920 17 0 0
fre 2336 1928 16 0 0
cliff 2762 1934 43 179 179
trop 3428 1948 40 0 0
tree 488 1976 7 0 0
trop 732 1972 47 0 0
tree 1932 1980 20 0 0
stand 1984 1968 59 0 0
tree 2400 1952 4 0 0
fre 2408 1960 15 0 0
fre 2472 1968 13 0 0
fre 2512 1952 13 0 0
cliff 2666 1966 45 179 179
cliff 3968 1952 8 179 179
tree 504 1992 5 0 0
tree 1352 2014 17 0 0
tree 1400 1998 2 0 0
fre 1404 2002 8 0 0
tree 1400 2014 13 0 0
tree 1544 1998 2 0 0
tree 1904 2000 3 0 0
tree 1920 2000 13 0 0
trop 2204 2012 41 0 0
dom 2240 1984 3 0 0
stand 2320 2000 51 0 0
fre 2304 2008 18 0 0
tree 2384 1984 9 0 0
tree 2400 1984 1 0 0
trop 2438 1998 25 0 0
tree 2496 2000 15 0 0
cliff 3120 2006 43 179 179
cliff 3936 1984 38 179 179
tree 296 2040 6 0 0
tree 312 2040 2 0 0
tree 1368 2030 18 0 0
tree 1368 2046 4 0 0
tree 1384 2030 19 0 0
tree 1400 2046 19 0 0
tree 1416 2030 12 0 0
tree 1432 2046 2 0 0
tree 1544 2030 15 0 0
tree 1560 2030 12 0 0
tree 1544 2046 13 0 0
tree 1560 2046 1 0 0
tree 1576 2030 10 0 0
tree 1576 2046 20 0 0
tree 1800 2030 11 0 0
tree 1816 2030 10 0 0
fre 1848 2024 14 0 0
tree 1904 2016 4 0 0
tree 1920 2016 17 0 0
fre 2000 2032 17 0 0
tree 2400 2016 11 0 0
fre 2456 2032 15 0 0
tree 2496 2016 5 0 0
tree 2512 2016 5 0 0
tree 2840 2040 7 0 0
cliff 3184 2038 32 179 179
tree 3640 2040 15 0 0
tree 3640 2024 18 0 0
tree 3624 2024 14 0 0
tree 248 2072 1 0 0
tree 264 2072 20 0 0
tree 280 2056 20 0 0
tree 1144 2078 19 0 0
tree 1352 2062 9 0 0
tree 1352 2078 19 0 0
tree 1368 2078 15 0 0
tree 1400 2062 12 0 0
tree 1400 2078 17 0 0
fre 1412 2068 31 0 0
fre 1436 2050 8 0 0
fre 1548 2066 8 0 0
tree 1544 2062 19 0 0
tree 1608 2062 19 0 0
tree 1624 2078 5 0 0
fre 1912 2064 13 0 0
stand 2016 2048 53 0 0
tree 2272 2064 9 0 0
dom 2272 2048 15 1 0
fre 2376 2056 15 0 0
fre 2424 2056 15 0 0
fre 2620 2068 31 0 0
stand 2632 2056 19 0 0
cliff 2730 2062 8 179 179
tree 3480 2072 11 0 0
tree 3480 2056 1 0 0
tree 1112 2094 19 0 0
tree 1128 2110 1 0 0
tree 1208 2110 15 0 0
tree 1368 2094 1 0 0
fre 1428 2092 31 0 0
tree 1544 2094 9 0 0
tree 1808 2080 14 0 0
tree 1840 2096 0 0 0
tree 1856 2096 17 0 0
trop 2092 2084 40 0 0
tree 2128 2096 3 0 0
dom 2176 2080 10 1 0
fre 2224 2096 8 0 0
tree 2272 2080 10 0 0
fre 2288 2104 15 0 0
fre 2336 2080 15 0 0
tree 2456 2088 9 0 0
tree 2456 2104 15 0 0
tree 2472 2104 8 0 0
fre 3132 2108 14 0 0
cliff 3248 2102 31 179 179
tree 1128 2126 19 0 0
tree 1128 2142 3 0 0
fre 1124 2138 8 0 0
tree 1176 2142 20 0 0
tree 1208 2126 17 0 0
tree 1224 2126 10 0 0
tree 1272 2126 16 0 0
tree 1272 2142 14 0 0
tree 1288 2126 5 0 0
tree 1304 2126 6 0 0
tree 1288 2142 3 0 0
tree 1416 2142 8 0 0
tree 1432 2142 9 0 0
tree 1856 2112 17 0 0
tree 1920 2128 17 0 0
tree 1936 2112 20 0 0
dom 2024 2136 10 2 0
trop 2164 2132 41 0 0
stand 2208 2128 50 0 0
stand 2296 2136 52 0 0
stand 2336 2112 38 0 0
fre 2416 2128 12 0 0
cliff 2602 2126 42 179 179
trop 3428 2124 40 0 0
cliff 3776 2112 23 179 179
cliff 3904 2112 36 179 179
tree 648 2152 9 0 0
tree 648 2168 15 0 0
fre 1308 2162 8 0 0
tree 1304 2158 0 0 0
fre 1356 2172 31 0 0
fre 1380 2156 31 0 0
fre 1436 2156 32 0 0
fre 1428 2172 31 0 0
fre 1468 2148 32 0 0
fre 1484 2148 31 0 0
fre 2216 2152 15 0 0
trop 2240 2144 25 0 0
fre 2256 2160 16 0 0
fre 2368 2152 15 0 0
cliff 2730 2158 36 179 179
tree 2936 2152 18 0 0
tree 2952 2168 12 0 0
dom 3040 2144 115 0 0
fre 3084 2172 16 0 0
cliff 3744 2144 1 179 179
tree 632 2184 1 0 0
tree 632 2200 8 0 0
tree 648 2184 18 0 0
fre 1300 2180 31 0 0
tree 1416 2206 11 0 0
tree 1432 2206 2 0 0
tree 1512 2206 7 0 0
tree 1856 2192 0 0 0
tree 1856 2176 16 0 0
fre 1912 2192 16 0 0
fre 2104 2200 15 0 0
trop 2100 2204 47 0 0
fre 2328 2184 15 0 0
tree 2872 2200 3 0 0
tree 2904 2200 0 0 0
tree 2888 2200 0 0 0
tree 2936 2200 20 0 0
cliff 3712 2176 0 179 179
trop 740 2212 46 0 0
fre 1244 2220 32 0 0
tree 1240 2222 3 0 0
tree 1256 2222 15 0 0
stand 1288 2216 10 0 0
tree 1448 2222 5 0 0
fre 1476 2220 31 0 0
tree 1496 2222 14 0 0
tree 1480 2238 17 0 0
tree 1512 2222 6 0 0
tree 1856 2208 6 0 0
trop 2104 2208 24 0 0
stand 2176 2224 57 0 0
stand 2288 2224 59 0 0
tree 2424 2232 16 0 0
tree 2440 2232 13 0 0
tree 2984 2232 18 0 0
tree 3000 2232 19 0 0
tree 3000 2216 7 0 0
cliff 3360 2208 20 179 179
cliff 3584 2208 23 179 179
cliff 3680 2208 34 179 179
tree 1240 2254 15 0 0
tree 1224 2270 1 0 0
tree 1240 2270 5 0 0
stand 1288 2264 10 0 0
fre 1324 2260 32 0 0
fre 1404 2252 31 0 0
tree 1464 2254 10 0 0
tree 1480 2254 16 0 0
tree 1936 2256 11 0 0
fre 2080 2256 15 0 0
cliff 3360 2240 19 179 179
cliff 3552 2240 5 179 179
tree 1208 2286 2 0 0
tree 1224 2286 13 0 0
tree 1920 2272 16 0 0
tree 1920 2288 5 0 0
stand 2000 2272 61 0 0
trop 2096 2280 24 0 0
fre 2160 2296 13 0 0
fre 2232 2280 13 0 0
fre 2288 2272 13 0 0
cliff 3360 2272 19 179 179
trop 3428 2276 47 0 0
cliff 3520 2272 9 179 179
trop 740 2332 47 0 0
stand 1304 2312 19 0 0
tree 1920 2304 1 0 0
tree 2044 2316 14 0 0
fre 2028 2332 16 0 0
fre 2048 2320 8 0 0
tree 2128 2320 4 0 0
cliff 3344 2326 5 179 179
tree 936 2360 3 0 0
fre 1268 2340 32 0 0
tree 1936 2352 13 0 0
tree 1952 2352 2 0 0
tree 2160 2336 2 0 0
tree 2176 2336 3 0 0
fre 2180 2348 31 0 0
tree 2208 2352 6 0 0
tree 2224 2352 14 0 0
tree 2256 2352 7 0 0
cliff 3152 2358 23 179 179
cliff 3216 2358 15 179 179
cliff 3312 2358 34 179 179
tree 936 2376 1 0 0
tree 952 2376 17 0 0
tree 936 2392 20 0 0
tree 1048 2376 5 0 0
tree 2144 2368 10 0 0
tree 2256 2368 8 0 0
cliff 2672 2390 45 179 179
cliff 2794 2382 45 179 179
cliff 3120 2390 5 179 179
cliff 3088 2422 17 179 179
tree 280 2462 5 0 0
tree 1144 2456 8 0 0
tree 232 2494 12 0 0
tree 248 2494 7 0 0
tree 264 2478 13 0 0
tree 280 2478 0 0 0
tree 264 2494 17 0 0
tree 1144 2472 5 0 0
tree 1128 2472 15 0 0
tree 1128 2488 4 0 0
cliff 2608 2486 46 179 179
tree 2792 2472 4 0 0
tree 2808 2472 0 0 0
tree 2808 2488 6 0 0
cliff 2922 2478 7 179 179
cliff 3088 2486 19 179 179
tree 216 2526 1 0 0
tree 232 2510 8 0 0
trop 3444 2508 46 0 0
tree 184 2558 18 0 0
cliff 2762 2542 41 179 179
cliff 3088 2550 19 179 179
tree 184 2590 4 0 0
tree 216 2590 15 0 0
tree 248 2590 8 0 0
tree 296 2590 17 0 0
tree 1928 2584 15 0 0
cliff 2890 2574 36 179 179
tree 200 2622 4 0 0
tree 248 2606 5 0 0
tree 248 2622 8 0 0
tree 264 2606 15 0 0
tree 328 2606 2 0 0
tree 328 2622 13 0 0
tree 1896 2616 16 0 0
tree 1912 2616 12 0 0
tree 1928 2600 20 0 0
tree 2616 2600 6 0 0
tree 2632 2600 10 0 0
tree 2632 2616 13 0 0
tree 2648 2616 12 0 0
tree 216 2638 9 0 0
tree 200 2654 8 0 0
tree 248 2638 3 0 0
tree 280 2654 8 0 0
tree 520 2638 9 0 0
tree 520 2654 11 0 0
tree 632 2654 7 0 0
fre 716 2642 18 0 0
tree 1880 2648 5 0 0
tree 1880 2632 3 0 0
tree 2680 2632 4 0 0
cliff 3120 2646 33 179 179
trop 3444 2628 47 0 0
tree 120 2670 11 0 0
tree 232 2670 13 0 0
tree 280 2686 8 0 0
tree 344 2686 17 0 0
tree 520 2670 19 0 0
trop 2492 2660 46 0 0
cliff 2608 2678 41 179 179
cliff 3024 2678 23 179 179
cliff 3088 2678 21 179 179
tree 248 2702 19 0 0
tree 232 2718 3 0 0
tree 264 2718 16 0 0
tree 328 2718 11 0 0
tree 520 2702 4 0 0
cliff 2672 2710 14 179 179
cliff 2736 2710 16 179 179
cliff 2800 2710 16 179 179
cliff 2864 2710 14 179 179
cliff 2928 2710 14 179 179
cliff 2992 2710 21 179 179
tree 184 2734 17 0 0
tree 200 2750 2 0 0
tree 216 2750 19 0 0
tree 264 2734 0 0 0
tree 280 2750 6 0 0
tree 504 2750 13 0 0
fre 628 2748 31 0 0
trop 756 2748 46 0 0
cliff 2288 2742 43 179 179
tree 3512 2728 12 0 0
tree 3544 2728 11 0 0
tree 3528 2728 5 0 0
tree 3794 2746 0 0 0
tree 3826 2730 15 0 0
tree 3826 2746 10 0 0
tree 280 2782 8 0 0
tree 296 2766 14 0 0
tree 312 2766 14 0 0
tree 296 2782 5 0 0
fre 604 2772 35 0 0
fre 588 2764 31 0 0
stand 616 2766 13 0 0
fre 748 2770 18 0 0
cliff 2352 2774 31 179 179
trop 2508 2772 44 0 0
tree 3346 2762 2 0 0
tree 3346 2778 20 0 0
tree 3400 2776 1 0 0
tree 3400 2760 15 0 0
trop 3452 2780 46 0 0
tree 3698 2762 0 0 0
tree 3714 2778 16 0 0
tree 3762 2778 14 0 0
tree 3778 2762 10 0 0
tree 3794 2762 10 0 0
tree 3778 2778 9 0 0
tree 3938 2762 1 0 0
tree 184 2808 2 0 0
tree 184 2792 1 0 0
tree 280 2798 13 0 0
tree 296 2798 18 0 0
tree 296 2814 19 0 0
tree 360 2792 16 0 0
tree 360 2808 11 0 0
fre 540 2804 35 0 0
dom 560 2806 1 2 0
fre 620 2788 31 0 0
tree 648 2798 9 0 0
trop 2620 2788 48 0 0
tree 3346 2810 6 0 0
tree 3746 2794 1 0 0
tree 3762 2794 20 0 0
tree 184 2840 6 0 0
tree 184 2824 13 0 0
tree 200 2840 19 0 0
tree 200 2824 7 0 0
tree 344 2840 17 0 0
tree 360 2840 20 0 0
tree 360 2824 3 0 0
fre 428 2844 35 0 0
fre 460 2844 35 0 0
fre 604 2820 31 0 0
fre 740 2826 12 0 0
cliff 2416 2838 32 179 179
trop 2956 2836 45 0 0
trop 3076 2836 48 0 0
trop 3292 2844 45 0 0
trop 3404 2844 48 0 0
trop 3628 2844 45 0 0
trop 3780 2844 41 0 0
trop 3948 2836 41 0 0
tree 344 2856 20 0 0
tree 328 2856 5 0 0
tree 328 2872 4 0 0
tree 376 2872 10 0 0
tree 376 2856 0 0 0
stand 520 2872 14 0 0
fre 572 2860 31 0 0
tree 696 2878 6 0 0
tree 312 2888 13 0 0
tree 312 2904 3 0 0
tree 376 2904 12 0 0
fre 436 2900 34 0 0
fre 468 2900 34 0 0
fre 540 2900 34 0 0
trop 756 2900 40 0 0
tree 796 2903 6 0 0
tree 812 2903 9 0 0
cliff 2544 2902 43 179 179
tree 3730 2906 17 0 0
tree 376 2920 0 0 0
tree 392 2936 14 0 0
fre 500 2916 34 0 0
tree 632 2942 6 0 0
tree 648 2942 15 0 0
tree 680 2942 10 0 0
cliff 2992 2934 43 179 179
tree 3202 2938 5 0 0
tree 360 2968 7 0 0
tree 376 2968 20 0 0
tree 424 2968 9 0 0
tree 440 2968 15 0 0
cliff 2704 2966 43 179 179
cliff 2864 2966 45 179 179
tree 3202 2954 11 0 0
tree 3218 2954 2 0 0
tree 3202 2970 11 0 0
tree 3346 2970 17 0 0
tree 3378 2954 3 0 0
tree 3362 2970 2 0 0
tree 3378 2970 9 0 0
stand 3570 2970 11 1 0
tree 3906 2970 15 0 0
tree 3954 2954 4 0 0
tree 376 2984 10 0 0
tree 392 3000 14 0 0
tree 408 3000 17 0 0
tree 440 2984 10 0 0
tree 456 3000 8 0 0
tree 488 3000 2 0 0
tree 504 3000 2 0 0
tree 664 3006 18 0 0
tree 696 2990 11 0 0
tree 680 3006 12 0 0
dom 1028 3007 0 0 0
tree 2920 2984 17 0 0
fre 2948 2980 33 0 0
stand 2968 3000 15 0 0
cliff 3088 2998 27 179 179
tree 3202 2986 4 0 0
tree 3218 3002 20 0 0
tree 3314 3002 18 0 0
tree 3298 3002 14 0 0
tree 3346 2986 4 0 0
tree 3330 2986 20 0 0
tree 3330 3002 14 0 0
fre 3598 2990 16 0 0
stand 3714 2986 15 0 0
tree 3954 3002 16 0 0
fre 156 3012 16 0 0
tree 440 3016 7 0 0
tree 536 3022 2 0 0
tree 536 3038 7 0 0
tree 600 3038 3 0 0
tree 632 3022 12 0 0
tree 616 3038 10 0 0
dom 964 3039 5 0 0
tree 1084 3031 20 0 0
cliff 1280 3008 43 179 179
tree 3202 3018 9 0 0
tree 3218 3018 15 0 0
tree 3234 3034 19 0 0
tree 3282 3018 11 0 0
tree 3266 3034 13 0 0
tree 3314 3018 2 0 0
tree 3298 3018 13 0 0
tree 3314 3034 9 0 0
tree 3330 3018 7 0 0
tree 3394 3018 4 0 0
tree 3394 3034 18 0 0
stand 3554 3034 10 0 0
fre 3654 3014 15 0 0
fre 3718 3038 15 0 0
fre 148 3068 15 0 0
tree 376 3048 12 0 0
tree 568 3054 1 0 0
tree 584 3054 20 0 0
tree 876 3047 14 0 0
tree 988 3063 19 0 0
fre 992 3059 8 0 0
tree 1068 3047 16 0 0
cliff 1344 3040 31 179 179
tree 3266 3050 8 0 0
tree 3282 3066 12 0 0
tree 3266 3066 4 0 0
tree 3314 3050 5 0 0
tree 3298 3050 9 0 0
tree 3314 3066 1 0 0
tree 3410 3050 1 0 0
tree 3394 3050 17 0 0
tree 3394 3066 15 0 0
stand 3634 3066 16 1 0
stand 3778 3050 12 0 0
trop 756 3076 40 0 0
tree 856 3080 7 0 0
fre 1048 3075 14 0 0
cliff 2960 3094 23 179 179
cliff 3088 3094 36 179 179
tree 3202 3098 13 0 0
tree 3218 3098 3 0 0
tree 3266 3082 11 0 0
tree 3298 3082 9 0 0
tree 3298 3098 9 0 0
tree 3314 3098 19 0 0
tree 3330 3082 16 0 0
tree 3330 3098 4 0 0
tree 3346 3098 9 0 0
tree 3394 3082 18 0 0
tree 3394 3098 11 0 0
stand 3506 3082 17 0 0
zabor 112 3120 104 2 8
fre 148 3124 15 0 0
zabor 144 3120 105 2 8
zabor 176 3120 105 2 8
zabor 208 3120 105 2 8
zabor 240 3120 105 2 8
zabor 272 3120 104 2 8
zabor 304 3120 105 2 8
zabor 336 3120 105 2 8
tree 428 3111 10 0 0
fre 960 3107 16 0 0
dom 1156 3135 15 0 0
cliff 1408 3104 32 179 179
tree 2712 3128 3 0 0
cliff 2928 3126 18 179 179
tree 3346 3114 1 0 0
fre 3542 3134 16 0 0
stand 3730 3114 35 0 0
fre 212 3140 13 0 0
fre 260 3164 15 0 0
zabor 336 3152 104 2 8
fre 494 3137 15 0 0
fre 558 3145 15 0 0
tree 556 3143 16 0 0
trop 860 3148 41 0 0
dom 900 3167 10 0 0
tree 956 3159 5 0 0
fre 1032 3147 15 0 0
dom 1092 3167 10 0 0
cliff 1536 3162 43 179 179
tree 2456 3144 0 0 0
tree 2456 3160 10 0 0
tree 2440 3160 6 0 0
stand 3490 3146 17 1 0
fre 3742 3142 16 0 0
zabor 336 3184 105 2 8
tree 460 3191 3 0 0
stand 540 3175 42 0 0
tree 556 3191 0 0 0
dom 676 3199 6 0 0
fre 728 3179 18 0 0
fre 792 3179 13 0 0
fre 824 3179 8 0 0
tree 828 3175 19 0 0
fre 832 3179 8 0 0
fre 832 3171 8 0 0
trop 868 3196 41 0 0
tree 940 3191 14 0 0
dom 996 3199 17 0 0
tree 1116 3175 14 0 0
fre 1104 3195 8 0 0
tree 1100 3191 17 0 0
tree 2440 3176 0 0 0
tree 2472 3192 6 0 0
cliff 2928 3190 18 179 179
fre 3566 3190 13 0 0
stand 3650 3178 32 0 0
fre 3686 3198 12 0 0
stand 216 3208 14 0 0
fre 268 3212 15 0 0
fre 324 3204 15 0 0
zabor 336 3216 105 2 8
tree 392 3224 16 0 0
fre 436 3220 13 0 0
tree 428 3207 2 0 0
tree 524 3207 5 0 0
fre 624 3211 19 0 0
fre 648 3227 19 0 0
fre 720 3219 18 0 0
fre 856 3203 17 0 0
tree 844 3207 2 0 0
trop 972 3204 41 0 0
fre 1056 3211 16 0 0
tree 1240 3224 18 0 0
dom 1504 3200 30 0 0
cliff 1632 3226 27 179 179
tree 2424 3224 15 0 0
tree 2456 3224 8 0 0
tree 2472 3208 7 0 0
tree 2616 3224 12 0 0
tree 2632 3224 10 0 0
tree 2648 3224 6 0 0
cliff 2928 3222 22 179 179
tree 3218 3226 2 0 0
tree 3266 3226 13 0 0
stand 3474 3210 19 0 0
fre 3534 3214 15 0 0
stand 3570 3226 18 0 0
tree 3890 3226 19 0 0
tree 3922 3210 20 0 0
tree 3922 3226 12 0 0
tree 3938 3210 10 0 0
fre 172 3260 15 0 0
fre 164 3244 12 0 0
zabor 336 3248 104 2 8
tree 392 3240 4 0 0
fre 592 3259 13 0 0
trop 748 3236 40 0 0
trop 868 3260 41 0 0
dom 868 3263 0 0 0
dom 932 3263 7 0 0
stand 1036 3255 30 0 0
tree 2392 3256 14 0 0
tree 2424 3240 15 0 0
tree 2648 3240 10 0 0
tree 2664 3256 3 0 0
tree 3250 3258 18 0 0
tree 3266 3258 20 0 0
fre 3470 3246 15 0 0
fre 3622 3254 16 0 0
tree 3938 3242 11 0 0
tree 3954 3258 10 0 0
fre 140 3292 15 0 0
fre 236 3276 12 0 0
zabor 336 3280 112 2 9
dom 516 3295 13 0 0
fre 664 3283 15 0 0
dom 996 3295 8 0 0
fre 1048 3283 8 0 0
tree 1052 3287 17 0 0
fre 1072 3275 8 0 0
tree 1068 3271 3 0 0
stand 1132 3271 49 0 0
tree 1148 3287 5 0 0
tree 1912 3288 1 0 0
tree 1928 3272 8 0 0
tree 2408 3272 3 0 0
tree 2584 3288 4 0 0
tree 2600 3288 6 0 0
tree 2600 3272 14 0 0
tree 2696 3272 20 0 0
tree 2792 3272 10 0 0
tree 2792 3288 2 0 0
cliff 2960 3286 30 179 179
tree 3250 3274 1 0 0
tree 3266 3274 13 0 0
tree 3378 3290 17 0 0
tree 3394 3290 7 0 0
tree 3410 3290 19 0 0
tree 3426 3290 1 0 0
tree 3442 3290 6 0 0
fre 484 3316 13 0 0
trop 792 3299 24 0 0
fre 1040 3299 8 0 0
tree 1036 3303 5 0 0
fre 1072 3315 19 0 0
dom 1188 3327 6 0 0
fre 1224 3323 15 0 0
cliff 1504 3322 23 179 179
cliff 1632 3322 36 179 179
tree 2424 3304 1 0 0
tree 2504 3304 8 0 0
tree 2536 3304 7 0 0
tree 2568 3304 8 0 0
tree 2584 3304 8 0 0
tree 2712 3304 17 0 0
tree 2728 3320 2 0 0
tree 2792 3320 1 0 0
tree 2792 3304 11 0 0
tree 3234 3322 15 0 0
tree 3266 3306 11 0 0
tree 3458 3306 20 0 0
tree 3746 3322 0 0 0
tree 3762 3322 19 0 0
tree 3858 3322 11 0 0
tree 3954 3306 8 0 0
tree 3970 3306 6 0 0
tree 460 3335 19 0 0
fre 576 3331 16 0 0
dom 676 3359 10 0 0
trop 860 3356 41 0 0
fre 864 3331 16 0 0
fre 904 3331 15 0 0
fre 960 3331 15 0 0
dom 964 3359 19 0 0
fre 1008 3331 16 0 0
cliff 1472 3354 18 179 179
tree 2456 3352 19 0 0
tree 2440 3336 3 0 0
tree 2488 3336 7 0 0
tree 2472 3352 10 0 0
tree 2744 3352 13 0 0
tree 2776 3336 5 0 0
tree 2776 3352 9 0 0
tree 2792 3336 9 0 0
tree 2792 3352 3 0 0
cliff 3024 3350 31 179 179
tree 3394 3354 12 0 0
tree 3474 3338 14 0 0
tree 3474 3354 13 0 0
tree 3570 3338 5 0 0
tree 3602 3338 9 0 0
tree 3618 3338 2 0 0
tree 3634 3354 1 0 0
tree 3730 3354 6 0 0
tree 3762 3338 6 0 0
tree 3746 3338 4 0 0
tree 3746 3354 12 0 0
tree 3842 3338 6 0 0
tree 3906 3354 18 0 0
cliff 384 3360 10 179 179
fre 470 3377 12 0 0
fre 520 3379 19 0 0
tree 520 3384 7 0 0
tree 552 3384 20 0 0
tree 568 3384 5 0 0
tree 584 3384 4 0 0
dom 868 3391 5 0 0
fre 1080 3371 14 0 0
dom 1124 3391 19 0 0
tree 1272 3384 1 0 0
tree 1288 3368 6 0 0
tree 2456 3368 2 0 0
tree 2472 3368 8 0 0
tree 3394 3370 14 0 0
tree 3442 3386 3 0 0
tree 3474 3370 6 0 0
tree 3458 3386 3 0 0
tree 3650 3370 2 0 0
tree 3666 3386 9 0 0
tree 3698 3386 1 0 0
tree 3714 3386 16 0 0
tree 3730 3386 1 0 0
tree 3746 3370 4 0 0
tree 3874 3386 16 0 0
tree 3906 3370 10 0 0
tree 488 3416 10 0 0
trop 512 3411 6 0 0
trop 576 3419 6 0 0
fre 632 3419 17 0 0
fre 688 3395 13 0 0
trop 740 3396 40 0 0
trop 860 3420 41 0 0
fre 944 3419 15 0 0
dom 996 3423 17 0 0
dom 1060 3423 18 0 0
dom 1188 3423 16 0 0
fre 1216 3395 15 0 0
tree 1256 3400 2 0 0
tree 1256 3416 3 0 0
cliff 1472 3418 18 179 179
tree 2472 3416 11 0 0
tree 2488 3416 16 0 0
tree 2504 3400 7 0 0
tree 2744 3400 16 0 0
tree 2776 3416 8 0 0
tree 2760 3400 9 0 0
tree 2792 3416 15 0 0
tree 3394 3402 17 0 0
tree 3410 3418 8 0 0
tree 3426 3402 17 0 0
tree 3474 3402 3 0 0
tree 3570 3418 8 0 0
tree 3730 3418 9 0 0
tree 3746 3402 19 0 0
tree 3794 3418 5 0 0
tree 3832 3416 4 1 0
tree 3816 3416 17 1 0
tree 3816 3400 3 1 0
tree 3906 3402 0 0 0
tree 348 3447 10 0 0
tree 488 3432 19 0 0
tree 504 3448 19 0 0
stand 818 3437 36 0 0
fre 904 3443 15 0 0
fre 1040 3427 16 0 0
dom 1124 3455 8 0 0
fre 1216 3451 13 0 0
cliff 1472 3450 22 179 179
tree 2456 3432 10 0 0
tree 2472 3432 17 0 0
tree 2808 3432 4 0 0
tree 2824 3448 9 0 0
cliff 3120 3446 27 179 179
tree 3666 3450 17 0 0
tree 3682 3450 2 0 0
tree 3730 3434 2 0 0
tree 3762 3434 10 0 0
tree 3762 3450 11 0 0
tree 3826 3434 6 0 0
tree 3810 3450 8 0 0
tree 3816 3448 5 1 0
tree 3816 3432 20 1 0
cliff 384 3456 33 179 179
dom 548 3487 9 0 0
fre 590 3457 13 0 0
tree 636 3479 20 0 0
trop 652 3484 41 0 0
dom 708 3487 16 0 0
fre 776 3483 15 0 0
dom 964 3487 9 0 0
fre 1112 3459 15 0 0
stand 1090 3485 52 0 0
fre 1176 3467 13 0 0
cliff 3088 3478 5 179 179
tree 3602 3482 15 0 0
tree 3618 3466 11 0 0
tree 3698 3466 20 0 0
tree 3682 3482 11 0 0
tree 3730 3466 9 0 0
tree 3746 3466 19 0 0
tree 3762 3466 1 0 0
tree 3826 3466 20 0 0
vor 3836 3460 16 0 0
tree 104 3512 20 0 0
fre 148 3492 16 0 0
fre 196 3492 15 0 0
fre 260 3508 13 0 0
fre 776 3515 15 0 0
dom 900 3519 11 0 0
fre 1008 3507 18 0 0
dom 1092 3519 15 0 0
trop 1142 3497 25 0 0
cliff 1504 3514 30 179 179
tree 1896 3512 14 0 0
tree 1912 3512 16 0 0
tree 1944 3512 2 0 0
tree 1976 3512 11 0 0
tree 2008 3496 9 0 0
tree 1992 3512 20 0 0
fre 2780 3492 35 0 0
cliff 3056 3510 22 179 179
tree 3698 3498 16 0 0
tree 3714 3498 12 0 0
fre 204 3548 13 0 0
cliff 384 3520 39 179 179
fre 552 3523 14 0 0
fre 614 3529 13 0 0
fre 704 3531 17 0 0
tree 828 3527 3 0 0
tree 844 3543 1 0 0
fre 944 3523 16 0 0
dom 964 3551 2 0 0
tree 972 3543 14 0 0
dom 1060 3551 7 0 0
dom 1124 3551 18 0 0
fre 1160 3531 15 0 0
dom 1156 3551 15 0 0
tree 1272 3528 6 0 0
tree 1272 3544 6 0 0
tree 1864 3528 0 0 0
tree 1880 3528 8 0 0
tree 2840 3544 16 0 0
tree 2824 3544 17 0 0
tree 2856 3544 0 0 0
tree 3714 3530 3 0 0
tree 3746 3546 12 0 0
vor 3828 3524 16 0 0
tree 3848 3544 17 1 0
tree 120 3576 0 0 0
tree 492 3575 1 0 0
fre 616 3563 13 0 0
dom 676 3583 17 0 0
trop 748 3564 40 0 0
fre 880 3563 12 0 0
dom 868 3583 19 0 0
dom 1028 3583 8 0 0
fre 1040 3579 15 0 0
fre 1080 3555 15 0 0
fre 1128 3555 15 0 0
stand 1202 3565 62 0 0
cliff 1568 3578 31 179 179
tree 1976 3576 1 0 0
tree 1960 3576 20 0 0
fre 2780 3572 35 0 0
tree 2824 3560 16 0 0
tree 3730 3578 0 0 0
tree 3762 3562 6 0 0
tree 3746 3578 6 0 0
tree 3848 3576 20 1 0
vor 3860 3572 16 0 0
tree 104 3592 18 0 0
tree 152 3608 11 0 0
tree 136 3592 20 0 0
fre 220 3596 15 0 0
dom 580 3615 12 3 0
tree 716 3607 3 0 0
tree 924 3591 15 0 0
fre 928 3595 8 0 0
fre 992 3603 15 0 0
fre 1436 3604 34 0 0
tree 1992 3592 10 0 0
stand 2728 3608 11 0 0
stand 2840 3608 12 0 0
cliff 3088 3606 33 179 179
tree 3816 3608 3 1 0
tree 3832 3592 3 1 0
tree 3848 3592 4 1 0
tree 104 3624 3 0 0
tree 104 3640 17 0 0
tree 120 3624 2 0 0
tree 168 3640 11 0 0
cliff 416 3616 33 179 179
trop 716 3628 41 0 0
dom 740 3647 15 0 0
trop 880 3643 25 0 0
trop 908 3644 41 0 0
trop 944 3643 25 0 0
fre 1120 3627 12 0 0
fre 1190 3625 15 0 0
tree 1992 3624 7 0 0
fre 2732 3644 33 0 0
fre 2788 3636 34 0 0
stand 3832 3624 9 1 0
vor 3836 3644 24 0 0
tree 3864 3640 14 1 0
tree 104 3656 7 0 0
tree 184 3656 13 0 0
tree 216 3672 5 0 0
tree 200 3656 19 0 0
trop 804 3660 40 0 0
dom 836 3679 7 0 0
fre 872 3651 16 0 0
fre 920 3651 15 0 0
dom 900 3679 3 0 0
fre 960 3659 16 0 0
dom 996 3679 14 0 0
fre 1072 3651 15 0 0
cliff 1664 3674 27 179 179
tree 2008 3672 15 0 0
tree 2008 3656 15 0 0
fre 2876 3660 32 0 0
tree 3768 3656 20 1 0
tree 3768 3672 15 1 0
tree 3784 3672 2 1 0
tree 3816 3672 15 1 0
tree 3864 3656 0 1 0
tree 3848 3656 2 1 0
tree 3848 3672 2 1 0
tree 168 3704 16 0 0
tree 216 3688 17 0 0
tree 216 3704 15 0 0
tree 264 3704 7 0 0
cliff 416 3680 32 179 179
fre 542 3689 12 0 0
tree 572 3703 2 0 0
fre 616 3691 16 0 0
tree 732 3703 2 0 0
tree 748 3703 0 0 0
dom 932 3711 17 0 0
fre 1032 3683 15 0 0
dom 1060 3711 17 0 0
dom 1472 3680 30 0 0
cliff 1632 3706 5 179 179
cliff 2672 3702 42 179 179
cliff 3088 3702 33 179 179
tree 3800 3688 2 1 0
vor 3836 3700 24 0 0
tree 3848 3688 17 1 0
tree 168 3736 0 0 0
tree 168 3720 4 0 0
tree 200 3720 10 0 0
tree 200 3736 4 0 0
tree 280 3720 3 0 0
tree 296 3720 14 0 0
tree 312 3736 2 0 0
tree 296 3736 2 0 0
tree 344 3736 6 0 0
tree 344 3720 20 0 0
tree 328 3736 6 0 0
tree 360 3736 2 0 0
tree 360 3720 7 0 0
cliff 448 3712 31 179 179
dom 708 3743 6 0 0
dom 996 3743 7 0 0
stand 1154 3741 61 0 0
cliff 1600 3738 22 179 179
cliff 3056 3734 22 179 179
tree 3784 3720 10 0 0
tree 152 3768 4 0 0
tree 184 3752 11 0 0
tree 168 3768 3 0 0
tree 168 3752 14 0 0
tree 184 3768 0 0 0
tree 296 3752 19 0 0
tree 312 3768 19 0 0
dom 868 3775 10 0 0
dom 900 3775 9 0 0
dom 964 3775 8 0 0
fre 992 3771 13 0 0
fre 1102 3745 14 0 0
fre 1158 3761 16 0 0
fre 1428 3748 34 0 0
tree 3816 3752 16 0 0
tree 136 3784 3 0 0
tree 136 3800 2 0 0
tree 152 3784 2 0 0
tree 152 3800 9 0 0
tree 184 3784 15 0 0
tree 184 3800 9 0 0
tree 168 3784 11 0 0
tree 232 3800 4 0 0
tree 328 3784 6 0 0
tree 344 3800 7 0 0
tree 360 3800 20 0 0
cliff 512 3776 31 179 179
fre 864 3795 13 0 0
fre 936 3779 13 0 0
fre 1110 3801 16 0 0
fre 1182 3801 16 0 0
cliff 2864 3798 23 179 179
cliff 2928 3798 15 179 179
tree 120 3832 4 0 0
tree 104 3832 11 0 0
tree 120 3816 1 0 0
tree 136 3816 6 0 0
tree 216 3832 5 0 0
tree 200 3816 17 0 0
tree 232 3832 1 0 0
tree 232 3816 20 0 0
tree 360 3816 5 0 0
tree 376 3832 17 0 0
tree 376 3816 9 0 0
dom 708 3839 14 0 0
fre 752 3819 8 0 0
tree 748 3815 14 0 0
trop 804 3836 40 0 0
fre 1006 3809 12 0 0
tree 1480 3832 15 0 0
cliff 1632 3834 33 179 179
fre 2884 3826 4 0 0
cliff 3056 3830 36 179 179
tree 88 3864 3 0 0
tree 104 3848 7 0 0
tree 216 3848 14 0 0
tree 232 3848 2 0 0
tree 264 3864 13 0 0
fre 744 3859 15 0 0
fre 942 3841 15 0 0
tree 1464 3864 10 0 0
tree 1480 3848 15 0 0
cliff 2736 3862 41 179 179
tree 72 3880 8 0 0
tree 280 3896 19 0 0
tree 264 3880 4 0 0
tree 264 3896 5 0 0
tree 296 3880 1 0 0
tree 312 3896 5 0 0
tree 296 3896 1 0 0
cliff 608 3872 27 179 179
stand 866 3885 58 0 0
tree 1464 3880 5 0 0
tree 1464 3896 1 0 0
cliff 2864 3894 36 179 179
tree 264 3912 10 0 0
tree 264 3928 14 0 0
tree 280 3912 2 0 0
tree 312 3912 12 0 0
tree 296 3912 14 0 0
tree 296 3928 1 0 0
cliff 576 3904 5 179 179
tree 1480 3912 10 0 0
cliff 1632 3930 33 179 179
fre 2892 3906 4 0 0
tree 264 3944 15 0 0
cliff 544 3936 1 179 179
trop 796 3940 40 0 0
cliff 1600 3962 22 179 179
fre 2836 3954 6 0 0
fre 2876 3962 4 0 0
fre 2876 3946 11 0 0
fre 2860 3954 9 0 0
cliff 512 3968 1 179 179
fre 910 3985 13 0 0
fre 2812 3970 7 0 0
stand 866 4013 55 0 0
fre 2868 4010 4 0 0
fre 1428 4054 4 0 0
