stand 4088 260 205 0 179
stand 4072 276 205 0 179
stand 4152 276 210 0 179
most 3680 288 0 0 179
stand 4232 296 28 0 179
tree 4728 296 0 0 179
dom 4128 332 3 0 179
lay 4200 344 7 0 179
dom 4416 332 3 0 179
stand 3912 376 26 0 179
stand 4008 360 20 0 179
tree 4744 376 26 0 179
trop 4132 404 73 179 179
stand 4280 388 30 0 179
trop 4372 408 73 179 179
tree 4744 408 0 0 179
stand 4040 440 153 0 179
stand 4216 424 176 0 179
lay 4264 440 8 0 179
stand 4632 424 34 0 179
tree 4760 440 9 0 179
stand 3960 472 18 0 179
stand 4552 472 80 0 179
tree 4760 472 26 0 179
tree 3656 488 8 0 179
tree 3672 504 23 0 179
stand 4040 488 188 0 179
stand 4088 488 154 0 179
trop 4196 492 73 179 179
lay 4248 488 5 0 179
lay 4408 484 6 0 179
stand 4632 504 36 0 179
stand 4680 488 81 0 179
tree 4760 504 9 0 179
tree 3672 520 15 0 179
tree 3688 536 20 0 179
stand 3912 532 195 0 179
stand 3944 532 196 0 179
stand 4072 536 155 0 179
dom 4384 524 8 0 179
stand 4680 520 80 0 179
tree 4760 520 0 0 179
tree 7480 536 5 0 179
stand 4616 552 79 0 179
tree 7496 552 13 0 179
tree 7624 552 19 0 179
tree 3720 600 5 0 179
trop 4036 604 72 179 179
trop 4196 580 65 179 179
trop 4340 576 73 179 179
lay 4424 580 10 0 179
stand 4680 596 34 0 179
tree 7800 584 9 0 179
tree 7784 584 12 0 179
tree 3720 616 7 0 179
tree 3720 632 17 0 179
dom 3968 620 3 0 179
trop 4404 616 73 179 179
dom 4512 620 5 0 179
lay 4568 612 11 0 179
tree 4776 616 16 0 179
tree 4776 632 12 0 179
tree 7528 632 27 0 179
tree 3736 664 18 0 179
stand 3912 644 209 0 179
stand 4440 660 320 0 179
trop 4460 648 73 179 179
tree 4776 648 21 0 179
tree 4792 664 12 0 179
tree 7512 648 0 0 179
tree 7496 664 3 0 179
tree 824 680 26 0 179
tree 824 696 10 0 179
tree 3752 696 16 0 179
stand 4040 692 35 0 179
dom 4192 684 1 0 179
trop 4276 688 73 179 179
dom 4352 684 4 0 179
lay 4568 680 7 0 179
stand 4600 676 166 0 179
stand 4648 676 154 0 179
tree 4792 680 6 0 179
tree 4792 696 12 0 179
stand 7432 680 81 0 179
tree 7480 680 27 0 179
stand 7672 696 79 0 179
stand 7704 696 33 0 179
stand 7752 680 81 0 179
tree 824 728 17 0 179
tree 824 712 25 0 179
tree 3768 712 24 0 179
stand 4744 724 320 0 179
stand 7432 728 30 0 179
tree 408 760 18 0 179
tree 440 760 9 0 179
tree 424 760 24 0 179
tree 472 760 15 0 179
tree 504 760 5 0 179
tree 3784 744 22 0 179
tree 3784 760 27 0 179
lay 4408 740 5 0 179
trop 4532 752 73 179 179
stand 4648 740 155 0 179
lay 4680 760 6 0 179
stand 7384 744 80 0 179
tree 824 776 9 0 179
trop 4220 768 72 179 179
stand 4376 772 164 0 179
stand 4648 788 155 0 179
tree 7400 792 8 0 179
trop 7572 772 46 179 179
stand 7736 792 82 0 179
tree 808 824 11 0 179
trop 4348 824 65 179 179
stand 4344 820 149 0 179
trop 4460 824 67 179 179
tree 7400 808 17 0 179
tree 7400 824 3 0 179
stand 4232 836 320 0 179
tree 7400 840 22 0 179
trop 7668 844 7 179 179
dom 7712 832 173 3 179
trop 7756 860 10 179 179
dom 1024 864 273 0 179
tree 3928 872 9 0 179
tree 3960 888 23 0 179
tree 3976 888 13 0 179
trop 4572 880 72 179 179
tree 4824 872 4 0 179
dom 7552 864 167 3 179
dom 7616 864 166 3 179
dom 7680 864 168 3 179
trop 7684 884 14 179 179
tree 3992 904 23 0 179
stand 4376 900 158 0 179
stand 4376 916 158 0 179
stand 4392 900 158 0 179
stand 4392 916 158 0 179
trop 4716 896 72 179 179
tree 4808 904 8 0 179
stand 7640 904 78 0 179
stand 7768 904 80 0 179
trop 596 932 126 179 179
dom 4256 940 0 0 179
trop 4332 928 66 179 179
stand 4376 932 157 0 179
stand 4376 948 157 0 179
stand 4424 932 189 0 179
lay 4456 932 10 0 179
stand 4536 932 185 0 179
stand 4536 948 185 0 179
stand 4552 932 185 0 179
stand 4552 948 185 0 179
stand 4600 932 186 0 179
stand 4600 948 186 0 179
stand 4632 932 186 0 179
stand 4616 932 186 0 179
stand 4616 948 186 0 179
stand 4632 948 186 0 179
dom 4736 940 3 0 179
tree 4808 936 24 0 179
trop 7492 940 8 179 179
stand 7576 936 81 0 179
stand 7800 952 81 0 179
stand 4440 964 187 0 179
stand 4440 980 187 0 179
lay 4472 968 5 0 179
stand 4536 964 185 0 179
stand 4552 964 185 0 179
lay 4632 980 9 0 179
tree 4792 968 25 0 179
tree 4792 984 2 0 179
dom 7488 960 163 3 179
dom 7584 960 164 3 179
trop 7660 964 14 179 179
stand 7784 984 78 0 179
dom 4224 1004 3 0 179
tree 4792 1000 11 0 179
tree 4776 1000 24 0 179
stand 7432 1000 78 0 179
trop 7508 1020 14 179 179
stand 7576 1016 79 0 179
stand 7624 1016 81 0 179
dom 7744 992 172 3 179
stand 280 1048 64 0 179
stand 328 1048 64 0 179
stand 376 1048 64 0 179
stand 424 1032 64 0 179
dom 544 1024 4 0 179
trop 7492 1044 9 179 179
tree 192 1072 9 0 179
stand 424 1080 64 0 179
lay 760 1080 7 0 179
trop 7636 1068 15 179 179
tree 208 1104 23 0 179
tree 192 1104 8 0 179
tree 208 1088 0 0 179
tree 192 1088 18 0 179
stand 280 1096 64 0 179
stand 328 1096 64 0 179
stand 360 1096 64 0 179
lay 728 1112 5 0 179
stand 856 1112 87 0 179
stand 904 1096 87 0 179
stand 936 1096 87 0 179
stand 984 1096 87 0 179
stand 1032 1096 87 0 179
tree 4584 1112 34 0 179
tree 4616 1112 20 0 179
tree 4632 1096 15 0 179
tree 4648 1096 20 0 179
tree 4664 1096 9 0 179
tree 4696 1096 25 0 179
tree 4696 1112 25 0 179
tree 4808 1112 20 0 179
tree 4824 1112 5 0 179
tree 4840 1096 0 0 179
tree 4856 1112 22 0 179
stand 280 1144 64 0 179
stand 328 1144 64 0 179
stand 360 1144 64 0 179
stand 424 1128 64 0 179
trop 580 1124 126 179 179
trop 676 1148 126 179 179
stand 856 1144 87 0 179
stand 904 1128 87 0 179
stand 952 1128 87 0 179
stand 984 1128 87 0 179
stand 1032 1128 87 0 179
trop 644 1180 94 179 179
stand 856 1176 87 0 179
stand 904 1176 87 0 179
stand 952 1176 87 0 179
stand 1000 1176 87 0 179
stand 1032 1176 87 0 179
stand 7592 1176 31 0 179
stand 280 1192 64 0 179
stand 328 1192 64 0 179
stand 376 1192 64 0 179
stand 424 1192 64 0 179
lay 1368 1192 49 0 179
lay 1480 1208 49 0 179
lay 7368 1208 49 0 179
stand 7544 1192 81 0 179
trop 7692 1204 46 179 179
stand 7832 1192 34 0 179
stand 7912 1208 78 0 179
dom 512 1216 8 0 179
trop 564 1228 127 179 179
stand 856 1224 87 0 179
stand 904 1224 87 0 179
stand 952 1224 87 0 179
stand 1000 1224 87 0 179
stand 1048 1224 87 0 179
lay 1640 1240 49 0 179
stand 7608 1224 78 0 179
stand 7864 1240 82 0 179
lay 536 1272 8 0 179
trop 724 1276 127 179 179
tree 1160 1256 3 0 179
tree 1160 1272 34 0 179
lay 1832 1272 49 0 179
tree 2648 1256 24 0 179
tree 2680 1256 19 0 179
tree 2664 1256 26 0 179
lay 7192 1272 49 0 179
stand 7800 1272 79 0 179
stand 7816 1256 35 0 179
trop 420 1292 127 179 179
trop 644 1308 91 179 179
dom 768 1280 6 0 179
stand 856 1288 87 0 179
stand 904 1288 87 0 179
stand 968 1288 87 0 179
stand 1016 1288 87 0 179
tree 1160 1288 21 0 179
tree 1160 1304 34 0 179
tree 1176 1304 21 0 179
lay 2024 1304 49 0 179
tree 2552 1304 21 0 179
tree 2904 1304 13 0 179
tree 2904 1288 1 0 179
tree 3000 1304 13 0 179
lay 7032 1304 49 0 179
trop 572 1316 90 179 179
trop 740 1316 93 179 179
tree 2520 1336 9 0 179
tree 2552 1320 2 0 179
tree 2536 1320 8 0 179
tree 2536 1336 11 0 179
lay 6872 1320 49 0 179
tree 7656 1320 10 0 179
tree 7672 1336 2 0 179
tree 7688 1336 8 0 179
lay 2168 1352 49 0 179
tree 7704 1352 9 0 179
stand 456 1400 83 0 179
stand 760 1384 145 0 179
trop 780 1380 127 179 179
lay 6744 1384 49 0 179
tree 7736 1384 9 0 179
tree 7736 1400 10 0 179
trop 644 1436 92 179 179
tree 1192 1416 7 0 179
tree 1208 1432 3 0 179
lay 6504 1432 49 0 179
lay 6632 1432 49 0 179
tree 7752 1416 21 0 179
tree 7752 1432 1 0 179
tree 7768 1432 11 0 179
tree 296 1464 26 0 179
dom 544 1440 1 0 179
lay 600 1464 10 0 179
stand 808 1448 84 0 179
stand 856 1448 84 0 179
stand 920 1448 84 0 179
stand 968 1448 84 0 179
tree 1208 1464 27 0 179
lay 4424 1464 49 0 179
tree 6008 1448 3 0 179
tree 6024 1464 6 0 179
tree 7768 1448 3 0 179
dom 736 1472 0 0 179
stand 808 1496 84 0 179
stand 856 1480 84 0 179
stand 920 1480 84 0 179
stand 968 1480 84 0 179
tree 1208 1480 3 0 179
tree 1224 1496 9 0 179
most 2944 1472 2 0 179
dom 7712 1472 275 0 179
trop 572 1516 127 179 179
trop 740 1524 127 179 179
stand 872 1512 84 0 179
stand 920 1512 84 0 179
stand 968 1512 84 0 179
tree 1224 1512 8 0 179
stand 776 1560 84 0 179
stand 824 1560 84 0 179
stand 872 1560 84 0 179
stand 920 1560 84 0 179
stand 968 1560 84 0 179
tree 2488 1544 15 0 179
tree 2504 1560 23 0 179
tree 6088 1560 26 0 179
tree 504 1592 18 0 179
tree 488 1592 24 0 179
stand 776 1592 84 0 179
stand 824 1592 84 0 179
stand 872 1592 84 0 179
stand 920 1592 84 0 179
stand 968 1592 84 0 179
tree 1144 1576 6 0 179
tree 1128 1576 13 0 179
tree 1176 1576 27 0 179
tree 1160 1576 13 0 179
tree 2504 1576 19 0 179
tree 2520 1576 16 0 179
lay 4392 1592 49 0 179
tree 6104 1592 11 0 179
tree 6104 1576 24 0 179
tree 6088 1576 2 0 179
tree 6232 1592 34 0 179
tree 520 1608 3 0 179
most 5920 1600 0 0 179
tree 6120 1624 19 0 179
tree 6120 1608 15 0 179
tree 6232 1608 35 0 179
tree 6344 1624 17 0 179
tree 6376 1624 9 0 179
tree 7832 1624 5 0 179
tree 680 1640 10 0 179
tree 6376 1640 8 0 179
tree 6392 1656 19 0 179
tree 6408 1656 21 0 179
tree 7848 1640 10 0 179
tree 2600 1688 11 0 179
tree 6408 1672 20 0 179
tree 7864 1672 6 0 179
tree 7880 1688 17 0 179
tree 440 1720 12 0 179
tree 2600 1704 0 0 179
tree 2616 1704 23 0 179
tree 2616 1720 10 0 179
tree 2808 1720 5 0 179
tree 7880 1704 27 0 179
tree 7896 1704 4 0 179
tree 328 1752 3 0 179
tree 440 1736 35 0 179
tree 472 1752 34 0 179
tree 456 1736 26 0 179
tree 2808 1736 7 0 179
tree 312 1768 12 0 179
tree 312 1784 27 0 179
tree 296 1784 15 0 179
tree 472 1768 2 0 179
tree 488 1784 2 0 179
tree 3112 1784 13 0 179
tree 6344 1784 27 0 179
tree 280 1800 5 0 179
tree 296 1800 1 0 179
tree 504 1800 13 0 179
tree 520 1800 9 0 179
lay 4424 1816 49 0 179
tree 6040 1816 6 0 179
tree 6344 1800 4 0 179
tree 536 1832 25 0 179
tree 3032 1832 9 0 179
tree 3032 1848 19 0 179
tree 3016 1848 6 0 179
tree 5864 1848 4 0 179
tree 3000 1864 26 0 179
tree 2984 1864 23 0 179
tree 280 1912 8 0 179
tree 2664 1896 34 0 179
tree 2664 1912 25 0 179
tree 2872 1912 20 0 179
tree 264 1928 20 0 179
tree 264 1944 16 0 179
tree 2680 1928 17 0 179
tree 2680 1944 2 0 179
tree 2840 1944 18 0 179
tree 2872 1928 16 0 179
tree 2856 1928 18 0 179
lay 4424 1928 49 0 179
tree 5896 1928 27 0 179
tree 5896 1944 8 0 179
tree 2840 1960 15 0 179
lay 3384 1960 49 0 179
lay 3528 2008 49 0 179
lay 5560 2040 49 0 179
tree 5816 2024 3 0 179
tree 5816 2040 13 0 179
tree 6168 2024 11 0 179
tree 6184 2024 25 0 179
lay 4424 2104 49 0 179
lay 5448 2104 49 0 179
lay 3704 2120 49 0 179
tree 6584 2120 12 0 179
lay 3784 2184 49 0 179
lay 5352 2184 49 0 179
lay 5240 2232 49 0 179
lay 5112 2296 49 0 179
lay 4008 2312 49 0 179
lay 5016 2360 49 0 179
lay 4888 2408 49 0 179
tree 4248 2472 1 0 179
tree 4536 2488 34 0 179
tree 4632 2488 19 0 179
tree 4648 2488 3 0 179
tree 4520 2504 20 0 179
tree 4664 2504 24 0 179
tree 4648 2504 10 0 179
tree 4680 2504 12 0 179
tree 4728 2552 0 0 179
tree 4728 2536 25 0 179
tree 4744 2552 13 0 179
tree 4760 2568 8 0 179
tree 4744 2568 35 0 179
tree 4456 2648 3 0 179
tree 4792 2648 2 0 179
tree 4792 2632 2 0 179
tree 4472 2680 0 0 179
most 4704 2688 5 0 179
tree 4776 2840 11 0 179
tree 4632 2872 11 0 179
tree 4648 2872 22 0 179
tree 4664 2872 16 0 179
tree 4728 2872 5 0 179
tree 4744 2856 19 0 179
tree 4760 2856 8 0 179
tree 4776 2856 0 0 179
tree 4600 2888 12 0 179
tree 4632 2888 13 0 179
lay 4472 3000 49 0 179
lay 4408 3064 49 0 179
lay 4328 3160 49 0 179
tree 3320 3272 11 0 179
tree 3400 3288 18 0 179
lay 4296 3288 49 0 179
tree 7768 3288 26 0 179
tree 3304 3304 23 0 179
tree 3304 3320 23 0 179
tree 3416 3304 18 0 179
tree 3432 3320 35 0 179
tree 7768 3304 10 0 179
tree 7752 3320 16 0 179
tree 472 3336 7 0 179
tree 472 3352 12 0 179
tree 3288 3336 10 0 179
tree 3288 3352 26 0 179
tree 3448 3352 8 0 179
tree 3448 3336 0 0 179
tree 7736 3336 8 0 179
tree 7752 3336 13 0 179
tree 376 3384 16 0 179
tree 392 3384 3 0 179
tree 3288 3384 24 0 179
tree 3480 3384 24 0 179
tree 3464 3368 5 0 179
tree 280 3416 24 0 179
tree 296 3416 16 0 179
tree 392 3400 0 0 179
tree 472 3416 24 0 179
tree 456 3416 25 0 179
tree 3288 3400 18 0 179
tree 3288 3416 26 0 179
tree 3480 3400 4 0 179
tree 3496 3416 8 0 179
tree 3496 3400 16 0 179
tree 280 3432 23 0 179
tree 3512 3448 20 0 179
tree 3512 3432 4 0 179
tree 3528 3448 19 0 179
tree 3608 3448 1 0 179
tree 3640 3432 26 0 179
tree 3624 3432 16 0 179
tree 3624 3448 19 0 179
tree 3704 3448 6 0 179
tree 3704 3432 2 0 179
tree 3688 3432 23 0 179
tree 7672 3464 26 0 179
tree 7672 3480 12 0 179
tree 7688 3464 5 0 179
tree 632 3512 20 0 179
tree 7672 3496 13 0 179
tree 664 3576 3 0 179
tree 7224 3576 17 0 179
tree 7208 3576 26 0 179
tree 680 3592 22 0 179
tree 7192 3608 5 0 179
tree 7384 3608 20 0 179
tree 7368 3608 16 0 179
tree 7416 3608 26 0 179
tree 7464 3608 5 0 179
tree 7160 3624 26 0 179
tree 7144 3624 3 0 179
tree 7144 3640 15 0 179
tree 7176 3624 34 0 179
tree 7480 3624 0 0 179
tree 7464 3624 7 0 179
tree 480 3664 12 0 179
tree 496 3664 0 0 179
tree 528 3648 21 0 179
tree 560 3664 3 0 179
tree 576 3664 10 0 179
lay 624 3664 55 0 179
stand 7288 3672 67 0 179
stand 7320 3656 67 0 179
stand 7368 3656 67 0 179
tree 7544 3656 12 0 179
tree 7560 3656 1 0 179
stand 7736 3672 12 0 179
stand 7864 3672 18 0 179
tree 480 3680 34 0 179
trop 588 3708 15 179 179
tree 4424 3704 2 0 179
stand 7336 3704 67 0 179
stand 7368 3704 67 0 179
stand 7432 3704 67 0 179
tree 480 3728 15 0 179
tree 480 3712 2 0 179
tree 7080 3720 17 0 179
tree 7080 3736 15 0 179
stand 7288 3720 67 0 179
tree 480 3760 22 0 179
tree 480 3744 0 0 179
dom 536 3768 1 0 179
tree 4376 3768 27 0 179
tree 4360 3768 4 0 179
tree 7096 3752 35 0 179
tree 7096 3768 15 0 179
stand 7288 3768 67 0 179
stand 7320 3752 67 0 179
stand 7368 3752 67 0 179
stand 7432 3768 67 0 179
dom 7488 3744 4 0 179
trop 7692 3764 15 179 179
stand 7768 3752 164 0 179
tree 480 3776 2 0 179
stand 3672 3784 85 0 179
tree 3800 3800 25 0 179
stand 3784 3800 64 0 179
tree 4312 3800 19 0 179
tree 4376 3784 8 0 179
tree 4408 3800 4 0 179
tree 4392 3784 15 0 179
tree 7096 3784 8 0 179
trop 7580 3780 15 179 179
trop 7876 3788 7 179 179
trop 7964 3788 10 179 179
stand 8008 3784 145 0 179
tree 248 3832 4 0 179
trop 684 3828 15 179 179
trop 732 3836 127 179 179
lay 752 3808 55 0 179
dom 760 3832 3 0 179
tree 4296 3816 22 0 179
tree 4296 3832 17 0 179
stand 7288 3816 67 0 179
stand 7336 3816 67 0 179
stand 7384 3816 67 0 179
stand 7432 3832 67 0 179
tree 248 3848 9 0 179
trop 564 3844 127 179 179
trop 668 3852 15 179 179
lay 672 3840 55 0 179
tree 848 3840 1 0 179
lay 1240 3848 49 0 179
lay 1352 3848 49 0 179
stand 3576 3848 97 0 179
trop 3732 3868 15 179 179
tree 4280 3848 0 0 179
tree 4280 3864 23 0 179
tree 5880 3864 3 0 179
tree 5912 3864 0 0 179
tree 5896 3864 6 0 179
dom 7072 3840 275 0 179
trop 7652 3860 15 179 179
tree 464 3888 27 0 179
tree 464 3872 12 0 179
trop 588 3884 15 179 179
lay 608 3872 55 0 179
tree 3224 3880 16 0 179
tree 3240 3880 9 0 179
tree 3256 3896 17 0 179
stand 3560 3896 94 0 179
dom 3680 3872 8 1 179
lay 3768 3896 7 0 179
stand 3816 3880 93 0 179
tree 4280 3880 7 0 179
stand 7464 3896 166 0 179
trop 7732 3876 8 179 179
dom 7776 3872 12 0 179
lay 464 3904 55 0 179
tree 512 3904 4 0 179
dom 536 3928 0 0 179
lay 2776 3928 49 0 179
trop 3556 3908 33 179 179
tree 4584 3912 18 0 179
tree 4616 3928 3 0 179
tree 4648 3928 9 0 179
tree 4664 3928 1 0 179
tree 7320 3928 35 0 179
tree 7304 3928 3 0 179
tree 7352 3912 15 0 179
tree 7352 3928 24 0 179
tree 7336 3928 24 0 179
trop 7836 3908 15 179 179
dom 7936 3904 0 0 179
stand 8040 3912 64 0 179
stand 8088 3912 64 0 179
tree 496 3952 13 0 179
tree 496 3936 9 0 179
tree 608 3936 8 0 179
tree 608 3952 7 0 179
tree 624 3952 24 0 179
trop 3564 3940 15 179 179
trop 3748 3940 32 179 179
trop 3804 3956 15 179 179
tree 4664 3944 10 0 179
dom 7616 3936 15 0 179
stand 8008 3944 64 0 179
stand 8056 3960 64 0 179
stand 8088 3960 64 0 179
tree 496 3984 26 0 179
tree 496 3968 34 0 179
tree 624 3968 6 0 179
most 1920 3968 7 0 179
lay 2472 3976 49 0 179
lay 2616 3976 49 0 179
tree 3368 3992 1 0 179
trop 3644 3980 15 179 179
tree 4264 3976 17 0 179
tree 4280 3992 2 0 179
tree 4472 3992 19 0 179
tree 4472 3976 7 0 179
tree 4504 3992 22 0 179
trop 7732 3988 4 179 179
trop 7812 3996 10 179 179
stand 8008 3992 64 0 179
stand 8104 3992 64 0 179
tree 296 4008 12 0 179
dom 600 4024 8 0 179
tree 1000 4024 7 0 179
tree 3368 4008 0 0 179
tree 3384 4024 17 0 179
trop 3740 4004 15 179 179
dom 3904 4000 5 0 179
tree 4504 4008 12 0 179
tree 4504 4024 13 0 179
tree 4488 4024 1 0 179
tree 4488 4008 0 0 179
tree 6088 4024 35 0 179
trop 7620 4004 7 179 179
stand 7960 4008 64 0 179
stand 8056 4008 64 0 179
tree 312 4040 6 0 179
tree 312 4056 6 0 179
tree 784 4048 34 0 179
tree 784 4032 8 0 179
tree 1000 4040 35 0 179
tree 3160 4056 8 0 179
tree 3384 4056 19 0 179
dom 3552 4032 7 0 179
trop 3628 4052 33 179 179
tree 4504 4040 1 0 179
most 5824 4032 7 0 179
tree 6104 4040 1 0 179
stand 7384 4040 145 0 179
trop 7396 4044 7 179 179
trop 7484 4044 10 179 179
stand 7960 4040 64 0 179
stand 8008 4040 64 0 179
stand 8056 4040 64 0 179
stand 8088 4040 64 0 179
tree 328 4072 6 0 179
tree 328 4088 5 0 179
tree 512 4080 22 0 179
tree 592 4080 12 0 179
tree 3160 4072 0 0 179
tree 3144 4072 34 0 179
tree 3400 4072 35 0 179
tree 3400 4088 18 0 179
trop 3692 4084 15 179 179
tree 6104 4072 12 0 179
tree 6120 4088 1 0 179
lay 6984 4072 49 0 179
dom 7648 4064 15 0 179
trop 7740 4068 9 179 179
dom 7840 4064 13 0 179
stand 7960 4072 64 0 179
stand 8008 4072 64 0 179
stand 8056 4072 64 0 179
stand 8088 4088 64 0 179
tree 344 4104 5 0 179
tree 344 4120 35 0 179
tree 544 4112 5 0 179
tree 544 4096 8 0 179
tree 3400 4104 27 0 179
lay 3672 4120 10 0 179
trop 3852 4100 15 179 179
tree 6136 4120 26 0 179
lay 6840 4104 49 0 179
stand 7640 4120 179 0 179
stand 7672 4120 181 0 179
tree 760 4152 17 0 179
tree 744 4152 21 0 179
tree 792 4136 22 0 179
tree 776 4152 19 0 179
tree 808 4136 25 0 179
lay 3688 4152 6 0 179
tree 6136 4152 15 0 179
lay 6712 4136 49 0 179
tree 7272 4136 0 0 179
tree 7288 4152 0 0 179
tree 728 4168 17 0 179
dom 960 4160 273 0 179
tree 3656 4168 25 0 179
tree 3672 4184 7 0 179
dom 3776 4160 6 0 179
trop 3820 4172 32 179 179
lay 6584 4168 49 0 179
tree 7304 4184 7 0 179
stand 7944 4168 15 0 179
tree 3368 4216 34 0 179
tree 4744 4216 19 0 179
lay 5096 4200 49 0 179
lay 5288 4200 49 0 179
lay 5432 4200 49 0 179
lay 5560 4200 49 0 179
lay 6472 4200 49 0 179
tree 7320 4200 17 0 179
tree 7336 4216 9 0 179
stand 7432 4200 18 0 179
trop 7836 4196 15 179 179
tree 712 4248 17 0 179
tree 3368 4232 20 0 179
stand 3880 4232 98 0 179
most 4192 4224 2 0 179
tree 696 4280 18 0 179
tree 3368 4264 12 0 179
dom 3744 4256 4 0 179
stand 3896 4280 89 0 179
stand 3880 4280 69 0 179
tree 4760 4264 34 0 179
tree 7368 4264 11 0 179
tree 7368 4280 13 0 179
stand 7560 4280 69 0 179
stand 7608 4264 69 0 179
stand 7656 4264 69 0 179
tree 696 4296 10 0 179
tree 680 4312 20 0 179
tree 3368 4296 19 0 179
tree 3640 4296 12 0 179
tree 3640 4312 26 0 179
trop 3812 4316 18 179 179
tree 6216 4312 34 0 179
stand 7608 4296 69 0 179
stand 7656 4312 69 0 179
stand 7720 4312 69 0 179
dom 7776 4288 1 0 179
most 480 4320 7 0 179
tree 680 4328 9 0 179
tree 680 4344 7 0 179
tree 3368 4328 11 0 179
tree 3368 4344 13 0 179
tree 3640 4328 5 0 179
stand 3896 4344 87 0 179
stand 3912 4328 90 0 179
tree 4792 4328 9 0 179
tree 5960 4328 17 0 179
tree 5960 4344 12 0 179
tree 6008 4328 24 0 179
tree 6024 4328 10 0 179
tree 6072 4344 23 0 179
tree 6056 4344 9 0 179
tree 6216 4328 15 0 179
tree 6216 4344 9 0 179
stand 7560 4328 69 0 179
stand 7608 4344 69 0 179
stand 7864 4344 178 0 179
stand 7848 4344 176 0 179
tree 3368 4376 18 0 179
tree 3640 4360 11 0 179
dom 3712 4352 4 0 179
trop 3780 4380 15 179 179
stand 3896 4360 88 0 179
tree 4808 4376 35 0 179
tree 5960 4360 13 0 179
tree 5960 4376 0 0 179
tree 6104 4360 1 0 179
tree 6088 4360 35 0 179
tree 6136 4360 5 0 179
tree 6152 4376 23 0 179
tree 6216 4360 16 0 179
stand 7560 4360 69 0 179
stand 7640 4360 69 0 179
stand 7720 4360 69 0 179
stand 7832 4376 179 0 179
tree 3368 4392 11 0 179
stand 3864 4392 97 0 179
stand 3896 4408 98 0 179
tree 4824 4408 12 0 179
stand 7544 4392 69 0 179
stand 7608 4408 69 0 179
stand 7656 4408 69 0 179
stand 7720 4408 69 0 179
tree 648 4440 35 0 179
tree 3656 4424 7 0 179
tree 3656 4440 34 0 179
trop 3788 4436 18 179 179
tree 4696 4424 34 0 179
tree 4712 4440 19 0 179
tree 4824 4440 16 0 179
tree 648 4456 35 0 179
tree 648 4472 13 0 179
tree 4728 4472 26 0 179
tree 4728 4456 35 0 179
tree 4712 4456 9 0 179
tree 4760 4472 13 0 179
tree 4744 4472 11 0 179
tree 7544 4472 17 0 179
tree 648 4488 10 0 179
tree 648 4504 12 0 179
dom 3744 4480 0 0 179
trop 3788 4492 15 179 179
tree 4776 4488 13 0 179
tree 7544 4488 27 0 179
tree 7560 4488 13 0 179
tree 408 4536 3 0 179
tree 392 4536 11 0 179
tree 424 4536 1 0 179
tree 456 4536 3 0 179
tree 7624 4520 27 0 179
tree 7640 4520 17 0 179
tree 7656 4520 10 0 179
tree 7672 4536 1 0 179
tree 3688 4568 34 0 179
tree 3688 4552 2 0 179
tree 3704 4552 26 0 179
tree 3704 4568 27 0 179
tree 7688 4552 18 0 179
tree 7704 4552 24 0 179
tree 7816 4568 22 0 179
tree 7832 4568 9 0 179
tree 3672 4600 25 0 179
tree 7864 4584 18 0 179
tree 7880 4584 24 0 179
tree 7896 4600 24 0 179
tree 7912 4600 34 0 179
tree 3480 4616 3 0 179
tree 3496 4632 10 0 179
tree 7928 4616 17 0 179
tree 3496 4648 35 0 179
tree 3512 4664 9 0 179
tree 4120 4696 12 0 179
tree 7976 4680 19 0 179
tree 7976 4696 22 0 179
tree 7992 4696 3 0 179
tree 4136 4712 25 0 179
tree 4136 4728 4 0 179
tree 4152 4728 25 0 179
tree 4152 4744 5 0 179
tree 4168 4760 1 0 179
tree 4168 4776 35 0 179
tree 4248 4872 35 0 179
tree 4264 4904 19 0 179
tree 4264 4920 34 0 179
tree 4280 4968 11 0 179
tree 4280 4984 27 0 179
tree 4072 5016 5 0 179
tree 4280 5016 27 0 179
tree 3992 5032 13 0 179
tree 3992 5048 12 0 179
tree 4008 5048 10 0 179
tree 4088 5032 24 0 179
tree 4120 5048 21 0 179
tree 4296 5032 26 0 179
tree 4008 5064 6 0 179
tree 4152 5064 5 0 179
tree 4136 5064 34 0 179
tree 4184 5080 34 0 179
tree 4216 5080 3 0 179
tree 4232 5080 3 0 179
lay 4024 5576 49 0 179
most 3776 6272 7 0 179
most 4000 6304 4 0 179
tree 7688 6472 17 0 179
tree 7608 6552 24 0 179
tree 7576 6568 27 0 179
tree 7592 6568 15 0 179
tree 5528 6616 27 0 179
tree 7448 6616 9 0 179
tree 7464 6616 3 0 179
tree 7448 6632 27 0 179
tree 7432 6632 11 0 179
tree 424 6696 22 0 179
tree 5720 6712 34 0 179
most 5888 6688 6 0 179
tree 7668 6706 9 0 179
tree 7668 6690 20 0 179
tree 7652 6690 6 0 179
stand 7748 6690 71 0 179
stand 7764 6690 68 0 179
tree 7780 6690 2 0 179
fre 7856 6710 2 179 179
tree 7860 6706 1 0 179
stand 7860 6690 71 0 179
tree 5736 6728 2 0 179
tree 7668 6738 8 0 179
tree 7668 6722 18 0 179
tree 7684 6738 23 0 179
tree 7684 6722 0 0 179
tree 7860 6722 17 0 179
tree 6152 6776 16 0 179
tree 7432 6760 3 0 179
tree 7432 6776 26 0 179
tree 7448 6776 0 0 179
stand 7860 6754 68 0 179
tree 5944 6808 18 0 179
tree 5960 6808 21 0 179
tree 6104 6808 34 0 179
tree 7448 6792 2 0 179
tree 7448 6808 5 0 179
stand 7592 6808 154 0 179
stand 7672 6808 153 0 179
dom 7772 6794 7 0 179
tree 472 6840 13 0 179
tree 504 6840 16 0 179
tree 520 6840 11 0 179
lay 3976 6824 49 0 179
tree 5976 6824 25 0 179
tree 5960 6824 2 0 179
tree 6008 6824 0 0 179
tree 5992 6824 22 0 179
tree 6072 6840 1 0 179
tree 6088 6824 1 0 179
stand 7512 6824 154 0 179
stand 7860 6834 95 0 179
tree 520 6856 21 0 179
stand 7576 6872 188 0 179
tree 296 6904 8 0 179
tree 296 6888 13 0 179
stand 616 6904 69 0 179
stand 648 6904 69 0 179
stand 696 6904 69 0 179
stand 728 6904 69 0 179
lay 3944 6904 49 0 179
tree 5624 6904 2 0 179
tree 5640 6888 10 0 179
tree 5784 6904 26 0 179
tree 5768 6904 20 0 179
tree 5800 6904 20 0 179
stand 7512 6888 155 0 179
stand 7576 6904 188 0 179
stand 7576 6888 188 0 179
trop 7748 6892 72 179 179
stand 408 6920 17 0 179
tree 504 6920 26 0 179
tree 488 6936 22 0 179
tree 5608 6936 17 0 179
stand 7512 6936 155 0 179
dom 7904 6912 0 0 179
tree 472 6952 15 0 179
tree 456 6968 22 0 179
stand 616 6968 69 0 179
stand 648 6968 69 0 179
stand 696 6968 69 0 179
stand 728 6968 69 0 179
tree 5608 6952 26 0 179
tree 5608 6968 10 0 179
stand 7512 6984 155 0 179
trop 7620 6988 65 179 179
dom 7712 6976 18 0 179
trop 7796 6980 69 179 179
dom 7840 6976 18 0 179
tree 344 7016 3 0 179
tree 328 7016 20 0 179
tree 360 7032 1 0 179
stand 600 7016 69 0 179
stand 632 7016 69 0 179
stand 680 7016 69 0 179
stand 712 7032 69 0 179
dom 832 7008 273 0 179
trop 484 7052 73 179 179
tree 5704 7048 22 0 179
tree 5736 7064 21 0 179
tree 5752 7064 20 0 179
dom 7488 7040 3 0 179
trop 7916 7060 65 179 179
stand 616 7080 69 0 179
stand 648 7080 69 0 179
stand 696 7080 69 0 179
stand 728 7080 69 0 179
tree 3448 7096 1 0 179
tree 3432 7096 3 0 179
tree 3480 7080 15 0 179
tree 3464 7080 4 0 179
tree 3560 7096 0 0 179
tree 3560 7080 18 0 179
tree 5768 7080 7 0 179
stand 424 7128 180 0 179
stand 696 7128 69 0 179
stand 728 7128 69 0 179
tree 1944 7128 25 0 179
tree 1944 7112 17 0 179
tree 2008 7128 6 0 179
tree 3432 7112 18 0 179
tree 3576 7112 21 0 179
tree 3592 7128 10 0 179
lay 7048 7128 49 0 179
trop 7452 7132 68 179 179
trop 7604 7124 63 179 179
trop 7788 7124 64 179 179
stand 776 7144 176 0 179
tree 2024 7144 21 0 179
tree 2056 7160 24 0 179
tree 3608 7160 2 0 179
tree 3592 7144 35 0 179
tree 3848 7160 6 0 179
tree 3864 7160 26 0 179
lay 5512 7144 49 0 179
tree 6184 7144 5 0 179
tree 6200 7144 8 0 179
lay 6872 7160 49 0 179
tree 7544 7144 16 0 179
tree 7544 7160 27 0 179
stand 7816 7144 149 0 179
dom 608 7168 6 0 179
trop 676 7180 127 179 179
tree 2088 7176 34 0 179
tree 2104 7176 18 0 179
tree 2104 7192 6 0 179
tree 3848 7176 22 0 179
tree 3896 7176 11 0 179
tree 3912 7176 2 0 179
tree 3928 7192 8 0 179
tree 3944 7192 6 0 179
lay 6776 7192 49 0 179
tree 7560 7176 35 0 179
tree 7560 7192 27 0 179
trop 7884 7196 65 179 179
stand 456 7208 166 0 179
trop 620 7212 126 179 179
tree 888 7224 3 0 179
tree 3432 7224 15 0 179
tree 3944 7208 8 0 179
tree 3960 7208 8 0 179
lay 5416 7208 49 0 179
lay 6632 7224 49 0 179
tree 7576 7208 34 0 179
dom 7680 7200 15 0 179
dom 7840 7200 16 0 179
tree 1672 7256 9 0 179
tree 1672 7240 16 0 179
most 1856 7232 5 0 179
tree 3448 7240 11 0 179
tree 3448 7256 3 0 179
tree 3464 7256 21 0 179
tree 5976 7240 7 0 179
tree 5976 7256 3 0 179
dom 7424 7232 275 0 179
tree 7576 7240 12 0 179
stand 264 7288 178 0 179
dom 384 7264 8 0 179
tree 2136 7288 17 0 179
tree 3464 7272 0 0 179
tree 3656 7272 19 0 179
lay 5336 7288 49 0 179
tree 5992 7272 8 0 179
tree 6344 7272 7 0 179
tree 7592 7272 27 0 179
trop 7796 7276 66 179 179
trop 236 7324 127 179 179
trop 404 7324 126 179 179
trop 460 7324 8 179 179
trop 572 7324 8 179 179
stand 872 7320 67 0 179
lay 1176 7320 49 0 179
lay 1288 7320 49 0 179
tree 2120 7304 5 0 179
tree 2120 7320 4 0 179
tree 3944 7320 20 0 179
tree 6296 7320 20 0 179
tree 6312 7304 13 0 179
tree 6312 7320 10 0 179
tree 7592 7304 34 0 179
stand 760 7336 67 0 179
stand 808 7336 67 0 179
stand 872 7352 67 0 179
lay 1016 7336 49 0 179
lay 1448 7336 49 0 179
tree 2104 7352 34 0 179
tree 2120 7336 4 0 179
tree 3944 7352 1 0 179
lay 5272 7352 49 0 179
tree 6296 7336 21 0 179
tree 6280 7336 2 0 179
tree 7608 7336 23 0 179
stand 760 7368 67 0 179
stand 808 7368 67 0 179
stand 872 7368 67 0 179
tree 3944 7384 5 0 179
lay 5224 7368 49 0 179
tree 6200 7368 5 0 179
tree 7576 7384 22 0 179
tree 7576 7368 22 0 179
tree 7608 7368 25 0 179
stand 168 7416 83 0 179
stand 216 7416 83 0 179
stand 264 7400 83 0 179
lay 2568 7416 49 0 179
tree 3928 7416 11 0 179
stand 120 7432 83 0 179
dom 320 7424 7 0 179
trop 340 7428 126 179 179
trop 372 7436 10 179 179
dom 672 7424 5 0 179
stand 760 7432 67 0 179
stand 824 7448 67 0 179
stand 872 7432 67 0 179
tree 2136 7448 13 0 179
lay 2728 7448 49 0 179
tree 3944 7432 22 0 179
tree 3944 7448 22 0 179
lay 4936 7432 49 0 179
lay 5128 7448 49 0 179
tree 7800 7448 34 0 179
stand 120 7480 83 0 179
stand 168 7480 83 0 179
stand 216 7480 83 0 179
stand 264 7464 83 0 179
trop 460 7460 5 179 179
dom 512 7456 16 0 179
trop 516 7460 5 179 179
trop 580 7460 5 179 179
stand 760 7464 67 0 179
stand 760 7480 67 0 179
stand 824 7480 67 0 179
stand 872 7464 67 0 179
tree 1848 7464 5 0 179
tree 1864 7464 23 0 179
tree 1880 7464 19 0 179
tree 1896 7464 17 0 179
tree 1896 7480 15 0 179
tree 2152 7464 21 0 179
lay 2856 7464 49 0 179
tree 3448 7480 34 0 179
tree 3772 7482 34 0 179
tree 3944 7464 17 0 179
tree 7800 7464 22 0 179
stand 872 7496 67 0 179
tree 1720 7512 13 0 179
tree 1704 7512 27 0 179
tree 1704 7496 7 0 179
tree 1912 7512 9 0 179
tree 2152 7496 23 0 179
tree 2168 7512 3 0 179
lay 2936 7496 49 0 179
tree 3464 7512 0 0 179
tree 3464 7496 18 0 179
tree 3644 7498 13 0 179
tree 3644 7514 21 0 179
tree 3628 7514 0 0 179
tree 3676 7514 24 0 179
tree 3660 7514 8 0 179
tree 3788 7498 24 0 179
tree 4040 7512 7 0 179
stand 120 7528 83 0 179
stand 168 7528 83 0 179
stand 216 7528 83 0 179
stand 264 7528 83 0 179
stand 328 7544 157 0 179
stand 504 7528 164 0 179
trop 636 7532 10 179 179
stand 792 7544 181 0 179
tree 1720 7528 13 0 179
tree 1736 7528 20 0 179
tree 1912 7528 13 0 179
tree 1896 7528 10 0 179
tree 2168 7528 16 0 179
tree 2184 7544 16 0 179
tree 3448 7544 7 0 179
tree 3464 7544 35 0 179
dom 3604 7538 8 0 179
tree 3644 7530 13 0 179
tree 3660 7530 11 0 179
tree 3740 7546 34 0 179
tree 3988 7538 27 0 179
tree 4088 7528 34 0 179
tree 4136 7544 0 0 179
lay 4792 7528 49 0 179
stand 312 7560 179 0 179
tree 3368 7576 13 0 179
tree 3384 7576 4 0 179
tree 3400 7560 17 0 179
dom 3892 7570 3 0 179
tree 4168 7576 15 0 179
tree 7704 7576 22 0 179
tree 7720 7576 22 0 179
trop 284 7612 127 179 179
trop 444 7588 7 179 179
trop 524 7596 9 179 179
trop 580 7596 9 179 179
tree 776 7608 34 0 179
tree 1880 7608 13 0 179
tree 1864 7592 5 0 179
tree 3160 7608 6 0 179
tree 3352 7592 26 0 179
tree 4184 7592 7 0 179
tree 4200 7608 11 0 179
lay 4696 7608 49 0 179
tree 7736 7592 10 0 179
tree 7752 7592 26 0 179
tree 7768 7608 0 0 179
tree 7800 7608 26 0 179
tree 792 7624 34 0 179
tree 792 7640 20 0 179
stand 776 7624 99 0 179
stand 808 7624 99 0 179
stand 840 7624 99 0 179
stand 872 7624 99 0 179
tree 1880 7624 5 0 179
tree 1896 7640 6 0 179
tree 1976 7624 1 0 179
tree 2136 7640 22 0 179
tree 2168 7624 1 0 179
tree 2168 7640 1 0 179
tree 2152 7640 26 0 179
tree 3160 7624 13 0 179
dom 3584 7616 0 0 179
dom 3700 7634 5 0 179
dom 3796 7634 1 0 179
lay 4584 7624 49 0 179
tree 104 7672 11 0 179
dom 672 7648 1 0 179
tree 792 7656 3 0 179
stand 776 7672 99 0 179
stand 808 7672 99 0 179
stand 840 7672 99 0 179
stand 872 7672 99 0 179
tree 1896 7672 35 0 179
tree 1896 7656 1 0 179
tree 2152 7656 26 0 179
tree 3160 7656 24 0 179
tree 3176 7672 4 0 179
stand 216 7704 94 0 179
stand 264 7688 94 0 179
stand 312 7688 94 0 179
stand 360 7688 94 0 179
stand 408 7688 94 0 179
dom 480 7680 4 0 179
stand 824 7704 99 0 179
stand 856 7704 99 0 179
tree 1912 7688 3 0 179
tree 1896 7688 2 0 179
tree 3176 7688 5 0 179
tree 3176 7704 4 0 179
dom 3392 7680 18 0 179
dom 3520 7680 18 0 179
trop 3636 7700 15 179 179
trop 3916 7684 15 179 179
tree 7928 7704 8 0 179
stand 264 7736 94 0 179
stand 312 7736 94 0 179
stand 360 7720 94 0 179
trop 676 7716 126 179 179
stand 776 7720 99 0 179
stand 824 7736 99 0 179
stand 856 7736 99 0 179
stand 888 7736 99 0 179
tree 1928 7720 20 0 179
trop 3556 7740 15 179 179
trop 3772 7732 19 179 179
trop 3748 7732 15 179 179
tree 7944 7720 2 0 179
tree 7944 7736 34 0 179
stand 216 7752 94 0 179
stand 360 7768 94 0 179
stand 408 7752 94 0 179
stand 760 7768 99 0 179
stand 792 7768 99 0 179
stand 824 7768 99 0 179
tree 840 7752 21 0 179
tree 856 7768 24 0 179
stand 856 7768 99 0 179
stand 888 7768 99 0 179
tree 7944 7752 3 0 179
tree 136 7800 12 0 179
stand 216 7784 94 0 179
stand 264 7784 94 0 179
stand 312 7784 94 0 179
stand 408 7800 94 0 179
trop 596 7804 126 179 179
stand 760 7800 99 0 179
stand 792 7800 99 0 179
stand 824 7800 99 0 179
tree 856 7784 35 0 179
tree 872 7800 8 0 179
stand 872 7800 99 0 179
trop 3492 7780 15 179 179
tree 3876 7794 7 0 179
tree 4312 7784 11 0 179
tree 4328 7800 20 0 179
stand 216 7832 94 0 179
stand 264 7832 94 0 179
stand 312 7832 94 0 179
stand 360 7816 94 0 179
tree 872 7816 27 0 179
stand 872 7832 99 0 179
tree 4344 7832 25 0 179
stand 760 7848 99 0 179
stand 792 7848 99 0 179
stand 824 7848 99 0 179
stand 856 7848 99 0 179
tree 3640 7864 5 0 179
tree 4344 7848 24 0 179
tree 4360 7848 11 0 179
tree 4360 7864 8 0 179
stand 760 7880 99 0 179
stand 776 7880 99 0 179
stand 808 7880 99 0 179
stand 840 7880 99 0 179
tree 872 7896 13 0 179
stand 872 7880 99 0 179
tree 3208 7896 15 0 179
tree 3512 7896 17 0 179
tree 3528 7896 11 0 179
tree 3544 7896 12 0 179
tree 3560 7896 12 0 179
tree 3624 7880 24 0 179
tree 664 7928 0 0 179
tree 648 7928 20 0 179
stand 760 7912 99 0 179
stand 792 7912 99 0 179
stand 824 7912 99 0 179
tree 872 7912 4 0 179
tree 872 7928 19 0 179
stand 872 7912 99 0 179
tree 3208 7912 9 0 179
tree 3208 7928 15 0 179
trop 636 7964 73 179 179
tree 696 7944 26 0 179
tree 712 7944 10 0 179
tree 760 7944 7 0 179
tree 3224 7944 11 0 179
