trop 1956 124 48 179 179
tree 856 152 48 0 179
trop 1092 148 48 179 179
stand 1144 152 46 0 179
trop 2020 132 48 179 179
trop 3572 156 64 179 179
tree 904 184 10 0 179
stand 1976 168 1 0 179
trop 3932 172 66 179 179
trop 3956 164 66 179 179
tree 248 200 48 0 179
tree 472 200 49 0 179
tree 504 216 26 0 179
tree 488 200 49 0 179
tree 488 216 26 0 179
tree 568 216 48 0 179
tree 920 200 26 0 179
tree 904 200 40 0 179
tree 1000 216 56 0 179
trop 1156 212 50 179 179
tree 1224 200 1 0 179
tree 1256 216 33 0 179
trop 1956 204 48 179 179
trop 2020 212 48 179 179
tree 3064 200 41 1 0
trop 3636 204 72 179 179
trop 3644 204 75 179 179
trop 3668 196 75 179 179
trop 3692 204 75 179 179
trop 3772 220 72 179 179
trop 3748 212 72 179 179
trop 3788 196 75 179 179
trop 3828 204 72 179 179
trop 3836 204 75 179 179
lay 472 232 3 0 179
tree 536 248 9 0 179
tree 552 248 26 0 179
trop 1092 228 48 179 179
tree 2264 248 56 0 179
tree 2280 248 33 0 179
tree 2488 232 56 0 179
tree 2504 248 33 0 179
tree 2504 232 1 0 179
stand 3000 248 14 0 0
tree 3768 232 9 0 0
tree 3768 248 41 0 0
tree 3800 248 2 0 0
tree 504 264 18 0 179
tree 536 264 26 0 179
tree 552 264 26 0 179
tree 1272 264 33 0 179
trop 1956 284 48 179 179
stand 3176 280 72 0 0
tree 3656 264 8 0 0
tree 3672 280 57 0 0
tree 3688 280 18 0 0
tree 3720 280 26 0 0
tree 3720 264 33 0 0
tree 3736 280 2 0 0
tree 3752 264 18 0 0
tree 3768 264 57 0 0
tree 3816 264 56 0 0
tree 3848 264 24 0 0
tree 3848 280 32 0 0
tree 200 312 56 0 179
tree 712 296 56 0 179
trop 1092 308 48 179 179
trop 1156 300 48 179 179
stand 1976 296 1 0 179
trop 2020 292 48 179 179
tree 2216 312 48 0 179
tree 3688 296 10 0 0
tree 3688 312 41 1 179
tree 3832 312 0 0 0
tree 200 328 33 0 179
tree 216 328 33 0 179
tree 216 344 56 0 179
tree 200 344 56 0 179
tree 280 344 56 0 179
dom 416 320 34 0 179
dom 480 320 78 0 179
dom 512 320 78 0 179
stand 520 328 109 0 179
dom 640 320 34 0 179
tree 936 344 26 0 179
stand 1128 328 1 0 179
tree 1208 344 33 0 179
tree 1288 328 41 0 179
vor 1740 324 9 0 0
trop 1772 340 73 0 0
stand 1880 328 65 0 179
vor 3124 340 40 0 0
vor 3132 324 40 0 0
trop 3452 324 14 179 179
dom 3776 320 43 0 179
tree 3880 344 24 0 0
tree 3896 344 48 0 0
dom 3904 320 85 0 179
trop 1156 380 48 179 179
tree 1256 376 33 0 179
tree 1272 360 33 0 179
stand 1736 376 52 0 0
stand 1880 360 73 0 179
trop 1956 364 48 179 179
trop 2020 372 48 179 179
vor 3004 372 65 0 0
vor 3036 372 41 0 0
vor 3068 380 41 0 0
vor 3092 372 41 0 0
dom 3072 352 0 1 0
vor 3132 372 41 0 0
vor 3140 356 40 0 0
vor 3164 380 9 0 0
stand 3256 360 16 1 0
tree 3896 360 10 0 0
tree 504 408 48 0 179
trop 1092 388 48 179 179
dom 1728 384 44 1 0
stand 1880 408 61 0 179
stand 1896 392 73 0 179
vor 3060 388 41 0 0
vor 3076 388 41 0 0
trop 3436 412 8 179 179
dom 3776 384 82 0 179
tree 3832 408 41 1 179
tree 3864 408 24 0 0
tree 1320 424 57 0 0
tree 1336 424 33 0 0
tree 1352 424 40 0 0
tree 1384 440 18 0 0
tree 1400 440 33 0 0
tree 1416 424 32 0 0
tree 1496 424 24 0 0
trop 1772 444 73 0 0
stand 1912 424 65 0 179
trop 1956 444 48 179 179
stand 1976 440 1 0 179
trop 2924 428 16 179 179
trop 3012 428 6 0 0
trop 3100 428 6 0 0
trop 3180 444 10 0 0
trop 3188 428 6 0 0
trop 3276 428 6 0 0
trop 3356 428 6 0 0
dom 3744 416 84 0 179
tree 3880 440 18 0 0
tree 3880 424 26 0 0
tree 648 472 56 0 179
trop 1092 468 48 179 179
stand 1128 456 1 0 179
trop 1156 460 48 179 179
stand 1896 472 73 0 179
stand 1896 456 66 0 179
trop 2020 452 48 179 179
tree 2632 472 33 0 179
tree 2952 472 9 0 0
tree 3048 456 8 1 0
tree 3048 472 49 1 0
tree 3272 456 33 1 0
tree 3656 456 40 0 0
tree 3656 472 41 1 179
tree 3688 472 0 0 0
tree 3688 456 18 0 179
tree 3800 472 26 0 0
tree 3816 472 33 0 0
tree 3832 472 18 0 0
tree 3848 472 57 0 0
tree 3896 472 8 0 0
tree 328 504 10 0 179
dom 544 480 70 0 179
trop 1260 484 16 179 179
trop 1348 484 5 0 0
trop 1436 484 5 0 0
trop 1524 484 5 0 0
trop 1620 484 15 0 0
trop 1668 484 16 0 0
trop 1756 484 15 0 0
stand 1880 504 66 0 179
stand 1896 504 61 0 179
tree 2232 504 41 0 179
tree 2216 488 33 0 179
tree 2248 504 56 0 179
tree 2456 504 33 0 179
tree 3032 504 24 0 0
vor 3100 492 16 0 0
vor 3236 492 72 0 0
tree 3816 488 41 0 0
tree 3864 488 41 0 0
tree 3848 488 48 0 0
tree 3880 488 0 0 0
tree 344 520 26 0 179
tree 328 520 40 0 179
dom 416 512 65 0 179
fre 468 540 36 179 179
tree 872 520 33 0 179
tree 872 536 48 0 179
trop 1156 540 48 179 179
tree 1240 536 41 0 179
stand 1912 520 65 0 179
trop 1956 524 48 179 179
trop 2020 532 48 179 179
tree 2264 520 48 0 179
tree 2280 536 33 0 179
tree 2280 520 56 0 179
tree 2760 536 56 0 179
trop 3236 524 11 179 179
tree 888 552 48 0 179
trop 940 572 73 179 179
trop 1092 548 48 179 179
stand 1192 568 1 0 179
vor 1436 556 16 0 0
dom 1664 544 38 0 0
trop 1772 548 73 0 0
stand 1912 552 73 0 179
tree 2760 552 33 0 179
tree 2776 552 33 0 179
tree 2776 568 56 0 179
tree 2760 568 56 0 179
trop 3300 564 10 179 179
tree 1272 584 41 0 179
vor 1476 604 16 0 0
stand 1496 600 111 1 0
dom 1600 576 34 0 0
stand 1640 600 60 0 0
stand 1896 584 61 0 179
trop 1956 604 48 179 179
stand 1976 584 1 0 179
tree 3016 584 2 0 0
stand 3704 600 86 0 179
stand 3720 600 78 0 179
stand 3752 600 78 0 179
stand 3768 600 82 0 179
tree 136 616 56 0 179
trop 1092 628 48 179 179
trop 1156 620 48 179 179
tree 1192 632 48 0 179
vor 1332 620 8 0 0
vor 1492 620 41 0 0
vor 1508 636 41 0 0
stand 1512 616 111 1 0
vor 1580 636 0 0 0
vor 1604 636 16 0 0
fre 1668 628 37 0 0
trop 1732 620 66 0 0
stand 1880 632 66 0 179
stand 1896 616 73 0 179
stand 1912 616 65 0 179
trop 2020 612 48 179 179
tree 3096 632 10 0 0
tree 3080 632 26 0 0
tree 3112 632 1 0 0
stand 3160 632 111 0 0
stand 3704 616 77 0 179
stand 3768 616 74 0 179
tree 360 664 26 0 179
trop 940 652 73 179 179
tree 1208 648 41 0 179
vor 1516 652 41 0 0
vor 1572 652 16 0 0
stand 1688 664 85 0 0
stand 1720 664 78 0 0
stand 1704 664 78 0 0
stand 1736 664 82 0 0
trop 1772 644 73 0 0
stand 1896 664 65 0 179
trop 3324 652 13 179 179
stand 3704 648 77 0 179
stand 3704 664 79 0 179
stand 3720 664 87 0 179
dom 3744 640 83 0 179
stand 3768 648 74 0 179
stand 3752 664 87 0 179
stand 3768 664 84 0 179
trop 1156 700 48 179 179
stand 1432 680 111 1 0
vor 1468 684 40 0 0
vor 1444 676 40 0 0
vor 1500 684 41 0 0
stand 1544 680 111 1 0
vor 1572 692 8 0 0
stand 1736 680 74 0 0
stand 1736 696 74 0 0
stand 1864 696 66 0 179
trop 2020 700 41 179 179
tree 472 728 9 0 179
tree 488 728 49 0 179
tree 568 728 40 0 179
trop 1092 708 48 179 179
stand 1192 728 1 0 179
vor 1508 716 41 0 0
dom 1504 704 37 1 0
stand 1544 712 111 1 0
trop 1596 708 67 0 0
trop 1620 724 67 0 0
stand 1688 712 83 0 0
stand 1720 712 87 0 0
stand 1704 712 87 0 0
trop 1748 732 73 0 0
stand 1736 712 84 0 0
stand 1912 712 73 0 179
stand 1896 728 65 0 179
stand 1976 712 1 0 179
tree 2888 728 10 0 179
tree 3672 728 10 0 179
tree 3656 728 9 0 179
tree 3704 728 26 0 179
tree 3688 728 40 0 179
tree 3736 728 10 0 179
tree 3720 728 9 0 179
tree 3752 728 18 0 179
tree 472 744 18 0 179
tree 504 744 26 0 179
tree 520 744 10 0 179
tree 536 760 10 0 179
tree 552 760 26 0 179
tree 568 760 40 0 179
tree 568 744 10 0 179
tree 600 760 40 0 179
tree 584 760 18 0 179
tree 584 744 9 0 179
trop 940 740 73 179 179
vor 1500 740 40 0 0
trop 1716 748 65 0 0
trop 1772 740 73 0 0
stand 1880 744 66 0 179
tree 2232 744 48 0 179
tree 2552 760 48 0 179
tree 2904 744 26 0 179
tree 2888 744 40 0 179
tree 3656 760 49 0 179
tree 3656 744 10 0 179
dom 448 768 33 0 179
dom 480 768 33 0 179
dom 512 768 33 0 179
tree 568 776 10 0 179
tree 584 776 49 0 179
tree 600 792 49 0 179
tree 600 776 26 0 179
tree 632 792 10 0 179
tree 616 776 9 0 179
trop 1092 780 48 179 179
trop 1156 780 48 179 179
trop 1540 788 73 0 0
trop 1596 796 73 0 0
trop 1660 780 67 0 0
stand 1880 792 65 0 179
stand 1896 776 73 0 179
trop 1988 780 40 179 179
tree 3608 792 40 0 179
tree 3656 792 26 0 179
tree 3656 776 10 0 179
dom 3712 768 16 0 179
dom 384 800 32 0 179
dom 448 800 36 0 179
dom 480 800 36 0 179
dom 512 800 36 0 179
tree 616 824 10 0 179
tree 648 808 40 0 179
trop 940 820 74 179 179
tree 1368 808 40 0 0
trop 1636 812 73 0 0
trop 1652 820 64 0 0
trop 1692 812 73 0 0
trop 1668 812 65 0 0
trop 1716 804 73 0 0
trop 1772 820 73 0 0
stand 1896 824 73 0 179
tree 3608 808 26 0 179
tree 3592 824 49 0 179
dom 576 832 35 0 179
trop 1092 860 48 179 179
trop 1156 860 48 179 179
dom 1504 832 37 0 0
trop 1612 844 64 0 0
fre 1740 852 36 0 0
trop 1772 860 73 0 0
stand 1896 840 65 0 179
trop 1956 844 48 179 179
tree 2696 840 56 0 179
tree 3592 840 18 0 179
tree 3608 840 10 0 179
trop 3884 844 73 179 179
trop 3876 836 73 179 179
trop 3892 852 73 179 179
lay 408 872 13 0 179
tree 472 888 10 0 179
tree 456 888 10 0 179
tree 504 888 18 0 179
tree 488 888 40 0 179
tree 536 888 26 0 179
tree 520 888 9 0 179
trop 940 876 73 179 179
stand 1192 888 1 0 179
stand 1496 872 52 0 0
trop 1596 892 64 0 0
trop 1724 868 66 0 0
trop 1740 876 73 0 0
stand 1896 872 65 0 179
trop 2020 884 51 179 179
tree 2264 888 56 0 179
tree 2920 888 26 0 179
trop 3876 884 73 179 179
stand 376 904 93 0 179
tree 456 920 49 0 179
tree 456 904 49 0 179
tree 504 920 49 0 179
tree 520 920 26 0 179
tree 520 904 18 0 179
tree 552 920 10 0 179
tree 568 920 26 0 179
tree 632 904 9 0 179
tree 632 920 26 0 179
trop 940 900 74 179 179
stand 1016 920 46 0 179
stand 1480 920 118 0 179
trop 1668 924 65 0 0
stand 1688 920 85 0 0
trop 1700 900 65 0 0
stand 1720 920 78 0 0
stand 1704 920 78 0 0
stand 1736 920 82 0 0
stand 1880 904 66 0 179
trop 1956 924 48 179 179
stand 2008 920 22 0 179
stand 1992 904 1 0 179
tree 3704 920 26 0 179
tree 568 936 26 0 179
trop 932 948 74 179 179
trop 1092 940 48 179 179
trop 1156 940 48 179 179
stand 1560 936 109 0 0
stand 1608 936 109 0 0
trop 1740 948 65 0 0
stand 1736 936 74 0 0
stand 1736 952 74 0 0
trop 1772 940 73 0 0
tree 2488 952 48 0 179
tree 3640 952 9 0 179
tree 3672 936 49 0 179
tree 3672 952 40 0 179
tree 3656 952 26 0 179
tree 3704 936 18 0 179
tree 3688 936 10 0 179
tree 3688 952 10 0 179
tree 3704 952 18 0 179
tree 3720 952 9 0 179
trop 3884 948 73 179 179
trop 3900 956 73 179 179
tree 152 968 56 0 179
tree 168 984 33 0 179
tree 168 968 1 0 179
trop 1028 972 50 179 179
stand 1688 968 83 0 0
trop 1724 988 65 0 0
stand 1720 968 87 0 0
stand 1704 968 87 0 0
stand 1736 968 84 0 0
trop 1956 988 48 179 179
tree 3640 968 40 0 179
tree 3624 968 40 0 179
tree 3640 984 18 0 179
tree 840 1016 41 0 179
trop 932 1004 73 179 179
trop 1092 1020 48 179 179
trop 1156 1020 48 179 179
tree 2616 1016 56 0 179
tree 2632 1016 33 0 179
tree 2840 1000 56 0 179
tree 2856 1016 33 0 179
tree 2856 1000 1 0 179
tree 3640 1000 10 0 179
tree 3640 1016 26 0 179
trop 932 1044 73 179 179
trop 1028 1052 48 179 179
stand 1544 1032 122 0 179
tree 1624 1032 48 0 0
tree 1656 1048 33 0 0
tree 1656 1032 57 0 0
dom 1728 1024 16 0 0
trop 1772 1052 73 0 0
tree 3608 1048 40 0 179
tree 3624 1032 26 0 179
tree 3624 1048 10 0 179
trop 3868 1036 73 179 179
trop 3884 1044 73 179 179
stand 1192 1064 1 0 179
trop 1956 1068 48 179 179
stand 1992 1064 1 0 179
tree 2568 1080 48 0 179
tree 3544 1080 26 0 179
tree 3528 1080 9 0 179
tree 3576 1080 49 0 179
tree 3560 1080 10 0 179
tree 3592 1080 49 0 179
tree 3608 1080 9 0 179
tree 3608 1064 9 0 179
tree 3624 1064 9 0 179
tree 3624 1080 26 0 179
dom 3680 1056 11 0 179
trop 932 1116 73 179 179
trop 1092 1100 48 179 179
trop 1156 1100 48 179 179
tree 3544 1096 40 0 179
tree 3544 1112 49 0 179
tree 3576 1096 10 0 179
tree 3576 1112 9 0 179
tree 3560 1112 49 0 179
tree 3592 1096 49 0 179
tree 3608 1096 26 0 179
tree 3608 1112 26 0 179
tree 3592 1112 26 0 179
tree 3624 1112 10 0 179
tree 3624 1096 49 0 179
trop 1028 1132 48 179 179
tree 1656 1144 16 0 0
trop 1956 1148 48 179 179
tree 3576 1144 10 0 179
trop 3900 1132 73 179 179
tree 888 1176 33 0 179
trop 1092 1180 48 179 179
trop 1156 1180 48 179 179
tree 1240 1176 1 0 179
tree 1240 1160 1 0 179
tree 3512 1160 49 0 179
tree 3512 1176 10 0 179
tree 3544 1160 10 0 179
tree 3544 1176 26 0 179
tree 3560 1176 26 0 179
tree 3576 1176 26 0 179
tree 3576 1160 10 0 179
trop 3892 1156 73 179 179
tree 296 1208 33 0 179
tree 872 1192 33 0 179
tree 888 1192 1 0 179
trop 1028 1212 48 179 179
tree 3512 1192 40 0 179
tree 3512 1208 49 0 179
tree 3544 1208 10 0 179
tree 3544 1192 18 0 179
tree 3528 1208 26 0 179
fre 3556 1204 0 179 179
tree 3560 1192 9 0 179
tree 3560 1208 26 0 179
trop 3876 1212 73 179 179
tree 824 1240 56 0 179
tree 856 1224 41 0 179
trop 932 1220 74 179 179
stand 1192 1240 1 0 179
trop 1956 1228 51 179 179
tree 2984 1240 33 0 179
fre 3540 1220 22 179 179
tree 3560 1224 18 0 179
dom 3680 1216 9 0 179
tree 424 1272 56 0 179
tree 712 1272 33 0 179
trop 1092 1260 48 179 179
trop 1156 1260 48 179 179
stand 1944 1256 22 0 179
tree 2584 1272 41 0 179
tree 2568 1256 33 0 179
tree 2600 1272 56 0 179
tree 2808 1272 33 0 179
trop 3892 1252 73 179 179
tree 424 1288 33 0 179
tree 440 1288 33 0 179
tree 440 1304 56 0 179
tree 424 1304 56 0 179
trop 932 1292 74 179 179
trop 1028 1292 48 179 179
tree 2616 1288 48 0 179
tree 2632 1304 33 0 179
tree 2632 1288 56 0 179
tree 3112 1304 56 0 179
trop 1092 1340 48 179 179
trop 1156 1340 48 179 179
tree 1208 1320 56 0 179
tree 1224 1336 33 0 179
tree 3112 1320 33 0 179
tree 3128 1320 33 0 179
tree 3128 1336 56 0 179
tree 3112 1336 56 0 179
tree 3480 1320 49 0 179
tree 3480 1336 49 0 179
tree 3496 1320 10 0 179
tree 3496 1336 26 0 179
tree 3544 1320 10 0 179
tree 3544 1336 49 0 179
tree 3528 1336 40 0 179
tree 3528 1320 49 0 179
tree 3560 1320 9 0 179
tree 3560 1336 40 0 179
stand 3576 1320 72 0 179
dom 3680 1312 7 0 179
trop 1028 1372 48 179 179
stand 1176 1352 54 0 179
tree 1256 1368 56 0 179
tree 3480 1352 40 0 179
tree 3480 1368 49 0 179
tree 3496 1352 26 0 179
tree 3544 1368 10 0 179
tree 3544 1352 40 0 179
tree 3576 1368 18 0 179
tree 3560 1368 18 0 179
tree 3560 1352 10 0 179
trop 932 1380 74 179 179
stand 1000 1400 37 0 179
stand 1112 1400 54 0 179
stand 1192 1384 1 0 179
tree 1256 1384 48 0 179
tree 1944 1400 56 0 179
tree 1960 1400 33 0 179
tree 2168 1384 56 0 179
tree 2184 1400 33 0 179
tree 2184 1384 1 0 179
fre 3484 1388 36 179 179
tree 3480 1384 18 0 179
tree 3480 1400 26 0 179
fre 3508 1404 20 179 179
tree 3496 1400 49 0 179
tree 3528 1400 40 0 179
tree 3544 1400 26 0 179
tree 3544 1384 9 0 179
tree 3576 1400 26 0 179
tree 3576 1384 9 0 179
stand 3768 1400 86 0 179
stand 3784 1400 78 0 179
stand 3816 1400 82 0 179
trop 1156 1436 41 179 179
fre 3484 1420 36 179 179
fre 3548 1436 36 179 179
tree 3528 1416 18 0 179
tree 3544 1416 26 0 179
tree 3544 1432 18 0 179
fre 3564 1436 10 179 179
fre 3556 1428 12 179 179
tree 3560 1432 18 0 179
tree 3576 1432 40 0 179
tree 3576 1416 18 0 179
stand 3768 1416 77 0 179
stand 3816 1416 74 0 179
tree 552 1464 10 0 179
tree 792 1448 41 0 179
trop 932 1452 73 179 179
trop 1028 1452 48 179 179
tree 1256 1464 48 0 179
tree 1256 1448 48 0 179
tree 1896 1464 48 0 179
fre 3540 1444 36 179 179
tree 3688 1464 26 0 179
tree 3704 1464 40 0 179
tree 3720 1464 40 0 179
tree 3736 1464 9 0 179
stand 3768 1448 77 0 179
stand 3768 1464 79 0 179
stand 3800 1464 87 0 179
dom 3808 1440 83 0 179
stand 3816 1448 74 0 179
stand 3816 1464 84 0 179
tree 3864 1464 18 0 179
tree 3896 1464 49 0 179
tree 3880 1464 40 0 179
tree 216 1496 48 0 179
tree 568 1480 26 0 179
tree 552 1480 40 0 179
tree 760 1480 33 0 179
tree 808 1480 33 0 179
tree 3240 1496 10 0 179
tree 3704 1480 26 0 179
tree 3736 1480 10 0 179
tree 728 1512 33 0 179
tree 872 1512 1 0 179
trop 940 1516 73 179 179
stand 1000 1528 37 0 179
trop 1028 1532 48 179 179
trop 1124 1516 40 179 179
tree 1400 1512 10 0 179
tree 1464 1512 57 0 179
stand 1528 1528 113 0 179
tree 1560 1528 32 0 179
tree 2584 1512 48 0 179
tree 2904 1528 48 0 179
tree 3256 1512 26 0 179
tree 3240 1512 40 0 179
stand 984 1560 119 0 179
stand 1192 1544 1 0 179
tree 360 1576 56 0 179
tree 1528 1592 41 1 179
tree 3544 1592 26 0 179
tree 3592 1592 56 0 179
tree 584 1624 26 0 179
trop 948 1628 74 179 179
stand 1048 1608 54 0 179
trop 1092 1628 41 179 179
trop 1156 1604 48 179 179
tree 1416 1624 40 0 179
tree 1480 1624 40 0 179
dom 1600 1600 1 0 179
tree 2312 1624 33 0 179
tree 3048 1608 56 0 179
tree 3496 1624 1 0 179
stand 1000 1656 37 0 179
tree 1432 1640 40 0 179
tree 1480 1656 56 0 179
tree 1912 1656 41 0 179
tree 1896 1640 33 0 179
tree 1928 1656 56 0 179
tree 2136 1656 33 0 179
tree 2616 1656 56 0 179
tree 3272 1656 26 0 179
tree 3512 1640 40 0 179
tree 3560 1656 33 0 179
tree 3608 1640 41 1 179
tree 3592 1656 41 1 179
tree 152 1688 48 0 179
trop 1156 1676 48 179 179
tree 1416 1688 40 0 179
tree 1432 1688 40 0 179
tree 1944 1672 48 0 179
tree 1960 1688 33 0 179
tree 1960 1672 56 0 179
tree 2440 1688 56 0 179
tree 3528 1672 40 0 179
tree 728 1720 33 0 179
tree 728 1704 56 0 179
dom 896 1696 37 0 179
trop 940 1724 73 179 179
trop 1060 1708 40 179 179
stand 1192 1720 1 0 179
tree 1256 1704 56 0 179
tree 1496 1704 33 0 179
tree 1480 1720 41 0 179
tree 2440 1704 33 0 179
tree 2456 1704 33 0 179
tree 2456 1720 56 0 179
tree 2440 1720 56 0 179
tree 2840 1720 48 0 179
tree 296 1752 56 0 179
trop 1156 1756 48 179 179
tree 1224 1752 48 0 179
tree 1416 1736 40 0 179
tree 1464 1752 48 0 179
dom 1568 1728 62 0 179
dom 1632 1728 62 0 179
trop 3452 1748 83 0 0
trop 3508 1756 85 0 0
trop 3556 1732 13 0 0
trop 3676 1756 86 0 0
trop 3836 1748 85 179 179
tree 648 1784 56 0 179
tree 760 1768 41 0 179
tree 744 1768 33 0 179
trop 940 1780 73 179 179
tree 1240 1768 33 0 179
tree 1448 1784 33 0 179
tree 1512 1768 9 0 179
stand 1656 1784 14 0 179
tree 2984 1784 56 0 179
vor 3220 1788 117 179 179
trop 3348 1764 86 179 179
vor 3604 1788 17 0 0
trop 3748 1788 84 179 179
tree 664 1800 1 0 179
tree 712 1800 33 0 179
tree 728 1800 33 0 179
stand 1000 1800 37 0 179
trop 1028 1804 48 179 179
trop 1092 1804 48 179 179
tree 1432 1816 41 1 179
tree 1432 1800 40 0 179
tree 1512 1800 33 0 179
stand 1576 1800 16 0 179
stand 1608 1800 16 0 179
lay 1640 1800 8 0 179
trop 3260 1804 87 179 179
trop 3420 1796 84 0 0
trop 3588 1796 87 0 0
stand 3640 1800 111 1 0
stand 3624 1816 111 1 0
vor 3660 1796 9 0 0
tree 760 1848 48 0 179
trop 1156 1836 48 179 179
tree 1288 1848 48 0 179
tree 1480 1848 41 1 179
trop 3420 1844 82 0 0
stand 3528 1832 88 0 0
stand 3672 1832 111 1 0
stand 3656 1832 63 0 0
vor 3668 1844 41 0 0
vor 3660 1828 40 0 0
stand 3688 1832 31 0 0
vor 3684 1852 41 0 0
tree 760 1880 41 0 179
trop 940 1876 74 179 179
trop 1028 1884 48 179 179
trop 1092 1884 48 179 179
tree 2568 1880 10 0 179
trop 3580 1868 14 0 0
stand 3704 1864 118 1 179
dom 896 1888 37 0 179
trop 1156 1916 48 179 179
stand 1192 1912 1 0 179
tree 1912 1896 48 0 179
tree 2232 1912 48 0 179
tree 2584 1896 26 0 179
tree 2568 1896 40 0 179
trop 3452 1908 80 0 0
stand 3592 1912 111 1 0
dom 3648 1888 11 1 0
stand 3704 1896 111 1 0
tree 664 1928 56 0 179
stand 1000 1944 37 0 179
stand 3688 1928 111 1 0
stand 3720 1928 118 1 179
trop 940 1964 73 179 179
trop 1028 1964 48 179 179
trop 1092 1964 48 179 179
tree 1224 1976 48 0 179
tree 1240 1976 48 0 179
tree 3496 1976 56 0 0
trop 3580 1956 3 0 0
stand 3720 1976 118 1 179
trop 1156 1988 48 179 179
tree 1240 2008 48 0 179
tree 1592 2008 56 0 179
tree 1608 2008 33 0 179
tree 1816 1992 56 0 179
tree 1832 2008 33 0 179
tree 1832 1992 1 0 179
tree 2376 1992 56 0 179
trop 3028 2012 75 179 179
vor 3380 2004 117 179 179
trop 3420 1988 81 179 179
tree 3528 1992 48 0 0
dom 3648 1984 11 2 0
stand 3704 2008 118 1 179
tree 3928 2008 56 0 179
tree 3944 2008 33 0 179
tree 536 2024 33 0 179
trop 1028 2044 48 179 179
trop 1092 2044 48 179 179
tree 1944 2040 56 0 179
tree 2584 2040 56 0 179
tree 2600 2040 26 0 179
tree 2808 2024 56 0 179
tree 2824 2040 33 0 179
tree 2824 2024 1 0 179
tree 3496 2024 2 0 0
tree 3512 2024 48 0 0
trop 3572 2044 8 0 0
stand 3608 2040 111 1 0
vor 3636 2044 41 0 0
vor 3620 2020 40 0 0
vor 3660 2036 41 0 0
vor 3668 2028 41 0 0
vor 3676 2044 41 0 0
stand 3688 2040 118 1 179
tree 568 2056 1 0 179
trop 948 2060 74 179 179
trop 1156 2068 48 179 179
tree 1240 2072 33 0 179
tree 1272 2056 33 0 179
tree 1544 2072 48 0 179
trop 3108 2052 65 179 179
vor 3236 2060 112 179 179
vor 3340 2052 25 179 179
trop 3492 2060 16 0 0
vor 3628 2068 16 0 0
stand 3656 2072 111 1 0
vor 3652 2060 40 0 0
tree 3704 2072 33 0 179
tree 3880 2072 48 0 179
tree 472 2104 56 0 179
dom 896 2080 37 0 179
stand 1000 2104 37 0 179
tree 1256 2088 48 0 179
tree 2168 2104 48 0 179
tree 2536 2104 48 0 179
vor 3396 2092 74 0 0
trop 3436 2100 73 0 0
vor 3572 2100 16 0 0
stand 3592 2104 111 1 0
vor 3676 2092 8 0 0
trop 332 2116 73 179 179
tree 472 2120 33 0 179
tree 792 2120 1 0 179
trop 956 2132 74 179 179
trop 1028 2124 48 179 179
trop 1092 2124 48 179 179
stand 1192 2120 1 0 179
trop 3148 2116 73 179 179
trop 3244 2116 16 0 0
trop 3332 2116 15 0 0
trop 3436 2132 73 0 0
vor 3476 2116 9 0 0
trop 3588 2124 16 0 0
stand 536 2168 113 0 179
tree 728 2168 48 0 179
trop 956 2172 74 179 179
trop 1156 2148 48 179 179
tree 2312 2168 56 0 179
trop 3156 2172 73 179 179
vor 3388 2172 40 0 0
stand 3384 2152 118 1 179
vor 3396 2164 40 0 0
vor 3596 2156 41 0 0
vor 3604 2148 41 0 0
stand 3624 2152 111 1 0
vor 3628 2172 40 0 0
trop 332 2196 74 179 179
stand 408 2184 109 0 179
trop 388 2204 64 179 179
stand 504 2184 111 0 179
tree 664 2200 56 0 179
stand 872 2184 122 0 179
trop 1028 2204 48 179 179
trop 1092 2204 48 179 179
stand 3272 2184 111 1 0
vor 3348 2188 40 0 0
stand 3400 2184 118 1 179
dom 3584 2176 58 1 0
stand 3624 2200 111 1 0
vor 3620 2180 40 0 0
vor 3620 2196 40 0 0
vor 3652 2180 9 0 0
trop 924 2236 66 179 179
trop 1156 2228 48 179 179
tree 1960 2232 33 0 179
vor 3100 2220 117 179 179
stand 3416 2216 111 1 0
trop 3484 2220 64 0 0
stand 3512 2216 111 1 0
vor 3532 2220 40 0 0
vor 3556 2212 40 0 0
stand 3592 2232 111 1 0
vor 3604 2212 41 0 0
vor 3668 2220 0 0 0
trop 3660 2228 73 179 179
trop 452 2260 72 179 179
trop 540 2268 72 179 179
trop 612 2268 72 179 179
trop 684 2268 75 179 179
trop 748 2268 75 179 179
tree 1256 2248 48 0 179
tree 1560 2264 41 0 179
tree 1544 2248 33 0 179
tree 1576 2264 56 0 179
tree 1784 2264 33 0 179
tree 2952 2264 33 0 179
vor 3204 2252 17 0 0
vor 3252 2268 40 0 0
dom 3264 2240 0 1 0
vor 3356 2268 41 0 0
vor 3388 2260 40 0 0
vor 3380 2268 40 0 0
dom 3392 2240 61 1 0
vor 3396 2252 40 0 0
stand 3400 2264 118 1 179
stand 3432 2264 72 0 179
vor 3556 2244 16 0 0
stand 3560 2248 119 1 179
trop 3588 2244 13 0 0
vor 3636 2252 64 0 0
tree 3896 2264 41 0 179
tree 3880 2248 33 0 179
tree 3912 2264 56 0 179
trop 340 2284 74 179 179
trop 380 2292 67 179 179
trop 812 2276 72 179 179
stand 1000 2280 37 0 179
trop 1028 2284 48 179 179
trop 1092 2284 48 179 179
tree 1240 2296 48 0 179
tree 1240 2280 41 0 179
tree 1592 2280 48 0 179
tree 1608 2296 33 0 179
tree 1608 2280 56 0 179
tree 2088 2296 56 0 179
tree 2552 2296 41 0 179
tree 2536 2280 33 0 179
tree 2568 2296 56 0 179
tree 2776 2296 33 0 179
trop 3204 2276 64 0 0
stand 3240 2280 111 1 0
stand 3272 2296 111 1 0
vor 3284 2276 40 0 0
vor 3316 2292 16 0 0
stand 3336 2280 111 1 0
stand 3368 2296 111 1 0
vor 3380 2276 9 0 0
vor 3436 2292 16 0 0
vor 3548 2284 9 0 0
trop 3596 2284 75 179 179
trop 3636 2276 66 179 179
vor 3652 2292 17 0 0
tree 3928 2280 48 0 179
tree 3944 2296 33 0 179
tree 3944 2280 56 0 179
trop 1156 2308 48 179 179
stand 1192 2328 1 0 179
tree 2088 2312 33 0 179
tree 2104 2312 33 0 179
tree 2104 2328 56 0 179
tree 2088 2328 56 0 179
tree 2584 2312 48 0 179
tree 2600 2328 33 0 179
tree 2600 2312 56 0 179
tree 3080 2328 56 0 179
stand 3240 2312 111 1 0
vor 3236 2332 9 0 0
trop 3268 2332 72 0 0
stand 3416 2312 111 1 0
stand 3400 2312 118 1 179
trop 3428 2332 72 0 0
trop 3532 2324 75 179 179
trop 3588 2324 75 179 179
trop 340 2340 73 179 179
stand 424 2344 93 0 179
tree 648 2360 33 0 179
tree 664 2360 33 0 179
trop 1028 2364 48 179 179
trop 1092 2364 48 179 179
tree 1256 2344 48 0 179
tree 3080 2344 33 0 179
tree 3096 2344 33 0 179
tree 3096 2360 56 0 179
tree 3080 2360 56 0 179
trop 3324 2340 72 0 0
trop 3356 2340 72 0 0
vor 3364 2348 9 0 0
vor 3604 2356 40 0 0
vor 3628 2340 40 0 0
vor 3620 2364 40 0 0
vor 3620 2356 40 0 0
trop 3620 2340 65 179 179
vor 3660 2364 9 0 0
trop 3660 2348 73 179 179
tree 168 2392 10 0 179
tree 632 2392 26 0 179
tree 616 2376 1 0 179
tree 648 2376 2 0 179
tree 648 2392 32 0 179
tree 680 2392 1 0 179
tree 696 2376 1 0 179
tree 712 2376 1 0 179
trop 1156 2388 48 179 179
tree 1240 2392 56 0 179
tree 1240 2376 1 0 179
tree 1256 2392 33 0 179
tree 1400 2392 56 0 179
tree 1416 2392 33 0 179
tree 1624 2376 56 0 179
tree 1640 2392 33 0 179
tree 1640 2376 1 0 179
vor 3412 2380 65 0 0
stand 3480 2376 118 0 0
trop 3516 2396 14 0 0
stand 3640 2376 111 1 0
vor 3620 2380 40 0 0
vor 3628 2396 41 0 0
tree 184 2408 26 0 179
tree 168 2408 40 0 179
tree 632 2408 26 0 179
tree 632 2424 32 0 179
tree 648 2424 33 0 179
tree 3304 2424 0 0 0
stand 3528 2408 111 1 0
vor 3620 2420 41 0 0
trop 300 2444 66 179 179
tree 664 2456 0 0 179
tree 664 2440 1 0 179
tree 840 2456 57 0 179
tree 856 2440 24 0 179
tree 872 2440 57 0 179
tree 952 2440 1 0 179
stand 1000 2440 54 0 179
trop 1092 2460 43 179 179
stand 1208 2440 46 0 179
tree 1352 2456 48 0 179
vor 3532 2452 16 0 0
stand 3560 2456 111 1 0
vor 3612 2460 40 0 0
dom 3616 2432 57 2 0
trop 3660 2436 73 0 0
vor 3668 2460 16 0 0
trop 188 2476 75 179 179
trop 188 2492 75 179 179
tree 840 2472 40 0 179
tree 920 2488 49 0 179
tree 936 2472 8 0 179
trop 1156 2468 48 179 179
trop 1220 2492 50 179 179
tree 2216 2488 10 0 179
trop 3508 2492 13 0 0
stand 3544 2488 111 1 0
stand 3576 2472 111 1 0
stand 3576 2488 118 1 179
vor 3596 2476 40 0 0
vor 3604 2468 40 0 0
stand 3608 2472 118 1 179
vor 3636 2476 40 0 0
vor 3620 2468 40 0 0
tree 680 2504 16 0 179
tree 696 2520 10 0 179
tree 920 2504 2 0 179
stand 1192 2504 1 0 179
tree 1560 2504 48 0 179
tree 1880 2520 48 0 179
tree 2232 2504 26 0 179
tree 2216 2504 40 0 179
tree 3208 2520 10 0 179
tree 3896 2504 48 0 179
tree 200 2552 26 0 179
tree 696 2536 0 0 179
tree 712 2552 32 0 179
tree 808 2552 41 0 179
tree 808 2536 40 0 179
tree 856 2536 1 0 179
tree 920 2552 26 0 179
trop 1028 2548 42 179 179
trop 1156 2548 48 179 179
tree 2552 2536 48 0 179
tree 2872 2552 48 0 179
tree 3224 2536 26 0 179
tree 3208 2536 40 0 179
tree 648 2568 41 0 179
tree 712 2568 9 0 179
tree 712 2584 0 0 179
tree 808 2584 18 0 179
tree 920 2568 40 0 179
tree 920 2584 8 0 179
trop 1220 2580 48 179 179
tree 792 2616 10 0 179
tree 808 2600 10 0 179
tree 1768 2616 33 0 179
tree 2024 2600 56 0 179
tree 792 2648 26 0 179
tree 792 2632 24 0 179
tree 888 2632 18 0 179
stand 872 2632 51 0 179
tree 904 2648 56 0 179
trop 1028 2628 48 179 179
trop 1028 2636 48 179 179
stand 1064 2632 54 0 179
trop 1156 2644 43 179 179
tree 1368 2648 41 0 179
tree 1352 2632 33 0 179
tree 1384 2648 56 0 179
tree 1592 2648 33 0 179
tree 2248 2648 26 0 179
tree 3016 2632 56 0 179
tree 3928 2648 56 0 179
tree 696 2680 16 0 179
tree 792 2680 24 0 179
tree 792 2664 48 0 179
tree 904 2680 16 0 179
stand 1192 2680 1 0 179
trop 1220 2660 48 179 179
tree 1400 2664 48 0 179
tree 1400 2680 33 0 179
tree 1416 2680 33 0 179
tree 1416 2664 56 0 179
tree 1896 2680 56 0 179
tree 2584 2680 56 0 179
tree 3240 2680 26 0 179
tree 664 2712 0 0 179
tree 648 2712 41 0 179
tree 680 2696 2 0 179
tree 696 2696 56 0 179
tree 792 2712 9 0 179
tree 792 2696 0 0 179
tree 904 2696 26 0 179
tree 904 2712 1 0 179
trop 1028 2716 48 179 179
tree 1896 2696 33 0 179
tree 1912 2696 33 0 179
tree 1912 2712 56 0 179
tree 1896 2712 56 0 179
tree 600 2728 56 0 179
tree 600 2744 24 0 179
tree 584 2744 24 0 179
tree 632 2728 33 0 179
tree 616 2728 33 0 179
tree 904 2744 18 0 179
tree 936 2744 41 0 179
tree 936 2728 41 0 179
trop 1092 2732 42 179 179
trop 1220 2740 48 179 179
tree 2808 2744 48 0 179
tree 568 2760 2 0 179
tree 552 2760 16 0 179
tree 552 2776 40 0 179
tree 584 2776 48 0 179
tree 808 2776 56 0 179
tree 904 2760 8 0 179
tree 920 2776 57 0 179
tree 952 2776 33 0 179
tree 936 2760 56 0 179
stand 1128 2776 54 0 179
tree 1960 2776 56 0 179
tree 3640 2776 18 0 0
tree 552 2792 33 0 179
tree 552 2808 56 0 179
tree 808 2808 26 0 179
tree 808 2792 18 0 179
tree 920 2808 32 0 179
trop 1028 2796 48 179 179
trop 1092 2812 48 179 179
tree 2952 2808 56 0 179
tree 552 2824 18 0 179
tree 808 2840 10 0 179
tree 936 2824 0 0 179
tree 936 2840 2 0 179
trop 1156 2820 48 179 179
trop 1220 2820 48 179 179
tree 200 2872 33 0 179
tree 776 2856 9 0 179
tree 792 2856 8 0 179
tree 952 2872 9 0 179
trop 1028 2876 48 179 179
stand 1192 2856 1 0 179
tree 2024 2872 10 0 179
stand 2504 2872 112 0 179
tree 2568 2856 9 0 0
stand 3720 2872 33 0 179
tree 552 2904 1 0 179
tree 712 2904 24 0 179
tree 712 2888 24 0 179
tree 968 2888 48 0 179
tree 968 2904 49 0 179
trop 1092 2892 48 179 179
trop 1156 2900 48 179 179
trop 1220 2900 48 179 179
tree 1368 2888 48 0 179
tree 1688 2904 48 0 179
tree 2040 2888 26 0 179
tree 2024 2888 40 0 179
tree 2552 2904 2 0 0
tree 2664 2888 48 0 0
trop 3332 2908 75 179 179
trop 3620 2908 75 179 179
tree 328 2936 56 0 179
tree 568 2920 41 0 179
tree 568 2936 1 0 179
tree 712 2936 33 0 179
tree 712 2920 49 0 179
tree 728 2920 56 0 179
tree 968 2920 8 0 179
tree 984 2936 57 0 179
tree 1272 2920 41 0 179
stand 2472 2920 65 0 179
tree 2504 2936 8 0 0
tree 2552 2936 26 0 0
tree 2584 2936 18 0 0
tree 2568 2920 48 0 0
tree 2568 2936 57 0 0
trop 3084 2940 14 179 179
trop 3252 2916 72 179 179
trop 3268 2916 75 179 179
trop 3332 2916 72 179 179
tree 3368 2936 40 0 179
trop 3420 2916 72 179 179
trop 3412 2916 75 179 179
tree 3416 2936 40 0 179
tree 3496 2936 40 0 179
trop 3540 2916 72 179 179
trop 3556 2916 75 179 179
trop 3620 2916 72 179 179
trop 3708 2916 72 179 179
trop 3700 2916 75 179 179
trop 3764 2916 72 179 179
tree 328 2952 33 0 179
tree 344 2952 33 0 179
tree 344 2968 56 0 179
tree 328 2968 56 0 179
tree 568 2952 40 0 179
tree 568 2968 9 0 179
tree 712 2968 48 0 179
tree 712 2952 1 0 179
tree 984 2952 56 0 179
tree 984 2968 16 0 179
trop 1028 2956 48 179 179
trop 1092 2972 48 179 179
tree 1272 2968 48 0 179
stand 2440 2968 112 0 179
stand 2504 2968 66 0 179
tree 2616 2968 41 0 0
tree 2600 2952 8 0 0
tree 2808 2968 56 0 0
tree 2792 2968 41 0 0
tree 3368 2968 40 0 179
tree 3432 2968 41 0 179
tree 3608 2968 40 0 179
tree 728 3000 10 0 179
tree 728 2984 2 0 179
tree 712 2984 2 0 179
tree 840 3000 33 0 179
tree 888 3000 8 0 179
tree 984 2984 24 0 179
trop 1156 2980 48 179 179
trop 1220 2980 48 179 179
tree 1832 2984 56 0 179
stand 2408 2984 65 0 179
tree 2632 3000 32 0 0
tree 2648 3000 1 0 0
tree 2680 3000 2 0 0
tree 2680 2984 41 0 0
tree 2664 2984 24 0 0
tree 2712 3000 26 0 0
tree 2728 3000 32 0 0
tree 2792 3000 1 0 0
tree 3368 3000 49 0 179
tree 3496 2984 48 0 179
tree 3560 3000 41 0 179
tree 3592 2984 40 0 179
tree 3624 3000 40 0 179
tree 3656 3000 40 0 179
trop 3748 2996 0 179 179
trop 3748 2980 0 179 179
stand 3832 2984 65 0 179
tree 888 3016 41 0 179
tree 920 3016 18 0 179
tree 904 3016 49 0 179
trop 1028 3036 48 179 179
stand 1192 3032 1 0 179
tree 1288 3032 56 0 179
tree 1400 3032 56 0 179
tree 2056 3032 26 0 179
stand 2328 3032 104 0 179
stand 2456 3032 66 0 179
tree 2632 3032 8 0 0
tree 2648 3016 0 0 0
trop 3068 3028 8 179 179
tree 3368 3032 48 0 179
tree 3496 3032 41 0 179
stand 3832 3016 73 0 179
tree 712 3064 16 0 179
tree 728 3064 24 0 179
tree 744 3064 40 0 179
tree 744 3048 33 0 179
tree 920 3064 33 0 179
trop 1092 3052 48 179 179
tree 1272 3048 33 0 179
trop 2724 3060 9 0 0
trop 2812 3044 6 0 0
trop 2900 3044 4 179 179
trop 2988 3044 4 179 179
tree 3336 3064 40 0 179
tree 3368 3064 41 0 179
tree 3432 3048 41 0 179
tree 3496 3048 41 0 179
tree 3576 3048 40 0 179
tree 3608 3064 40 0 179
stand 3832 3064 61 0 179
stand 3848 3048 73 0 179
tree 712 3080 2 0 179
tree 728 3080 0 0 179
tree 792 3096 1 0 179
stand 1128 3080 54 0 179
trop 1220 3076 43 179 179
tree 1624 3096 48 0 179
tree 2648 3096 16 0 0
tree 3352 3080 40 0 179
tree 3592 3096 41 0 179
trop 3748 3076 0 179 179
stand 3864 3080 65 0 179
tree 456 3128 10 0 179
tree 776 3112 41 0 179
trop 1028 3116 48 179 179
trop 1092 3132 48 179 179
tree 2264 3128 40 0 0
stand 2392 3112 65 0 179
tree 2632 3112 32 0 0
stand 3848 3128 73 0 179
stand 3848 3112 66 0 179
tree 472 3144 26 0 179
tree 456 3144 40 0 179
trop 1156 3164 42 179 179
tree 1528 3160 56 0 179
tree 1544 3160 33 0 179
tree 1752 3144 56 0 179
tree 1768 3160 56 0 179
tree 1768 3144 1 0 179
stand 2344 3144 112 0 179
trop 2700 3148 3 0 0
dom 3360 3136 76 0 179
dom 3424 3136 76 0 179
dom 3520 3136 78 0 179
stand 3672 3160 86 0 179
stand 3688 3160 76 0 179
stand 3704 3160 76 0 179
stand 3720 3160 82 0 179
trop 3748 3164 1 179 179
stand 3832 3160 66 0 179
stand 3848 3160 61 0 179
stand 2456 3192 104 0 179
tree 2600 3176 56 0 0
dom 2656 3168 40 0 179
dom 2784 3168 2 0 179
stand 3640 3176 87 0 179
stand 3656 3176 87 0 179
stand 3672 3176 84 0 179
stand 3720 3176 77 0 179
stand 3720 3192 77 0 179
stand 3864 3176 65 0 179
trop 1028 3204 51 179 179
trop 1092 3220 51 179 179
stand 1192 3208 54 0 179
tree 1480 3224 48 0 179
stand 2376 3208 65 0 179
tree 2552 3208 49 0 0
tree 2552 3224 24 0 0
tree 2568 3224 26 0 0
tree 2616 3208 18 0 0
tree 2664 3224 32 0 0
stand 3704 3208 85 0 179
stand 3704 3224 68 0 179
stand 3720 3208 84 0 179
stand 3864 3208 73 0 179
tree 264 3240 56 0 179
stand 1016 3256 22 0 179
trop 1156 3244 48 179 179
stand 1192 3256 1 0 179
trop 1220 3252 48 179 179
trop 2700 3236 2 0 0
stand 3704 3240 68 0 179
stand 3704 3256 68 0 179
trop 3748 3244 1 179 179
stand 3848 3240 61 0 179
tree 488 3288 26 0 179
tree 712 3272 48 0 179
stand 1080 3272 22 0 179
stand 2344 3288 104 0 179
stand 2456 3288 66 0 179
tree 2616 3288 48 0 0
dom 3520 3264 50 0 179
dom 3648 3264 50 0 179
stand 3704 3272 68 0 179
stand 3704 3288 68 0 179
stand 3832 3288 66 0 179
stand 3848 3272 73 0 179
stand 3864 3272 65 0 179
tree 968 3304 56 0 179
trop 1156 3324 48 179 179
tree 2600 3320 8 0 0
tree 2632 3304 9 0 0
stand 2664 3304 114 0 179
trop 2700 3316 2 0 0
stand 3704 3304 68 0 179
stand 3704 3320 68 0 179
stand 3848 3320 65 0 179
trop 1220 3332 48 179 179
stand 2408 3352 65 0 179
tree 2632 3336 10 0 0
stand 3448 3336 50 0 179
trop 3748 3332 13 179 179
stand 3816 3352 66 0 179
tree 664 3384 1 0 179
tree 1272 3384 56 0 179
tree 1896 3384 33 0 179
tree 2616 3368 33 0 0
tree 2632 3384 2 0 0
tree 2632 3368 9 0 0
tree 2648 3368 0 0 0
stand 3864 3368 73 0 179
stand 3848 3384 65 0 179
tree 200 3416 56 0 179
tree 1064 3400 41 0 179
tree 1064 3416 33 0 179
trop 1156 3404 48 179 179
trop 1220 3412 48 179 179
tree 1496 3416 41 0 179
tree 1480 3400 33 0 179
tree 1512 3416 56 0 179
tree 1720 3416 33 0 179
stand 2360 3400 66 0 179
trop 2700 3404 2 0 0
tree 3480 3416 40 0 179
stand 3832 3400 66 0 179
tree 648 3432 48 0 179
tree 872 3432 48 0 179
tree 888 3432 41 0 179
tree 1528 3432 48 0 179
tree 1544 3448 33 0 179
tree 1544 3432 56 0 179
tree 2024 3448 56 0 179
tree 2536 3448 9 0 0
tree 3432 3432 40 0 179
tree 3480 3448 33 0 179
tree 3512 3448 40 0 179
stand 3832 3448 65 0 179
stand 3848 3432 73 0 179
tree 1080 3464 48 0 179
tree 1080 3480 56 0 179
trop 1156 3484 48 179 179
stand 1176 3464 1 0 179
tree 2024 3464 33 0 179
tree 2040 3464 33 0 179
tree 2040 3480 56 0 179
tree 2024 3480 56 0 179
stand 2392 3464 65 0 179
stand 2472 3464 112 0 179
dom 2624 3456 6 0 179
stand 3848 3480 73 0 179
trop 1220 3492 48 179 179
trop 2700 3492 2 0 0
tree 2824 3512 56 0 0
tree 3416 3512 8 0 179
tree 3448 3496 33 0 179
tree 3480 3496 41 0 179
tree 3528 3512 40 0 179
stand 3848 3496 65 0 179
tree 1288 3528 1 0 179
tree 1288 3544 48 0 179
tree 2504 3528 0 0 0
stand 2616 3528 119 0 179
tree 2632 3528 16 0 0
tree 3384 3528 41 0 179
tree 3544 3544 41 1 179
stand 3848 3528 65 0 179
trop 1156 3564 48 179 179
trop 1220 3572 48 179 179
tree 1288 3560 33 0 179
fre 2212 3556 35 179 179
stand 2648 3576 6 0 179
trop 2700 3572 2 0 0
tree 2840 3576 26 0 0
tree 2952 3560 8 0 0
tree 3336 3576 8 0 179
tree 3384 3560 48 0 179
tree 3512 3576 9 0 179
tree 3544 3560 41 1 179
tree 3544 3576 41 1 179
stand 3832 3560 66 0 179
stand 3880 3576 65 0 179
stand 1176 3592 1 0 179
tree 2408 3608 26 0 0
tree 2408 3592 8 0 0
tree 2456 3608 9 0 0
tree 2616 3608 33 0 0
tree 2856 3592 40 0 0
tree 2888 3608 32 0 0
tree 3448 3592 9 0 179
tree 3480 3592 1 0 179
stand 3864 3592 73 0 179
stand 3848 3608 65 0 179
stand 3896 3608 65 0 179
stand 3944 3608 65 0 179
tree 1064 3640 48 0 179
tree 1064 3624 48 0 179
trop 1156 3644 48 179 179
tree 2152 3640 10 0 179
tree 2600 3640 24 0 0
tree 2600 3624 0 0 0
tree 2616 3624 40 0 0
tree 2664 3640 41 0 0
dom 2784 3616 8 0 179
tree 2968 3624 0 0 0
tree 3000 3640 16 0 0
tree 3016 3640 9 0 0
tree 3464 3624 40 0 179
tree 3496 3624 40 0 179
stand 3880 3624 73 0 179
stand 3912 3640 73 0 179
tree 728 3656 33 0 179
tree 1064 3656 33 0 179
trop 1220 3652 48 179 179
tree 1304 3672 56 0 179
tree 1496 3656 48 0 179
tree 1816 3672 48 0 179
tree 2168 3656 26 0 179
tree 2152 3656 40 0 179
tree 2408 3672 8 0 0
tree 2600 3672 18 0 0
tree 2600 3656 41 0 0
trop 2700 3660 2 0 0
tree 3352 3672 41 1 179
tree 3400 3656 26 0 179
tree 3432 3656 41 1 179
stand 3864 3656 66 0 179
stand 3896 3656 66 0 179
stand 3912 3656 73 0 179
stand 3960 3656 65 0 179
tree 664 3704 33 0 179
tree 712 3704 41 0 179
tree 1016 3704 48 0 179
tree 1032 3704 33 0 179
tree 2504 3688 10 0 0
stand 2648 3704 8 0 179
tree 2968 3688 1 0 0
tree 2952 3704 8 0 0
tree 3416 3704 1 0 179
tree 3496 3704 41 1 179
tree 3496 3688 8 0 179
trop 1156 3724 48 179 179
stand 1176 3736 1 0 179
trop 1220 3732 48 179 179
tree 2360 3720 32 0 0
tree 2344 3720 26 0 0
tree 2376 3736 8 0 0
tree 2408 3736 32 0 0
tree 2552 3736 24 0 0
tree 2536 3720 1 0 0
tree 2632 3720 56 0 0
tree 2824 3736 26 0 0
tree 2936 3720 1 0 0
tree 2920 3720 49 0 0
tree 2920 3736 32 0 0
tree 2968 3736 8 0 0
tree 2952 3736 40 0 0
tree 3416 3736 40 0 179
tree 3464 3736 9 0 179
tree 3496 3720 41 1 179
tree 3704 3736 10 0 0
tree 3704 3720 40 0 0
tree 3688 3720 33 0 0
tree 3688 3736 10 0 0
tree 3752 3720 16 0 179
tree 3752 3736 32 0 179
tree 1960 3752 56 0 179
tree 2264 3768 1 0 0
tree 2392 3752 16 0 0
tree 2440 3768 10 0 0
tree 2536 3768 26 0 0
tree 2552 3768 48 0 0
tree 2536 3752 41 0 0
tree 2568 3768 16 0 0
trop 2700 3748 2 0 0
tree 2808 3768 26 0 0
tree 2792 3768 33 0 0
tree 2840 3768 16 0 0
tree 2904 3752 57 0 0
tree 2984 3752 48 0 0
tree 3384 3752 9 0 179
tree 3416 3752 0 0 179
tree 3704 3768 1 0 179
tree 3720 3752 56 0 0
tree 3720 3768 0 0 179
tree 3752 3752 10 0 179
vor 3820 3772 40 0 0
vor 3844 3772 40 0 0
vor 3844 3764 41 0 0
vor 3900 3772 40 0 0
trop 1156 3804 48 179 179
tree 1528 3800 56 0 179
tree 2184 3800 26 0 179
tree 2424 3800 10 0 0
tree 2408 3784 18 0 0
tree 2440 3800 2 0 0
tree 2456 3784 57 0 0
tree 2456 3800 57 0 0
tree 2504 3800 32 0 0
tree 2520 3784 48 0 0
tree 2536 3784 49 0 0
tree 2536 3800 1 0 0
tree 2584 3800 33 0 0
tree 2584 3784 10 0 0
tree 2600 3800 41 0 0
tree 2616 3800 1 0 0
tree 2792 3784 24 0 0
tree 2808 3800 41 0 0
tree 2872 3800 18 0 0
tree 2856 3784 56 0 0
tree 2888 3800 24 0 0
vor 3556 3788 41 0 0
tree 3608 3784 57 0 0
tree 3640 3784 0 0 179
vor 3628 3804 40 0 0
tree 3656 3784 40 0 179
tree 3672 3784 56 0 179
vor 3652 3788 40 0 0
vor 3668 3804 41 0 0
vor 3668 3796 40 0 0
tree 3688 3784 56 0 179
tree 3704 3784 9 0 179
tree 3720 3800 40 0 0
tree 3720 3784 8 0 0
vor 3740 3780 40 0 0
vor 3764 3796 41 0 0
vor 3796 3780 41 0 0
tree 3832 3784 32 0 0
vor 3820 3788 41 0 0
vor 3820 3796 41 0 0
vor 3900 3780 40 0 0
trop 1220 3812 48 179 179
tree 1288 3832 33 0 179
tree 2456 3832 16 0 0
tree 2472 3816 16 0 0
tree 2488 3816 1 0 0
tree 2488 3832 41 0 0
tree 2520 3816 56 0 0
tree 2520 3832 16 0 0
tree 2504 3816 40 0 0
tree 2552 3832 18 0 0
tree 2552 3816 56 0 0
tree 2536 3816 2 0 0
tree 2536 3832 1 0 0
tree 2568 3816 49 0 0
tree 2584 3832 56 0 0
tree 2600 3816 26 0 0
tree 2632 3816 10 0 0
tree 2648 3832 48 0 0
trop 2700 3836 2 0 0
tree 2824 3816 40 0 0
tree 2840 3832 49 0 0
tree 2872 3832 49 0 0
tree 2856 3816 40 0 0
tree 2888 3816 49 0 0
tree 2904 3832 48 0 0
tree 2936 3832 33 0 0
tree 2920 3832 33 0 0
vor 3588 3812 40 0 0
vor 3612 3836 41 0 0
vor 3636 3836 41 0 0
vor 3652 3836 40 0 0
vor 3668 3836 41 0 0
vor 3700 3836 40 0 0
vor 3708 3812 41 0 0
vor 3692 3836 41 0 0
vor 3724 3828 40 0 0
vor 3716 3828 41 0 0
vor 3764 3820 40 0 0
vor 3748 3820 40 0 0
vor 3756 3812 40 0 0
vor 3748 3812 41 0 0
vor 3836 3828 40 0 0
tree 3864 3816 18 0 0
tree 1272 3864 41 0 179
tree 1288 3848 48 0 179
tree 1288 3864 33 0 179
tree 1752 3864 48 0 179
tree 2552 3864 9 0 0
tree 2536 3864 41 0 0
tree 2568 3864 9 0 0
tree 2616 3864 10 0 0
tree 2600 3848 32 0 0
tree 2616 3848 18 0 0
tree 2632 3848 10 0 0
tree 2840 3848 56 0 0
tree 2824 3848 49 0 0
tree 2856 3848 56 0 0
tree 2872 3848 0 0 0
tree 2856 3864 24 0 0
vor 3588 3860 25 0 0
vor 3612 3860 41 0 0
vor 3652 3844 41 0 0
vor 3668 3860 41 0 0
vor 3700 3860 40 0 0
vor 3684 3868 41 0 0
vor 3692 3844 41 0 0
vor 3684 3844 41 0 0
vor 3732 3860 41 0 0
vor 3716 3844 40 0 0
vor 3860 3868 41 0 0
vor 3884 3844 40 0 0
stand 968 3880 26 0 179
trop 1156 3884 48 179 179
trop 1220 3892 48 179 179
tree 2568 3880 41 0 0
tree 2584 3896 40 0 0
tree 2600 3896 18 0 0
tree 2600 3880 41 0 0
tree 2616 3880 40 0 0
tree 3096 3896 56 0 179
tree 3112 3896 33 0 179
tree 3320 3880 56 0 179
tree 3336 3896 33 0 179
tree 3336 3880 1 0 179
vor 3644 3892 41 0 0
vor 3692 3900 40 0 0
vor 3700 3876 40 0 0
vor 3700 3892 40 0 0
vor 3716 3900 40 0 0
vor 3716 3892 41 0 0
vor 3772 3900 40 0 0
vor 3756 3892 41 0 0
vor 3780 3892 40 0 0
vor 3836 3884 40 0 0
vor 3820 3884 40 0 0
vor 3828 3892 41 0 0
tree 904 3928 48 0 179
tree 1896 3928 56 0 179
trop 2700 3924 3 179 179
vor 3564 3932 40 0 0
vor 3612 3908 40 0 0
vor 3636 3924 41 0 0
vor 3644 3924 41 0 0
vor 3668 3908 41 0 0
vor 3692 3916 41 0 0
vor 3692 3924 41 0 0
vor 3772 3908 40 0 0
trop 1156 3964 48 179 179
stand 1176 3944 1 0 179
tree 3048 3960 48 0 179
vor 3596 3956 40 0 0
vor 3588 3956 41 0 0
vor 3636 3948 40 0 0
vor 3620 3948 40 0 0
vor 3628 3940 40 0 0
vor 3620 3940 41 0 0
vor 3708 3956 40 0 0
trop 1220 3972 48 179 179
trop 1220 4052 48 179 179
