dom 7296 224 126 0 179
dom 7744 224 60 0 179
dom 7936 224 55 0 179
dom 8224 256 51 0 179
dom 8416 256 48 0 179
dom 8672 256 25 0 179
dom 8896 256 21 0 179
dom 9120 256 17 0 179
dom 7552 288 122 0 179
dom 7296 384 125 0 179
dom 7744 384 59 0 179
dom 7936 384 54 0 179
dom 7552 416 67 0 179
dom 8224 416 50 0 179
dom 8448 416 47 0 179
dom 8672 416 24 0 179
dom 8896 416 20 0 179
dom 9184 448 15 0 179
dom 7296 544 124 0 179
dom 7520 544 63 0 179
dom 7744 544 58 0 179
dom 7936 544 53 0 179
dom 8224 576 49 0 179
dom 8448 608 46 0 179
dom 8704 608 23 0 179
dom 9184 608 14 0 179
dom 8896 640 19 0 179
dom 7520 704 61 0 179
dom 7744 704 57 0 179
dom 7936 704 52 0 179
dom 7328 736 123 0 179
dom 8704 800 22 0 179
dom 8896 832 18 0 179
dom 10912 1792 128 0 179
dom 10080 1824 7 0 179
dom 9888 1856 3 0 179
dom 10336 1856 11 0 179
dom 10592 1856 45 0 179
dom 10112 1984 6 0 179
dom 9888 2016 2 0 179
dom 10336 2016 10 0 179
dom 10592 2016 44 0 179
dom 10912 2016 121 0 179
dom 10560 2112 43 0 179
dom 10336 2144 9 0 179
dom 9856 2176 1 0 179
dom 10080 2176 5 0 179
dom 10912 2240 66 0 179
dom 10336 2304 8 0 179
dom 10592 2304 42 0 179
dom 9856 2368 0 0 179
dom 10080 2368 4 0 179
dom 10912 2368 56 0 179
dom 7904 3232 102 0 179
dom 9376 3232 37 0 179
dom 9568 3264 31 0 179
dom 9760 3264 26 0 179
dom 7328 3296 114 0 179
dom 8096 3296 120 0 179
dom 8224 3296 96 0 179
dom 8672 3296 87 0 179
dom 8864 3296 83 0 179
dom 7520 3360 110 0 179
dom 8480 3360 91 0 179
dom 7712 3392 106 0 179
dom 9376 3392 38 0 179
dom 9792 3392 27 0 179
dom 7360 3424 115 0 179
dom 9568 3424 32 0 179
dom 7936 3456 103 0 179
dom 8672 3456 88 0 179
dom 8864 3456 84 0 179
dom 8064 3488 95 0 179
dom 8256 3488 97 0 179
dom 7520 3520 111 0 179
dom 9120 3520 80 0 179
dom 9344 3520 39 0 179
dom 9536 3520 33 0 179
dom 9760 3520 28 0 179
dom 7712 3552 107 0 179
dom 8480 3552 92 0 179
dom 9984 3552 12 0 179
dom 7360 3584 116 0 179
dom 9344 3616 40 0 179
dom 7904 3648 104 0 179
dom 8096 3648 100 0 179
dom 8224 3648 98 0 179
dom 8704 3648 89 0 179
dom 8864 3648 85 0 179
dom 9536 3648 34 0 179
dom 9760 3680 29 0 179
dom 3904 3712 128 0 179
dom 7360 3712 117 0 179
dom 7520 3712 112 0 179
dom 7680 3712 108 0 179
dom 8448 3712 93 0 179
dom 9184 3712 81 0 179
dom 9952 3712 13 0 179
dom 9344 3744 62 0 179
dom 9504 3776 35 0 179
dom 7360 3840 118 0 179
dom 7872 3840 105 0 179
dom 8064 3840 101 0 179
dom 8448 3840 94 0 179
dom 9760 3840 30 0 179
dom 9952 3840 16 0 179
dom 7488 3872 113 0 179
dom 7712 3872 109 0 179
dom 8224 3872 99 0 179
dom 8672 3872 90 0 179
dom 8896 3872 86 0 179
dom 9344 3872 127 0 179
dom 9504 3872 36 0 179
dom 7328 3904 119 0 179
dom 9152 3904 82 0 179
