stand 4840 24 616 0 179
stand 4760 56 296 0 179
fre 2284 84 194 179 179
fre 2460 76 194 179 179
fre 2452 68 8 179 179
fre 2476 76 194 179 179
stand 4936 88 280 0 179
stand 5016 88 617 0 179
stand 5160 72 319 0 179
lay 2120 120 78 0 179
stand 2168 120 285 0 179
fre 2300 108 194 179 179
stand 2696 120 192 0 179
stand 2744 120 194 0 179
stand 2792 120 192 0 179
stand 2840 120 194 0 179
stand 2888 120 193 0 179
fre 4860 116 470 179 179
stand 5288 120 348 0 179
fre 2204 132 194 179 179
fre 2196 156 194 179 179
lay 2232 136 109 0 179
stand 2216 152 283 0 179
fre 2292 156 194 179 179
stand 2280 152 826 0 179
stand 2696 152 193 0 179
stand 2744 152 192 0 179
stand 2792 152 193 0 179
stand 2840 152 194 0 179
stand 2888 152 194 0 179
stand 2952 152 74 0 179
stand 3032 152 253 0 179
tree 3048 136 80 0 179
stand 3080 136 283 0 179
tree 5016 152 86 0 179
fre 5084 132 472 179 179
tree 5272 136 80 0 179
stand 5288 152 316 0 179
stand 2040 168 774 0 179
tree 2072 184 89 0 179
tree 2088 184 76 0 179
stand 2088 168 696 0 179
stand 2152 168 827 0 179
fre 2180 180 194 179 179
stand 2216 184 284 0 179
stand 2696 184 191 0 179
stand 2744 184 191 0 179
dom 2752 160 355 0 179
stand 2792 184 193 0 179
stand 2840 184 192 0 179
dom 2848 160 359 0 179
stand 2888 184 193 0 179
stand 3016 168 254 0 179
stand 3048 184 255 0 179
tree 3176 184 86 0 179
tree 3288 168 88 0 179
stand 5016 168 313 0 179
tree 2072 216 76 0 179
tree 2088 216 78 0 179
tree 2136 200 87 0 179
stand 2168 200 285 0 179
fre 2220 220 8 179 179
dom 2400 192 174 0 179
fre 2420 204 325 179 179
fre 2492 204 8 179 179
dom 2496 192 4 0 179
dom 2624 192 173 0 179
stand 2744 216 193 0 179
stand 2792 216 194 0 179
stand 2840 216 193 0 179
stand 2888 216 194 0 179
dom 3072 192 482 0 179
tree 3240 216 90 0 179
tree 4840 200 90 0 179
tree 4856 200 78 0 179
stand 4936 200 461 0 179
stand 1992 248 413 1 179
tree 2104 248 80 0 179
tree 2088 232 88 0 179
tree 2120 248 90 0 179
tree 2184 232 79 0 179
dom 2240 224 367 0 179
fre 2476 244 8 179 179
stand 2696 248 193 0 179
dom 2720 224 357 0 179
stand 2744 248 192 0 179
stand 2792 248 192 0 179
stand 2840 248 194 0 179
stand 2888 248 193 0 179
stand 3016 232 244 0 179
dom 3040 224 143 0 179
tree 3224 248 91 0 179
fre 3228 252 194 179 179
tree 3240 248 91 0 179
tree 3240 232 91 0 179
stand 3992 232 354 0 179
stand 4008 232 315 0 179
stand 4952 248 614 0 179
tree 5048 248 90 0 179
fre 2268 260 8 179 179
fre 2500 276 8 179 179
stand 2792 280 194 0 179
stand 2840 280 192 0 179
dom 2848 256 358 0 179
stand 2888 280 194 0 179
tree 3032 264 86 0 179
lay 3112 280 107 0 179
tree 3224 264 76 0 179
stand 3256 280 797 0 179
tree 3272 264 79 0 179
tree 3320 280 76 0 179
tree 3304 280 77 0 179
stand 4872 264 591 0 179
stand 5048 264 619 0 179
stand 1992 296 257 0 179
most 2080 288 53 0 179
fre 2564 292 8 179 179
stand 2728 312 280 0 179
stand 2792 312 193 0 179
stand 2840 312 194 0 179
stand 2888 312 193 0 179
fre 3100 308 7 179 179
tree 3128 312 90 0 179
tree 3128 296 78 0 179
tree 3224 312 80 0 179
tree 3304 296 80 0 179
fre 5052 300 471 179 179
dom 2496 320 173 0 179
stand 2696 344 281 0 179
stand 2712 328 79 0 179
dom 2784 320 361 0 179
stand 2792 344 192 0 179
stand 2840 344 193 0 179
stand 2888 344 193 0 179
fre 3012 324 6 179 179
stand 3096 344 281 0 179
dom 3072 320 455 0 179
tree 3128 328 78 0 179
tree 3224 328 76 0 179
tree 3256 344 88 0 179
tree 3240 344 86 0 179
tree 3240 328 87 0 179
fre 4892 324 471 179 179
stand 2104 360 414 0 179
stand 2088 376 413 0 179
stand 2360 360 681 0 179
dom 2624 352 174 0 179
stand 2760 360 283 0 179
stand 2792 376 193 0 179
stand 2840 376 192 0 179
stand 2888 376 193 0 179
fre 3036 364 6 179 179
tree 3080 376 80 0 179
tree 3096 376 89 0 179
stand 3128 360 281 0 179
stand 3160 360 173 0 179
fre 3580 380 439 179 179
stand 4024 376 376 0 179
stand 4040 360 312 0 179
tree 4856 360 80 0 179
stand 4872 376 299 0 179
tree 5048 360 77 0 179
stand 2040 392 242 0 179
fre 2588 396 8 179 179
stand 2792 408 193 0 179
stand 2840 408 193 0 179
stand 2888 408 193 0 179
dom 2976 384 138 0 179
stand 3016 408 283 0 179
tree 3096 392 86 0 179
tree 3096 408 91 0 179
tree 3080 408 79 0 179
tree 3256 392 87 0 179
stand 3240 408 165 0 179
fre 3268 396 194 179 179
fre 3276 396 8 179 179
stand 4936 392 285 0 179
stand 5240 408 346 0 179
tree 2296 440 91 0 179
stand 2408 440 591 0 179
tree 2712 440 89 0 179
dom 2784 416 362 0 179
stand 2792 440 191 0 179
stand 2840 440 191 0 179
stand 2888 440 191 0 179
tree 3064 424 78 0 179
stand 3080 424 282 0 179
fre 3172 420 7 179 179
fre 3188 444 194 179 179
stand 4024 440 376 0 179
stand 4040 424 283 0 179
tree 4840 424 88 0 179
stand 4840 440 591 0 179
stand 5208 424 619 0 179
tree 2296 456 80 0 179
tree 2296 472 80 0 179
tree 2312 456 79 0 179
stand 2616 456 285 0 179
tree 2664 472 87 0 179
tree 2680 456 80 0 179
tree 2680 472 86 0 179
tree 2696 472 79 0 179
tree 2728 472 89 0 179
stand 2792 472 192 0 179
stand 2840 472 191 0 179
stand 2888 472 191 0 179
lay 3016 472 60 0 179
lay 3048 456 60 0 179
lay 3144 472 60 0 179
tree 2312 504 87 0 179
fre 2388 508 194 179 179
fre 2540 500 194 179 179
dom 2624 480 173 0 179
stand 2648 488 284 0 179
stand 2712 488 285 0 179
tree 2696 488 77 0 179
tree 2712 504 77 0 179
lay 3032 488 60 0 179
lay 3080 504 60 0 179
stand 3112 504 185 0 179
dom 3200 480 367 0 179
tree 2328 520 87 0 179
tree 2328 536 89 0 179
tree 2344 536 80 0 179
tree 2360 520 76 0 179
tree 2360 536 90 0 179
fre 2372 540 194 179 179
tree 2376 536 87 0 179
lay 2456 536 107 0 179
stand 2440 536 284 0 179
fre 2516 524 194 179 179
fre 2692 532 325 179 179
lay 3128 536 60 0 179
tree 2344 552 88 0 179
tree 2360 568 77 0 179
tree 2360 552 79 0 179
tree 2376 552 88 0 179
tree 2392 552 78 0 179
fre 2716 572 325 179 179
stand 4264 568 281 0 179
tree 2392 584 77 0 179
tree 2376 584 80 0 179
tree 2440 584 87 0 179
stand 2504 584 285 0 179
lay 3016 600 107 0 179
dom 3008 576 102 0 179
tree 3064 600 78 0 179
stand 3192 584 167 0 179
tree 4152 600 87 0 179
stand 4280 600 363 0 179
fre 2404 628 194 179 179
tree 2440 616 76 0 179
stand 2472 616 267 0 179
fre 2492 620 8 179 179
fre 2732 612 325 179 179
tree 2920 632 87 0 179
tree 2984 616 87 0 179
tree 3000 632 87 0 179
tree 3016 632 76 0 179
tree 3032 632 86 0 179
tree 3048 616 78 0 179
tree 3080 616 89 0 179
stand 4184 632 391 0 179
fre 2468 660 194 179 179
tree 2904 664 88 0 179
tree 2920 648 79 0 179
tree 3096 648 76 0 179
fre 3108 652 8 179 179
stand 3176 664 178 0 179
lay 2424 696 60 0 179
stand 2536 680 224 0 179
stand 4120 680 291 0 179
stand 2536 712 222 0 179
stand 2984 728 385 0 179
dom 3040 704 194 0 179
lay 3160 712 60 0 179
fre 2620 756 8 179 179
tree 3096 760 89 0 179
fre 3772 756 141 179 179
fre 2596 772 8 179 179
lay 2888 776 60 0 179
tree 2968 776 87 0 179
tree 3000 776 88 0 179
tree 3000 792 91 0 179
tree 2984 776 89 0 179
tree 3096 776 89 0 179
tree 3080 792 91 0 179
fre 3108 796 8 179 179
stand 2680 824 386 0 179
fre 2828 828 293 179 179
stand 2952 824 380 0 179
lay 3224 824 60 0 179
stand 1864 856 413 0 179
stand 2648 840 285 0 179
stand 2904 856 223 0 179
tree 4872 840 76 0 179
tree 2648 888 89 0 179
tree 2648 872 90 0 179
stand 2984 872 282 0 179
fre 4908 868 144 179 179
lay 2712 904 107 0 179
stand 2712 904 283 0 179
tree 2632 936 91 0 179
tree 2648 936 80 0 179
tree 2648 952 78 0 179
tree 2664 952 77 0 179
stand 2840 936 283 0 179
stand 2856 936 223 0 179
dom 2912 928 113 0 179
tree 5032 936 76 0 179
tree 2680 984 91 0 179
tree 2680 968 76 0 179
tree 2696 984 76 0 179
stand 2760 968 379 0 179
tree 2840 984 87 0 179
tree 2824 984 77 0 179
tree 2840 968 89 0 179
stand 2936 984 283 0 179
stand 2984 968 283 0 179
tree 4824 968 77 0 179
tree 4920 984 88 0 179
tree 5048 968 90 0 179
tree 2696 1000 78 0 179
tree 2712 1000 87 0 179
fre 2716 1012 8 179 179
tree 2728 1000 77 0 179
fre 2956 996 8 179 179
fre 2964 1052 197 179 179
fre 2948 1036 205 179 179
fre 2980 1036 203 179 179
fre 4972 1044 141 179 179
fre 2916 1068 203 179 179
fre 2996 1076 204 179 179
tree 4872 1064 89 0 179
fre 3044 1116 194 179 179
tree 3096 1096 78 0 179
tree 3000 1128 77 0 179
tree 3016 1128 87 0 179
tree 3016 1144 78 0 179
stand 4184 1144 377 0 179
stand 4200 1128 307 0 179
stand 4280 1128 318 0 179
stand 4264 1144 384 0 179
tree 2920 1176 87 0 179
tree 2936 1176 89 0 179
fre 3772 1164 448 179 179
tree 2904 1208 80 0 179
tree 2920 1192 78 0 179
tree 2936 1192 90 0 179
tree 2952 1192 89 0 179
fre 3084 1196 194 179 179
tree 2904 1224 89 0 179
tree 2936 1240 90 0 179
tree 2920 1240 91 0 179
tree 2920 1224 76 0 179
tree 3000 1224 76 0 179
tree 3016 1224 89 0 179
tree 3032 1224 87 0 179
lay 6200 1240 60 0 179
tree 3064 1256 86 0 179
tree 6056 1256 86 0 179
tree 6056 1304 90 0 179
tree 6104 1304 86 0 179
tree 6088 1304 79 0 179
tree 6136 1304 77 0 179
tree 6120 1304 79 0 179
tree 5976 1336 89 0 179
tree 6024 1336 88 0 179
tree 6040 1320 76 0 179
tree 6056 1320 89 0 179
tree 6120 1336 76 0 179
tree 6136 1320 88 0 179
tree 6152 1336 89 0 179
tree 6152 1320 91 0 179
tree 3080 1368 86 0 179
lay 5896 1368 78 0 179
tree 5976 1352 86 0 179
tree 5992 1352 79 0 179
tree 6008 1352 77 0 179
tree 6024 1352 79 0 179
fre 6252 1356 8 179 179
stand 4760 1400 292 0 179
dom 6176 1376 120 0 179
fre 6244 1380 8 179 179
fre 6284 1388 8 179 179
stand 4760 1416 381 0 179
tree 5912 1432 80 0 179
tree 5912 1416 86 0 179
tree 5896 1416 88 0 179
tree 5928 1432 80 0 179
fre 5972 1412 194 179 179
fre 5956 1436 194 179 179
stand 6040 1416 285 0 179
tree 6056 1432 78 0 179
lay 6344 1432 60 0 179
tree 4520 1448 78 0 179
stand 4776 1464 351 0 179
stand 5944 1464 285 0 179
tree 5944 1448 86 0 179
tree 5928 1448 88 0 179
stand 5976 1464 285 0 179
tree 5960 1448 91 0 179
tree 5960 1464 76 0 179
tree 6072 1464 77 0 179
tree 6056 1464 80 0 179
stand 6088 1464 285 0 179
stand 4552 1480 375 0 179
fre 4772 1476 59 179 179
stand 5944 1480 285 0 179
fre 5948 1484 194 179 179
stand 5992 1512 388 0 179
stand 6072 1528 285 0 179
fre 2532 1556 66 179 179
stand 5880 1544 285 0 179
stand 5912 1560 285 0 179
stand 5960 1560 326 0 179
tree 5976 1560 91 0 179
stand 6040 1544 281 0 179
tree 6392 1560 78 0 179
fre 2508 1580 66 179 179
fre 2588 1588 1 179 179
stand 5928 1576 285 0 179
tree 5976 1592 87 0 179
tree 5960 1576 78 0 179
stand 6328 1576 379 0 179
tree 6392 1592 79 0 179
tree 6392 1576 79 0 179
fre 2540 1620 66 179 179
fre 2588 1620 0 179 179
stand 3560 1624 359 0 179
stand 6104 1608 285 0 179
tree 6328 1624 91 0 179
tree 6328 1608 79 0 179
tree 6360 1624 80 0 179
tree 6376 1624 89 0 179
tree 6376 1608 89 0 179
tree 6392 1608 88 0 179
fre 2564 1644 2 179 179
stand 3528 1656 351 0 179
fre 2572 1676 2 179 179
fre 2612 1676 1 179 179
fre 2652 1676 66 179 179
stand 4744 1688 283 0 179
dom 6272 1664 247 0 179
fre 6364 1668 8 179 179
lay 2456 1704 61 0 179
fre 2636 1700 0 179 179
stand 3512 1720 350 0 179
fre 3956 1700 346 179 179
stand 4744 1704 372 0 179
lay 6376 1720 60 0 179
fre 2636 1740 2 179 179
fre 2668 1748 65 179 179
fre 2700 1740 66 179 179
tree 6040 1752 79 0 179
tree 6040 1736 89 0 179
fre 6468 1732 8 179 179
tree 6040 1768 79 0 179
tree 6072 1784 90 0 179
tree 6072 1768 86 0 179
tree 6056 1768 80 0 179
tree 6056 1784 77 0 179
stand 6120 1768 381 0 179
tree 6392 1784 90 0 179
fre 2660 1820 119 179 179
fre 4068 1820 344 179 179
stand 6184 1800 380 0 179
tree 6392 1800 76 0 179
stand 6376 1800 380 0 179
fre 6012 1844 8 179 179
fre 6076 1844 194 179 179
tree 6184 1848 77 0 179
fre 6236 1828 194 179 179
fre 6212 1852 194 179 179
tree 6360 1832 90 0 179
tree 6376 1848 89 0 179
tree 6376 1832 78 0 179
fre 4044 1884 346 179 179
fre 6116 1860 194 179 179
tree 6168 1864 90 0 179
tree 6168 1880 90 0 179
tree 6360 1864 79 0 179
tree 6344 1864 78 0 179
tree 6376 1864 86 0 179
tree 6264 1912 86 0 179
lay 6312 1896 60 0 179
fre 6388 1900 194 179 179
fre 6404 1916 8 179 179
tree 6248 1944 87 0 179
tree 6248 1928 86 0 179
tree 6264 1928 86 0 179
tree 6280 1928 80 0 179
lay 6344 1928 60 0 179
tree 6216 1960 78 0 179
tree 6232 1960 86 0 179
fre 6244 1956 8 179 179
fre 6332 1980 194 179 179
fre 2652 2012 194 179 179
fre 2628 2004 194 179 179
fre 2764 2004 3 179 179
fre 6332 2028 194 179 179
fre 6492 2020 194 179 179
fre 2716 2068 194 179 179
fre 6468 2068 194 179 179
stand 1032 2088 161 0 179
stand 1224 2088 159 0 179
fre 2644 2100 317 179 179
fre 6404 2100 194 179 179
lay 2696 2136 59 0 179
fre 2692 2164 317 179 179
fre 2804 2156 194 179 179
fre 2844 2204 194 179 179
fre 2828 2180 194 179 179
fre 2460 2220 194 179 179
fre 2556 2236 3 179 179
fre 2452 2268 194 179 179
cliff 2800 2256 104 179 179
dom 2720 2272 346 0 179
tree 2824 2296 90 0 179
cliff 2816 2272 106 179 179
cliff 2832 2288 124 179 179
cliff 2864 2288 100 179 179
stand 1960 2328 407 0 179
tree 2680 2312 86 0 179
cliff 2880 2304 106 179 179
cliff 2896 2320 103 179 179
stand 2712 2360 285 0 179
fre 2692 2348 8 179 179
stand 2744 2360 284 0 179
stand 2792 2344 225 0 179
cliff 2912 2336 106 179 179
cliff 2928 2352 104 179 179
fre 4212 2340 61 179 179
fre 4252 2348 59 179 179
dom 4288 2336 367 0 179
fre 2492 2388 194 179 179
stand 2648 2376 684 0 179
dom 2880 2368 367 0 179
cliff 2944 2368 106 179 179
cliff 2960 2384 100 179 179
cliff 2976 2384 64 179 179
dom 4256 2368 367 0 179
dom 4288 2368 367 0 179
tree 2552 2424 77 0 179
tree 2568 2424 78 0 179
tree 2568 2408 86 0 179
tree 2584 2408 89 0 179
tree 2584 2424 78 0 179
stand 2648 2424 285 0 179
fre 2724 2420 8 179 179
dom 2880 2400 492 0 179
cliff 2960 2400 86 179 179
tree 4760 2408 80 0 179
tree 4776 2408 78 0 179
tree 4808 2424 79 0 179
tree 4824 2424 91 0 179
fre 2516 2452 194 179 179
tree 2952 2440 88 0 179
tree 4824 2440 88 0 179
tree 2968 2472 91 0 179
tree 4664 2488 76 0 179
tree 4712 2488 86 0 179
fre 4876 2476 8 179 179
fre 4956 2468 8 179 179
stand 1992 2504 158 0 179
lay 2792 2520 52 0 179
fre 2956 2500 8 179 179
fre 4300 2516 8 179 179
tree 4328 2520 87 0 179
tree 4488 2520 88 0 179
tree 4664 2520 90 0 179
tree 4680 2520 89 0 179
tree 4728 2504 87 0 179
tree 4712 2504 91 0 179
tree 4744 2504 76 0 179
fre 4836 2524 8 179 179
fre 4956 2516 8 179 179
fre 2692 2548 8 179 179
stand 2920 2536 285 0 179
tree 2936 2552 86 0 179
fre 4140 2548 8 179 179
tree 4328 2536 90 0 179
tree 4504 2536 76 0 179
tree 4536 2552 86 0 179
tree 4520 2552 86 0 179
tree 4520 2536 89 0 179
fre 4972 2548 8 179 179
fre 1316 2572 295 179 179
fre 2508 2572 8 179 179
fre 2804 2588 8 179 179
tree 2936 2568 88 0 179
cliff 2992 2560 104 179 179
cliff 2992 2576 87 179 179
tree 4312 2568 89 0 179
tree 4360 2584 76 0 179
tree 4520 2568 78 0 179
tree 4536 2568 87 0 179
tree 4760 2584 86 0 179
tree 4776 2584 86 0 179
fre 4860 2580 8 179 179
fre 4932 2564 8 179 179
fre 4980 2580 83 179 179
fre 4988 2572 8 179 179
fre 1332 2604 295 179 179
stand 2744 2616 285 0 179
fre 2780 2612 8 179 179
dom 2848 2592 483 0 179
stand 2904 2600 283 0 179
cliff 2992 2608 84 179 179
fre 4172 2620 8 179 179
tree 4312 2600 86 0 179
lay 1336 2648 108 0 179
most 1472 2624 53 0 179
lay 1624 2648 78 0 179
fre 2548 2644 8 179 179
stand 2888 2632 284 0 179
tree 2952 2632 78 0 179
tree 2968 2648 78 0 179
cliff 2992 2640 83 179 179
fre 4828 2644 8 179 179
tree 4984 2648 91 0 179
fre 1652 2676 194 179 179
tree 2872 2680 88 0 179
tree 2888 2680 91 0 179
tree 2968 2664 88 0 179
tree 2952 2664 76 0 179
tree 4328 2664 87 0 179
dom 4768 2656 4 0 179
fre 4860 2660 8 179 179
fre 4884 2660 8 179 179
lay 1400 2696 109 0 179
fre 1628 2700 194 179 179
fre 1684 2708 194 179 179
tree 2728 2696 80 0 179
tree 2728 2712 88 0 179
tree 2744 2712 87 0 179
stand 2776 2696 285 0 179
tree 2760 2712 88 0 179
cliff 2976 2704 72 179 179
cliff 3008 2688 77 179 179
tree 4344 2696 87 0 179
tree 4360 2696 87 0 179
fre 4932 2692 8 179 179
stand 1288 2728 384 0 179
lay 1400 2728 109 0 179
lay 1464 2744 109 0 179
fre 1636 2724 194 179 179
tree 2760 2728 76 0 179
tree 2776 2728 89 0 179
tree 2776 2744 76 0 179
tree 2792 2744 90 0 179
dom 2848 2720 344 0 179
cliff 2960 2736 80 179 179
tree 4360 2744 76 0 179
tree 4376 2744 76 0 179
fre 4364 2748 8 179 179
stand 4568 2728 389 0 179
tree 5032 2744 86 0 179
lay 1176 2776 108 0 179
lay 1192 2776 108 0 179
tree 1400 2776 90 0 179
tree 1384 2776 87 0 179
tree 1432 2776 80 0 179
lay 1496 2776 109 0 179
fre 1668 2764 194 179 179
cliff 2800 2768 89 179 179
cliff 2784 2768 94 179 179
cliff 2832 2768 126 179 179
cliff 2864 2768 126 179 179
cliff 2928 2752 72 179 179
tree 4936 2760 76 0 179
tree 4952 2760 87 0 179
tree 4968 2776 86 0 179
lay 1080 2808 108 0 179
lay 1128 2792 108 0 179
lay 1176 2808 108 0 179
lay 1160 2792 108 0 179
tree 1400 2792 77 0 179
tree 1432 2808 88 0 179
tree 1432 2792 80 0 179
tree 1416 2792 76 0 179
tree 1448 2808 86 0 179
lay 1512 2792 109 0 179
tree 1528 2808 91 0 179
tree 1544 2808 89 0 179
fre 1692 2788 194 179 179
cliff 2816 2784 56 179 179
cliff 2912 2784 80 179 179
fre 4364 2796 8 179 179
fre 6388 2812 45 179 179
lay 1048 2840 108 0 179
fre 1044 2844 1 179 179
lay 1112 2824 108 0 179
lay 1176 2840 108 0 179
lay 1192 2824 108 0 179
lay 1336 2840 78 0 179
tree 1496 2840 91 0 179
tree 1496 2824 88 0 179
tree 1528 2840 91 0 179
tree 1512 2840 77 0 179
fre 1676 2836 194 179 179
fre 1684 2820 194 179 179
stand 2760 2840 181 0 179
tree 4408 2840 77 0 179
tree 4824 2824 122 0 179
fre 6340 2828 46 179 179
lay 1032 2872 108 0 179
fre 1076 2860 1 179 179
fre 1324 2860 194 179 179
tree 1400 2872 80 0 179
tree 1528 2872 86 0 179
tree 1528 2856 87 0 179
tree 1544 2872 80 0 179
tree 1688 2872 79 0 179
tree 1720 2872 90 0 179
tree 1800 2856 91 0 179
tree 1848 2872 79 0 179
tree 1832 2872 87 0 179
tree 1880 2856 77 0 179
stand 2680 2872 298 0 179
stand 2664 2872 296 0 179
dom 2656 2848 68 0 179
stand 2888 2872 186 0 179
fre 2932 2876 8 179 179
tree 4424 2856 90 0 179
tree 4456 2872 89 0 179
stand 4488 2856 280 0 179
stand 4520 2856 281 0 179
stand 6328 2856 543 0 179
fre 1044 2884 1 179 179
lay 1112 2904 107 0 179
fre 1364 2884 194 179 179
fre 1364 2908 194 179 179
tree 1352 2904 88 0 179
tree 1368 2904 80 0 179
tree 1368 2888 80 0 179
dom 1504 2880 112 0 179
tree 1544 2888 86 0 179
tree 1656 2904 79 0 179
tree 1672 2904 90 0 179
tree 1688 2888 91 0 179
tree 1864 2904 90 0 179
tree 1864 2888 80 0 179
tree 1880 2904 79 0 179
fre 2588 2884 194 179 179
fre 2612 2908 194 179 179
stand 2648 2888 302 0 179
stand 2712 2888 292 0 179
stand 2824 2888 178 0 179
tree 4424 2904 86 0 179
dom 4544 2880 137 0 179
stand 4920 2904 388 0 179
tree 5112 2888 89 0 179
tree 5176 2904 79 0 179
tree 5192 2904 76 0 179
lay 6376 2888 105 0 179
lay 1144 2920 107 0 179
lay 1176 2920 107 0 179
lay 1160 2936 107 0 179
lay 1208 2936 107 0 179
fre 1372 2932 194 179 179
tree 1352 2920 77 0 179
tree 1816 2936 77 0 179
tree 1832 2936 76 0 179
tree 1832 2920 79 0 179
tree 1848 2936 87 0 179
tree 1880 2936 88 0 179
tree 1880 2920 79 0 179
tree 1864 2936 76 0 179
tree 1896 2920 88 0 179
stand 2856 2936 184 0 179
stand 2888 2920 172 0 179
tree 4440 2936 89 0 179
tree 5176 2936 76 0 179
tree 5160 2936 80 0 179
tree 5192 2920 79 0 179
tree 5192 2936 88 0 179
lay 6328 2936 105 0 179
lay 6424 2920 105 0 179
tree 6568 2936 77 0 179
lay 1192 2952 107 0 179
dom 1568 2944 367 0 179
stand 1656 2952 72 0 179
tree 1800 2952 79 0 179
tree 1816 2968 90 0 179
tree 1848 2952 91 0 179
tree 1832 2952 76 0 179
tree 1864 2952 76 0 179
tree 1880 2968 88 0 179
tree 1896 2968 89 0 179
stand 2920 2952 185 0 179
fre 3020 2956 3 179 179
tree 5160 2952 88 0 179
stand 5192 2952 282 0 179
lay 6328 2968 105 0 179
dom 6528 2944 120 1 179
stand 1096 3000 385 0 179
lay 1256 3000 108 0 179
fre 1388 2996 194 179 179
tree 1432 3000 90 0 179
fre 1468 2996 194 179 179
tree 1464 2984 90 0 179
tree 1448 2984 86 0 179
tree 1832 2984 77 0 179
tree 1848 2984 87 0 179
tree 1880 2984 91 0 179
tree 1912 2984 87 0 179
fre 2628 3004 394 179 179
fre 2892 3004 8 179 179
lay 6296 2984 105 0 179
fre 6596 2980 194 179 179
fre 6612 2980 106 179 179
fre 6644 2996 194 179 179
fre 6708 2988 114 179 179
dom 6688 2976 367 0 179
stand 1048 3016 378 0 179
stand 1080 3016 385 0 179
stand 1160 3016 386 0 179
fre 1236 3028 295 179 179
lay 1288 3016 108 0 179
lay 1288 3032 107 0 179
fre 1436 3036 194 179 179
tree 1432 3016 77 0 179
tree 1448 3016 91 0 179
tree 1464 3016 80 0 179
tree 1480 3016 76 0 179
tree 1688 3032 90 0 179
tree 1688 3016 76 0 179
tree 1672 3016 79 0 179
tree 1672 3032 88 0 179
tree 4632 3032 89 0 179
tree 5208 3032 90 0 179
fre 5220 3028 8 179 179
lay 6312 3016 105 0 179
fre 6700 3020 194 179 179
stand 1112 3048 383 0 179
stand 1224 3048 385 0 179
stand 1256 3064 411 1 179
tree 1496 3048 86 0 179
tree 1512 3048 87 0 179
fre 1564 3068 194 179 179
tree 1688 3048 87 0 179
tree 1704 3048 90 0 179
dom 1760 3040 4 0 179
fre 2996 3060 8 179 179
tree 4600 3048 91 0 179
tree 4616 3064 89 0 179
fre 4628 3060 8 179 179
tree 4648 3064 77 0 179
tree 5208 3048 90 0 179
fre 6548 3052 194 179 179
fre 6564 3060 194 179 179
fre 6764 3060 194 179 179
stand 6776 3064 591 0 179
stand 1176 3080 384 0 179
fre 1316 3076 295 179 179
lay 1320 3080 108 0 179
tree 1432 3080 88 0 179
tree 1448 3096 76 0 179
tree 1448 3080 89 0 179
fre 1516 3084 194 179 179
dom 1888 3072 367 0 179
tree 3000 3096 90 0 179
tree 2984 3096 87 0 179
tree 2984 3080 90 0 179
fre 6212 3084 127 179 179
tree 6264 3080 87 0 179
fre 6476 3084 194 179 179
fre 7020 3100 326 179 179
lay 1336 3112 108 0 179
tree 1448 3112 87 0 179
tree 1448 3128 91 0 179
tree 1464 3112 88 0 179
fre 1548 3124 194 179 179
tree 1976 3128 86 0 179
tree 1992 3128 76 0 179
stand 2728 3128 299 0 179
stand 2952 3128 386 0 179
tree 3000 3112 76 0 179
tree 3016 3128 89 0 179
tree 5096 3128 79 0 179
tree 5112 3112 76 0 179
tree 5128 3112 89 0 179
tree 5144 3112 87 0 179
tree 5160 3112 78 0 179
tree 5160 3128 90 0 179
tree 5176 3128 90 0 179
tree 5240 3128 80 0 179
tree 5224 3128 87 0 179
stand 5240 3112 281 0 179
fre 5252 3124 8 179 179
fre 6284 3108 105 179 179
tree 6488 3128 90 0 179
tree 6472 3128 77 0 179
tree 6520 3112 90 0 179
tree 6536 3112 79 0 179
tree 6584 3128 77 0 179
fre 6716 3116 8 179 179
fre 6844 3108 194 179 179
fre 7084 3116 326 179 179
fre 1292 3156 326 179 179
tree 1448 3144 91 0 179
tree 1464 3160 78 0 179
stand 1512 3160 283 0 179
fre 1628 3140 194 179 179
stand 2776 3160 302 0 179
stand 2760 3144 299 0 179
stand 3032 3160 284 0 179
tree 5096 3144 79 0 179
stand 5112 3160 283 0 179
tree 5144 3160 88 0 179
tree 5176 3160 78 0 179
tree 5160 3160 91 0 179
lay 6280 3160 67 0 179
fre 6484 3156 194 179 179
tree 6584 3144 123 0 179
tree 6616 3144 91 0 179
tree 6632 3144 90 0 179
tree 6680 3160 76 0 179
tree 6712 3160 79 0 179
tree 6696 3160 89 0 179
dom 6848 3136 66 0 179
fre 1252 3180 325 179 179
fre 1324 3188 326 179 179
tree 1448 3176 76 0 179
tree 1448 3192 88 0 179
tree 1464 3176 88 0 179
tree 1496 3192 77 0 179
tree 1752 3192 79 0 179
stand 2760 3176 298 0 179
stand 2776 3176 298 0 179
fre 2876 3180 8 179 179
fre 2932 3196 8 179 179
tree 3016 3192 86 0 179
tree 3032 3176 79 0 179
stand 3048 3192 283 0 179
dom 5056 3168 367 0 179
tree 5144 3176 86 0 179
tree 5128 3176 78 0 179
fre 5172 3180 8 179 179
dom 6336 3168 99 0 179
tree 6488 3192 89 0 179
tree 6488 3176 77 0 179
tree 6504 3192 65 0 179
tree 6520 3192 123 0 179
tree 6712 3176 76 0 179
tree 6744 3192 89 0 179
tree 6728 3192 77 0 179
tree 6728 3176 80 0 179
fre 6804 3196 8 179 179
lay 7080 3192 77 0 179
fre 1332 3228 325 179 179
tree 1464 3208 77 0 179
tree 1464 3224 86 0 179
fre 1460 3212 8 179 179
tree 1496 3208 76 0 179
tree 1512 3208 77 0 179
tree 1720 3208 76 0 179
tree 1736 3224 78 0 179
tree 1752 3224 91 0 179
tree 1960 3224 88 0 179
tree 1960 3208 87 0 179
dom 2720 3200 65 0 179
stand 3032 3224 282 0 179
tree 3016 3224 80 0 179
tree 3016 3208 91 0 179
fre 6228 3204 102 179 179
fre 6284 3212 194 179 179
tree 6488 3224 87 0 179
tree 6488 3208 76 0 179
tree 6504 3208 93 0 179
dom 6560 3200 4 0 179
lay 6680 3224 106 0 179
dom 6656 3200 358 0 179
fre 6700 3228 8 179 179
tree 6744 3208 87 0 179
tree 6760 3224 86 0 179
fre 6764 3228 76 179 179
fre 6828 3204 194 179 179
dom 6944 3200 6 0 179
dom 1696 3232 6 0 179
tree 1736 3240 80 0 179
tree 1752 3240 79 0 179
tree 1768 3240 79 0 179
tree 1848 3256 86 0 179
tree 1976 3256 78 0 179
tree 1960 3256 80 0 179
fre 1972 3244 8 179 179
tree 3032 3240 78 0 179
tree 3016 3240 88 0 179
fre 3044 3260 8 179 179
lay 5384 3240 78 0 179
fre 6340 3252 317 179 179
fre 6444 3252 194 179 179
fre 6484 3252 194 179 179
tree 6488 3240 90 0 179
fre 6676 3244 8 179 179
fre 6748 3260 194 179 179
tree 1848 3272 88 0 179
dom 1920 3264 5 0 179
tree 1976 3272 80 0 179
fre 6308 3292 194 179 179
tree 6472 3272 87 0 179
tree 6504 3288 77 0 179
tree 6520 3288 80 0 179
lay 6616 3272 58 0 179
stand 6792 3272 698 0 179
fre 1212 3324 69 179 179
tree 1848 3304 87 0 179
tree 1848 3320 91 0 179
tree 1864 3320 76 0 179
fre 2764 3300 8 179 179
lay 2840 3304 59 0 179
fre 3116 3324 194 179 179
fre 3180 3308 194 179 179
tree 6456 3320 76 0 179
tree 6504 3320 77 0 179
tree 6504 3304 87 0 179
lay 6632 3304 58 0 179
fre 7004 3324 209 179 179
fre 2916 3332 3 179 179
lay 3192 3352 59 0 179
fre 3220 3356 194 179 179
tree 6232 3336 77 0 179
fre 6236 3340 80 179 179
fre 6444 3356 194 179 179
fre 6444 3348 8 179 179
tree 6520 3352 89 0 179
tree 6504 3336 78 0 179
lay 6648 3352 58 0 179
dom 6944 3328 101 0 179
lay 7032 3352 50 0 179
dom 1728 3360 4 0 179
fre 2796 3364 8 179 179
dom 3072 3360 367 0 179
fre 3092 3380 194 179 179
tree 6520 3384 86 0 179
tree 6520 3368 124 0 179
lay 6664 3384 58 0 179
lay 6664 3368 52 0 179
fre 6812 3372 194 179 179
tree 7064 3384 89 0 179
tree 1624 3400 88 0 179
tree 1608 3400 91 0 179
tree 1832 3416 91 0 179
tree 1944 3416 88 0 179
tree 2056 3400 90 0 179
tree 2072 3400 88 0 179
tree 2088 3400 76 0 179
tree 2088 3416 78 0 179
tree 2104 3416 87 0 179
tree 3064 3416 76 0 179
fre 3124 3420 8 179 179
fre 3188 3396 194 179 179
tree 6248 3400 65 0 179
lay 6424 3416 60 0 179
tree 6456 3416 91 0 179
tree 6456 3400 80 0 179
tree 6488 3416 78 0 179
tree 6472 3416 91 0 179
tree 6504 3416 77 0 179
tree 6520 3400 87 0 179
tree 6536 3400 91 0 179
lay 6712 3400 58 0 179
fre 6812 3420 8 179 179
tree 6824 3416 89 0 179
tree 6824 3400 78 0 179
fre 6828 3420 76 179 179
fre 6836 3404 75 179 179
fre 6852 3404 194 179 179
tree 1624 3432 88 0 179
tree 1624 3448 76 0 179
tree 1656 3448 78 0 179
tree 1784 3448 88 0 179
tree 1768 3448 88 0 179
tree 1816 3448 90 0 179
tree 1832 3432 80 0 179
tree 1832 3448 89 0 179
tree 1944 3448 76 0 179
tree 1960 3448 91 0 179
tree 2008 3432 77 0 179
tree 1992 3448 86 0 179
tree 1992 3432 89 0 179
stand 2104 3448 395 0 179
fre 2844 3452 8 179 179
tree 3048 3448 78 0 179
tree 3064 3448 89 0 179
tree 3064 3432 78 0 179
tree 3080 3432 86 0 179
tree 5976 3448 87 0 179
lay 6264 3448 107 0 179
tree 6264 3432 89 0 179
tree 6296 3448 122 0 179
fre 6492 3444 8 179 179
tree 6520 3448 124 0 179
fre 6812 3428 194 179 179
fre 6852 3436 194 179 179
tree 6936 3448 79 0 179
fre 6948 3428 275 179 179
tree 1592 3464 91 0 179
tree 1624 3464 78 0 179
tree 1624 3480 90 0 179
tree 1608 3480 78 0 179
fre 1628 3484 8 179 179
tree 1640 3480 78 0 179
tree 1656 3480 88 0 179
tree 1672 3480 79 0 179
tree 1672 3464 77 0 179
tree 1784 3464 91 0 179
tree 1800 3480 80 0 179
tree 1816 3464 86 0 179
stand 1928 3480 243 0 179
tree 1944 3464 87 0 179
tree 1992 3464 86 0 179
fre 3092 3468 194 179 179
stand 3080 3480 308 0 179
stand 3096 3464 307 0 179
tree 5976 3464 87 0 179
tree 5960 3464 80 0 179
lay 5976 3464 13 0 179
tree 5992 3464 122 0 179
tree 6328 3464 122 0 179
fre 6420 3476 194 179 179
fre 6932 3484 275 179 179
fre 6948 3460 276 179 179
lay 7000 3464 109 0 179
fre 6996 3468 275 179 179
fre 6988 3468 294 179 179
tree 6984 3464 79 0 179
tree 1624 3496 77 0 179
stand 1656 3512 283 0 179
tree 1864 3496 87 0 179
stand 1864 3512 281 0 179
tree 1896 3496 89 0 179
tree 2024 3496 91 0 179
fre 2964 3500 3 179 179
tree 6552 3512 91 0 179
lay 6584 3496 106 0 179
lay 6728 3496 58 0 179
fre 6852 3500 194 179 179
fre 7028 3492 292 179 179
stand 2216 3544 282 0 179
tree 6328 3528 91 0 179
fre 6332 3532 76 179 179
fre 6444 3540 194 179 179
lay 6504 3544 60 0 179
tree 6552 3528 77 0 179
stand 6632 3544 520 0 179
stand 6680 3544 638 0 179
tree 6824 3544 91 0 179
lay 6968 3544 108 0 179
fre 6964 3532 0 179 179
fre 1484 3580 71 179 179
tree 2184 3560 91 0 179
tree 2200 3560 76 0 179
tree 2184 3576 79 0 179
tree 2200 3576 80 0 179
stand 3896 3576 795 0 179
dom 6784 3552 5 0 179
fre 6844 3572 194 179 179
fre 6828 3556 8 179 179
tree 1816 3608 87 0 179
tree 1800 3608 77 0 179
tree 1832 3608 87 0 179
fre 3012 3612 194 179 179
tree 6648 3592 80 0 179
fre 6844 3588 8 179 179
fre 1156 3636 79 179 179
tree 1768 3624 78 0 179
tree 1816 3624 88 0 179
tree 1832 3640 91 0 179
fre 3020 3628 194 179 179
fre 3084 3628 194 179 179
fre 3108 3620 194 179 179
fre 6500 3620 194 179 179
tree 6616 3624 78 0 179
tree 6616 3640 91 0 179
fre 6628 3628 194 179 179
tree 6680 3624 78 0 179
tree 6680 3640 90 0 179
tree 6696 3640 91 0 179
zabor 6992 3632 105 2 8
stand 1752 3672 391 0 179
tree 1832 3656 90 0 179
lay 6408 3672 21 0 179
tree 6616 3656 77 0 179
tree 6632 3656 78 0 179
tree 6648 3672 80 0 179
fre 6628 3652 8 179 179
fre 6676 3676 194 179 179
tree 6664 3672 86 0 179
tree 6664 3656 77 0 179
tree 6680 3656 79 0 179
tree 6712 3672 123 0 179
dom 6784 3648 106 0 179
fre 6828 3668 194 179 179
stand 6984 3656 537 0 179
zabor 6992 3664 105 2 8
tree 1768 3688 88 0 179
stand 1864 3688 283 0 179
dom 6528 3680 344 0 179
fre 1460 3716 69 179 179
fre 2220 3724 194 179 179
fre 2276 3732 194 179 179
lay 3144 3720 78 0 179
tree 6440 3720 88 0 179
fre 6452 3732 76 179 179
tree 1736 3768 89 0 179
tree 1752 3768 88 0 179
tree 2024 3768 89 0 179
tree 2040 3768 89 0 179
stand 2072 3752 394 0 179
stand 2200 3768 281 0 179
fre 2980 3764 8 179 179
lay 6888 3752 87 0 179
stand 6984 3752 536 0 179
tree 2008 3784 77 0 179
tree 2024 3784 87 0 179
fre 3940 3780 26 179 179
dom 6688 3776 367 0 179
tree 1944 3832 91 0 179
tree 1960 3832 78 0 179
fre 2252 3828 194 179 179
dom 6400 3808 367 0 179
lay 6584 3832 108 0 179
fre 6564 3828 0 179 179
stand 1160 3864 396 0 179
stand 1368 3864 407 0 179
tree 1912 3864 86 0 179
fre 1892 3860 8 179 179
fre 1924 3860 194 179 179
tree 1928 3848 80 0 179
tree 1928 3864 76 0 179
tree 1944 3864 91 0 179
tree 6392 3864 90 0 179
fre 6396 3868 76 179 179
lay 6520 3848 108 0 179
fre 1980 3900 194 179 179
stand 1976 3880 283 0 179
fre 2228 3900 194 179 179
fre 1908 3916 8 179 179
fre 2012 3932 194 179 179
fre 2188 3924 194 179 179
tree 6632 3912 76 0 179
stand 7128 3912 158 0 179
fre 2164 3940 194 179 179
fre 1948 3996 8 179 179
fre 2012 3988 194 179 179
stand 3848 3976 539 0 179
fre 1980 4012 8 179 179
fre 2340 4044 194 179 179
stand 4024 4056 792 0 179
tree 6280 4072 79 0 179
stand 3848 4104 538 0 179
tree 4824 4120 76 0 179
tree 4840 4120 79 0 179
tree 5016 4104 76 0 179
tree 5016 4120 77 0 179
lay 6312 4104 12 0 179
stand 7144 4120 158 0 179
fre 3836 4132 474 179 179
tree 4952 4136 86 0 179
tree 4936 4136 89 0 179
tree 4968 4136 88 0 179
tree 4824 4184 88 0 179
tree 4808 4184 88 0 179
fre 3724 4220 475 179 179
tree 4712 4216 76 0 179
tree 4808 4200 86 0 179
tree 4680 4232 87 0 179
tree 4712 4248 79 0 179
tree 4712 4232 78 0 179
lay 5016 4232 60 0 179
tree 2472 4280 89 0 179
tree 4968 4264 86 0 179
dom 5088 4256 367 0 179
tree 2024 4312 76 0 179
tree 2024 4296 86 0 179
tree 2104 4296 77 0 179
stand 2120 4312 284 0 179
lay 2456 4296 42 0 179
lay 2472 4296 42 0 179
lay 2488 4296 42 0 179
tree 2472 4312 80 0 179
tree 2488 4296 76 0 179
lay 2504 4296 42 0 179
lay 2504 4312 39 0 179
tree 2504 4296 79 0 179
tree 4920 4296 88 0 179
tree 4936 4296 86 0 179
tree 4984 4312 79 0 179
tree 4968 4312 76 0 179
tree 4968 4296 80 0 179
tree 2024 4344 86 0 179
tree 2040 4344 76 0 179
lay 2104 4328 78 0 179
lay 2520 4344 78 0 179
tree 4808 4344 80 0 179
stand 2040 4360 293 0 179
tree 2072 4376 78 0 179
tree 2104 4376 87 0 179
stand 2120 4376 283 0 179
tree 2488 4376 88 0 179
tree 2472 4360 87 0 179
tree 2488 4360 90 0 179
tree 2472 4376 77 0 179
tree 2504 4360 86 0 179
tree 4648 4376 90 0 179
tree 4744 4376 89 0 179
tree 4744 4360 90 0 179
dom 4864 4352 486 0 179
tree 5096 4376 88 0 179
tree 2472 4392 91 0 179
tree 4664 4392 88 0 179
fre 3724 4436 475 179 179
fre 3748 4428 474 179 179
tree 4712 4424 89 0 179
tree 4728 4424 78 0 179
stand 5112 4440 285 0 179
fre 5180 4420 8 179 179
fre 3828 4452 475 179 179
lay 5048 4456 77 0 179
stand 5128 4472 285 0 179
stand 6792 4472 396 0 179
cliff 4688 4496 48 179 179
cliff 4704 4480 112 179 179
tree 4776 4504 77 0 179
tree 4776 4488 76 0 179
tree 4792 4488 77 0 179
tree 4792 4504 76 0 179
fre 4980 4500 53 179 179
lay 5000 4488 60 0 179
cliff 4688 4528 53 179 179
tree 4792 4520 76 0 179
tree 4776 4520 79 0 179
tree 4776 4536 76 0 179
lay 4984 4520 60 0 179
stand 5032 4520 308 0 179
stand 5080 4536 281 0 179
stand 5112 4536 287 0 179
tree 5336 4520 91 0 179
tree 5336 4536 88 0 179
tree 5320 4536 76 0 179
stand 3800 4568 543 0 179
cliff 4688 4560 47 179 179
tree 4776 4552 87 0 179
dom 4928 4544 4 0 179
stand 5192 4568 384 0 179
tree 5240 4568 77 0 179
tree 5256 4568 87 0 179
cliff 4688 4592 47 179 179
lay 5048 4584 60 0 179
stand 5080 4584 308 0 179
lay 5112 4600 60 0 179
tree 5272 4600 88 0 179
fre 6132 4596 325 179 179
fre 6180 4604 326 179 179
fre 3708 4628 473 179 179
stand 3816 4632 542 0 179
dom 4640 4608 409 0 179
cliff 4688 4624 47 179 179
fre 5092 4628 296 179 179
lay 5176 4616 73 0 179
tree 5352 4632 91 0 179
tree 5352 4616 91 0 179
stand 5992 4632 375 0 179
fre 4004 4652 474 179 179
cliff 4688 4656 46 179 179
lay 4776 4664 78 0 179
tree 4840 4648 87 0 179
tree 4856 4648 78 0 179
tree 4872 4664 79 0 179
lay 4920 4648 76 0 179
stand 5048 4664 281 0 179
tree 5352 4664 80 0 179
tree 5352 4648 76 0 179
tree 5560 4664 89 0 179
tree 5576 4664 76 0 179
tree 5592 4664 77 0 179
tree 5608 4664 87 0 179
fre 6220 4660 1 179 179
fre 6276 4660 1 179 179
lay 6312 4664 108 0 179
stand 6824 4664 407 0 179
fre 3908 4700 475 179 179
cliff 4688 4688 47 179 179
tree 4856 4680 76 0 179
fre 4844 4684 8 179 179
stand 5032 4680 283 0 179
tree 5192 4696 86 0 179
stand 5224 4696 302 0 179
tree 5560 4680 76 0 179
tree 5544 4680 77 0 179
lay 6088 4680 19 0 179
fre 6348 4684 1 179 179
cliff 4688 4720 46 179 179
tree 4920 4728 78 0 179
stand 5000 4712 283 0 179
stand 5208 4728 380 0 179
tree 5192 4712 79 0 179
lay 5384 4728 60 0 179
tree 5656 4728 80 0 179
fre 6148 4716 7 179 179
fre 6212 4708 7 179 179
fre 6284 4708 7 179 179
cliff 4688 4752 19 179 179
tree 4920 4744 80 0 179
tree 4952 4760 91 0 179
tree 4936 4744 78 0 179
tree 4984 4760 87 0 179
lay 5384 4760 60 0 179
tree 5624 4760 80 0 179
tree 5864 4760 90 0 179
fre 3836 4780 475 179 179
cliff 4704 4768 27 179 179
cliff 4720 4784 48 179 179
tree 4952 4776 77 0 179
tree 4984 4776 86 0 179
tree 4968 4776 86 0 179
tree 5016 4792 86 0 179
tree 5016 4776 91 0 179
tree 5032 4792 88 0 179
tree 5192 4776 88 0 179
tree 5208 4792 77 0 179
stand 5240 4792 302 0 179
tree 5640 4792 86 0 179
tree 5848 4792 79 0 179
tree 5848 4776 86 0 179
tree 5864 4792 90 0 179
tree 5864 4776 86 0 179
tree 5880 4776 79 0 179
cliff 4720 4816 20 179 179
stand 5016 4808 283 0 179
tree 5016 4824 79 0 179
tree 5000 4808 90 0 179
tree 5048 4808 89 0 179
fre 5132 4828 326 179 179
tree 5208 4808 88 0 179
tree 5464 4808 78 0 179
tree 5464 4824 76 0 179
tree 5592 4808 79 0 179
tree 5624 4824 76 0 179
tree 5624 4808 86 0 179
tree 5608 4808 80 0 179
tree 5656 4824 93 0 179
tree 5640 4808 89 0 179
tree 5864 4824 77 0 179
tree 5864 4808 90 0 179
tree 5880 4824 91 0 179
tree 5912 4824 79 0 179
tree 5896 4824 77 0 179
tree 5928 4824 91 0 179
dom 6080 4800 195 0 179
cliff 4736 4832 25 179 179
cliff 4752 4832 6 179 179
dom 4832 4832 314 0 179
lay 4936 4840 60 0 179
stand 5032 4840 285 0 179
fre 5028 4836 8 179 179
stand 5080 4840 283 0 179
stand 5208 4856 386 0 179
tree 5256 4840 79 0 179
tree 5272 4856 76 0 179
tree 5432 4856 86 0 179
tree 6024 4856 78 0 179
tree 6152 4856 77 0 179
tree 6152 4840 77 0 179
stand 3832 4888 541 0 179
stand 5176 4872 284 0 179
tree 5288 4872 80 0 179
tree 5432 4872 86 0 179
tree 5528 4888 87 0 179
stand 5544 4888 281 0 179
tree 5544 4888 89 0 179
tree 5608 4888 79 0 179
tree 5896 4872 88 0 179
tree 5960 4872 79 0 179
tree 5960 4888 87 0 179
tree 6040 4872 91 0 179
lay 6264 4872 60 0 179
tree 4984 4904 91 0 179
tree 5000 4920 89 0 179
fre 5140 4900 8 179 179
tree 5544 4904 78 0 179
stand 5576 4920 290 0 179
tree 5864 4920 89 0 179
tree 5880 4920 90 0 179
tree 5864 4904 89 0 179
tree 5944 4904 90 0 179
tree 5960 4904 86 0 179
tree 6088 4904 90 0 179
tree 6104 4904 91 0 179
tree 6200 4904 88 0 179
tree 4824 4952 89 0 179
tree 4808 4952 89 0 179
tree 4808 4936 76 0 179
tree 4856 4936 76 0 179
tree 4840 4936 89 0 179
tree 4840 4952 91 0 179
lay 5272 4952 60 0 179
lay 5720 4936 61 0 179
tree 5848 4936 86 0 179
tree 5864 4936 87 0 179
tree 5864 4952 90 0 179
tree 6024 4952 91 0 179
lay 6312 4952 60 0 179
lay 6376 4952 60 0 179
stand 3832 4984 540 1 179
tree 4888 4984 77 0 179
tree 4888 4968 80 0 179
tree 5448 4984 77 0 179
tree 5464 4984 79 0 179
stand 5480 4968 299 0 179
tree 5528 4984 88 0 179
tree 5864 4968 76 0 179
tree 5896 4984 91 0 179
stand 6040 4984 299 0 179
tree 6024 4968 87 0 179
tree 6040 4968 86 0 179
tree 6136 4984 77 0 179
tree 6136 4968 79 0 179
tree 5464 5000 90 0 179
stand 5496 5016 301 0 179
tree 5480 5000 76 0 179
tree 5912 5000 80 0 179
tree 5944 5016 77 0 179
tree 5928 5000 77 0 179
dom 6080 4992 142 0 179
tree 6184 5016 77 0 179
tree 6216 5016 78 0 179
tree 6296 5016 77 0 179
tree 6296 5000 90 0 179
tree 6280 5000 86 0 179
tree 4984 5048 79 0 179
tree 4984 5032 76 0 179
tree 5000 5032 88 0 179
tree 5000 5048 80 0 179
tree 5080 5048 91 0 179
tree 5080 5032 88 0 179
tree 5112 5048 78 0 179
tree 5128 5032 91 0 179
tree 5128 5048 76 0 179
lay 5752 5032 105 0 179
tree 5944 5048 87 0 179
tree 5944 5032 77 0 179
tree 5960 5032 80 0 179
tree 6184 5032 87 0 179
tree 6200 5048 93 0 179
tree 6232 5032 92 0 179
tree 6216 5032 65 0 179
tree 6216 5048 65 0 179
lay 5880 5064 107 0 179
tree 5896 5080 91 0 179
tree 5944 5080 91 0 179
tree 5928 5080 79 0 179
tree 5960 5064 89 0 179
tree 5976 5080 90 0 179
tree 6200 5064 123 0 179
tree 6248 5080 87 0 179
tree 6328 5080 122 0 179
tree 6312 5064 92 0 179
tree 6344 5080 88 0 179
lay 5832 5112 107 0 179
lay 5864 5096 107 0 179
lay 5880 5096 107 0 179
tree 5896 5112 87 0 179
tree 5912 5112 79 0 179
tree 5928 5112 90 0 179
tree 5944 5112 79 0 179
tree 5944 5096 88 0 179
tree 5960 5096 122 0 179
tree 5976 5096 76 0 179
tree 5992 5112 91 0 179
stand 6248 5096 308 0 179
tree 6248 5096 78 0 179
tree 6248 5112 80 0 179
tree 6296 5096 123 0 179
tree 6392 5112 77 0 179
stand 5720 5128 318 0 179
lay 5864 5128 107 0 179
tree 5880 5128 88 0 179
tree 5912 5144 91 0 179
tree 5928 5144 79 0 179
tree 5944 5144 88 0 179
tree 5944 5128 78 0 179
tree 5960 5128 77 0 179
tree 5960 5144 89 0 179
tree 5976 5144 76 0 179
stand 6008 5144 814 0 179
stand 6040 5128 501 0 179
tree 6136 5144 90 0 179
tree 6152 5144 86 0 179
tree 6376 5128 91 0 179
tree 6392 5128 87 0 179
fre 5764 5164 2 179 179
fre 5820 5172 0 179 179
fre 5852 5164 1 179 179
lay 5848 5176 107 0 179
tree 5912 5176 76 0 179
tree 5912 5160 90 0 179
tree 6136 5160 87 0 179
fre 6468 5172 8 179 179
fre 5932 5204 194 179 179
stand 6232 5192 249 0 179
stand 6264 5208 250 0 179
fre 5724 5244 1 179 179
fre 5804 5236 1 179 179
fre 5828 5236 0 179 179
fre 5940 5220 419 179 179
dom 5952 5216 141 0 179
stand 6184 5240 308 0 179
tree 6184 5224 122 0 179
stand 6232 5224 247 0 179
stand 6280 5224 246 0 179
dom 6336 5216 104 0 179
fre 6348 5236 8 179 179
fre 6500 5228 8 179 179
fre 6092 5260 92 179 179
tree 6200 5256 78 0 179
tree 6216 5256 86 0 179
tree 6216 5272 89 0 179
tree 6344 5272 91 0 179
stand 6456 5272 7 0 179
dom 6464 5248 143 0 179
tree 6504 5272 86 0 179
tree 6504 5256 76 0 179
tree 3560 5288 79 0 179
tree 3560 5304 89 0 179
tree 3592 5304 92 0 179
fre 5740 5284 0 179 179
tree 5944 5288 90 0 179
tree 5960 5288 86 0 179
tree 6136 5288 88 0 179
tree 6152 5304 86 0 179
tree 6168 5288 78 0 179
tree 6168 5304 124 0 179
tree 6200 5288 92 0 179
tree 6184 5304 92 0 179
tree 6328 5288 79 0 179
tree 6360 5304 91 0 179
tree 6344 5304 76 0 179
tree 6344 5288 90 0 179
tree 6504 5288 76 0 179
fre 6580 5284 194 179 179
fre 3204 5324 146 179 179
fre 3420 5332 147 179 179
tree 3560 5320 76 0 179
tree 3560 5336 89 0 179
fre 5820 5332 1 179 179
tree 5944 5320 86 0 179
tree 6040 5336 90 0 179
tree 6056 5336 79 0 179
tree 6168 5336 86 0 179
tree 6152 5320 79 0 179
stand 6184 5336 308 0 179
stand 6216 5336 257 0 179
stand 6232 5320 258 0 179
stand 6248 5336 259 0 179
fre 6556 5316 8 179 179
tree 3544 5352 76 0 179
tree 3608 5352 123 0 179
tree 3624 5352 93 0 179
tree 3624 5368 122 0 179
fre 5796 5356 2 179 179
tree 5960 5352 90 0 179
tree 6008 5352 90 0 179
tree 6056 5352 79 0 179
fre 6332 5356 8 179 179
tree 3480 5400 76 0 179
tree 3464 5400 87 0 179
tree 3608 5400 89 0 179
tree 3608 5384 91 0 179
tree 3624 5384 123 0 179
tree 5960 5384 86 0 179
tree 6008 5400 124 0 179
tree 5992 5400 124 0 179
dom 6176 5376 106 0 179
fre 6188 5388 8 179 179
fre 6196 5380 8 179 179
dom 6336 5376 5 0 179
lay 6664 5384 78 0 179
tree 3288 5432 76 0 179
tree 3464 5416 77 0 179
tree 3528 5432 65 0 179
tree 3592 5416 93 0 179
tree 3592 5432 65 0 179
tree 3608 5432 76 0 179
tree 3608 5416 88 0 179
fre 5708 5436 65 179 179
fre 5804 5436 97 179 179
fre 5940 5428 194 179 179
fre 6220 5412 8 179 179
tree 6568 5432 123 0 179
tree 6584 5432 90 0 179
tree 3288 5448 86 0 179
tree 3400 5464 123 0 179
tree 3432 5448 76 0 179
tree 3432 5464 86 0 179
tree 3480 5448 79 0 179
tree 3496 5448 87 0 179
tree 3528 5448 123 0 179
tree 5240 5464 90 0 179
tree 6072 5464 124 0 179
tree 6088 5464 65 0 179
tree 6568 5464 79 0 179
tree 6600 5464 78 0 179
tree 3256 5480 92 0 179
tree 3256 5496 89 0 179
tree 3272 5496 124 0 179
tree 3272 5480 122 0 179
tree 3320 5480 91 0 179
tree 3384 5480 124 0 179
tree 3400 5480 65 0 179
tree 3496 5496 122 0 179
tree 5080 5496 77 0 179
tree 5256 5496 91 0 179
tree 6120 5480 123 0 179
tree 6536 5480 77 0 179
tree 6568 5480 80 0 179
tree 3272 5528 93 0 179
tree 3272 5512 124 0 179
tree 3464 5528 124 0 179
tree 3480 5528 65 0 179
tree 3496 5512 65 0 179
tree 5064 5512 78 0 179
fre 5860 5508 80 179 179
tree 6296 5528 78 0 179
tree 6280 5528 87 0 179
stand 6360 5528 276 0 179
tree 6520 5512 80 0 179
tree 6536 5528 122 0 179
tree 6584 5528 92 0 179
tree 6600 5528 89 0 179
tree 3272 5544 123 0 179
tree 3304 5560 92 0 179
stand 3416 5560 544 0 179
tree 3464 5544 123 0 179
tree 5160 5544 87 0 179
tree 6232 5544 91 0 179
tree 6248 5560 92 0 179
tree 6264 5544 79 0 179
tree 6264 5560 79 0 179
tree 6296 5544 91 0 179
tree 6280 5544 86 0 179
stand 6312 5544 308 0 179
tree 6312 5544 87 0 179
tree 6360 5560 77 0 179
tree 6536 5560 89 0 179
stand 5048 5592 383 0 179
tree 5096 5592 90 0 179
tree 5096 5576 87 0 179
stand 5192 5576 394 0 179
tree 6232 5576 93 0 179
tree 6264 5576 87 0 179
tree 6280 5576 88 0 179
tree 6280 5592 77 0 179
stand 6360 5592 308 0 179
fre 6388 5588 194 179 179
tree 6488 5592 88 0 179
tree 6488 5576 88 0 179
tree 6504 5592 79 0 179
tree 6536 5576 86 0 179
tree 6568 5592 89 0 179
stand 5032 5624 382 0 179
tree 5080 5608 79 0 179
tree 5096 5608 91 0 179
tree 5112 5608 90 0 179
stand 5096 5624 391 0 179
fre 5908 5628 81 179 179
fre 6380 5604 8 179 179
tree 6504 5608 90 0 179
tree 6504 5624 86 0 179
tree 6552 5624 90 0 179
tree 6552 5608 76 0 179
fre 6556 5612 8 179 179
tree 6568 5608 87 0 179
tree 5048 5656 89 0 179
tree 5080 5656 86 0 179
tree 5096 5640 78 0 179
fre 5972 5660 99 179 179
fre 6300 5652 194 179 179
fre 1492 5676 6 179 179
stand 5032 5672 377 0 179
fre 5908 5676 79 179 179
dom 6368 5664 193 0 179
lay 6472 5672 60 0 179
tree 4104 5720 124 0 179
tree 4152 5720 79 0 179
tree 4168 5720 79 0 179
fre 6396 5716 194 179 179
fre 1500 5748 194 179 179
fre 1508 5748 194 179 179
tree 4152 5736 78 0 179
tree 4136 5736 87 0 179
tree 4200 5752 86 0 179
stand 5640 5752 159 0 179
stand 5880 5736 407 0 179
dom 1536 5760 367 0 179
fre 3964 5780 472 179 179
tree 4200 5768 86 0 179
fre 1548 5812 194 179 179
tree 4024 5816 65 0 179
tree 4008 5816 92 0 179
tree 4136 5800 123 0 179
fre 4172 5844 471 179 179
lay 1688 5864 78 0 179
tree 1800 5880 90 0 179
tree 3960 5880 87 0 179
tree 3976 5880 76 0 179
tree 3976 5864 79 0 179
tree 4360 5880 89 0 179
tree 1688 5912 79 0 179
tree 1672 5912 78 0 179
tree 1720 5896 79 0 179
tree 1736 5896 77 0 179
tree 1768 5896 87 0 179
tree 1784 5896 91 0 179
tree 1816 5912 80 0 179
tree 3864 5912 124 0 179
tree 3992 5912 90 0 179
tree 4280 5912 91 0 179
tree 4280 5896 89 0 179
tree 4312 5912 76 0 179
tree 4296 5912 77 0 179
tree 4296 5896 79 0 179
tree 4328 5912 77 0 179
stand 4904 5896 376 0 179
tree 1688 5944 86 0 179
tree 1672 5928 76 0 179
stand 1752 5944 172 0 179
tree 1736 5928 78 0 179
stand 1784 5944 172 0 179
tree 1768 5928 86 0 179
tree 1800 5944 91 0 179
tree 1816 5928 65 0 179
stand 1832 5928 172 0 179
tree 3928 5928 93 0 179
tree 4248 5944 77 0 179
stand 4952 5944 375 0 179
tree 1720 5960 92 0 179
stand 1720 5976 167 0 179
stand 1704 5976 172 0 179
tree 1736 5960 79 0 179
fre 1748 5964 5 179 179
fre 1852 5964 5 179 179
stand 1848 5960 166 0 179
dom 1888 5952 142 0 179
tree 1896 5976 80 0 179
tree 1912 5976 79 0 179
stand 1944 5960 283 0 179
fre 2148 5956 194 179 179
tree 3992 5976 92 0 179
tree 4184 5976 87 0 179
tree 4216 5960 88 0 179
tree 4200 5976 88 0 179
tree 4200 5960 77 0 179
tree 4280 5960 91 0 179
tree 4264 5976 87 0 179
tree 4344 5960 87 0 179
fre 1876 5988 5 179 179
tree 1912 5992 80 0 179
fre 1964 5988 5 179 179
fre 2028 6004 5 179 179
tree 2040 6008 87 0 179
tree 2072 6008 87 0 179
tree 2056 6008 87 0 179
tree 2104 5992 87 0 179
tree 2136 6008 76 0 179
tree 2136 5992 80 0 179
tree 2120 5992 90 0 179
tree 2152 6008 90 0 179
fre 2180 6004 5 179 179
tree 4152 5992 124 0 179
tree 4296 6008 93 0 179
tree 4328 5992 92 0 179
stand 4968 6008 370 0 179
fre 4980 6004 58 179 179
tree 1720 6040 91 0 179
fre 1732 6020 5 179 179
dom 1792 6016 113 0 179
fre 1908 6036 5 179 179
tree 2040 6024 79 0 179
tree 2136 6024 89 0 179
tree 2152 6024 86 0 179
tree 2168 6024 77 0 179
tree 2184 6040 89 0 179
tree 4200 6040 77 0 179
tree 1672 6072 89 0 179
tree 1688 6072 80 0 179
tree 1688 6056 77 0 179
tree 1704 6056 78 0 179
fre 1724 6060 5 179 179
tree 2040 6072 76 0 179
tree 2168 6072 79 0 179
fre 2004 6108 194 179 179
tree 2040 6088 91 0 179
tree 2056 6104 90 0 179
dom 2080 6080 198 0 179
tree 2168 6104 80 0 179
tree 2232 6088 78 0 179
tree 1704 6136 77 0 179
tree 1704 6120 78 0 179
tree 1896 6120 76 0 179
tree 1944 6136 86 0 179
stand 2120 6120 521 0 179
fre 2116 6132 194 179 179
tree 2200 6136 91 0 179
tree 1592 6168 88 0 179
tree 1624 6168 77 0 179
tree 1608 6168 88 0 179
tree 1640 6152 91 0 179
tree 1832 6152 91 0 179
tree 1848 6168 78 0 179
tree 1864 6168 78 0 179
tree 1944 6152 77 0 179
fre 2092 6156 194 179 179
fre 2180 6172 194 179 179
dom 2208 6144 4 0 179
tree 2264 6152 88 0 179
tree 2296 6168 124 0 179
tree 2280 6168 76 0 179
tree 2312 6152 123 0 179
fre 1444 6196 0 179 179
tree 1592 6184 88 0 179
tree 1640 6184 78 0 179
tree 1880 6184 78 0 179
tree 1864 6184 76 0 179
tree 1880 6200 88 0 179
tree 2280 6184 78 0 179
tree 2312 6200 92 0 179
tree 3576 6184 76 0 179
tree 3576 6200 77 0 179
tree 3560 6200 90 0 179
tree 3640 6184 87 0 179
tree 3640 6200 78 0 179
tree 3624 6184 124 0 179
tree 3688 6200 91 0 179
tree 3720 6200 123 0 179
stand 5048 6200 371 0 179
stand 5080 6184 369 0 179
stand 1480 6232 411 0 179
most 1600 6208 53 0 179
tree 1832 6216 86 0 179
tree 1832 6232 77 0 179
tree 1848 6216 80 0 179
tree 1880 6232 90 0 179
tree 1864 6232 88 0 179
tree 1864 6216 80 0 179
tree 1896 6232 88 0 179
dom 1920 6208 105 0 179
fre 1988 6220 194 179 179
tree 2264 6216 78 0 179
tree 2280 6232 123 0 179
tree 2328 6232 124 0 179
tree 2312 6216 80 0 179
fre 3428 6212 471 179 179
tree 3560 6216 89 0 179
tree 3640 6216 86 0 179
tree 3704 6216 78 0 179
tree 3688 6216 86 0 179
tree 3704 6232 122 0 179
stand 5112 6216 368 0 179
fre 1460 6260 0 179 179
tree 1688 6264 78 0 179
stand 1720 6264 246 0 179
fre 1844 6260 5 179 179
dom 1984 6240 6 0 179
lay 2136 6264 60 0 179
fre 2124 6260 308 179 179
tree 2328 6248 65 0 179
fre 2324 6244 5 179 179
tree 2344 6264 65 0 179
fre 3532 6260 472 179 179
tree 3576 6248 79 0 179
tree 3576 6264 79 0 179
tree 3720 6248 65 0 179
stand 5112 6248 374 0 179
tree 1656 6296 80 0 179
tree 1640 6280 91 0 179
tree 1688 6280 89 0 179
tree 1672 6280 79 0 179
stand 1704 6280 245 0 179
stand 1736 6296 247 0 179
fre 1820 6300 5 179 179
fre 1900 6292 5 179 179
stand 1928 6280 283 0 179
fre 2020 6284 5 179 179
tree 2264 6296 80 0 179
tree 2264 6280 90 0 179
fre 2268 6276 5 179 179
fre 2300 6300 5 179 179
tree 2328 6280 65 0 179
fre 2540 6284 194 179 179
tree 3496 6296 93 0 179
tree 3768 6296 124 0 179
fre 1756 6324 5 179 179
stand 1848 6312 244 0 179
fre 1876 6308 194 179 179
fre 2036 6332 194 179 179
fre 2076 6332 194 179 179
fre 2084 6316 194 179 179
stand 2344 6312 276 0 179
fre 2484 6308 194 179 179
fre 2508 6316 194 179 179
stand 1832 6344 267 0 179
fre 1996 6340 5 179 179
dom 2016 6336 140 0 179
tree 2040 6344 91 0 179
tree 2024 6360 88 0 179
tree 2056 6344 89 0 179
fre 2196 6356 5 179 179
dom 2240 6336 350 0 179
tree 3752 6360 86 0 179
fre 1748 6380 2 179 179
fre 1996 6388 5 179 179
tree 2088 6392 89 0 179
fre 2188 6388 5 179 179
dom 2272 6368 455 0 179
fre 2404 6388 194 179 179
fre 2444 6372 194 179 179
tree 2456 6376 76 0 179
tree 2472 6392 87 0 179
fre 3588 6372 470 179 179
tree 3736 6376 86 0 179
tree 3752 6376 76 0 179
tree 3752 6392 65 0 179
fre 1916 6420 194 179 179
tree 2024 6424 91 0 179
tree 2120 6424 80 0 179
fre 2308 6428 8 179 179
tree 2520 6424 79 0 179
tree 2536 6424 91 0 179
fre 2580 6428 8 179 179
tree 2024 6440 91 0 179
tree 2024 6456 89 0 179
fre 2060 6460 5 179 179
tree 2056 6456 79 0 179
tree 2056 6440 79 0 179
tree 2072 6456 76 0 179
tree 2136 6440 90 0 179
tree 2120 6440 77 0 179
tree 2152 6456 89 0 179
fre 2492 6460 194 179 179
fre 2500 6452 194 179 179
tree 2536 6440 90 0 179
tree 3768 6440 88 0 179
tree 3768 6456 86 0 179
tree 3752 6440 123 0 179
tree 2056 6472 90 0 179
stand 2104 6472 283 0 179
tree 2152 6472 80 0 179
fre 2292 6492 194 179 179
lay 2424 6488 60 0 179
tree 2536 6472 87 0 179
tree 3672 6472 89 0 179
tree 3688 6488 79 0 179
tree 3688 6472 80 0 179
fre 3612 6516 471 179 179
tree 3704 6504 77 0 179
tree 3720 6520 87 0 179
tree 3736 6520 93 0 179
fre 2292 6540 194 179 179
fre 2340 6548 8 179 179
fre 2404 6532 194 179 179
fre 2460 6540 194 179 179
fre 2476 6532 194 179 179
fre 2516 6556 194 179 179
stand 2664 6552 283 0 179
tree 3736 6536 80 0 179
tree 2648 6584 90 0 179
tree 2632 6584 80 0 179
tree 2712 6584 76 0 179
fre 2692 6564 8 179 179
tree 3752 6584 90 0 179
tree 3752 6568 87 0 179
fre 2540 6604 194 179 179
tree 2648 6600 87 0 179
tree 2680 6616 80 0 179
tree 2664 6600 90 0 179
tree 2664 6616 80 0 179
tree 2712 6616 88 0 179
tree 3656 6616 93 0 179
tree 3768 6600 77 0 179
tree 3784 6616 87 0 179
fre 2388 6628 194 179 179
stand 2504 6648 284 0 179
tree 2680 6632 78 0 179
tree 2664 6632 78 0 179
tree 2696 6632 78 0 179
tree 2696 6648 86 0 179
tree 2712 6648 87 0 179
tree 2472 6680 91 0 179
tree 2488 6680 77 0 179
tree 2504 6680 89 0 179
fre 2596 6660 194 179 179
fre 2716 6660 194 179 179
tree 2712 6680 88 0 179
tree 2696 6664 89 0 179
fre 2740 6676 194 179 179
tree 3656 6664 87 0 179
tree 3736 6680 89 0 179
tree 3720 6680 92 0 179
tree 3720 6664 124 0 179
tree 3752 6680 78 0 179
tree 3784 6664 88 0 179
tree 3800 6664 78 0 179
fre 2420 6692 194 179 179
tree 2488 6696 78 0 179
tree 2520 6712 79 0 179
tree 2504 6696 89 0 179
stand 2568 6712 283 0 179
fre 2604 6708 194 179 179
dom 2688 6688 5 0 179
fre 2780 6700 194 179 179
lay 2840 6712 60 0 179
fre 2932 6716 194 179 179
fre 5812 6692 194 179 179
fre 2436 6724 194 179 179
fre 2500 6740 8 179 179
tree 2568 6744 88 0 179
tree 2680 6744 78 0 179
fre 5844 6748 6 179 179
fre 2604 6764 8 179 179
tree 2664 6760 76 0 179
tree 2696 6760 77 0 179
tree 2696 6776 80 0 179
fre 2812 6756 194 179 179
fre 2828 6764 3 179 179
lay 5544 6760 21 0 179
fre 5740 6780 194 179 179
fre 2676 6788 194 179 179
fre 2716 6796 8 179 179
fre 2996 6812 194 179 179
dom 5760 6784 367 0 179
fre 5796 6804 194 179 179
fre 5796 6796 8 179 179
fre 5868 6812 8 179 179
fre 2844 6860 194 179 179
tree 2952 6856 90 0 179
fre 5420 6868 2 179 179
tree 5784 6872 90 0 179
fre 5772 6860 8 179 179
fre 5996 6868 194 179 179
tree 2760 6904 78 0 179
tree 2776 6904 91 0 179
tree 2792 6904 78 0 179
fre 2876 6892 194 179 179
tree 2904 6888 77 0 179
tree 2920 6904 87 0 179
tree 5720 6888 88 0 179
tree 5752 6888 79 0 179
tree 5736 6888 80 0 179
tree 5784 6888 91 0 179
tree 5768 6888 91 0 179
stand 5784 6888 285 0 179
tree 5800 6904 76 0 179
stand 5816 6904 283 0 179
dom 5824 6880 142 0 179
fre 6036 6908 194 179 179
lay 2744 6920 60 0 179
tree 2760 6936 88 0 179
tree 2776 6936 80 0 179
tree 2792 6920 79 0 179
tree 2808 6920 80 0 179
tree 2920 6920 90 0 179
dom 5696 6912 102 0 179
tree 5784 6936 88 0 179
tree 5800 6936 78 0 179
lay 2760 6952 63 0 179
lay 2808 6952 63 0 179
tree 2840 6968 91 0 179
tree 2824 6952 78 0 179
tree 2872 6968 76 0 179
fre 5724 6956 383 179 179
dom 5696 6944 141 0 179
tree 5768 6968 88 0 179
stand 5768 6952 285 0 179
stand 5784 6952 297 0 179
tree 2712 7000 90 0 179
tree 2696 6984 87 0 179
tree 2712 6984 86 0 179
tree 2872 7000 87 0 179
tree 5672 6984 86 0 179
tree 5784 6984 89 0 179
tree 6008 7000 91 0 179
tree 6040 7000 89 0 179
tree 6072 7000 90 0 179
tree 6056 7000 86 0 179
tree 2744 7016 88 0 179
tree 2744 7032 90 0 179
fre 5596 7012 8 179 179
tree 5928 7016 76 0 179
tree 6008 7032 89 0 179
tree 6024 7032 89 0 179
tree 6040 7016 89 0 179
tree 6056 7016 77 0 179
tree 6056 7032 91 0 179
tree 6088 7032 79 0 179
tree 6088 7016 80 0 179
fre 6140 7020 8 179 179
tree 2744 7048 90 0 179
tree 2760 7064 78 0 179
tree 2776 7064 77 0 179
tree 2792 7064 80 0 179
tree 2808 7064 77 0 179
tree 5768 7064 79 0 179
tree 5784 7064 88 0 179
stand 5800 7064 271 0 179
stand 6024 7048 297 0 179
tree 6104 7048 88 0 179
fre 6172 7052 8 179 179
stand 5656 7080 283 0 179
tree 5672 7080 86 0 179
tree 5752 7080 86 0 179
tree 5768 7080 79 0 179
stand 5800 7080 269 0 179
stand 5816 7096 273 0 179
stand 6072 7080 283 0 179
stand 6120 7080 285 0 179
dom 3200 7104 367 0 179
dom 3232 7104 367 0 179
fre 3476 7124 194 179 179
fre 3508 7116 194 179 179
fre 5556 7132 8 179 179
tree 5576 7128 80 0 179
tree 5592 7128 87 0 179
tree 5768 7128 77 0 179
tree 5800 7112 89 0 179
tree 5544 7160 76 0 179
tree 5560 7144 90 0 179
tree 5576 7144 90 0 179
stand 5576 7160 297 0 179
fre 5788 7156 292 179 179
dom 5952 7136 173 0 179
fre 3580 7172 194 179 179
lay 6168 7192 77 0 179
fre 6300 7196 194 179 179
fre 6316 7180 194 179 179
tree 2968 7224 76 0 179
tree 2968 7208 90 0 179
lay 3400 7208 78 0 179
tree 3432 7224 91 0 179
tree 3432 7208 91 0 179
tree 3448 7224 80 0 179
tree 3464 7224 78 0 179
fre 3596 7220 8 179 179
tree 5496 7208 76 0 179
tree 5528 7208 78 0 179
tree 5512 7208 76 0 179
lay 5560 7224 107 0 179
tree 5544 7208 86 0 179
tree 5592 7224 80 0 179
stand 5592 7224 284 0 179
lay 5704 7208 76 0 179
dom 5888 7200 174 0 179
tree 2904 7240 78 0 179
fre 3308 7260 194 179 179
tree 3416 7256 87 0 179
tree 3416 7240 77 0 179
tree 3480 7256 91 0 179
tree 5528 7240 80 0 179
tree 5544 7256 87 0 179
tree 5592 7240 77 0 179
tree 5576 7240 90 0 179
tree 5576 7256 79 0 179
stand 5864 7256 250 0 179
stand 5896 7256 251 0 179
tree 3192 7288 80 0 179
tree 3176 7288 90 0 179
tree 3416 7272 79 0 179
tree 3608 7288 76 0 179
tree 3608 7272 79 0 179
tree 3656 7288 78 0 179
tree 5720 7288 77 0 179
stand 5864 7272 249 0 179
tree 5864 7288 86 0 179
tree 5880 7288 88 0 179
stand 5896 7288 252 0 179
tree 6008 7288 88 0 179
dom 6016 7264 4 0 179
stand 6120 7288 285 0 179
stand 6152 7288 297 0 179
tree 6200 7288 76 0 179
tree 6232 7272 77 0 179
tree 3192 7304 77 0 179
fre 3316 7316 194 179 179
tree 3448 7304 76 0 179
tree 3432 7304 80 0 179
stand 3480 7304 301 0 179
tree 3512 7304 79 0 179
tree 3656 7304 87 0 179
fre 5548 7324 8 179 179
stand 5640 7304 273 0 179
tree 5688 7304 87 0 179
stand 5688 7304 285 0 179
tree 5880 7304 88 0 179
tree 6008 7304 78 0 179
tree 6024 7304 89 0 179
tree 6136 7304 88 0 179
stand 6152 7320 283 0 179
tree 6168 7320 79 0 179
tree 6232 7304 89 0 179
tree 6216 7320 91 0 179
fre 6332 7324 194 179 179
fre 3340 7356 194 179 179
tree 3416 7352 89 0 179
fre 3556 7356 617 179 179
tree 3640 7336 86 0 179
tree 3640 7352 90 0 179
fre 3684 7356 8 179 179
tree 6152 7352 79 0 179
tree 3384 7384 80 0 179
tree 3416 7368 87 0 179
tree 3416 7384 76 0 179
tree 3432 7384 86 0 179
tree 3640 7368 89 0 179
tree 3656 7368 91 0 179
tree 5800 7368 80 0 179
stand 5816 7384 285 0 179
tree 5880 7384 89 0 179
tree 5912 7384 78 0 179
stand 5928 7384 284 0 179
fre 3396 7396 8 179 179
lay 3464 7400 107 0 179
fre 5804 7404 8 179 179
stand 5848 7400 295 0 179
tree 5864 7400 88 0 179
tree 5896 7416 77 0 179
stand 5896 7400 297 0 179
fre 3380 7444 194 179 179
fre 3388 7444 8 179 179
tree 3432 7432 90 0 179
stand 3464 7448 283 0 179
tree 3496 7448 87 0 179
tree 3528 7448 90 0 179
fre 3708 7452 8 179 179
fre 5756 7452 194 179 179
fre 6036 7452 8 179 179
fre 6116 7436 8 179 179
dom 3392 7456 367 0 179
lay 3608 7464 60 0 179
tree 3672 7480 77 0 179
fre 5988 7468 8 179 179
fre 6100 7476 8 179 179
fre 3396 7516 8 179 179
tree 3672 7496 76 0 179
tree 3656 7496 76 0 179
tree 3656 7512 76 0 179
tree 3672 7512 90 0 179
fre 5780 7500 194 179 179
fre 5900 7508 282 179 179
fre 6076 7500 8 179 179
fre 6164 7508 194 179 179
lay 3416 7544 60 0 179
lay 3432 7528 60 0 179
lay 3480 7544 60 0 179
lay 3464 7528 60 0 179
lay 3560 7528 60 0 179
lay 3624 7544 60 0 179
fre 3740 7524 8 179 179
fre 3860 7548 194 179 179
fre 6028 7524 8 179 179
fre 6068 7540 8 179 179
lay 3608 7560 60 0 179
dom 3648 7552 137 0 179
stand 3704 7576 299 0 179
tree 3720 7576 88 0 179
fre 6076 7556 194 179 179
fre 6148 7580 8 179 179
tree 3400 7608 77 0 179
tree 3416 7608 77 0 179
tree 3720 7592 87 0 179
tree 3736 7592 78 0 179
fre 3748 7612 8 179 179
fre 3804 7612 194 179 179
fre 6116 7604 194 179 179
tree 3368 7624 90 0 179
fre 3372 7644 8 179 179
tree 3432 7640 91 0 179
tree 3624 7640 89 0 179
tree 3736 7640 90 0 179
lay 5080 7640 74 0 179
fre 6164 7636 194 179 179
fre 3300 7668 194 179 179
tree 3384 7672 87 0 179
tree 3416 7656 77 0 179
tree 3512 7672 76 0 179
tree 3496 7656 89 0 179
fre 3532 7660 83 179 179
tree 3592 7672 77 0 179
tree 3608 7672 80 0 179
tree 3592 7656 80 0 179
tree 3640 7672 91 0 179
tree 3640 7656 80 0 179
tree 3624 7656 79 0 179
tree 3624 7672 89 0 179
stand 3720 7656 284 0 179
fre 3828 7660 194 179 179
lay 3496 7688 109 0 179
tree 3512 7704 78 0 179
tree 3496 7688 90 0 179
tree 3512 7688 86 0 179
tree 3608 7688 80 0 179
tree 3624 7688 86 0 179
dom 3776 7680 113 0 179
fre 3324 7740 194 179 179
fre 3380 7716 194 179 179
dom 3392 7712 113 0 179
tree 3480 7736 79 0 179
tree 3528 7736 90 0 179
tree 3528 7720 76 0 179
lay 5176 7736 76 0 179
fre 6276 7724 3 179 179
stand 3432 7752 521 0 179
tree 3528 7752 77 0 179
stand 3720 7752 384 0 179
fre 3852 7748 194 179 179
tree 3352 7784 87 0 179
tree 3368 7784 87 0 179
tree 3368 7800 90 0 179
stand 3416 7784 284 0 179
stand 3544 7800 386 0 179
fre 3812 7788 8 179 179
fre 3876 7796 8 179 179
tree 3400 7832 79 0 179
tree 3400 7816 87 0 179
tree 3416 7816 76 0 179
fre 3684 7828 8 179 179
stand 3416 7864 298 0 179
tree 3416 7848 87 0 179
tree 3400 7848 87 0 179
fre 3604 7852 8 179 179
lay 3640 7864 60 0 179
lay 3688 7848 60 0 179
fre 3756 7844 8 179 179
tree 3784 7848 77 0 179
tree 3800 7864 89 0 179
lay 3656 7880 60 0 179
lay 3832 7880 107 0 179
tree 3832 7880 76 0 179
tree 3848 7880 91 0 179
fre 4116 7884 7 179 179
fre 4180 7892 7 179 179
lay 5288 7880 77 0 179
tree 3320 7912 79 0 179
tree 3336 7912 89 0 179
tree 3368 7928 91 0 179
tree 3384 7928 90 0 179
tree 3384 7912 80 0 179
lay 3608 7928 60 0 179
fre 3668 7916 293 179 179
lay 3672 7912 60 0 179
fre 4004 7916 3 179 179
fre 4148 7916 7 179 179
tree 3304 7960 91 0 179
lay 3416 7960 107 0 179
tree 3432 7960 80 0 179
dom 3584 7936 100 1 179
lay 3688 7944 60 0 179
stand 3896 7944 302 0 179
tree 3976 7960 86 0 179
fre 4180 7956 7 179 179
tree 3320 7992 79 0 179
tree 3304 7976 86 0 179
tree 3432 7976 77 0 179
tree 3496 7976 89 0 179
tree 3496 7992 87 0 179
fre 3724 7988 8 179 179
lay 3800 7976 244 0 179
tree 3816 7992 77 0 179
tree 3896 7992 87 0 179
tree 3896 7976 78 0 179
tree 3880 7976 76 0 179
tree 3912 7992 77 0 179
tree 3976 7976 80 0 179
tree 3992 7976 91 0 179
tree 3992 7992 91 0 179
tree 3352 8008 86 0 179
tree 3336 8008 90 0 179
stand 3384 8008 300 0 179
tree 3496 8008 76 0 179
tree 3512 8008 79 0 179
tree 3496 8024 86 0 179
tree 3688 8024 91 0 179
lay 3688 8008 60 0 179
fre 3740 8020 8 179 179
tree 3832 8008 79 0 179
tree 3816 8008 78 0 179
lay 3912 8008 107 0 179
tree 3912 8008 76 0 179
lay 3624 8056 60 0 179
tree 3960 8056 91 0 179
tree 3976 8056 77 0 179
tree 3336 8072 86 0 179
tree 3336 8088 76 0 179
fre 3484 8076 8 179 179
fre 3692 8084 8 179 179
fre 3812 8092 8 179 179
fre 3844 8076 8 179 179
tree 4008 8072 86 0 179
fre 4124 8084 194 179 179
fre 4196 8092 194 179 179
fre 3532 8100 8 179 179
