fre 988 28 6 179 179
fre 1332 12 6 179 179
fre 1404 28 6 179 179
fre 2116 20 148 179 179
fre 1364 36 6 179 179
lay 1496 56 195 0 179
fre 1876 52 46 179 179
fre 1996 52 46 179 179
stand 2040 56 47 0 179
fre 2348 44 148 179 179
fre 2716 44 46 179 179
fre 2868 60 46 179 179
trop 4028 52 73 179 179
fre 1028 76 6 179 179
zabor 1200 80 25 0 8
zabor 1232 80 26 0 8
zabor 1264 80 29 0 8
zabor 1296 80 24 0 8
zabor 1328 80 27 0 8
zabor 1360 80 26 0 8
fre 1388 84 6 179 179
zabor 1424 80 28 0 8
zabor 1456 80 29 0 8
zabor 1488 80 26 0 8
fre 1572 76 6 179 179
fre 1620 84 6 179 179
fre 1820 92 46 179 179
trop 2060 92 153 179 179
fre 2156 68 148 179 179
tree 2264 88 4 0 179
tree 2280 88 105 0 179
tree 2296 72 6 0 179
trop 2332 76 72 179 179
tree 2312 88 102 0 179
tree 2328 88 100 0 179
fre 2348 68 148 179 179
tree 2344 72 9 0 179
tree 2376 88 68 0 179
tree 2392 88 29 0 179
tree 2408 88 30 0 179
trop 2444 84 72 179 179
trop 2524 92 72 179 179
fre 2948 84 46 179 179
fre 3132 84 46 179 179
fre 1076 116 6 179 179
zabor 1200 112 24 0 8
stand 1224 120 290 0 179
stand 1384 120 299 0 179
zabor 1424 112 24 0 8
stand 1464 120 290 0 179
fre 1932 108 46 179 179
cliff 2272 96 125 179 179
tree 2280 104 22 0 179
tree 2392 104 109 0 179
tree 2408 104 6 0 179
tree 2424 104 53 0 179
tree 2440 104 23 0 179
tree 2456 104 28 0 179
tree 2472 104 53 0 179
tree 2488 104 100 0 179
tree 2504 104 39 0 179
tree 2520 104 95 0 179
tree 2536 104 28 0 179
tree 2552 104 22 0 179
tree 2584 120 73 0 179
tree 2600 104 24 0 179
tree 2600 120 105 0 179
tree 2616 120 29 0 179
trop 2636 108 72 179 179
tree 2648 120 39 0 179
tree 2664 120 22 0 179
tree 2680 104 6 0 179
tree 2712 104 30 0 179
tree 2712 120 39 0 179
tree 2728 120 42 0 179
tree 2744 120 32 0 179
trop 2756 124 72 179 179
tree 2760 120 9 0 179
tree 2776 120 42 0 179
tree 2792 120 23 0 179
tree 2856 120 104 0 179
tree 2888 120 122 0 179
tree 2904 120 93 0 179
fre 3332 100 46 179 179
fre 3404 116 46 179 179
tree 152 152 48 0 179
tree 248 152 59 0 179
tree 504 136 67 0 179
tree 552 136 83 0 179
lay 584 152 211 0 179
tree 584 136 17 0 179
tree 680 152 85 0 179
tree 696 152 83 0 179
tree 856 152 64 0 179
tree 888 152 74 0 179
tree 1080 152 36 0 179
fre 1108 148 6 179 179
zabor 1200 144 31 0 8
stand 1464 136 774 0 179
tree 1656 152 33 0 179
tree 1672 152 124 0 179
tree 1688 152 104 0 179
tree 2008 152 55 0 179
cliff 2272 128 125 179 179
trop 2412 148 15 179 179
trop 2860 132 72 179 179
tree 2872 136 65 0 179
tree 2888 136 104 0 179
tree 2920 136 65 0 179
trop 2964 140 72 179 179
tree 2952 136 122 0 179
tree 2952 152 123 0 179
tree 2984 152 122 0 179
tree 3000 152 65 0 179
tree 3032 152 104 0 179
trop 3068 148 72 179 179
tree 3048 152 65 0 179
tree 3064 152 33 0 179
tree 3080 152 92 0 179
tree 3096 152 94 0 179
tree 3112 152 104 0 179
trop 4028 132 73 179 179
tree 104 184 10 0 179
tree 104 168 94 0 179
tree 168 184 45 0 179
tree 168 168 20 0 179
tree 184 168 113 0 179
tree 216 168 61 0 179
tree 232 168 118 0 179
tree 232 184 113 0 179
tree 248 184 54 0 179
tree 248 168 44 0 179
tree 264 184 3 0 179
tree 312 184 118 0 179
tree 328 184 61 0 179
tree 360 168 43 0 179
tree 376 168 63 0 179
tree 376 184 7 0 179
tree 392 184 55 0 179
tree 408 184 38 0 179
tree 424 184 27 0 179
tree 472 184 113 0 179
tree 488 184 27 0 179
tree 488 168 64 0 179
tree 504 168 74 0 179
fre 612 172 288 179 179
fre 660 188 14 179 179
tree 712 168 83 0 179
tree 760 168 44 0 179
tree 792 168 118 0 179
lay 776 184 126 0 179
tree 856 168 112 0 179
tree 856 184 14 0 179
tree 872 168 99 0 179
tree 888 168 55 0 179
tree 888 184 44 0 179
tree 904 168 112 0 179
tree 920 168 99 0 179
tree 984 168 40 0 179
tree 1000 168 60 0 179
tree 1032 168 25 0 179
tree 1080 168 114 0 179
tree 1096 168 126 0 179
tree 1112 168 60 0 179
tree 1128 168 114 0 179
tree 1128 184 60 0 179
tree 1144 184 119 0 179
tree 1160 184 115 0 179
tree 1176 184 114 0 179
fre 1156 172 6 179 179
tree 1192 184 114 0 179
tree 1192 168 36 0 179
fre 1220 188 6 179 179
zabor 1488 176 29 0 8
tree 1576 168 44 0 179
tree 1592 168 27 0 179
tree 1608 168 20 0 179
tree 1624 168 14 0 179
tree 1640 168 118 0 179
tree 1656 168 92 0 179
tree 1672 168 92 0 179
tree 1688 168 10 0 179
tree 1720 168 38 0 179
tree 1768 184 122 0 179
tree 1768 168 104 0 179
tree 1800 168 112 0 179
tree 1832 184 59 0 179
tree 1848 184 5 0 179
tree 1880 184 103 0 179
tree 1896 184 10 0 179
tree 1928 168 38 0 179
trop 1964 180 15 179 179
tree 1992 184 20 0 179
tree 1992 168 43 0 179
tree 2008 184 94 0 179
trop 2076 180 73 179 179
stand 2168 168 591 0 179
tree 3032 168 33 0 179
tree 3128 168 123 0 179
trop 3164 164 72 179 179
tree 3144 168 33 0 179
tree 3160 168 122 0 179
tree 3176 168 103 0 179
tree 3192 168 93 0 179
tree 3208 168 124 0 179
trop 3260 172 72 179 179
tree 3240 184 122 0 179
tree 3256 184 104 0 179
tree 3272 184 104 0 179
tree 3320 168 33 0 179
tree 3352 184 103 0 179
trop 3372 172 72 179 179
tree 3368 184 65 0 179
trop 3492 172 72 179 179
trop 3644 180 72 179 179
trop 3764 188 72 179 179
tree 88 200 104 0 179
tree 88 216 104 0 179
tree 104 216 10 0 179
tree 104 200 93 0 179
tree 168 216 17 0 179
tree 168 200 82 0 179
tree 328 200 52 0 179
tree 472 200 38 0 179
stand 792 216 708 0 179
tree 840 200 118 0 179
lay 920 216 126 0 179
lay 904 216 126 0 179
lay 1096 200 126 0 179
lay 1176 216 3 0 179
fre 1180 212 6 179 179
zabor 1200 208 24 0 8
stand 1224 216 299 0 179
zabor 1456 208 26 0 8
lay 1528 200 196 0 179
lay 1592 200 3 0 179
tree 1912 200 124 0 179
tree 1912 216 104 0 179
tree 1928 216 92 0 179
trop 1924 212 15 179 179
tree 1960 216 103 0 179
tree 1976 216 124 0 179
tree 1992 216 124 0 179
stand 2120 200 827 0 179
trop 2156 220 15 179 179
stand 2248 200 591 0 179
cliff 2336 208 61 179 179
trop 2588 220 72 179 179
tree 3368 200 123 0 179
tree 3384 200 103 0 179
tree 3400 200 94 0 179
tree 3416 200 33 0 179
tree 3432 200 103 0 179
tree 3448 216 103 0 179
tree 3448 200 33 0 179
tree 3464 200 65 0 179
tree 3480 200 93 0 179
tree 3496 200 33 0 179
tree 3512 200 94 0 179
tree 3528 200 93 0 179
trop 3580 220 73 179 179
trop 3876 196 72 179 179
trop 3996 204 72 179 179
tree 88 232 103 0 179
tree 88 248 124 0 179
tree 72 248 65 0 179
tree 152 232 47 0 179
dom 544 224 7 0 179
lay 840 248 126 0 179
stand 904 232 71 0 179
lay 1032 248 168 0 179
lay 1192 248 3 0 179
zabor 1200 240 28 0 8
zabor 1232 240 25 0 8
zabor 1264 240 24 0 8
zabor 1296 240 28 0 8
fre 1284 236 6 179 179
zabor 1328 240 27 0 8
zabor 1360 240 30 0 8
zabor 1392 240 24 0 8
zabor 1424 240 30 0 8
zabor 1456 240 30 0 8
fre 1636 228 272 179 179
dom 1792 224 106 0 179
trop 1804 252 15 179 179
trop 2060 252 153 179 179
stand 2184 232 635 0 179
cliff 2368 240 96 179 179
cliff 2368 224 17 179 179
cliff 2400 224 17 179 179
cliff 2432 224 17 179 179
cliff 2480 240 10 179 179
trop 2724 244 72 179 179
fre 2796 244 272 179 179
tree 3640 232 36 0 179
tree 3640 248 70 0 179
tree 3656 248 72 0 179
lay 3944 248 126 0 179
dom 448 256 10 0 179
fre 668 260 14 179 179
fre 748 260 14 179 179
lay 936 280 126 0 179
lay 1208 264 3 0 179
stand 1320 280 64 0 179
lay 1384 280 195 0 179
lay 1464 280 195 0 179
stand 1928 264 268 0 179
stand 1944 264 268 0 179
trop 1948 284 15 179 179
stand 2248 280 238 0 179
trop 2276 276 15 179 179
trop 2884 260 72 179 179
trop 2980 268 72 179 179
lay 3640 264 126 0 179
tree 3672 264 34 0 179
tree 3688 264 34 0 179
tree 3704 264 70 0 179
tree 3720 264 25 0 179
tree 3736 264 2 0 179
tree 3736 280 71 0 179
lay 3736 264 126 0 179
tree 3752 280 36 0 179
tree 3784 264 114 0 179
tree 3800 264 65 0 179
tree 3816 264 126 0 179
tree 3832 264 25 0 179
tree 3848 264 114 0 179
tree 3864 280 40 0 179
tree 3880 280 71 0 179
tree 3928 264 124 0 179
tree 3912 264 122 0 179
tree 3944 264 71 0 179
fre 484 292 14 179 179
fre 836 292 14 179 179
fre 908 316 14 179 179
lay 1176 312 126 0 179
tree 1592 296 84 0 179
fre 1652 316 46 179 179
stand 2200 296 691 0 179
stand 2248 312 828 0 179
fre 3012 300 272 179 179
dom 3232 288 82 0 179
stand 3336 312 254 0 179
stand 3384 312 278 0 179
lay 3784 312 126 0 179
lay 3816 312 126 0 179
lay 3864 296 126 0 179
tree 3864 296 93 0 179
tree 3896 296 26 0 179
lay 3880 296 126 0 179
tree 3896 312 92 0 179
tree 3880 296 93 0 179
tree 3928 296 10 0 179
tree 3928 312 103 0 179
lay 1032 344 126 0 179
dom 1280 320 473 0 179
lay 1368 328 126 0 179
stand 1576 344 351 0 179
tree 1624 344 46 0 179
tree 1640 344 69 0 179
fre 1876 324 272 179 179
stand 2024 328 47 0 179
trop 2068 324 73 179 179
trop 2172 340 15 179 179
stand 3144 328 253 0 179
stand 3320 328 253 0 179
dom 3456 320 79 0 179
trop 3580 324 73 179 179
stand 3608 328 278 0 179
dom 3840 320 67 0 179
tree 3928 328 92 0 179
tree 3928 344 65 0 179
tree 3912 344 65 0 179
tree 3912 328 103 0 179
lay 1128 360 168 0 179
lay 1240 360 126 0 179
lay 1224 360 3 0 179
lay 1272 376 124 0 179
trop 1380 380 72 179 179
tree 1656 360 123 0 179
tree 1672 376 0 0 179
vor 2252 356 24 179 179
zabor 2384 368 29 0 8
tree 2376 376 95 0 179
zabor 2416 368 25 0 8
zabor 2448 368 26 0 8
zabor 2480 368 31 0 8
zabor 2512 368 29 0 8
zabor 2544 368 27 0 8
zabor 2576 368 24 0 8
zabor 2608 368 24 0 8
zabor 2736 368 28 0 8
zabor 2768 368 24 0 8
zabor 2800 368 27 0 8
zabor 2832 368 30 0 8
zabor 2864 368 30 0 8
zabor 2896 368 25 0 8
zabor 2928 368 30 0 8
dom 3040 352 78 0 179
stand 3128 360 254 0 179
lay 3368 360 126 0 179
trop 3692 364 205 179 179
trop 3796 356 129 179 179
tree 3928 360 122 0 179
tree 3928 376 93 0 179
tree 3912 376 103 0 179
tree 3912 360 123 0 179
lay 1048 392 126 0 179
fre 1556 396 6 179 179
tree 1704 408 33 0 179
trop 2060 412 153 179 179
zabor 2384 400 28 0 8
tree 2376 392 110 0 179
zabor 2608 400 26 0 8
tree 2632 408 30 0 179
zabor 2736 400 31 0 8
stand 2776 408 398 0 179
stand 2840 408 398 0 179
stand 2888 408 398 0 179
zabor 2928 400 29 0 8
trop 3780 412 137 179 179
trop 3796 388 137 179 179
tree 3928 392 10 0 179
tree 3928 408 123 0 179
tree 3912 408 10 0 179
tree 3912 392 65 0 179
lay 1064 424 126 0 179
lay 1304 440 225 0 179
trop 1524 428 71 179 179
tree 1688 424 92 0 179
stand 1672 424 365 0 179
fre 1716 428 46 179 179
trop 2172 444 15 179 179
zabor 2384 432 24 0 8
lay 2472 440 65 0 179
zabor 2608 432 27 0 8
zabor 2736 432 31 0 8
lay 2824 440 64 0 179
zabor 2928 432 24 0 8
trop 3276 436 73 179 179
trop 3588 436 73 179 179
trop 3764 436 137 179 179
trop 3788 428 205 179 179
tree 3928 424 33 0 179
tree 3928 440 103 0 179
tree 3912 424 123 0 179
lay 1432 472 224 0 179
lay 1496 472 124 0 179
stand 1704 456 268 0 179
lay 1736 456 126 0 179
tree 2360 472 75 0 179
zabor 2384 464 26 0 8
zabor 2608 464 26 0 8
zabor 2736 464 24 0 8
stand 2776 456 398 0 179
lay 2808 456 64 0 179
stand 2840 472 398 0 179
lay 2856 472 64 0 179
stand 2904 472 398 0 179
zabor 2928 464 26 0 8
stand 2984 472 698 0 179
trop 3100 452 108 179 179
trop 3084 476 73 179 179
trop 3196 452 105 179 179
dom 3296 448 86 0 179
trop 3420 460 104 179 179
lay 3480 456 126 0 179
trop 3756 460 137 179 179
tree 3928 472 10 0 179
tree 3928 456 93 0 179
tree 3944 472 103 0 179
tree 3944 456 104 0 179
lay 1256 504 28 0 179
tree 2360 504 106 0 179
zabor 2384 496 30 0 8
lay 2552 504 65 0 179
zabor 2608 496 26 0 8
zabor 2736 496 27 0 8
stand 2776 504 398 0 179
zabor 2928 496 30 0 8
stand 3032 504 709 0 179
stand 3560 488 63 0 179
trop 3740 484 137 179 179
trop 3884 484 205 179 179
trop 1588 516 70 179 179
fre 1644 532 272 179 179
trop 1700 540 72 179 179
lay 1752 520 126 0 179
trop 1812 540 72 179 179
trop 1940 540 72 179 179
vor 2020 532 24 179 179
tree 2360 536 30 0 179
zabor 2384 528 31 0 8
lay 2472 520 65 0 179
zabor 2608 528 28 0 8
zabor 2736 528 30 0 8
stand 2840 520 649 0 179
lay 2824 536 64 0 179
stand 2968 536 552 0 179
fre 3044 540 272 179 179
lay 3336 520 126 0 179
trop 3740 532 205 179 179
trop 3756 516 205 179 179
lay 1544 568 126 0 179
tree 1816 568 10 0 179
tree 1800 568 10 0 179
tree 1848 568 10 0 179
trop 2060 556 153 179 179
trop 2052 564 73 179 179
lay 2184 552 28 0 179
zabor 2384 560 28 0 8
zabor 2608 560 31 0 8
zabor 2736 560 28 0 8
stand 2776 568 398 0 179
trop 3100 556 108 179 179
fre 3300 572 14 179 179
trop 3316 572 73 179 179
trop 3492 564 205 179 179
trop 3588 548 73 179 179
lay 1464 584 126 0 179
tree 1480 600 103 0 179
tree 1480 584 122 0 179
stand 2360 584 522 0 179
zabor 2384 592 26 0 8
zabor 2416 592 28 0 8
zabor 2448 592 24 0 8
zabor 2480 592 28 0 8
zabor 2512 592 26 0 8
zabor 2576 592 25 0 8
zabor 2608 592 25 0 8
zabor 2736 592 27 0 8
trop 3852 596 205 179 179
tree 1480 616 94 0 179
stand 1528 616 352 0 179
stand 1624 616 364 0 179
vor 1700 612 24 179 179
tree 2424 632 31 0 179
tree 2440 632 120 0 179
tree 2456 632 8 0 179
tree 2712 616 6 0 179
zabor 2736 624 29 0 8
tree 2728 632 42 0 179
zabor 2768 624 31 0 8
zabor 2800 624 24 0 8
zabor 2832 624 30 0 8
zabor 2864 624 28 0 8
zabor 2896 624 31 0 8
zabor 2928 624 27 0 8
trop 3084 612 73 179 179
fre 3236 620 14 179 179
trop 3708 628 205 179 179
tree 328 664 103 0 179
tree 1496 648 0 0 179
lay 1496 648 126 0 179
tree 1512 664 83 0 179
lay 1560 664 126 0 179
tree 1576 664 65 0 179
lay 1832 648 28 0 179
lay 1928 664 28 0 179
lay 2184 648 28 0 179
stand 2808 664 708 0 179
tree 2888 648 22 0 179
tree 2904 664 9 0 179
tree 2904 648 111 0 179
trop 3004 644 105 179 179
trop 3092 652 108 179 179
trop 3156 652 72 179 179
tree 88 696 33 0 179
tree 104 696 65 0 179
tree 120 680 123 0 179
tree 120 696 123 0 179
tree 328 696 92 0 179
tree 328 680 124 0 179
tree 344 680 122 0 179
tree 360 680 93 0 179
tree 360 696 65 0 179
lay 1464 680 126 0 179
tree 1560 680 92 0 179
tree 1576 680 92 0 179
lay 1768 680 28 0 179
stand 2024 696 47 0 179
trop 2044 692 73 179 179
dom 2400 672 7 0 179
trop 2556 676 108 179 179
trop 3588 676 73 179 179
trop 3828 676 205 179 179
tree 88 712 123 0 179
tree 136 712 94 0 179
tree 360 728 94 0 179
tree 360 712 123 0 179
tree 376 712 123 0 179
tree 712 728 123 0 179
tree 728 728 10 0 179
tree 744 728 10 0 179
tree 760 728 124 0 179
tree 776 728 65 0 179
tree 824 728 67 0 179
tree 840 728 66 0 179
dom 896 704 485 0 179
lay 1032 712 78 0 179
lay 1096 728 196 0 179
stand 1592 712 553 0 179
lay 1576 728 126 0 179
lay 1784 728 28 0 179
trop 2052 708 153 179 179
trop 2412 708 15 179 179
fre 2924 708 14 179 179
fre 2988 724 14 179 179
tree 136 760 124 0 179
tree 136 744 122 0 179
stand 712 760 535 0 179
stand 744 760 535 0 179
stand 776 760 535 0 179
tree 792 744 122 0 179
tree 824 744 46 0 179
tree 808 744 125 0 179
stand 808 760 535 0 179
tree 840 744 97 0 179
stand 840 760 535 0 179
tree 872 744 16 0 179
tree 888 744 69 0 179
stand 872 760 535 0 179
stand 904 760 535 0 179
stand 1048 760 534 0 179
lay 1928 760 28 0 179
lay 2360 760 28 0 179
trop 3076 764 73 179 179
tree 120 792 103 0 179
tree 328 792 102 0 179
stand 696 776 534 0 179
stand 696 792 534 0 179
tree 680 776 68 0 179
tree 680 792 73 0 179
lay 968 792 65 0 179
stand 1048 792 534 0 179
lay 2184 776 28 0 179
tree 120 808 10 0 179
tree 136 824 122 0 179
tree 136 808 33 0 179
tree 328 824 109 0 179
tree 344 824 9 0 179
tree 328 808 31 0 179
stand 696 824 534 0 179
tree 680 808 109 0 179
tree 680 824 31 0 179
lay 744 824 65 0 179
stand 792 808 268 0 179
lay 776 824 65 0 179
stand 1048 824 534 0 179
trop 2044 828 73 179 179
tree 3032 824 32 0 179
trop 3596 804 73 179 179
tree 136 856 65 0 179
tree 136 840 103 0 179
tree 328 840 75 0 179
tree 344 840 105 0 179
tree 344 856 6 0 179
stand 648 856 268 0 179
stand 696 856 534 0 179
lay 856 840 65 0 179
stand 1048 856 534 0 179
tree 1720 840 10 0 179
tree 1752 840 10 0 179
tree 1800 840 10 0 179
tree 1800 856 65 0 179
tree 1832 840 94 0 179
tree 1848 856 65 0 179
tree 1864 856 92 0 179
tree 1880 856 65 0 179
tree 1896 840 92 0 179
tree 1928 856 94 0 179
tree 1944 856 123 0 179
tree 1976 856 10 0 179
tree 3032 840 8 0 179
tree 3032 856 6 0 179
trop 3076 844 73 179 179
tree 136 888 122 0 179
tree 136 872 92 0 179
tree 152 872 123 0 179
stand 696 888 534 0 179
stand 840 872 649 0 179
stand 1048 888 534 0 179
trop 1668 884 73 179 179
trop 2044 876 153 179 179
tree 2600 872 18 0 179
tree 2632 872 110 0 179
tree 2648 872 53 0 179
tree 2664 872 23 0 179
tree 2696 872 9 0 179
tree 3944 888 103 0 179
tree 3960 888 94 0 179
tree 136 904 103 0 179
tree 152 920 10 0 179
tree 152 904 10 0 179
stand 696 920 534 0 179
lay 760 920 65 0 179
lay 968 904 65 0 179
stand 1048 920 534 0 179
trop 1788 900 72 179 179
trop 1924 900 72 179 179
trop 2196 908 72 179 179
trop 2332 908 72 179 179
trop 2460 916 72 179 179
trop 2588 916 72 179 179
trop 2732 908 72 179 179
trop 2852 908 72 179 179
trop 2956 908 72 179 179
trop 3068 908 72 179 179
trop 3188 908 72 179 179
trop 3292 908 72 179 179
trop 3404 908 72 179 179
trop 3524 908 72 179 179
trop 3604 908 73 179 179
tree 3944 920 33 0 179
tree 3944 904 65 0 179
tree 152 952 124 0 179
tree 152 936 10 0 179
tree 168 952 104 0 179
stand 696 952 534 0 179
tree 680 936 56 0 179
stand 1048 952 534 0 179
tree 1560 936 104 0 179
tree 1544 952 124 0 179
tree 1592 936 94 0 179
tree 1608 952 104 0 179
tree 1608 936 65 0 179
trop 3068 956 73 179 179
tree 3928 952 33 0 179
tree 3928 936 94 0 179
tree 152 984 122 0 179
tree 136 984 123 0 179
tree 136 968 65 0 179
tree 152 968 123 0 179
tree 184 968 93 0 179
trop 580 980 206 179 179
stand 696 984 534 0 179
tree 696 984 28 0 179
tree 680 968 95 0 179
lay 1000 984 65 0 179
stand 1048 984 534 0 179
lay 1592 968 1 0 179
lay 1928 984 28 0 179
stand 2024 968 47 0 179
trop 2044 980 73 179 179
trop 2404 980 73 179 179
tree 3928 968 123 0 179
tree 3928 984 124 0 179
tree 136 1016 124 0 179
tree 152 1016 104 0 179
tree 152 1000 123 0 179
tree 168 1000 123 0 179
tree 184 1000 104 0 179
stand 648 1000 268 0 179
tree 696 1016 122 0 179
stand 712 1000 535 0 179
tree 728 1016 94 0 179
stand 744 1000 535 0 179
tree 760 1016 10 0 179
tree 744 1016 104 0 179
stand 776 1000 535 0 179
tree 776 1016 122 0 179
stand 808 1000 535 0 179
stand 840 1000 535 0 179
stand 872 1000 535 0 179
stand 904 1000 535 0 179
stand 936 1000 535 0 179
stand 968 1000 535 0 179
stand 1000 1000 535 0 179
stand 1032 1000 535 0 179
trop 1668 1012 73 179 179
lay 1784 1016 28 0 179
trop 2044 1020 153 179 179
trop 3076 1012 73 179 179
trop 3604 1012 73 179 179
tree 3928 1016 92 0 179
tree 3944 1016 10 0 179
tree 3944 1000 94 0 179
tree 152 1048 124 0 179
tree 152 1032 65 0 179
tree 168 1032 124 0 179
tree 792 1032 93 0 179
tree 824 1032 104 0 179
tree 840 1032 104 0 179
tree 1016 1032 4 0 179
tree 1000 1032 21 0 179
fre 1036 1052 14 179 179
tree 1032 1032 23 0 179
fre 1108 1028 191 179 179
tree 2440 1048 29 0 179
lay 2856 1048 28 0 179
tree 3928 1048 10 0 179
tree 3928 1032 33 0 179
tree 152 1080 123 0 179
tree 152 1064 33 0 179
trop 236 1060 206 179 179
fre 852 1076 14 179 179
dom 928 1056 7 0 179
trop 1668 1076 73 179 179
trop 2404 1060 73 179 179
tree 2440 1064 30 0 179
tree 2440 1080 120 0 179
lay 2632 1064 28 0 179
tree 3112 1080 104 0 179
fre 3164 1084 191 179 179
tree 3928 1064 124 0 179
tree 3944 1080 124 0 179
tree 3944 1064 124 0 179
tree 152 1112 122 0 179
tree 152 1096 33 0 179
trop 548 1116 72 179 179
trop 676 1116 72 179 179
tree 1384 1096 103 0 179
tree 1400 1096 123 0 179
tree 1432 1096 123 0 179
tree 1448 1096 124 0 179
tree 1496 1112 94 0 179
tree 1528 1112 45 0 179
tree 2440 1096 32 0 179
tree 2440 1112 29 0 179
stand 2920 1096 699 0 179
tree 3640 1112 95 0 179
tree 3640 1096 4 0 179
tree 3656 1096 102 0 179
tree 3944 1112 122 0 179
tree 3944 1096 93 0 179
tree 152 1144 33 0 179
tree 152 1128 93 0 179
fre 764 1124 14 179 179
trop 828 1124 72 179 179
trop 980 1148 70 179 179
trop 1156 1132 75 179 179
trop 1324 1132 72 179 179
tree 1496 1128 121 0 179
tree 1480 1128 17 0 179
tree 1528 1128 81 0 179
tree 1512 1128 0 0 179
tree 1560 1144 67 0 179
tree 1560 1128 16 0 179
tree 1544 1128 46 0 179
tree 1592 1144 84 0 179
dom 1600 1120 9 0 179
lay 1912 1128 28 0 179
stand 2008 1144 554 0 179
trop 2044 1132 73 179 179
tree 2440 1128 18 0 179
stand 2696 1144 634 0 179
stand 2968 1128 698 0 179
fre 2948 1132 222 179 179
stand 3000 1128 698 0 179
dom 3072 1120 8 0 179
trop 3612 1140 73 179 179
tree 3640 1144 73 0 179
tree 3640 1128 75 0 179
tree 3960 1144 33 0 179
tree 3944 1144 104 0 179
tree 3944 1128 103 0 179
tree 152 1176 123 0 179
tree 152 1160 92 0 179
fre 676 1180 14 179 179
trop 1108 1180 72 179 179
trop 1460 1164 72 179 179
trop 1580 1172 72 179 179
trop 1668 1172 73 179 179
lay 1800 1160 28 0 179
stand 1992 1176 0 0 179
trop 2044 1180 153 179 179
lay 2504 1176 28 0 179
tree 2648 1176 93 0 179
zabor 2672 1168 29 0 8
zabor 2704 1168 26 0 8
zabor 2736 1168 29 0 8
zabor 2768 1168 29 0 8
tree 2792 1176 124 0 179
tree 2808 1176 104 0 179
tree 2824 1176 92 0 179
tree 2840 1176 123 0 179
tree 2856 1176 94 0 179
tree 2872 1176 103 0 179
tree 2888 1176 33 0 179
tree 2904 1176 10 0 179
tree 2920 1176 124 0 179
trop 3204 1164 105 179 179
trop 3348 1180 72 179 179
trop 3484 1180 72 179 179
trop 3524 1180 72 179 179
tree 3640 1176 109 0 179
tree 3640 1160 111 0 179
tree 3656 1176 18 0 179
tree 3656 1160 68 0 179
tree 3960 1176 94 0 179
tree 3960 1160 92 0 179
tree 152 1208 33 0 179
tree 152 1192 93 0 179
trop 292 1188 206 179 179
tree 1896 1208 104 0 179
tree 1976 1208 104 0 179
trop 2404 1188 73 179 179
tree 2648 1192 104 0 179
tree 2632 1192 10 0 179
tree 2648 1208 33 0 179
tree 2632 1208 33 0 179
zabor 2672 1200 28 0 8
zabor 2768 1200 27 0 8
zabor 2800 1200 28 0 8
zabor 2832 1200 25 0 8
zabor 2864 1200 27 0 8
zabor 2896 1200 25 0 8
zabor 2928 1200 25 0 8
zabor 2960 1200 24 0 8
tree 3960 1208 123 0 179
tree 3960 1192 92 0 179
tree 152 1240 123 0 179
tree 136 1240 10 0 179
tree 152 1224 94 0 179
tree 184 1224 10 0 179
lay 2216 1240 90 0 179
tree 2632 1224 93 0 179
zabor 2672 1232 24 0 8
lay 2712 1240 107 0 179
lay 2808 1240 107 0 179
lay 2888 1224 107 0 179
zabor 2960 1232 26 0 8
tree 2984 1224 103 0 179
tree 2984 1240 103 0 179
trop 3076 1228 73 179 179
tree 3944 1240 103 0 179
tree 3960 1240 103 0 179
tree 3944 1224 122 0 179
tree 152 1256 123 0 179
tree 152 1272 33 0 179
tree 136 1256 33 0 179
tree 168 1272 104 0 179
trop 1148 1276 73 179 179
stand 1896 1272 695 0 179
dom 1952 1248 8 0 179
trop 2044 1260 73 179 179
lay 2168 1272 191 0 179
tree 2216 1256 120 0 179
zabor 2672 1264 30 0 8
zabor 2960 1264 25 0 8
tree 2984 1256 33 0 179
tree 2984 1272 10 0 179
trop 3620 1252 73 179 179
stand 3640 1256 63 0 179
tree 3960 1272 33 0 179
tree 3960 1256 104 0 179
tree 3944 1256 65 0 179
tree 152 1304 93 0 179
tree 168 1288 33 0 179
trop 1668 1292 73 179 179
stand 2024 1288 47 0 179
trop 2404 1308 73 179 179
zabor 2672 1296 26 0 8
zabor 2960 1296 28 0 8
tree 2968 1288 92 0 179
tree 2968 1304 65 0 179
tree 2984 1288 10 0 179
tree 3960 1304 92 0 179
tree 3960 1288 10 0 179
tree 152 1320 93 0 179
tree 152 1336 122 0 179
trop 860 1316 206 179 179
stand 1976 1320 708 0 179
trop 2044 1340 153 179 179
lay 2280 1320 191 0 179
lay 2520 1336 28 0 179
tree 2648 1336 65 0 179
zabor 2672 1328 26 0 8
lay 2712 1336 107 0 179
lay 2792 1336 107 0 179
lay 2888 1336 107 0 179
zabor 2960 1328 25 0 8
tree 2968 1320 94 0 179
dom 3744 1312 168 0 179
tree 3960 1336 10 0 179
tree 3960 1320 33 0 179
tree 152 1352 104 0 179
tree 152 1368 104 0 179
trop 252 1356 206 179 179
tree 504 1368 6 0 179
tree 536 1368 31 0 179
tree 552 1368 105 0 179
tree 568 1368 68 0 179
tree 584 1368 120 0 179
stand 664 1368 708 0 179
tree 1304 1352 64 1 179
tree 1352 1368 30 0 179
tree 1368 1368 117 0 179
tree 1384 1368 31 0 179
tree 2008 1352 53 0 179
tree 2008 1368 68 0 179
tree 1992 1368 24 0 179
lay 2216 1352 192 0 179
tree 2648 1368 65 0 179
zabor 2672 1360 27 0 8
zabor 2960 1360 25 0 8
tree 3976 1352 104 0 179
tree 3992 1352 122 0 179
tree 3992 1368 104 0 179
tree 3976 1368 65 0 179
tree 152 1384 104 0 179
tree 136 1384 33 0 179
tree 136 1400 104 0 179
tree 152 1400 10 0 179
trop 284 1388 246 179 179
zabor 464 1392 29 0 8
zabor 496 1392 30 0 8
zabor 528 1392 30 0 8
zabor 560 1392 26 0 8
zabor 592 1392 27 0 8
zabor 624 1392 28 0 8
zabor 656 1392 24 0 8
zabor 688 1392 28 0 8
zabor 720 1392 29 0 8
zabor 752 1392 24 0 8
trop 1140 1404 73 179 179
tree 1240 1400 106 0 179
zabor 1264 1392 26 0 8
zabor 1296 1392 29 0 8
zabor 1328 1392 25 0 8
zabor 1360 1392 26 0 8
tree 1352 1384 102 0 179
zabor 1392 1392 25 0 8
zabor 1424 1392 27 0 8
trop 1668 1404 73 179 179
trop 2044 1388 73 179 179
tree 2232 1384 24 0 179
tree 2648 1384 10 0 179
tree 2648 1400 93 0 179
zabor 2672 1392 28 0 8
trop 3628 1380 73 179 179
tree 3960 1400 94 0 179
tree 3960 1384 94 0 179
tree 3992 1400 123 0 179
tree 3976 1400 92 0 179
tree 4008 1384 123 0 179
tree 136 1432 93 0 179
tree 136 1416 65 0 179
trop 276 1412 246 179 179
trop 260 1436 246 179 179
dom 416 1408 4 0 179
zabor 464 1424 30 0 8
zabor 752 1424 31 0 8
tree 1240 1416 96 0 179
tree 1240 1432 8 0 179
tree 1224 1432 23 0 179
zabor 1264 1424 29 0 8
stand 1304 1432 267 0 179
zabor 1520 1424 30 0 8
lay 2216 1416 90 0 179
trop 2412 1436 73 179 179
tree 2632 1416 10 0 179
zabor 2672 1424 27 0 8
lay 2712 1432 107 0 179
zabor 2960 1424 31 0 8
trop 3068 1412 104 179 179
fre 3060 1412 272 179 179
tree 3656 1416 117 0 179
tree 3960 1416 65 0 179
tree 3992 1416 65 0 179
tree 3992 1432 33 0 179
tree 3976 1432 94 0 179
tree 152 1448 93 0 179
tree 168 1448 94 0 179
trop 244 1460 246 179 179
tree 440 1464 93 0 179
zabor 464 1456 26 0 8
lay 552 1448 64 0 179
zabor 752 1456 30 0 8
tree 792 1464 24 0 179
stand 1224 1464 268 0 179
tree 1224 1448 4 0 179
zabor 1264 1456 26 0 8
stand 1336 1448 267 0 179
lay 1320 1448 64 0 179
zabor 1520 1456 28 0 8
stand 1592 1448 276 0 179
lay 2152 1448 191 0 179
lay 2568 1464 28 0 179
tree 2616 1464 75 0 179
zabor 2672 1456 25 0 8
lay 2824 1448 107 0 179
lay 2904 1448 107 0 179
zabor 2960 1456 26 0 8
tree 3656 1448 21 0 179
tree 3672 1448 117 0 179
tree 3672 1464 105 0 179
tree 3992 1448 103 0 179
tree 3992 1464 33 0 179
tree 3976 1464 10 0 179
tree 3976 1448 103 0 179
tree 4008 1464 94 0 179
trop 228 1484 246 179 179
tree 440 1480 104 0 179
zabor 464 1488 31 0 8
lay 536 1480 64 0 179
lay 648 1480 64 0 179
lay 664 1480 64 0 179
zabor 752 1488 29 0 8
tree 792 1480 96 0 179
tree 776 1480 108 0 179
tree 776 1496 32 0 179
zabor 1264 1488 30 0 8
lay 1336 1496 64 0 179
lay 1448 1480 64 0 179
zabor 1520 1488 27 0 8
tree 1528 1480 33 0 179
tree 1544 1480 103 0 179
tree 1544 1496 94 0 179
trop 2044 1500 153 179 179
tree 2632 1496 35 0 179
zabor 2672 1488 27 0 8
zabor 2704 1488 26 0 8
zabor 2736 1488 28 0 8
zabor 2768 1488 28 0 8
zabor 2800 1488 26 0 8
zabor 2832 1488 31 0 8
zabor 2864 1488 29 0 8
zabor 2896 1488 29 0 8
zabor 2928 1488 24 0 8
zabor 2960 1488 30 0 8
trop 3636 1500 73 179 179
tree 3672 1480 18 0 179
tree 3672 1496 32 0 179
tree 3992 1480 122 0 179
tree 3976 1480 92 0 179
tree 3992 1496 33 0 179
trop 220 1508 246 179 179
trop 228 1532 207 179 179
zabor 464 1520 24 0 8
zabor 752 1520 30 0 8
tree 792 1512 21 0 179
tree 792 1528 4 0 179
zabor 1264 1520 26 0 8
stand 1384 1512 649 0 179
lay 1480 1512 64 0 179
zabor 1520 1520 28 0 8
tree 1528 1528 104 0 179
zabor 1552 1520 26 0 8
tree 1544 1512 10 0 179
stand 1592 1528 276 0 179
trop 1676 1532 73 179 179
trop 2044 1524 73 179 179
tree 2632 1512 107 0 179
tree 2632 1528 32 0 179
fre 2684 1524 223 179 179
fre 2716 1532 223 179 179
tree 2712 1512 33 0 179
tree 2760 1528 92 0 179
tree 2776 1528 122 0 179
fre 2812 1532 223 179 179
tree 2792 1528 93 0 179
tree 2808 1528 92 0 179
fre 2868 1532 223 179 179
tree 2936 1528 108 0 179
tree 2920 1528 29 0 179
tree 2952 1512 53 0 179
tree 2952 1528 117 0 179
fre 3004 1508 191 179 179
trop 3076 1524 73 179 179
vor 3756 1524 24 179 179
tree 3976 1512 10 0 179
tree 3992 1512 123 0 179
dom 192 1536 169 0 179
zabor 464 1552 31 0 8
zabor 752 1552 31 0 8
tree 792 1560 75 0 179
trop 1140 1540 73 179 179
lay 1224 1560 210 0 179
zabor 1264 1552 26 0 8
lay 1400 1560 64 0 179
zabor 1520 1552 28 0 8
tree 1528 1544 122 0 179
tree 1544 1560 92 0 179
dom 1792 1536 8 0 179
trop 2404 1556 73 179 179
tree 3688 1544 21 0 179
tree 3992 1560 122 0 179
tree 4008 1560 122 0 179
tree 4008 1544 65 0 179
tree 424 1576 122 0 179
zabor 464 1584 27 0 8
zabor 752 1584 27 0 8
zabor 1264 1584 27 0 8
lay 1352 1576 64 0 179
zabor 1520 1584 28 0 8
tree 1544 1592 123 0 179
stand 2024 1576 47 0 179
lay 2728 1592 28 0 179
lay 2824 1576 28 0 179
tree 3592 1576 108 0 179
tree 3592 1592 32 0 179
tree 3992 1592 103 0 179
tree 3992 1576 94 0 179
tree 184 1624 2 0 179
tree 168 1624 126 0 179
tree 424 1608 92 0 179
tree 440 1624 65 0 179
zabor 464 1616 27 0 8
lay 568 1608 64 0 179
zabor 752 1616 29 0 8
zabor 1264 1616 28 0 8
zabor 1520 1616 29 0 8
lay 1528 1608 64 0 179
tree 1544 1608 122 0 179
tree 1544 1624 92 0 179
lay 1960 1624 191 0 179
fre 2148 1620 272 179 179
fre 2308 1620 272 179 179
trop 3116 1612 70 179 179
tree 3592 1608 111 0 179
tree 3592 1624 28 0 179
trop 3644 1604 73 179 179
tree 3992 1608 10 0 179
tree 4008 1624 122 0 179
tree 4008 1608 104 0 179
tree 168 1640 34 0 179
tree 168 1656 114 0 179
tree 440 1656 105 0 179
tree 440 1640 124 0 179
zabor 464 1648 26 0 8
zabor 752 1648 26 0 8
zabor 1264 1648 30 0 8
zabor 1296 1648 31 0 8
zabor 1328 1648 29 0 8
lay 1320 1656 64 0 179
zabor 1360 1648 31 0 8
zabor 1392 1648 25 0 8
zabor 1424 1648 25 0 8
zabor 1456 1648 28 0 8
zabor 1488 1648 31 0 8
zabor 1520 1648 28 0 8
tree 1528 1640 104 0 179
stand 1576 1640 276 0 179
trop 1668 1652 73 179 179
fre 1748 1644 191 179 179
trop 2044 1644 153 179 179
trop 2044 1644 73 179 179
tree 3592 1640 73 0 179
tree 3608 1656 18 0 179
tree 3592 1656 73 0 179
tree 4008 1656 124 0 179
tree 4008 1640 10 0 179
tree 168 1672 70 0 179
tree 168 1688 2 0 179
tree 440 1688 109 0 179
zabor 464 1680 31 0 8
tree 456 1688 75 0 179
lay 696 1672 64 0 179
zabor 752 1680 27 0 8
trop 1148 1676 73 179 179
tree 1288 1688 110 0 179
tree 1304 1672 107 0 179
tree 1304 1688 105 0 179
tree 1352 1672 33 0 179
fre 1404 1684 14 179 179
tree 1400 1688 103 0 179
tree 1432 1688 122 0 179
tree 1448 1688 104 0 179
tree 1464 1688 10 0 179
fre 1508 1692 14 179 179
stand 1608 1672 268 0 179
tree 1816 1688 98 0 179
tree 1848 1688 0 0 179
tree 1832 1688 15 0 179
tree 1880 1688 121 0 179
tree 1864 1688 48 0 179
tree 1912 1688 13 0 179
tree 1896 1688 48 0 179
tree 1944 1688 97 0 179
tree 1928 1672 101 0 179
trop 2396 1684 73 179 179
tree 2440 1672 0 0 179
tree 2440 1688 97 0 179
trop 3228 1684 71 179 179
tree 3592 1672 9 0 179
tree 3592 1688 102 0 179
tree 4008 1688 123 0 179
tree 4008 1672 94 0 179
tree 168 1704 33 0 179
tree 168 1720 92 0 179
tree 440 1720 95 0 179
tree 440 1704 75 0 179
zabor 464 1712 25 0 8
lay 552 1720 64 0 179
zabor 752 1712 31 0 8
stand 744 1720 702 0 179
stand 1320 1704 268 0 179
tree 1912 1704 69 0 179
tree 1944 1704 81 0 179
dom 2496 1696 8 0 179
tree 3592 1704 42 0 179
trop 3644 1724 73 179 179
tree 4008 1720 94 0 179
fre 76 1732 46 179 179
fre 188 1748 46 179 179
tree 168 1736 93 0 179
tree 168 1752 103 0 179
fre 332 1732 46 179 179
tree 440 1752 42 0 179
tree 440 1736 53 0 179
zabor 464 1744 24 0 8
zabor 752 1744 24 0 8
fre 1324 1756 14 179 179
fre 1564 1732 14 179 179
trop 1740 1740 72 179 179
trop 1852 1756 72 179 179
trop 1940 1756 72 179 179
tree 2936 1752 122 0 179
tree 2936 1736 33 0 179
tree 2952 1736 104 0 179
tree 2968 1752 33 0 179
tree 2984 1752 65 0 179
tree 3000 1752 104 0 179
tree 3016 1752 10 0 179
tree 3032 1752 124 0 179
tree 3048 1752 10 0 179
tree 3064 1752 122 0 179
tree 3080 1752 123 0 179
tree 3096 1752 93 0 179
tree 4008 1752 104 0 179
tree 4008 1736 122 0 179
tree 168 1768 93 0 179
tree 168 1784 122 0 179
tree 440 1768 124 0 179
zabor 464 1776 27 0 8
zabor 496 1776 29 0 8
zabor 528 1776 24 0 8
zabor 560 1776 24 0 8
zabor 592 1776 30 0 8
zabor 624 1776 31 0 8
zabor 656 1776 25 0 8
zabor 688 1776 30 0 8
zabor 720 1776 25 0 8
zabor 752 1776 24 0 8
fre 1236 1764 14 179 179
fre 1388 1772 14 179 179
lay 1528 1784 64 0 179
fre 1556 1788 14 179 179
zabor 1712 1776 30 0 8
zabor 1744 1776 27 0 8
zabor 1776 1776 31 0 8
zabor 1808 1776 28 0 8
zabor 1840 1776 31 0 8
zabor 1872 1776 29 0 8
zabor 1904 1776 26 0 8
zabor 1936 1776 27 0 8
zabor 1968 1776 27 0 8
zabor 2000 1776 28 0 8
trop 2044 1788 153 179 179
trop 2148 1764 72 179 179
trop 2212 1772 72 179 179
trop 2324 1780 72 179 179
trop 2460 1780 72 179 179
trop 2556 1788 72 179 179
tree 4008 1768 94 0 179
tree 4024 1768 122 0 179
trop 100 1804 72 179 179
tree 168 1800 33 0 179
trop 228 1820 72 179 179
zabor 432 1808 30 0 8
tree 1096 1816 40 0 179
dom 1152 1792 8 0 179
tree 1240 1816 124 0 179
tree 1256 1816 65 0 179
tree 1272 1816 92 0 179
tree 1288 1816 122 0 179
tree 1304 1816 92 0 179
tree 1320 1816 10 0 179
tree 1336 1816 123 0 179
tree 1352 1816 10 0 179
tree 1368 1816 65 0 179
tree 1384 1816 124 0 179
trop 1668 1796 73 179 179
zabor 1712 1808 30 0 8
fre 1948 1820 1 179 179
zabor 2000 1808 25 0 8
stand 2216 1816 281 0 179
stand 2392 1816 281 0 179
tree 2472 1816 109 0 179
trop 2676 1796 72 179 179
trop 2788 1796 72 179 179
trop 2908 1796 72 179 179
trop 3004 1804 72 179 179
trop 3132 1812 72 179 179
trop 3260 1820 73 179 179
trop 3268 1804 72 179 179
trop 3372 1812 72 179 179
trop 3492 1812 72 179 179
trop 3620 1812 72 179 179
trop 3740 1820 72 179 179
trop 3876 1820 72 179 179
trop 340 1828 72 179 179
trop 476 1836 72 179 179
trop 604 1836 72 179 179
trop 724 1844 72 179 179
trop 844 1852 72 179 179
trop 972 1852 72 179 179
tree 1400 1832 65 0 179
tree 1416 1832 103 0 179
tree 1432 1832 94 0 179
tree 1448 1832 122 0 179
zabor 1712 1840 29 0 8
fre 1780 1836 1 179 179
fre 1820 1836 272 179 179
fre 1884 1828 1 179 179
fre 1948 1852 272 179 179
zabor 2000 1840 29 0 8
fre 2132 1852 46 179 179
tree 2136 1848 18 0 179
stand 2168 1848 535 0 179
tree 2152 1832 105 0 179
tree 2168 1832 18 0 179
stand 2200 1848 535 0 179
stand 2232 1848 535 0 179
stand 2264 1848 535 0 179
stand 2296 1848 535 0 179
stand 2328 1848 535 0 179
stand 2360 1848 535 0 179
stand 2392 1848 535 0 179
stand 2424 1848 535 0 179
stand 2456 1848 535 0 179
tree 2456 1832 30 0 179
tree 2440 1832 107 0 179
stand 2488 1848 535 0 179
tree 2472 1832 108 0 179
fre 2516 1852 46 179 179
tree 2504 1832 18 0 179
tree 2776 1832 93 0 179
tree 2760 1848 92 0 179
tree 2824 1848 70 0 179
trop 4004 1828 72 179 179
tree 184 1864 60 0 179
tree 184 1880 114 0 179
tree 200 1864 126 0 179
tree 264 1864 33 0 179
trop 340 1884 216 179 179
trop 1108 1860 72 179 179
trop 1236 1860 72 179 179
trop 1364 1868 72 179 179
trop 1492 1876 72 179 179
trop 1620 1876 72 179 179
zabor 1712 1872 25 0 8
fre 1940 1876 1 179 179
stand 2008 1864 47 0 179
zabor 2000 1872 27 0 8
tree 2120 1880 117 0 179
tree 2136 1880 6 0 179
stand 2152 1864 534 0 179
stand 2504 1864 534 0 179
stand 2552 1864 11 0 179
tree 2872 1864 34 0 179
tree 3448 1864 120 0 179
tree 3480 1864 32 0 179
tree 3512 1864 109 0 179
tree 3496 1864 110 0 179
tree 3528 1864 35 0 179
tree 3912 1880 117 0 179
tree 3944 1880 110 0 179
tree 3976 1880 42 0 179
fre 100 1892 6 179 179
tree 184 1896 40 0 179
tree 184 1912 70 0 179
fre 220 1900 6 179 179
tree 216 1912 45 0 179
tree 232 1912 47 0 179
lay 232 1896 126 0 179
tree 248 1912 103 0 179
lay 264 1912 126 0 179
trop 324 1916 216 179 179
zabor 1712 1904 24 0 8
fre 1844 1892 1 179 179
zabor 2000 1904 27 0 8
tree 2120 1896 18 0 179
stand 2152 1896 534 0 179
stand 2200 1896 648 0 179
stand 2280 1896 648 0 179
stand 2328 1896 648 1 179
stand 2376 1896 648 0 179
stand 2440 1912 648 1 179
stand 2472 1896 648 0 179
stand 2536 1896 280 0 179
tree 3896 1912 23 0 179
fre 124 1948 46 179 179
tree 168 1944 26 0 179
tree 184 1928 126 0 179
tree 168 1928 85 0 179
tree 216 1944 60 0 179
tree 200 1928 71 0 179
tree 200 1944 33 0 179
tree 232 1944 26 0 179
tree 232 1928 66 0 179
lay 248 1928 126 0 179
fre 396 1940 6 179 179
fre 476 1940 6 179 179
tree 680 1944 10 0 179
trop 1060 1940 73 179 179
zabor 1712 1936 25 0 8
fre 1964 1932 1 179 179
zabor 2000 1936 24 0 8
trop 2036 1932 153 179 179
trop 2028 1940 73 179 179
stand 2136 1944 281 0 179
stand 2152 1928 534 0 179
stand 2232 1944 648 1 179
stand 2504 1928 534 0 179
stand 2536 1928 280 0 179
trop 3260 1948 73 179 179
tree 3912 1944 4 0 179
lay 168 1976 4 0 179
tree 200 1960 103 0 179
lay 232 1976 126 0 179
trop 332 1956 216 179 179
stand 440 1976 535 0 179
stand 472 1976 535 0 179
stand 504 1976 535 0 179
stand 536 1976 535 0 179
stand 568 1976 535 0 179
stand 600 1976 535 0 179
stand 632 1976 535 0 179
tree 632 1960 92 0 179
stand 664 1976 535 0 179
tree 648 1960 10 0 179
tree 664 1960 122 0 179
stand 696 1976 535 0 179
tree 680 1960 10 0 179
tree 696 1960 103 0 179
fre 1164 1980 272 179 179
fre 1372 1980 272 179 179
tree 1688 1960 15 0 179
zabor 1712 1968 30 0 8
fre 1772 1964 1 179 179
fre 1844 1980 1 179 179
fre 1900 1956 1 179 179
zabor 2000 1968 27 0 8
stand 2152 1960 534 0 179
stand 2200 1960 648 0 179
stand 2296 1960 648 0 179
stand 2392 1960 648 0 179
stand 2472 1960 648 0 179
stand 2504 1960 534 0 179
stand 2536 1976 280 0 179
stand 2536 1960 280 0 179
tree 3896 1960 18 0 179
tree 3912 1960 117 0 179
fre 84 1996 46 179 179
stand 136 2008 267 0 179
lay 168 2008 4 0 179
lay 184 2008 126 0 179
trop 316 1996 216 179 179
trop 324 2012 216 179 179
stand 424 1992 534 0 179
stand 712 1992 534 0 179
trop 1060 2012 73 179 179
fre 1524 1988 272 179 179
tree 1688 1992 66 0 179
zabor 1712 2000 25 0 8
tree 1704 2008 97 0 179
zabor 2000 2000 30 0 8
stand 2152 1992 534 0 179
stand 2504 1992 534 0 179
stand 2536 2008 280 0 179
tree 3112 2008 31 0 179
tree 3160 2008 24 0 179
tree 3144 2008 95 0 179
tree 3880 2008 29 0 179
tree 3880 1992 24 0 179
tree 3896 1992 106 0 179
trop 324 2028 216 179 179
stand 424 2024 534 0 179
stand 472 2024 648 0 179
stand 536 2024 648 0 179
trop 572 2036 145 179 179
stand 600 2024 648 0 179
trop 660 2028 145 179 179
stand 664 2024 648 0 179
stand 712 2024 534 0 179
stand 824 2024 751 0 179
zabor 1712 2032 30 0 8
zabor 1744 2032 24 0 8
zabor 1776 2032 27 0 8
zabor 1808 2032 27 0 8
zabor 1840 2032 28 0 8
zabor 1872 2032 30 0 8
zabor 1904 2032 27 0 8
zabor 1968 2032 31 0 8
zabor 2000 2032 28 0 8
stand 2152 2024 534 0 179
stand 2504 2024 534 0 179
tree 2872 2040 42 0 179
zabor 2896 2032 28 0 8
zabor 2928 2032 26 0 8
zabor 2960 2032 26 0 8
zabor 2992 2032 30 0 8
zabor 3024 2032 24 0 8
zabor 3056 2032 25 0 8
zabor 3088 2032 25 0 8
zabor 3120 2032 31 0 8
zabor 3152 2032 25 0 8
zabor 3184 2032 29 0 8
zabor 3216 2032 25 0 8
tree 3896 2040 42 0 179
tree 3896 2024 105 0 179
tree 152 2056 55 0 179
tree 152 2072 5 0 179
lay 264 2056 126 0 179
trop 308 2068 216 179 179
trop 308 2060 73 179 179
stand 424 2056 534 0 179
trop 500 2052 145 179 179
stand 712 2056 534 0 179
stand 760 2056 768 0 179
stand 856 2072 682 0 179
tree 1736 2056 104 0 179
tree 1752 2056 93 0 179
tree 1768 2072 92 0 179
tree 1768 2056 124 0 179
tree 1784 2056 93 0 179
tree 1800 2056 123 0 179
tree 1976 2056 103 0 179
tree 1992 2056 122 0 179
trop 2036 2060 153 179 179
stand 2152 2056 534 0 179
stand 2504 2056 534 0 179
stand 2584 2072 634 0 179
zabor 2896 2064 24 0 8
tree 2888 2072 29 0 179
stand 2952 2072 11 0 179
fre 2956 2068 46 179 179
tree 3000 2056 92 0 179
tree 3032 2056 92 0 179
tree 3064 2056 92 0 179
tree 3096 2056 92 0 179
tree 3128 2056 92 0 179
tree 3160 2056 92 0 179
tree 3176 2056 92 0 179
zabor 3216 2064 28 0 8
tree 3896 2056 68 0 179
tree 168 2088 113 0 179
tree 168 2104 1 0 179
stand 232 2088 708 0 179
lay 232 2104 126 0 179
stand 424 2088 534 0 179
stand 472 2104 648 0 179
stand 536 2104 648 0 179
stand 600 2104 648 0 179
stand 664 2104 648 0 179
stand 712 2088 534 0 179
stand 920 2088 553 0 179
fre 1268 2108 272 179 179
fre 1500 2092 272 179 179
fre 1932 2100 191 179 179
trop 2028 2092 73 179 179
stand 2152 2088 534 0 179
fre 2868 2084 46 179 179
tree 2872 2088 39 0 179
zabor 2896 2096 26 0 8
tree 3000 2088 92 0 179
tree 3032 2088 92 0 179
tree 3064 2088 92 0 179
tree 3096 2088 92 0 179
tree 3128 2088 92 0 179
tree 3160 2088 92 0 179
zabor 3216 2096 26 0 8
trop 3268 2100 73 179 179
tree 3896 2104 107 0 179
tree 3896 2088 56 0 179
stand 216 2136 64 0 179
lay 200 2120 126 0 179
trop 276 2140 216 179 179
trop 292 2124 216 179 179
stand 424 2120 534 0 179
trop 588 2132 145 179 179
trop 660 2132 145 179 179
stand 712 2120 534 0 179
trop 1060 2124 73 179 179
stand 2152 2120 534 0 179
zabor 2896 2128 25 0 8
tree 2936 2120 92 0 179
tree 2968 2136 92 0 179
tree 3000 2120 92 0 179
tree 3032 2120 92 0 179
tree 3064 2120 92 0 179
tree 3096 2120 92 0 179
tree 3112 2120 92 0 179
tree 3144 2120 92 0 179
tree 3160 2120 92 0 179
zabor 3216 2128 28 0 8
tree 3896 2120 73 0 179
tree 3912 2136 42 0 179
tree 3912 2120 117 0 179
trop 260 2164 216 179 179
stand 424 2152 534 0 179
stand 712 2152 534 0 179
dom 800 2144 6 0 179
stand 2008 2152 47 0 179
stand 2152 2152 534 0 179
stand 2168 2168 535 0 179
stand 2200 2168 535 0 179
stand 2232 2168 535 0 179
stand 2264 2168 535 0 179
stand 2296 2168 535 0 179
stand 2328 2168 535 0 179
stand 2360 2168 535 0 179
stand 2392 2168 535 0 179
stand 2424 2168 535 0 179
stand 2456 2168 535 0 179
stand 2488 2168 535 0 179
zabor 2896 2160 26 0 8
tree 2936 2152 92 0 179
tree 2968 2168 92 0 179
tree 3000 2152 92 0 179
tree 3032 2152 92 0 179
tree 3064 2152 92 0 179
tree 3096 2152 92 0 179
tree 3128 2152 92 0 179
tree 3160 2152 92 0 179
tree 3928 2168 100 0 179
tree 3928 2152 35 0 179
tree 3912 2152 105 0 179
trop 108 2180 216 179 179
trop 156 2188 216 179 179
dom 192 2176 7 0 179
trop 196 2188 216 179 179
trop 228 2180 216 179 179
stand 424 2184 534 0 179
stand 472 2200 648 0 179
trop 500 2180 145 179 179
stand 552 2200 648 0 179
stand 616 2200 648 0 179
stand 680 2200 648 0 179
stand 712 2184 534 0 179
tree 744 2200 93 0 179
tree 1128 2200 42 0 179
tree 1160 2200 29 0 179
tree 1176 2200 31 0 179
stand 1224 2200 280 0 179
stand 1272 2184 280 0 179
stand 1256 2200 280 0 179
stand 1320 2184 280 0 179
tree 1352 2184 123 0 179
tree 1368 2200 94 0 179
stand 1400 2200 280 0 179
tree 1384 2184 33 0 179
tree 1416 2200 93 0 179
tree 2184 2200 73 0 179
tree 2200 2200 117 0 179
tree 2280 2200 124 0 179
tree 2296 2200 123 0 179
tree 2312 2200 65 0 179
tree 2328 2200 10 0 179
tree 2344 2200 10 0 179
tree 2360 2200 103 0 179
tree 2376 2200 33 0 179
tree 2472 2184 64 1 179
tree 2488 2184 93 0 179
tree 2488 2200 94 0 179
cliff 2688 2192 113 179 179
tree 2856 2200 110 0 179
zabor 2896 2192 29 0 8
tree 2936 2184 92 0 179
tree 2968 2200 92 0 179
tree 3000 2184 92 0 179
tree 3032 2184 92 0 179
tree 3080 2184 92 0 179
tree 3080 2200 92 0 179
tree 3112 2184 92 0 179
tree 3144 2184 92 0 179
zabor 3216 2192 29 0 8
tree 3224 2184 6 0 179
tree 3224 2200 22 0 179
tree 3928 2200 32 0 179
tree 3928 2184 22 0 179
tree 3944 2200 28 0 179
trop 92 2228 216 179 179
trop 316 2212 73 179 179
stand 424 2216 534 0 179
stand 424 2232 534 0 179
stand 712 2216 534 0 179
tree 744 2216 93 0 179
tree 760 2216 94 0 179
tree 1080 2232 33 0 179
zabor 1104 2224 30 0 8
zabor 1136 2224 28 0 8
zabor 1168 2224 26 0 8
tree 1160 2216 111 0 179
zabor 1200 2224 24 0 8
zabor 1232 2224 30 0 8
zabor 1264 2224 28 0 8
zabor 1296 2224 25 0 8
zabor 1328 2224 29 0 8
zabor 1360 2224 24 0 8
zabor 1392 2224 27 0 8
zabor 1424 2224 26 0 8
trop 2028 2212 153 179 179
fre 2228 2212 46 179 179
stand 2248 2216 9 0 179
stand 2680 2216 690 0 179
cliff 2672 2208 46 179 179
tree 2872 2232 35 0 179
tree 2872 2216 53 0 179
zabor 2896 2224 25 0 8
tree 2936 2216 92 0 179
tree 2968 2216 92 0 179
tree 3000 2216 92 0 179
tree 3048 2216 92 0 179
tree 3080 2216 92 0 179
tree 3096 2232 92 0 179
tree 3112 2216 92 0 179
tree 3144 2216 92 0 179
tree 3160 2232 92 0 179
tree 3224 2216 96 0 179
tree 3944 2216 4 0 179
fre 132 2260 6 179 179
stand 168 2264 276 0 179
stand 424 2264 534 0 179
trop 500 2268 145 179 179
trop 604 2260 145 179 179
trop 668 2260 145 179 179
stand 712 2248 534 0 179
tree 744 2248 65 0 179
tree 744 2264 65 0 179
trop 1060 2252 73 179 179
tree 1080 2264 103 0 179
zabor 1104 2256 28 0 8
stand 1144 2264 277 0 179
stand 1208 2264 277 0 179
stand 1288 2264 277 0 179
stand 1368 2264 277 0 179
zabor 1424 2256 26 0 8
stand 1464 2264 280 0 179
trop 2028 2244 73 179 179
cliff 2672 2240 46 179 179
tree 2872 2264 42 0 179
tree 2872 2248 21 0 179
zabor 2896 2256 25 0 8
tree 2936 2248 92 0 179
tree 2968 2248 92 0 179
tree 3000 2248 92 0 179
tree 3016 2248 92 0 179
tree 3048 2248 92 0 179
tree 3080 2248 92 0 179
tree 3096 2264 92 0 179
tree 3128 2264 92 0 179
tree 3144 2248 92 0 179
tree 3144 2264 92 0 179
tree 3176 2248 92 0 179
zabor 3216 2256 25 0 8
tree 3224 2248 8 0 179
tree 3240 2264 35 0 179
trop 3292 2252 73 179 179
tree 3944 2264 39 0 179
tree 3944 2248 110 0 179
tree 152 2296 38 0 179
lay 200 2280 64 0 179
trop 244 2284 70 179 179
stand 424 2280 534 0 179
stand 472 2280 650 0 179
stand 680 2280 650 0 179
stand 712 2280 534 0 179
tree 728 2296 10 0 179
tree 744 2280 122 0 179
tree 1064 2296 92 0 179
zabor 1104 2288 26 0 8
lay 1176 2296 64 0 179
lay 1304 2296 64 0 179
lay 1352 2296 60 0 179
zabor 1424 2288 29 0 8
fre 2860 2300 46 179 179
tree 2872 2296 117 0 179
tree 2872 2280 106 0 179
zabor 2896 2288 25 0 8
fre 2940 2284 46 179 179
tree 2936 2280 92 0 179
tree 2968 2280 92 0 179
tree 2968 2296 92 0 179
tree 3000 2280 92 0 179
tree 3032 2280 92 0 179
tree 3112 2296 92 0 179
tree 3144 2280 92 0 179
tree 3176 2280 92 0 179
zabor 3216 2288 24 0 8
tree 3544 2296 102 0 179
tree 3560 2296 29 0 179
tree 3576 2296 68 0 179
tree 3592 2296 96 0 179
tree 3928 2296 68 0 179
tree 3944 2296 68 0 179
tree 3944 2280 24 0 179
trop 52 2324 216 179 179
stand 424 2312 534 0 179
stand 440 2328 535 0 179
stand 472 2328 535 0 179
stand 504 2328 535 0 179
stand 600 2328 535 0 179
stand 632 2328 535 0 179
stand 664 2328 535 0 179
stand 696 2328 535 0 179
stand 712 2312 534 0 179
tree 728 2312 94 0 179
tree 1080 2312 10 0 179
zabor 1104 2320 25 0 8
stand 1160 2328 277 0 179
stand 1224 2312 277 0 179
stand 1304 2312 277 0 179
stand 1368 2312 277 0 179
zabor 1424 2320 29 0 8
stand 1464 2312 280 0 179
cliff 2720 2320 61 179 179
zabor 2896 2320 30 0 8
tree 2936 2312 92 0 179
tree 2968 2312 92 0 179
tree 3000 2312 92 0 179
tree 3032 2312 92 0 179
tree 3064 2312 92 0 179
tree 3096 2312 92 0 179
tree 3144 2312 92 0 179
tree 3160 2312 92 0 179
zabor 3216 2320 24 0 8
tree 3544 2312 117 0 179
tree 3544 2328 8 0 179
tree 3560 2328 56 0 179
tree 3560 2312 96 0 179
tree 3576 2312 24 0 179
tree 3576 2328 32 0 179
tree 3928 2328 24 0 179
trop 36 2356 216 179 179
lay 184 2344 126 0 179
tree 440 2344 122 0 179
tree 472 2360 124 0 179
tree 456 2344 92 0 179
tree 504 2360 65 0 179
tree 504 2344 104 0 179
tree 488 2344 122 0 179
zabor 1104 2352 27 0 8
stand 1272 2344 650 0 179
lay 1352 2360 60 0 179
zabor 1424 2352 24 0 8
trop 2028 2356 153 179 179
cliff 2752 2352 96 179 179
cliff 2768 2336 56 179 179
dom 2848 2336 7 0 179
zabor 2896 2352 24 0 8
zabor 2928 2352 29 0 8
zabor 2960 2352 28 0 8
zabor 2992 2352 28 0 8
zabor 3024 2352 25 0 8
zabor 3120 2352 27 0 8
stand 3144 2344 535 0 179
tree 3144 2360 117 0 179
zabor 3184 2352 31 0 8
tree 3176 2360 30 0 179
zabor 3216 2352 25 0 8
tree 3224 2360 25 0 179
tree 3576 2344 24 0 179
tree 3928 2360 9 0 179
trop 52 2380 216 179 179
dom 160 2368 4 0 179
trop 316 2372 73 179 179
stand 904 2392 700 0 179
cliff 960 2384 64 179 179
trop 1060 2372 73 179 179
zabor 1104 2384 30 0 8
zabor 1424 2384 30 0 8
stand 1464 2376 280 0 179
tree 2200 2392 65 0 179
tree 3160 2376 73 0 179
tree 3208 2392 115 0 179
tree 3208 2376 115 0 179
trop 3284 2380 73 179 179
tree 3928 2392 35 0 179
tree 3928 2376 120 0 179
trop 44 2412 216 179 179
stand 104 2408 250 0 179
tree 152 2424 64 0 179
stand 216 2424 0 0 179
cliff 960 2416 65 179 179
zabor 1104 2416 28 0 8
lay 1192 2424 64 0 179
lay 1336 2424 64 0 179
zabor 1424 2416 26 0 8
stand 1480 2408 280 0 179
trop 2020 2404 73 179 179
tree 2216 2408 10 0 179
tree 2216 2424 123 0 179
dom 2368 2400 7 0 179
tree 2472 2424 111 0 179
tree 2504 2424 8 0 179
tree 2520 2424 21 0 179
tree 2536 2424 56 0 179
tree 2536 2408 110 0 179
tree 2552 2408 107 0 179
tree 2552 2424 30 0 179
tree 2568 2424 107 0 179
trop 3292 2404 72 179 179
tree 3416 2424 100 0 179
tree 3448 2424 29 0 179
tree 3432 2424 32 0 179
tree 3928 2424 108 0 179
tree 3928 2408 24 0 179
trop 44 2460 216 179 179
trop 36 2452 216 179 179
trop 36 2436 216 179 179
tree 168 2440 3 0 179
lay 200 2456 126 0 179
zabor 1104 2448 25 0 8
zabor 1424 2448 25 0 8
stand 1480 2440 280 0 179
tree 1688 2456 123 0 179
tree 1704 2456 93 0 179
tree 1720 2456 92 0 179
tree 1736 2456 94 0 179
tree 1752 2456 65 0 179
tree 1768 2456 65 0 179
tree 1784 2440 33 0 179
tree 1800 2456 123 0 179
tree 1816 2456 93 0 179
tree 1832 2456 103 0 179
tree 1848 2456 103 0 179
stand 2168 2440 384 0 179
trop 2892 2444 70 179 179
fre 3196 2436 191 179 179
tree 3416 2440 95 0 179
tree 3432 2440 28 0 179
tree 3816 2456 18 0 179
tree 3880 2440 9 0 179
tree 3912 2440 18 0 179
tree 3928 2440 105 0 179
tree 3944 2456 103 0 179
tree 168 2488 2 0 179
stand 200 2488 269 0 179
trop 332 2468 73 179 179
stand 952 2472 768 0 179
trop 1060 2484 73 179 179
zabor 1104 2480 25 0 8
zabor 1424 2480 31 0 8
tree 1464 2472 111 0 179
zabor 1680 2480 26 0 8
zabor 1712 2480 26 0 8
zabor 1744 2480 25 0 8
zabor 1776 2480 25 0 8
zabor 1808 2480 29 0 8
zabor 1840 2480 24 0 8
zabor 1872 2480 26 0 8
stand 2008 2488 47 0 179
trop 2428 2468 72 179 179
trop 2580 2476 72 179 179
trop 2700 2468 72 179 179
trop 2812 2468 72 179 179
trop 3028 2484 72 179 179
trop 3172 2492 72 179 179
trop 3276 2476 73 179 179
tree 3624 2488 24 0 179
tree 3864 2488 4 0 179
tree 3848 2472 4 0 179
tree 3896 2472 56 0 179
tree 3912 2488 30 0 179
tree 3944 2488 65 0 179
tree 3944 2472 124 0 179
tree 152 2520 70 0 179
tree 168 2504 26 0 179
tree 168 2520 70 0 179
tree 184 2504 36 0 179
tree 184 2520 72 0 179
zabor 1104 2512 27 0 8
zabor 1424 2512 25 0 8
tree 1448 2520 53 0 179
tree 1464 2520 75 0 179
tree 1464 2504 95 0 179
zabor 1680 2512 28 0 8
zabor 1872 2512 24 0 8
trop 2028 2500 153 179 179
stand 2104 2520 381 0 179
trop 2876 2524 126 179 179
tree 3064 2520 111 0 179
tree 3096 2520 29 0 179
tree 3080 2520 35 0 179
tree 3128 2520 68 0 179
tree 3112 2520 105 0 179
tree 3160 2520 39 0 179
tree 3176 2520 30 0 179
dom 3200 2496 484 0 179
tree 3608 2504 22 0 179
tree 3624 2520 32 0 179
tree 3624 2504 110 0 179
tree 3640 2504 120 0 179
tree 3880 2504 105 0 179
tree 3896 2520 94 0 179
tree 3928 2520 123 0 179
tree 3944 2504 103 0 179
tree 168 2552 126 0 179
tree 168 2536 25 0 179
lay 232 2536 126 0 179
stand 936 2552 764 0 179
zabor 1104 2544 24 0 8
lay 1176 2552 64 0 179
lay 1368 2552 64 0 179
zabor 1424 2544 24 0 8
tree 1464 2536 96 0 179
dom 1504 2528 67 0 179
zabor 1680 2544 25 0 8
zabor 1872 2544 30 0 8
trop 2012 2548 73 179 179
tree 2056 2536 103 0 179
tree 2072 2536 122 0 179
tree 2088 2552 103 0 179
tree 3096 2536 110 0 179
tree 3112 2536 96 0 179
tree 3128 2536 30 0 179
tree 3144 2536 30 0 179
tree 3160 2536 4 0 179
trop 3284 2556 73 179 179
tree 3864 2536 94 0 179
tree 3896 2552 65 0 179
tree 3880 2536 103 0 179
tree 3912 2536 103 0 179
tree 3928 2536 33 0 179
tree 3912 2552 122 0 179
tree 168 2584 2 0 179
tree 168 2568 2 0 179
stand 264 2584 243 0 179
stand 280 2568 243 0 179
lay 968 2584 126 0 179
zabor 1104 2576 25 0 8
zabor 1680 2576 24 0 8
zabor 1872 2576 25 0 8
trop 2420 2564 206 179 179
trop 2860 2588 126 179 179
trop 3228 2580 126 179 179
tree 3864 2584 33 0 179
tree 3928 2568 123 0 179
tree 3928 2584 10 0 179
tree 3912 2584 104 0 179
tree 152 2616 114 0 179
tree 168 2616 34 0 179
tree 168 2600 126 0 179
trop 340 2596 73 179 179
tree 888 2600 123 0 179
tree 904 2600 103 0 179
stand 1016 2600 698 0 179
trop 1060 2612 73 179 179
zabor 1104 2608 31 0 8
lay 1192 2600 64 0 179
zabor 1680 2608 31 0 8
tree 1720 2616 122 0 179
zabor 1872 2608 31 0 8
tree 3864 2600 33 0 179
tree 3880 2616 92 0 179
tree 3928 2600 93 0 179
tree 3928 2616 92 0 179
tree 3944 2616 104 0 179
tree 152 2648 36 0 179
tree 152 2632 60 0 179
lay 200 2632 126 0 179
dom 256 2624 7 0 179
lay 728 2648 208 0 179
tree 888 2632 65 0 179
tree 888 2648 94 0 179
tree 984 2632 103 0 179
tree 968 2632 104 0 179
zabor 1104 2640 29 0 8
stand 1352 2648 634 0 179
tree 1688 2632 10 0 179
zabor 1680 2640 24 0 8
zabor 1712 2640 30 0 8
tree 1752 2632 93 0 179
zabor 1744 2640 29 0 8
tree 1784 2648 92 0 179
tree 1768 2648 124 0 179
zabor 1776 2640 30 0 8
zabor 1808 2640 27 0 8
zabor 1872 2640 31 0 8
trop 2028 2636 153 179 179
trop 2852 2644 126 179 179
tree 2936 2632 110 0 179
tree 2952 2648 95 0 179
tree 2952 2632 56 0 179
tree 2968 2648 8 0 179
tree 2984 2648 95 0 179
tree 3000 2648 30 0 179
tree 3000 2632 105 0 179
trop 3228 2644 126 179 179
tree 3896 2632 10 0 179
tree 3928 2632 103 0 179
tree 3944 2632 104 0 179
tree 3944 2648 92 0 179
tree 3960 2648 124 0 179
tree 152 2664 70 0 179
stand 216 2680 64 0 179
stand 328 2680 63 0 179
lay 904 2664 126 0 179
tree 968 2664 104 0 179
tree 1000 2664 124 0 179
zabor 1104 2672 24 0 8
zabor 1136 2672 28 0 8
zabor 1168 2672 29 0 8
zabor 1200 2672 25 0 8
zabor 1232 2672 29 0 8
zabor 1264 2672 30 0 8
zabor 1296 2672 27 0 8
zabor 1328 2672 26 0 8
zabor 1360 2672 27 0 8
stand 1832 2680 708 0 179
trop 2372 2676 205 179 179
trop 2468 2660 205 179 179
trop 2660 2660 205 179 179
trop 2892 2660 127 179 179
trop 2956 2668 127 179 179
tree 2968 2664 28 0 179
tree 3000 2664 22 0 179
tree 2984 2664 106 0 179
trop 3028 2676 127 179 179
trop 3092 2684 127 179 179
trop 3284 2676 73 179 179
tree 3896 2664 92 0 179
tree 3912 2664 10 0 179
tree 3944 2664 103 0 179
tree 3960 2680 123 0 179
trop 84 2716 72 179 179
trop 172 2716 72 179 179
stand 680 2712 63 0 179
lay 808 2712 3 0 179
dom 864 2688 8 0 179
tree 888 2696 92 0 179
lay 920 2712 3 0 179
tree 920 2696 122 0 179
tree 936 2696 92 0 179
tree 968 2712 103 0 179
tree 984 2712 65 0 179
lay 968 2712 126 0 179
tree 1000 2712 94 0 179
tree 1160 2696 46 0 179
tree 1176 2696 45 0 179
tree 1192 2696 16 0 179
tree 1208 2696 125 0 179
tree 1224 2696 98 0 179
tree 1240 2696 101 0 179
dom 1728 2688 8 0 179
trop 2028 2708 73 179 179
trop 2308 2700 205 179 179
tree 2360 2712 93 0 179
tree 2392 2712 33 0 179
tree 2424 2712 65 0 179
tree 2408 2712 33 0 179
tree 2488 2712 28 0 179
tree 2472 2712 75 0 179
tree 2504 2712 95 0 179
tree 2552 2712 73 0 179
tree 2536 2712 39 0 179
tree 2584 2712 32 0 179
tree 2568 2712 6 0 179
trop 3148 2692 127 179 179
trop 3188 2692 127 179 179
trop 3236 2700 127 179 179
tree 3960 2696 122 0 179
trop 276 2724 72 179 179
trop 284 2732 73 179 179
trop 388 2724 72 179 179
trop 508 2732 72 179 179
trop 604 2748 72 179 179
lay 888 2728 3 0 179
tree 1000 2728 92 0 179
trop 1060 2740 73 179 179
dom 1152 2720 66 0 179
trop 2300 2732 205 179 179
stand 2376 2744 535 0 179
stand 2408 2744 535 0 179
stand 2440 2744 535 0 179
stand 2472 2744 535 0 179
stand 2504 2744 535 0 179
stand 2536 2744 535 0 179
stand 2568 2744 535 0 179
stand 2600 2744 535 0 179
trop 2804 2732 104 179 179
trop 2836 2724 205 179 179
tree 120 2760 35 0 179
tree 120 2776 106 0 179
zabor 336 2768 27 0 8
zabor 368 2768 30 0 8
zabor 400 2768 27 0 8
zabor 432 2768 29 0 8
zabor 464 2768 31 0 8
zabor 496 2768 26 0 8
zabor 528 2768 26 0 8
zabor 560 2768 26 0 8
zabor 592 2768 26 0 8
zabor 624 2768 30 0 8
zabor 656 2768 25 0 8
trop 716 2756 72 179 179
trop 836 2764 72 179 179
trop 964 2764 72 179 179
trop 1116 2764 72 179 179
trop 1252 2772 72 179 179
trop 1348 2772 72 179 179
trop 1492 2772 72 179 179
trop 1620 2772 72 179 179
trop 1708 2764 72 179 179
trop 1780 2764 72 179 179
trop 1924 2764 72 179 179
stand 2360 2760 534 0 179
tree 136 2808 123 0 179
tree 152 2808 123 0 179
tree 136 2792 30 0 179
zabor 336 2800 30 0 8
zabor 656 2800 26 0 8
tree 696 2808 35 0 179
trop 2028 2788 153 179 179
trop 2132 2788 206 179 179
stand 2360 2792 534 0 179
lay 2424 2792 107 0 179
lay 2520 2808 107 0 179
lay 2568 2792 107 0 179
lay 2696 2792 78 0 179
trop 3340 2812 70 179 179
tree 120 2840 18 0 179
tree 136 2824 92 0 179
zabor 336 2832 25 0 8
zabor 656 2832 30 0 8
lay 920 2840 1 0 179
tree 952 2840 69 0 179
tree 936 2840 67 0 179
tree 936 2824 98 0 179
dom 992 2816 8 0 179
tree 1080 2840 107 0 179
tree 1080 2824 75 0 179
tree 1096 2840 117 0 179
tree 1096 2824 24 0 179
stand 2360 2824 534 0 179
stand 2680 2840 534 0 179
tree 120 2856 22 0 179
tree 120 2872 107 0 179
zabor 336 2864 26 0 8
lay 616 2872 65 0 179
zabor 656 2864 26 0 8
tree 696 2856 35 0 179
stand 744 2872 270 0 179
lay 984 2856 3 0 179
lay 1016 2856 3 0 179
trop 1060 2852 73 179 179
tree 1096 2872 24 0 179
tree 1096 2856 29 0 179
tree 1336 2872 102 0 179
tree 1352 2872 22 0 179
tree 1368 2872 4 0 179
tree 1384 2872 8 0 179
tree 1400 2872 29 0 179
tree 1752 2856 53 0 179
tree 1736 2856 39 0 179
tree 1784 2856 73 0 179
tree 1816 2872 23 0 179
tree 1832 2856 39 0 179
stand 2008 2856 47 0 179
stand 2360 2856 534 0 179
lay 2616 2872 107 0 179
stand 2680 2872 534 0 179
trop 2804 2876 205 179 179
trop 3396 2852 72 179 179
trop 3516 2860 72 179 179
trop 3652 2860 72 179 179
tree 120 2888 106 0 179
zabor 336 2896 29 0 8
lay 472 2888 65 0 179
zabor 656 2896 27 0 8
stand 696 2888 276 0 179
tree 1416 2888 117 0 179
tree 1432 2888 21 0 179
trop 2028 2884 73 179 179
tree 2328 2888 8 0 179
stand 2360 2888 534 0 179
lay 2424 2888 107 0 179
lay 2520 2904 107 0 179
stand 2680 2904 534 0 179
tree 3000 2904 21 0 179
tree 3032 2888 109 0 179
tree 3032 2904 29 0 179
tree 3016 2904 28 0 179
tree 3048 2888 107 0 179
tree 3064 2888 105 0 179
tree 3080 2904 4 0 179
trop 3772 2900 71 179 179
zabor 336 2928 31 0 8
zabor 368 2928 27 0 8
zabor 400 2928 30 0 8
zabor 432 2928 27 0 8
zabor 464 2928 30 0 8
lay 472 2936 65 0 179
zabor 496 2928 24 0 8
zabor 528 2928 25 0 8
zabor 560 2928 31 0 8
zabor 592 2928 30 0 8
zabor 624 2928 31 0 8
stand 632 2920 701 0 179
zabor 656 2928 25 0 8
trop 764 2924 205 179 179
trop 2028 2940 153 179 179
tree 2328 2936 29 0 179
tree 2328 2920 95 0 179
stand 2360 2920 534 0 179
stand 2520 2920 649 0 179
stand 2680 2936 534 0 179
tree 3000 2920 18 0 179
tree 3000 2936 18 0 179
tree 3032 2936 109 0 179
tree 3016 2936 68 0 179
tree 3032 2920 29 0 179
tree 3064 2920 32 0 179
tree 3048 2920 31 0 179
tree 3048 2936 8 0 179
tree 3160 2920 103 0 179
tree 3160 2936 93 0 179
tree 3176 2936 104 0 179
stand 488 2952 699 0 179
tree 2328 2968 35 0 179
tree 2328 2952 30 0 179
stand 2360 2952 534 0 179
lay 2424 2968 107 0 179
lay 2536 2968 107 0 179
lay 2632 2968 107 0 179
stand 2680 2968 534 0 179
tree 3000 2952 108 0 179
tree 3176 2952 122 0 179
tree 3192 2968 94 0 179
tree 3208 2968 94 0 179
trop 772 3004 205 179 179
trop 1060 2980 73 179 179
tree 2328 3000 100 0 179
tree 2328 2984 21 0 179
stand 2360 3000 534 0 179
stand 2360 2984 534 0 179
stand 2680 3000 534 0 179
tree 3208 2984 104 0 179
tree 3224 2984 123 0 179
trop 220 3012 205 179 179
lay 616 3016 65 0 179
lay 1816 3016 89 0 179
trop 2268 3012 205 179 179
lay 2296 3032 109 0 179
stand 2360 3032 534 0 179
stand 2680 3032 534 0 179
trop 2876 3028 205 179 179
tree 3240 3016 122 0 179
tree 3256 3032 124 0 179
tree 3288 3032 93 0 179
tree 3272 3032 123 0 179
trop 3804 3028 73 179 179
lay 456 3048 65 0 179
trop 2020 3044 73 179 179
stand 2328 3048 522 0 179
stand 2360 3064 534 0 179
lay 2424 3048 107 0 179
lay 2536 3064 107 0 179
lay 2632 3064 107 0 179
stand 2680 3064 534 0 179
tree 2712 3048 30 0 179
tree 2712 3064 56 0 179
lay 1624 3096 88 0 179
trop 1756 3084 15 179 179
stand 2360 3096 534 0 179
stand 2680 3096 534 0 179
tree 2696 3080 32 0 179
tree 2712 3096 18 0 179
tree 2728 3096 53 0 179
tree 2728 3080 102 0 179
lay 2776 3096 109 0 179
trop 788 3132 205 179 179
trop 1068 3116 73 179 179
trop 1900 3108 15 179 179
trop 2028 3108 153 179 179
trop 2316 3108 205 179 179
stand 2376 3112 535 0 179
stand 2408 3112 535 0 179
stand 2440 3112 535 0 179
stand 2472 3112 535 0 179
stand 2504 3112 535 0 179
tree 2504 3128 21 0 179
stand 2536 3112 535 0 179
tree 2536 3128 4 0 179
stand 2568 3112 535 0 179
tree 2568 3128 39 0 179
tree 2584 3128 73 0 179
stand 2600 3112 535 0 179
stand 2632 3112 535 0 179
stand 2664 3112 535 0 179
dom 2720 3104 67 0 179
trop 2820 3124 205 179 179
tree 3944 3128 95 0 179
trop 260 3156 205 179 179
tree 968 3160 33 0 179
tree 1000 3160 33 0 179
tree 1512 3144 33 0 179
tree 2568 3144 35 0 179
tree 2584 3144 30 0 179
tree 2600 3144 35 0 179
tree 2616 3144 95 0 179
trop 3804 3140 73 179 179
tree 3944 3144 31 0 179
tree 3944 3160 24 0 179
tree 968 3192 84 0 179
tree 968 3176 92 0 179
tree 1000 3176 124 0 179
lay 1432 3176 0 0 179
tree 1528 3176 104 0 179
tree 1560 3176 123 0 179
tree 1544 3176 93 0 179
tree 1576 3176 123 0 179
tree 1656 3192 122 0 179
tree 1688 3192 103 0 179
tree 1704 3192 104 0 179
tree 2088 3192 109 0 179
tree 2104 3192 109 0 179
tree 2120 3192 102 0 179
tree 2136 3192 39 0 179
trop 2468 3188 205 179 179
trop 2676 3188 205 179 179
tree 3944 3176 23 0 179
tree 3944 3192 53 0 179
tree 120 3224 94 0 179
tree 104 3224 124 0 179
trop 420 3212 205 179 179
tree 952 3208 85 0 179
trop 1068 3228 73 179 179
trop 1356 3228 202 179 179
tree 1432 3208 75 0 179
tree 1432 3224 23 0 179
tree 1656 3208 93 0 179
dom 1760 3200 9 0 179
trop 1780 3204 15 179 179
trop 2020 3212 73 179 179
tree 2104 3208 9 0 179
trop 2388 3204 205 179 179
trop 2572 3212 205 179 179
tree 3928 3224 8 0 179
tree 3944 3208 117 0 179
tree 120 3256 124 0 179
tree 120 3240 92 0 179
tree 136 3240 33 0 179
tree 136 3256 124 0 179
tree 984 3240 82 0 179
dom 1024 3232 9 0 179
tree 1432 3240 96 0 179
tree 1448 3240 21 0 179
lay 1496 3240 90 0 179
trop 2028 3252 153 179 179
lay 2696 3256 27 0 179
tree 3384 3256 103 0 179
tree 3400 3256 65 0 179
trop 3804 3252 73 179 179
tree 3928 3240 96 0 179
tree 3928 3256 111 0 179
tree 120 3272 123 0 179
tree 120 3288 65 0 179
tree 152 3288 124 0 179
trop 620 3292 205 179 179
stand 2008 3288 47 0 179
fre 2388 3276 191 179 179
tree 2488 3288 98 0 179
tree 2472 3288 17 0 179
tree 2520 3288 15 0 179
tree 2504 3288 66 0 179
tree 2536 3288 125 0 179
tree 3240 3272 10 0 179
tree 3288 3272 10 0 179
tree 3352 3272 10 0 179
tree 3384 3272 123 0 179
tree 3416 3272 123 0 179
tree 3448 3272 10 0 179
tree 3464 3272 103 0 179
tree 3496 3272 122 0 179
tree 3928 3272 117 0 179
tree 3928 3288 68 0 179
tree 3944 3272 120 0 179
tree 3944 3288 105 0 179
tree 120 3304 10 0 179
tree 120 3320 104 0 179
tree 152 3304 103 0 179
tree 152 3320 33 0 179
tree 168 3320 65 0 179
tree 184 3320 122 0 179
tree 184 3304 93 0 179
tree 200 3304 65 0 179
tree 216 3320 122 0 179
tree 216 3304 104 0 179
trop 676 3324 205 179 179
trop 740 3316 205 179 179
trop 868 3308 205 179 179
tree 1144 3304 56 0 179
tree 1144 3320 8 0 179
tree 1128 3320 23 0 179
tree 1160 3304 42 0 179
tree 2520 3304 97 0 179
tree 2504 3304 17 0 179
tree 2584 3304 125 0 179
tree 2568 3304 45 0 179
dom 2688 3296 8 0 179
lay 2760 3304 109 0 179
zabor 3216 3312 28 0 8
zabor 3248 3312 25 0 8
zabor 3280 3312 30 0 8
zabor 3312 3312 30 0 8
zabor 3344 3312 24 0 8
zabor 3376 3312 25 0 8
zabor 3408 3312 27 0 8
zabor 3440 3312 31 0 8
zabor 3472 3312 28 0 8
zabor 3504 3312 24 0 8
zabor 3536 3312 24 0 8
zabor 3568 3312 27 0 8
tree 3592 3320 93 0 179
tree 3928 3304 106 0 179
tree 120 3336 10 0 179
tree 120 3352 104 0 179
trop 1068 3332 73 179 179
tree 1160 3336 4 0 179
trop 2020 3356 73 179 179
lay 2392 3336 109 0 179
tree 2408 3352 109 0 179
lay 2456 3336 90 0 179
lay 2600 3336 109 0 179
lay 2840 3336 27 0 179
zabor 3216 3344 28 0 8
stand 3256 3352 633 0 179
lay 3304 3336 10 0 179
lay 3368 3352 10 0 179
zabor 3568 3344 29 0 8
tree 3592 3336 103 0 179
tree 3608 3352 122 0 179
tree 3592 3352 124 0 179
trop 3804 3348 73 179 179
tree 3928 3336 102 0 179
tree 3928 3352 30 0 179
tree 120 3368 92 0 179
trop 228 3364 205 179 179
trop 492 3364 205 179 179
tree 856 3384 33 0 179
trop 868 3372 205 179 179
tree 888 3368 104 0 179
tree 936 3384 123 0 179
tree 2376 3368 107 0 179
tree 2376 3384 120 0 179
tree 2392 3368 53 0 179
trop 3068 3364 205 179 179
tree 3192 3384 104 0 179
zabor 3216 3376 30 0 8
lay 3320 3368 10 0 179
lay 3416 3368 10 0 179
stand 3464 3368 649 0 179
fre 3508 3388 272 179 179
zabor 3568 3376 26 0 8
zabor 3600 3376 30 0 8
tree 3928 3368 23 0 179
tree 3928 3384 18 0 179
zabor 944 3408 30 0 8
zabor 976 3408 26 0 8
zabor 1008 3408 25 0 8
zabor 1040 3408 31 0 8
trop 2028 3396 153 179 179
trop 2732 3396 70 179 179
trop 2868 3420 72 179 179
trop 3108 3420 205 179 179
tree 3192 3416 104 0 179
zabor 3216 3408 24 0 8
fre 3316 3404 272 179 179
zabor 3600 3408 24 0 8
tree 3928 3400 9 0 179
tree 3928 3416 4 0 179
tree 3944 3416 102 0 179
tree 536 3432 29 0 179
tree 568 3432 31 0 179
tree 552 3432 110 0 179
tree 584 3432 102 0 179
tree 632 3448 95 0 179
tree 616 3448 9 0 179
tree 760 3448 106 0 179
tree 776 3448 31 0 179
tree 792 3448 4 0 179
tree 808 3448 83 0 179
tree 824 3448 18 0 179
tree 840 3432 17 0 179
tree 840 3448 69 0 179
dom 896 3424 7 0 179
zabor 1040 3440 24 0 8
trop 1068 3452 73 179 179
tree 2056 3448 4 0 179
tree 2792 3448 30 0 179
tree 2840 3448 42 0 179
zabor 3216 3440 24 0 8
zabor 3600 3440 30 0 8
tree 3928 3432 111 0 179
tree 3912 3432 111 0 179
tree 3928 3448 23 0 179
tree 3944 3432 22 0 179
tree 616 3464 24 0 179
tree 632 3464 18 0 179
tree 632 3480 8 0 179
tree 648 3480 24 0 179
tree 664 3480 102 0 179
tree 712 3480 110 0 179
tree 728 3480 73 0 179
tree 728 3464 75 0 179
tree 744 3464 29 0 179
zabor 848 3472 31 0 8
zabor 1040 3472 29 0 8
tree 2040 3480 23 0 179
tree 2056 3464 75 0 179
tree 2072 3464 30 0 179
tree 2072 3480 23 0 179
tree 2088 3464 39 0 179
tree 2808 3464 39 0 179
tree 2792 3464 73 0 179
tree 2824 3480 23 0 179
tree 2824 3464 102 0 179
tree 2840 3464 21 0 179
tree 2856 3464 42 0 179
tree 2872 3464 6 0 179
dom 3136 3456 7 0 179
zabor 3216 3472 24 0 8
zabor 3600 3472 25 0 8
tree 3928 3480 24 0 179
tree 3928 3464 23 0 179
tree 792 3512 75 0 179
tree 808 3496 29 0 179
tree 808 3512 23 0 179
zabor 848 3504 27 0 8
zabor 1040 3504 27 0 8
trop 2020 3516 73 179 179
lay 2776 3496 27 0 179
lay 2840 3496 27 0 179
trop 3044 3516 72 179 179
zabor 3216 3504 31 0 8
zabor 3600 3504 25 0 8
trop 3804 3492 73 179 179
tree 3928 3496 18 0 179
tree 3944 3496 68 0 179
tree 3944 3512 96 0 179
trop 268 3524 205 179 179
trop 316 3524 205 179 179
tree 760 3528 75 0 179
tree 792 3528 35 0 179
zabor 848 3536 31 0 8
zabor 880 3536 29 0 8
trop 940 3524 70 179 179
zabor 976 3536 25 0 8
zabor 1008 3536 30 0 8
zabor 1040 3536 31 0 8
trop 2028 3548 153 179 179
zabor 3216 3536 24 0 8
zabor 3248 3536 25 0 8
zabor 3280 3536 28 0 8
zabor 3312 3536 31 0 8
zabor 3344 3536 30 0 8
zabor 3376 3536 30 0 8
zabor 3408 3536 26 0 8
zabor 3440 3536 31 0 8
zabor 3472 3536 24 0 8
zabor 3504 3536 25 0 8
zabor 3600 3536 31 0 8
tree 3944 3528 28 0 179
trop 1068 3572 73 179 179
trop 1076 3564 72 179 179
trop 1212 3580 72 179 179
trop 1316 3580 72 179 179
trop 1420 3580 72 179 179
trop 1500 3580 72 179 179
trop 3188 3556 70 179 179
tree 3256 3576 31 0 179
tree 3272 3560 29 0 179
tree 3288 3576 35 0 179
tree 3304 3576 18 0 179
tree 3320 3576 8 0 179
fre 3348 3580 272 179 179
tree 3336 3576 21 0 179
tree 3352 3576 96 0 179
fre 3548 3556 272 179 179
trop 332 3604 205 179 179
trop 412 3596 205 179 179
trop 852 3596 205 179 179
tree 1096 3592 124 0 179
tree 1112 3608 123 0 179
tree 1128 3608 92 0 179
tree 1144 3608 124 0 179
tree 1160 3608 104 0 179
tree 1176 3608 123 0 179
tree 1192 3608 10 0 179
tree 1208 3608 94 0 179
trop 1636 3588 72 179 179
trop 1740 3588 72 179 179
trop 1876 3588 72 179 179
stand 1896 3592 828 0 179
trop 1980 3596 72 179 179
stand 2008 3592 47 0 179
vor 2244 3604 57 179 179
lay 2472 3592 168 0 179
lay 2648 3608 168 0 179
fre 3196 3588 272 179 179
lay 3208 3608 27 0 179
trop 500 3628 205 179 179
trop 596 3636 205 179 179
stand 1960 3640 239 0 179
lay 2936 3640 27 0 179
trop 3812 3636 73 179 179
trop 772 3652 205 179 179
trop 900 3660 205 179 179
trop 1060 3676 73 179 179
trop 2028 3676 73 179 179
lay 2776 3656 27 0 179
trop 3156 3668 73 179 179
tree 1464 3704 104 0 179
tree 1624 3704 94 0 179
tree 1624 3688 104 0 179
tree 1608 3688 92 0 179
tree 1656 3704 124 0 179
tree 1640 3704 10 0 179
cliff 1680 3696 41 179 179
lay 1928 3688 196 0 179
trop 2028 3708 153 179 179
zabor 2448 3696 25 0 8
zabor 2480 3696 27 0 8
zabor 2512 3696 28 0 8
zabor 2544 3696 25 0 8
zabor 2576 3696 30 0 8
zabor 2608 3696 30 0 8
zabor 2640 3696 27 0 8
zabor 2672 3696 26 0 8
zabor 2704 3696 31 0 8
zabor 2736 3696 30 0 8
zabor 2768 3696 26 0 8
zabor 2800 3696 27 0 8
tree 120 3720 94 0 179
tree 136 3720 92 0 179
tree 136 3736 92 0 179
tree 1544 3736 122 0 179
tree 1560 3736 124 0 179
fre 1556 3740 46 179 179
tree 1592 3720 103 0 179
tree 1576 3720 65 0 179
tree 1576 3736 33 0 179
tree 1608 3720 122 0 179
tree 1640 3720 124 0 179
cliff 1728 3728 60 179 179
zabor 2416 3728 26 0 8
zabor 2448 3728 31 0 8
stand 2712 3736 299 0 179
stand 2776 3736 290 0 179
zabor 2800 3728 26 0 8
stand 2840 3736 774 0 179
zabor 2832 3728 26 0 8
zabor 2864 3728 27 0 8
tree 120 3752 103 0 179
tree 120 3768 92 0 179
tree 136 3768 93 0 179
tree 136 3752 122 0 179
trop 556 3748 205 179 179
tree 1448 3752 122 0 179
tree 1464 3768 93 0 179
tree 1480 3752 10 0 179
tree 1592 3752 69 0 179
fre 1676 3764 46 179 179
tree 1736 3752 108 0 179
tree 1752 3768 24 0 179
tree 1736 3768 95 0 179
tree 2392 3752 93 0 179
tree 2392 3768 124 0 179
zabor 2416 3760 25 0 8
stand 2440 3752 299 0 179
lay 3048 3768 27 0 179
trop 3788 3756 74 179 179
tree 120 3800 104 0 179
tree 120 3784 92 0 179
trop 1060 3804 73 179 179
tree 1544 3784 115 0 179
lay 1592 3784 196 0 179
fre 1604 3780 46 179 179
stand 2008 3800 494 0 179
tree 2392 3784 123 0 179
tree 2392 3800 123 0 179
zabor 2416 3792 27 0 8
zabor 2864 3792 28 0 8
trop 3196 3780 70 179 179
lay 3256 3800 27 0 179
trop 3316 3796 72 179 179
trop 3444 3804 72 179 179
trop 3540 3796 72 179 179
trop 3636 3804 72 179 179
trop 3748 3804 72 179 179
tree 120 3832 10 0 179
tree 120 3816 10 0 179
lay 1496 3832 196 0 179
lay 1640 3832 196 0 179
lay 1720 3832 196 0 179
cliff 1840 3808 64 179 179
trop 2028 3836 153 179 179
tree 2360 3832 103 0 179
zabor 2384 3824 28 0 8
zabor 2416 3824 26 0 8
zabor 2864 3824 30 0 8
lay 2952 3816 27 0 179
tree 120 3848 94 0 179
tree 504 3848 96 0 179
tree 488 3864 56 0 179
tree 568 3864 24 0 179
tree 584 3864 21 0 179
tree 600 3864 29 0 179
tree 600 3848 31 0 179
tree 632 3848 106 0 179
tree 616 3848 100 0 179
tree 664 3848 56 0 179
tree 648 3848 107 0 179
tree 696 3864 23 0 179
tree 696 3848 109 0 179
tree 680 3848 31 0 179
lay 1560 3848 196 0 179
lay 2136 3864 168 0 179
dom 2240 3840 470 0 179
zabor 2384 3856 25 0 8
stand 2424 3864 290 0 179
tree 2712 3864 34 0 179
stand 2856 3848 290 0 179
zabor 2864 3856 26 0 8
trop 100 3876 72 179 179
trop 204 3884 72 179 179
trop 316 3884 72 179 179
trop 412 3892 72 179 179
trop 500 3892 72 179 179
trop 612 3900 72 179 179
trop 692 3900 72 179 179
trop 780 3900 72 179 179
trop 868 3900 72 179 179
trop 964 3900 72 179 179
trop 1068 3900 72 179 179
trop 1276 3900 72 179 179
trop 1372 3900 72 179 179
dom 2112 3872 106 0 179
zabor 2384 3888 26 0 8
tree 2712 3880 114 0 179
tree 2696 3896 114 0 179
tree 2728 3880 119 0 179
zabor 2864 3888 24 0 8
lay 3256 3896 27 0 179
dom 3552 3872 408 0 179
tree 152 3928 62 0 179
tree 216 3928 38 0 179
tree 232 3928 116 0 179
tree 264 3928 103 0 179
tree 312 3928 74 0 179
tree 552 3928 38 0 179
tree 600 3928 20 0 179
trop 1212 3908 72 179 179
trop 1492 3908 72 179 179
trop 1564 3908 72 179 179
trop 1660 3908 72 179 179
stand 1832 3912 688 0 179
stand 2008 3928 47 0 179
tree 2360 3928 104 0 179
zabor 2384 3920 27 0 8
tree 2600 3912 104 0 179
tree 2600 3928 33 0 179
tree 2680 3912 71 0 179
tree 2680 3928 115 0 179
tree 2664 3928 25 0 179
tree 2696 3912 36 0 179
tree 2696 3928 36 0 179
tree 2712 3928 2 0 179
tree 2776 3928 33 0 179
tree 2808 3928 124 0 179
tree 2792 3928 65 0 179
tree 2840 3928 93 0 179
tree 2824 3928 93 0 179
zabor 2864 3920 24 0 8
tree 3000 3928 33 0 179
tree 2984 3928 104 0 179
tree 3016 3928 104 0 179
tree 3064 3928 123 0 179
tree 3048 3928 94 0 179
tree 3096 3928 94 0 179
tree 3080 3928 103 0 179
tree 3112 3928 33 0 179
tree 3192 3928 10 0 179
tree 3176 3928 104 0 179
tree 168 3944 52 0 179
tree 184 3944 1 0 179
tree 280 3944 103 0 179
tree 296 3944 33 0 179
tree 312 3944 104 0 179
tree 376 3944 61 0 179
tree 408 3944 27 0 179
tree 456 3944 55 0 179
tree 504 3960 94 0 179
tree 504 3944 94 0 179
tree 520 3944 124 0 179
tree 536 3960 103 0 179
tree 552 3960 124 0 179
tree 600 3944 116 0 179
tree 648 3944 62 0 179
tree 664 3944 92 0 179
tree 728 3944 122 0 179
tree 744 3944 123 0 179
tree 792 3944 93 0 179
tree 808 3944 123 0 179
tree 824 3960 104 0 179
tree 840 3960 10 0 179
tree 840 3944 33 0 179
tree 856 3944 33 0 179
tree 856 3960 33 0 179
tree 872 3960 93 0 179
tree 888 3960 10 0 179
tree 904 3960 92 0 179
tree 920 3960 103 0 179
tree 936 3960 104 0 179
tree 952 3960 124 0 179
tree 968 3944 61 0 179
tree 1000 3944 124 0 179
tree 1048 3960 103 0 179
tree 1064 3944 10 0 179
tree 1064 3960 123 0 179
tree 1112 3944 123 0 179
tree 1176 3960 34 0 179
tree 1208 3960 40 0 179
tree 1224 3960 34 0 179
tree 1240 3960 114 0 179
tree 1256 3960 25 0 179
tree 1304 3960 119 0 179
tree 1320 3960 119 0 179
tree 1336 3960 60 0 179
tree 1352 3960 115 0 179
tree 1368 3960 34 0 179
tree 1400 3960 123 0 179
tree 1480 3960 119 0 179
tree 1496 3960 60 0 179
tree 1512 3960 119 0 179
tree 1528 3960 36 0 179
tree 1544 3960 123 0 179
tree 1592 3960 26 0 179
tree 1576 3960 36 0 179
tree 1624 3960 71 0 179
tree 1656 3960 126 0 179
tree 1640 3960 70 0 179
zabor 1680 3952 29 0 8
zabor 1712 3952 29 0 8
zabor 1744 3952 30 0 8
zabor 1776 3952 25 0 8
zabor 1808 3952 24 0 8
zabor 1840 3952 30 0 8
zabor 1872 3952 26 0 8
trop 2028 3964 153 179 179
tree 2072 3944 104 0 179
tree 2104 3960 104 0 179
lay 2152 3944 10 0 179
lay 2216 3944 10 0 179
lay 2264 3944 10 0 179
lay 2328 3944 10 0 179
tree 2344 3944 104 0 179
zabor 2384 3952 30 0 8
stand 2424 3944 290 0 179
tree 2584 3944 103 0 179
tree 2584 3960 93 0 179
tree 2664 3944 60 0 179
tree 2680 3944 34 0 179
tree 2712 3960 26 0 179
tree 2712 3944 70 0 179
tree 2728 3960 26 0 179
tree 2840 3944 92 0 179
zabor 2864 3952 27 0 8
tree 2872 3944 123 0 179
tree 2856 3944 103 0 179
tree 2904 3944 104 0 179
tree 2888 3944 94 0 179
tree 2936 3944 92 0 179
tree 2920 3944 92 0 179
tree 2968 3944 94 0 179
tree 2952 3944 122 0 179
tree 3000 3944 10 0 179
tree 3192 3944 94 0 179
tree 3224 3944 102 0 179
tree 3256 3944 109 0 179
tree 3240 3944 53 0 179
tree 3320 3944 22 0 179
tree 3320 3960 56 0 179
tree 3304 3960 42 0 179
tree 3304 3944 110 0 179
tree 3352 3944 23 0 179
tree 3336 3944 106 0 179
tree 3384 3960 42 0 179
tree 3368 3960 95 0 179
tree 3368 3944 102 0 179
tree 3416 3960 9 0 179
tree 3400 3960 95 0 179
tree 3448 3960 105 0 179
tree 3432 3960 96 0 179
tree 3480 3960 110 0 179
tree 3464 3960 32 0 179
tree 3512 3960 107 0 179
tree 3496 3960 35 0 179
tree 3544 3960 53 0 179
tree 3528 3960 24 0 179
tree 3768 3960 53 0 179
tree 3752 3960 56 0 179
tree 3800 3944 31 0 179
tree 3784 3944 6 0 179
tree 3784 3960 35 0 179
tree 3832 3960 105 0 179
tree 3816 3960 56 0 179
tree 3864 3960 73 0 179
tree 3848 3960 23 0 179
tree 3880 3944 39 0 179
tree 3912 3944 35 0 179
tree 3944 3944 96 0 179
tree 1448 3976 119 0 179
tree 2584 3976 92 0 179
tree 2600 3976 65 0 179
tree 3560 3976 28 0 179
fre 1500 4028 46 179 179
fre 1372 4044 46 179 179
fre 1444 4060 46 179 179
fre 1540 4052 46 179 179
stand 1688 4056 591 0 179
stand 1704 4056 591 0 179
trop 2028 4044 153 179 179
dom 2208 4032 4 0 179
fre 1580 4068 46 179 179
stand 1720 4072 591 0 179
stand 1704 4088 591 0 179
stand 1752 4072 591 0 179
stand 1736 4088 591 0 179
