dom 9120 224 85 0 179
dom 9376 224 245 0 179
dom 9696 224 240 0 179
dom 9760 224 241 0 179
dom 9856 224 242 0 179
dom 9952 224 243 0 179
dom 10496 224 260 0 179
dom 10400 256 258 0 179
dom 9568 288 239 0 179
dom 10272 288 257 0 179
dom 8768 320 87 0 179
dom 8928 320 86 0 179
dom 9280 320 83 0 179
dom 9696 320 238 0 179
dom 9152 352 84 0 179
dom 9920 384 244 0 179
dom 10112 384 248 0 179
dom 9568 416 235 0 179
dom 9696 416 237 0 179
dom 10272 416 256 0 179
dom 10400 416 259 0 179
dom 9280 480 82 0 179
dom 9568 512 234 0 179
dom 9696 512 236 0 179
dom 9920 512 246 0 179
dom 10208 512 255 0 179
dom 8800 544 88 0 179
dom 8960 544 89 0 179
dom 9152 544 90 0 179
dom 10112 544 247 0 179
dom 10432 576 330 0 179
dom 9408 640 81 0 179
dom 9600 640 233 0 179
dom 10240 640 254 0 179
dom 10080 672 249 0 179
dom 8768 704 93 0 179
dom 8960 704 92 0 179
dom 9760 704 232 0 179
dom 9152 736 91 0 179
dom 9888 736 231 0 179
dom 10432 736 331 0 179
dom 9408 800 80 0 179
dom 9600 800 229 0 179
dom 10080 800 250 0 179
dom 10240 800 253 0 179
dom 9056 832 96 0 179
dom 9920 832 230 0 179
dom 8800 864 94 0 179
dom 8928 864 95 0 179
dom 9728 864 202 0 179
dom 9216 896 97 0 179
dom 10400 928 334 0 179
dom 10080 960 251 0 179
dom 10208 960 252 0 179
dom 9408 992 79 0 179
dom 9888 992 201 0 179
dom 8800 1024 109 0 179
dom 8928 1024 108 0 179
dom 9088 1024 99 0 179
dom 9248 1024 98 0 179
dom 9600 1024 199 0 179
dom 9760 1056 200 0 179
dom 8736 1120 110 0 179
dom 9408 1120 78 0 179
dom 8512 1152 332 0 179
dom 9888 1152 198 0 179
dom 8928 1184 113 0 179
dom 9760 1184 197 0 179
dom 10144 1184 337 0 179
dom 9088 1216 112 0 179
dom 9216 1216 111 0 179
dom 9600 1216 196 0 179
dom 8512 1280 105 0 179
dom 8640 1280 106 0 179
dom 8768 1280 107 0 179
dom 9440 1280 77 0 179
dom 8928 1344 116 0 179
dom 9824 1344 194 0 179
dom 9088 1376 114 0 179
dom 9184 1376 115 0 179
dom 9984 1376 193 0 179
dom 8448 1408 102 0 179
dom 8576 1440 103 0 179
dom 8736 1440 104 0 179
dom 9408 1440 76 0 179
dom 8928 1472 117 0 179
dom 9184 1472 119 0 179
dom 9600 1472 190 0 179
dom 9088 1504 118 0 179
dom 9760 1504 191 0 179
dom 8416 1536 101 0 179
dom 8768 1536 57 0 179
dom 9984 1536 192 0 179
dom 8544 1568 100 0 179
dom 8672 1568 58 0 179
dom 8928 1568 122 0 179
dom 9056 1600 120 0 179
dom 9184 1600 121 0 179
dom 9408 1600 75 0 179
dom 8448 1664 54 0 179
dom 8640 1696 55 0 179
dom 8800 1696 56 0 179
dom 9600 1696 184 0 179
dom 9696 1696 185 0 179
dom 8928 1728 123 0 179
dom 9056 1728 124 0 179
dom 9408 1728 74 0 179
dom 9856 1728 187 0 179
dom 9952 1728 189 0 179
dom 9184 1760 126 0 179
dom 8800 1792 53 0 179
dom 8480 1824 51 0 179
dom 8608 1824 52 0 179
dom 9408 1856 73 0 179
dom 9600 1856 183 0 179
dom 9024 1888 125 0 179
dom 9184 1888 127 0 179
dom 9824 1888 186 0 179
dom 8448 1920 50 0 179
dom 8640 1920 48 0 179
dom 8736 1920 49 0 179
dom 9984 1920 188 0 179
dom 9408 1984 72 0 179
dom 8896 2016 128 0 179
dom 8480 2048 44 0 179
dom 8608 2048 45 0 179
dom 8736 2048 47 0 179
dom 9056 2048 129 0 179
dom 9216 2048 130 0 179
dom 9600 2080 181 0 179
dom 9760 2112 182 0 179
dom 8608 2144 43 0 179
dom 9408 2144 71 0 179
dom 9920 2144 180 0 179
dom 8448 2176 42 0 179
dom 8768 2176 46 0 179
dom 8960 2176 133 0 179
dom 9088 2176 132 0 179
dom 9216 2176 131 0 179
dom 8480 2272 41 0 179
dom 9376 2272 70 0 179
dom 9568 2272 176 0 179
dom 9888 2272 179 0 179
dom 8640 2304 39 0 179
dom 9024 2304 135 0 179
dom 9696 2304 177 0 179
dom 10112 2304 228 0 179
dom 8896 2336 136 0 179
dom 9184 2336 134 0 179
dom 10304 2336 262 0 179
dom 8480 2368 40 0 179
dom 8800 2368 38 0 179
dom 8576 2400 36 0 179
dom 10528 2400 227 0 179
dom 8768 2432 37 0 179
dom 9024 2432 138 0 179
dom 9376 2432 69 0 179
dom 9504 2432 68 0 179
dom 10176 2432 222 0 179
dom 10432 2432 226 0 179
dom 8416 2464 35 0 179
dom 8896 2464 137 0 179
dom 9184 2464 139 0 179
dom 9888 2464 178 0 179
dom 10336 2464 225 0 179
dom 9664 2496 175 0 179
dom 8608 2528 33 0 179
dom 8736 2528 34 0 179
dom 8896 2560 140 0 179
dom 9344 2560 67 0 179
dom 10208 2560 223 0 179
dom 8480 2592 31 0 179
dom 9056 2592 141 0 179
dom 9504 2592 66 0 179
dom 9792 2592 174 0 179
dom 10368 2592 221 0 179
dom 10496 2592 220 0 179
dom 9216 2624 142 0 179
dom 10688 2624 219 0 179
dom 8832 2656 32 0 179
dom 10112 2656 224 0 179
dom 8640 2688 30 0 179
dom 9792 2688 173 0 179
dom 8480 2720 27 0 179
dom 9344 2720 65 0 179
dom 9504 2720 64 0 179
dom 9664 2720 172 0 179
dom 9056 2752 143 0 179
dom 10464 2752 217 0 179
dom 10688 2752 218 0 179
dom 8640 2784 28 0 179
dom 9216 2784 144 0 179
dom 10336 2784 214 0 179
dom 8800 2816 29 0 179
dom 8480 2848 26 0 179
dom 8992 2880 145 0 179
dom 9536 2880 62 0 179
dom 9824 2880 171 0 179
dom 10048 2880 211 0 179
dom 10144 2880 212 0 179
dom 10336 2880 213 0 179
dom 10656 2880 216 0 179
dom 10464 2912 215 0 179
dom 8640 2944 24 0 179
dom 8800 2944 23 0 179
dom 9408 2944 63 0 179
dom 8480 2976 25 0 179
dom 9184 2976 146 0 179
dom 9056 3008 148 0 179
dom 9824 3008 170 0 179
dom 9440 3040 60 0 179
dom 9600 3040 61 0 179
dom 8800 3072 22 0 179
dom 8512 3104 20 0 179
dom 9248 3104 147 0 179
dom 10080 3104 276 0 179
dom 10272 3104 277 0 179
dom 10400 3104 278 0 179
dom 8672 3136 21 0 179
dom 8800 3168 18 0 179
dom 9024 3168 150 0 179
dom 9440 3168 59 0 179
dom 11264 3168 347 0 179
dom 9760 3200 169 0 179
dom 10560 3200 342 0 179
dom 10752 3200 344 0 179
dom 11040 3200 346 0 179
dom 8480 3232 7 0 179
dom 8640 3232 19 0 179
dom 9184 3232 151 0 179
dom 10240 3232 275 0 179
dom 10400 3232 274 0 179
dom 8800 3264 17 0 179
dom 9024 3264 152 0 179
dom 9952 3264 264 0 179
dom 10080 3328 263 0 179
dom 8512 3360 4 0 179
dom 8640 3360 3 0 179
dom 9696 3360 168 0 179
dom 9920 3360 210 0 179
dom 10272 3360 272 0 179
dom 10528 3360 341 0 179
dom 3904 3392 324 0 179
dom 9024 3392 153 0 179
dom 9216 3392 154 0 179
dom 10176 3392 273 0 179
dom 10432 3392 271 0 179
dom 10752 3392 343 0 179
dom 11328 3392 348 0 179
dom 8800 3424 16 0 179
dom 11872 3424 313 0 179
dom 9184 3456 155 0 179
dom 11072 3456 345 0 179
dom 11680 3456 311 0 179
dom 8512 3488 5 0 179
dom 9504 3488 167 0 179
dom 9728 3488 166 0 179
dom 10016 3488 208 0 179
dom 11328 3488 308 0 179
dom 11392 3488 309 0 179
dom 11552 3488 310 0 179
dom 8640 3520 2 0 179
dom 8800 3520 15 0 179
dom 9952 3520 209 0 179
dom 10176 3520 268 0 179
dom 10304 3520 269 0 179
dom 10432 3520 270 0 179
dom 9024 3552 158 0 179
dom 11808 3552 312 0 179
dom 12064 3552 323 0 179
dom 9216 3584 156 0 179
dom 10720 3584 288 0 179
dom 11104 3584 299 0 179
dom 11232 3584 300 0 179
dom 11328 3584 301 0 179
dom 11584 3584 305 0 179
dom 8480 3616 6 0 179
dom 10592 3616 283 0 179
dom 3904 3648 322 0 179
dom 8832 3648 14 0 179
dom 9760 3648 165 0 179
dom 10176 3648 267 0 179
dom 10464 3648 284 0 179
dom 10848 3648 291 0 179
dom 10976 3648 294 0 179
dom 8672 3680 0 0 179
dom 9952 3680 205 0 179
dom 10048 3680 206 0 179
dom 10304 3680 266 0 179
dom 10720 3680 287 0 179
dom 12000 3680 320 0 179
dom 9024 3712 159 0 179
dom 9216 3712 157 0 179
dom 9504 3712 164 0 179
dom 10592 3712 282 0 179
dom 11488 3712 304 0 179
dom 11584 3712 307 0 179
dom 11712 3712 306 0 179
dom 3904 3744 321 0 179
dom 8480 3744 8 0 179
dom 8640 3744 10 0 179
dom 9920 3744 204 0 179
dom 10496 3744 281 0 179
dom 11168 3744 296 0 179
dom 11328 3744 298 0 179
dom 11904 3744 314 0 179
dom 8832 3776 13 0 179
dom 10112 3776 207 0 179
dom 10304 3776 265 0 179
dom 10720 3776 286 0 179
dom 10848 3776 290 0 179
dom 11008 3776 293 0 179
dom 9632 3808 163 0 179
dom 11712 3808 315 0 179
dom 11968 3808 318 0 179
dom 9920 3840 203 0 179
dom 11136 3840 295 0 179
dom 11584 3840 303 0 179
dom 11776 3840 316 0 179
dom 11840 3840 317 0 179
dom 12064 3840 319 0 179
dom 8480 3872 9 0 179
dom 8800 3872 12 0 179
dom 9024 3872 161 0 179
dom 9184 3872 160 0 179
dom 9504 3872 162 0 179
dom 10304 3872 195 0 179
dom 10496 3872 279 0 179
dom 10592 3872 280 0 179
dom 10720 3872 285 0 179
dom 10848 3872 289 0 179
dom 11008 3872 292 0 179
dom 11264 3872 297 0 179
dom 11456 3872 302 0 179
dom 8640 3904 11 0 179
dom 8384 4928 236 0 179
dom 9472 4928 186 0 179
dom 10368 4928 206 0 179
dom 10528 4928 207 0 179
dom 7712 4960 256 0 179
dom 7904 4960 250 0 179
dom 8256 4960 241 0 179
dom 8768 4960 229 0 179
dom 9152 4960 194 0 179
dom 9664 4960 182 0 179
dom 9888 4960 177 0 179
dom 10048 4960 172 0 179
dom 10752 4960 210 0 179
dom 7296 4992 337 0 179
dom 7584 4992 330 0 179
dom 8128 4992 245 0 179
dom 8608 4992 232 0 179
dom 8960 4992 199 0 179
dom 9312 4992 190 0 179
dom 7712 5024 255 0 179
dom 8256 5024 240 0 179
dom 10368 5024 205 0 179
dom 7712 5088 254 0 179
dom 8416 5088 235 0 179
dom 9472 5088 185 0 179
dom 9664 5088 180 0 179
dom 10304 5088 204 0 179
dom 10496 5088 208 0 179
dom 7552 5120 261 0 179
dom 7936 5120 249 0 179
dom 9152 5120 193 0 179
dom 8096 5152 244 0 179
dom 8288 5152 239 0 179
dom 8608 5152 231 0 179
dom 8928 5152 198 0 179
dom 9280 5152 189 0 179
dom 9920 5152 176 0 179
dom 10048 5152 171 0 179
dom 10752 5152 209 0 179
dom 7552 5184 260 0 179
dom 8768 5184 202 0 179
dom 7744 5216 253 0 179
dom 8064 5216 243 0 179
dom 8416 5216 234 0 179
dom 10304 5216 203 0 179
dom 7552 5248 259 0 179
dom 8256 5248 238 0 179
dom 8608 5248 230 0 179
dom 9632 5248 179 0 179
dom 10528 5248 207 0 179
dom 7296 5280 334 0 179
dom 7904 5280 248 0 179
dom 8032 5280 242 0 179
dom 9152 5280 192 0 179
dom 9504 5280 184 0 179
dom 8160 5312 237 0 179
dom 8736 5312 201 0 179
dom 8928 5312 197 0 179
dom 9312 5312 188 0 179
dom 10144 5312 170 0 179
dom 7552 5344 258 0 179
dom 7712 5344 252 0 179
dom 8416 5344 233 0 179
dom 9888 5344 175 0 179
dom 7936 5376 247 0 179
dom 9888 5408 174 0 179
dom 9696 5440 178 0 179
dom 7744 5472 251 0 179
dom 8800 5472 200 0 179
dom 8960 5472 196 0 179
dom 9152 5472 191 0 179
dom 9472 5472 183 0 179
dom 7552 5504 257 0 179
dom 9312 5504 187 0 179
dom 10144 5504 169 0 179
dom 10304 5504 166 0 179
dom 7904 5536 246 0 179
dom 9888 5536 173 0 179
dom 7328 5568 331 0 179
dom 10112 5664 168 0 179
dom 10368 5664 165 0 179
dom 10464 5664 163 0 179
dom 10368 5824 164 0 179
dom 10176 5888 167 0 179
dom 10528 5920 162 0 179
dom 8512 6496 344 0 179
dom 10400 7744 276 0 179
dom 9888 7840 296 0 179
dom 10240 7840 283 0 179
dom 9120 7872 320 0 179
dom 9696 7904 303 0 179
dom 10080 7904 290 0 179
dom 10400 7904 277 0 179
dom 10560 7936 269 0 179
dom 8928 7968 326 0 179
dom 9504 7968 309 0 179
dom 9888 7968 297 0 179
dom 10240 7968 284 0 179
dom 9120 8000 321 0 179
dom 9344 8000 314 0 179
dom 8448 8032 345 0 179
dom 8704 8032 340 0 179
dom 10080 8032 291 0 179
dom 10400 8032 278 0 179
dom 9120 8064 322 0 179
dom 9344 8064 315 0 179
dom 9728 8064 304 0 179
dom 9952 8064 298 0 179
dom 7840 8096 214 0 179
dom 8640 8096 341 0 179
dom 8960 8096 327 0 179
dom 10240 8096 285 0 179
dom 10560 8096 270 0 179
dom 7392 8128 224 0 179
dom 9568 8128 310 0 179
dom 10400 8128 279 0 179
dom 10752 8128 195 0 179
dom 9344 8160 316 0 179
dom 10080 8160 292 0 179
dom 7552 8192 218 0 179
dom 8480 8192 346 0 179
dom 9728 8192 305 0 179
dom 9920 8192 299 0 179
dom 7232 8224 228 0 179
dom 7840 8224 215 0 179
dom 8640 8224 342 0 179
dom 8960 8224 328 0 179
dom 10240 8224 286 0 179
dom 10592 8224 271 0 179
dom 7424 8256 225 0 179
dom 9312 8256 317 0 179
dom 9536 8256 311 0 179
dom 10080 8256 293 0 179
dom 10752 8256 265 0 179
dom 8128 8288 211 0 179
dom 10432 8288 280 0 179
dom 9952 8320 300 0 179
dom 10560 8320 272 0 179
dom 7584 8352 219 0 179
dom 7808 8352 216 0 179
dom 9184 8352 323 0 179
dom 10240 8352 287 0 179
dom 7296 8384 262 0 179
dom 7392 8384 226 0 179
dom 8480 8384 347 0 179
dom 8672 8384 343 0 179
dom 8992 8384 329 0 179
dom 9344 8384 318 0 179
dom 9536 8384 312 0 179
dom 9728 8384 306 0 179
dom 10560 8384 273 0 179
dom 10720 8384 266 0 179
dom 7200 8416 333 0 179
dom 8128 8416 212 0 179
dom 10080 8416 294 0 179
dom 10400 8416 281 0 179
dom 9888 8448 301 0 179
dom 7200 8480 335 0 179
dom 7616 8480 220 0 179
dom 10240 8480 288 0 179
dom 10560 8480 274 0 179
dom 8640 8512 344 0 179
dom 8992 8512 338 0 179
dom 9216 8512 324 0 179
dom 9728 8512 307 0 179
dom 10720 8512 267 0 179
dom 7200 8544 336 0 179
dom 8160 8544 213 0 179
dom 9312 8544 319 0 179
dom 10080 8544 295 0 179
dom 10400 8544 282 0 179
dom 7392 8576 227 0 179
dom 7584 8576 221 0 179
dom 7808 8576 217 0 179
dom 9536 8576 313 0 179
dom 9952 8576 302 0 179
dom 8448 8608 348 0 179
dom 8960 8608 339 0 179
dom 9728 8608 308 0 179
dom 10208 8608 289 0 179
dom 10560 8608 275 0 179
dom 10688 8608 268 0 179
dom 9184 8640 325 0 179
