dom 256 224 0 0 179
dom 384 224 1 0 179
dom 512 224 2 0 179
dom 640 224 3 0 179
dom 832 256 4 0 179
dom 1056 256 5 0 179
dom 1216 256 6 0 179
dom 1056 384 12 0 179
dom 480 416 9 0 179
dom 640 416 10 0 179
dom 864 416 11 0 179
dom 256 448 7 0 179
dom 384 448 8 0 179
dom 1216 448 13 0 179
dom 1056 576 21 0 179
dom 256 608 14 0 179
dom 384 608 15 0 179
dom 704 608 18 0 179
dom 800 608 19 0 179
dom 928 608 20 0 179
dom 480 640 16 0 179
dom 576 640 17 0 179
dom 1216 640 22 0 179
dom 1152 768 29 0 179
dom 1024 800 28 0 179
dom 1312 800 30 0 179
dom 320 832 23 0 179
dom 480 832 24 0 179
dom 640 832 25 0 179
dom 768 832 26 0 179
dom 896 832 27 0 179
dom 1440 928 39 0 179
dom 576 960 33 0 179
dom 960 960 36 0 179
dom 896 992 35 0 179
dom 256 1024 31 0 179
dom 448 1024 32 0 179
dom 768 1024 34 0 179
dom 1152 1024 37 0 179
dom 1312 1024 38 0 179
dom 1536 1024 48 0 179
dom 1504 1088 47 0 179
dom 1344 1120 46 0 179
dom 1600 1120 49 0 179
dom 1280 1216 45 0 179
dom 448 1248 41 0 179
dom 704 1248 42 0 179
dom 256 1280 40 0 179
dom 896 1280 43 0 179
dom 1152 1280 44 0 179
dom 1088 1504 54 0 179
dom 1312 1504 55 0 179
dom 1696 1504 57 0 179
dom 1536 1536 56 0 179
dom 288 1568 50 0 179
dom 576 1568 51 0 179
dom 896 1568 53 0 179
dom 768 1600 52 0 179
dom 1696 1696 68 0 179
dom 928 1728 62 0 179
dom 1312 1728 65 0 179
dom 1440 1728 66 0 179
dom 1568 1728 67 0 179
dom 1088 1760 63 0 179
dom 1216 1760 64 0 179
dom 576 1792 60 0 179
dom 736 1792 61 0 179
dom 256 1824 58 0 179
dom 416 1824 59 0 179
dom 1024 1920 76 0 179
dom 1152 1920 79 0 179
dom 1024 1984 75 0 179
dom 1440 1984 81 0 179
dom 1632 1984 82 0 179
dom 1856 1984 83 0 179
dom 576 2016 71 0 179
dom 736 2016 72 0 179
dom 832 2016 73 0 179
dom 928 2016 74 0 179
dom 1120 2016 78 0 179
dom 1312 2016 80 0 179
dom 320 2048 69 0 179
dom 480 2048 70 0 179
dom 1408 2080 95 0 179
dom 1472 2080 96 0 179
dom 736 2144 87 0 179
dom 1024 2144 93 0 179
dom 1600 2144 97 0 179
dom 1728 2144 98 0 179
dom 1888 2176 99 0 179
dom 1344 2208 94 0 179
dom 288 2240 84 0 179
dom 480 2240 85 0 179
dom 992 2240 88 0 179
dom 640 2272 86 0 179
dom 1888 2368 112 0 179
dom 1024 2400 106 0 179
dom 1152 2400 107 0 179
dom 1312 2400 108 0 179
dom 1472 2400 109 0 179
dom 1600 2400 110 0 179
dom 1760 2400 111 0 179
dom 320 2432 100 0 179
dom 384 2432 101 0 179
dom 512 2432 102 0 179
dom 768 2432 104 0 179
dom 704 2464 103 0 179
dom 928 2464 105 0 179
dom 2080 2464 129 0 179
dom 1952 2496 128 0 179
dom 1600 2528 124 0 179
dom 1248 2560 121 0 179
dom 1376 2560 122 0 179
dom 1504 2560 123 0 179
dom 1824 2560 126 0 179
dom 1920 2560 127 0 179
dom 256 2592 113 0 179
dom 352 2592 114 0 179
dom 448 2592 115 0 179
dom 1024 2592 119 0 179
dom 1728 2592 125 0 179
dom 928 2624 118 0 179
dom 1184 2624 120 0 179
dom 608 2656 116 0 179
dom 768 2656 117 0 179
dom 224 2720 130 0 179
dom 384 2720 131 0 179
dom 1120 2752 134 0 179
dom 928 2784 133 0 179
dom 672 2816 132 0 179
dom 1312 2816 135 0 179
