tree 1672 24 17 0 179
tree 1576 56 4 0 179
tree 1656 40 11 0 179
tree 1800 56 32 0 179
tree 1880 56 4 0 179
tree 1912 40 28 0 179
tree 2040 40 29 0 179
tree 2152 40 3 0 179
tree 2248 40 17 0 179
tree 1544 72 0 0 179
tree 1624 88 0 0 179
tree 1672 88 14 0 179
tree 1912 72 28 0 179
tree 2008 88 3 0 179
tree 2088 72 9 0 179
tree 2168 88 17 0 179
tree 2232 88 19 0 179
tree 2264 88 28 0 179
tree 1672 120 17 0 179
tree 1784 104 32 0 179
tree 1880 120 32 0 179
tree 2152 120 5 0 179
tree 568 152 2 0 179
tree 712 152 34 0 179
tree 968 152 20 0 179
tree 1592 152 15 0 179
tree 1656 136 11 0 179
tree 1784 152 32 0 179
tree 2264 136 0 0 179
tree 2248 136 17 0 179
tree 2280 152 3 0 179
tree 2280 136 28 0 179
tree 2936 136 9 0 179
tree 2984 136 33 0 179
tree 3000 136 5 0 179
tree 616 168 40 0 179
tree 920 168 25 0 179
lay 1256 168 35 0 179
tree 1576 184 6 0 179
tree 1672 184 5 0 179
tree 1704 184 3 0 179
tree 1944 168 1 0 179
tree 2008 168 31 0 179
tree 2072 168 4 0 179
tree 2152 184 28 0 179
tree 2264 184 6 0 179
tree 2536 176 0 0 179
tree 2648 160 35 0 179
tree 2776 176 12 0 179
tree 2856 176 29 0 179
tree 2904 160 9 0 179
tree 3032 184 9 0 179
tree 600 216 10 0 179
tree 616 200 15 0 179
tree 664 216 35 0 179
tree 776 200 14 0 179
tree 824 200 2 0 179
tree 840 216 34 0 179
tree 888 200 21 0 179
tree 968 216 20 0 179
lay 1032 200 67 0 179
dom 1184 192 311 0 179
lay 1288 200 61 0 179
lay 1448 216 20 0 179
tree 1512 216 39 0 179
tree 1576 200 11 0 179
tree 1688 200 10 0 179
tree 1784 200 9 0 179
tree 1768 200 5 0 179
tree 1896 200 5 0 179
tree 2008 200 3 0 179
tree 2088 200 9 0 179
tree 2264 216 19 0 179
tree 2344 208 20 0 179
tree 2392 208 28 0 179
tree 2424 192 11 0 179
tree 2440 208 7 0 179
tree 2488 192 1 0 179
tree 2472 208 31 0 179
tree 2472 192 16 0 179
tree 2504 192 16 0 179
tree 2536 208 30 0 179
tree 2584 192 19 0 179
tree 2616 192 12 0 179
tree 2664 192 27 0 179
tree 2712 208 18 0 179
tree 2728 192 15 0 179
tree 2776 192 35 0 179
tree 2808 192 15 0 179
tree 2792 192 31 0 179
tree 2840 192 0 0 179
tree 664 232 11 0 179
tree 728 248 16 0 179
tree 712 232 37 0 179
tree 792 232 11 0 179
tree 776 248 2 0 179
tree 888 248 14 0 179
lay 1016 248 27 0 179
lay 1096 232 61 0 179
zabor 1136 240 28 0 8
lay 1176 248 7 0 179
tree 1480 248 21 0 179
tree 1512 248 14 0 179
tree 1592 248 12 0 179
tree 1688 232 17 0 179
tree 1672 248 35 0 179
tree 1816 232 19 0 179
tree 1896 248 1 0 179
tree 2024 232 10 0 179
tree 2040 232 1 0 179
tree 2264 232 6 0 179
tree 2376 240 20 0 179
tree 2520 240 28 0 179
tree 2584 224 35 0 179
trop 2684 228 114 179 179
trop 2900 252 114 179 179
trop 2980 252 109 179 179
trop 3036 252 115 179 179
trop 3124 252 122 179 179
trop 3156 244 122 179 179
trop 3252 244 109 179 179
trop 3268 252 115 179 179
trop 3356 244 109 179 179
trop 3380 252 115 179 179
trop 3468 252 122 179 179
tree 728 264 0 0 179
tree 744 280 10 0 179
tree 792 280 15 0 179
tree 840 280 40 0 179
tree 968 264 24 0 179
zabor 1136 272 28 0 8
lay 1176 264 9 0 179
lay 1208 280 8 0 179
lay 1208 264 10 0 179
lay 1192 280 61 0 179
lay 1368 280 28 0 179
lay 1432 280 28 0 179
tree 1560 264 26 0 179
tree 1640 264 14 0 179
tree 1704 280 13 0 179
tree 1736 264 5 0 179
tree 1992 264 8 0 179
tree 2120 280 8 0 179
tree 2216 264 27 0 179
tree 2312 256 21 0 179
trop 2500 284 110 179 179
trop 2532 284 109 179 179
trop 2572 284 115 179 179
trop 2668 276 109 179 179
trop 2788 268 109 179 179
trop 2900 260 109 179 179
trop 3092 260 122 179 179
tree 600 296 35 0 179
tree 632 312 40 0 179
tree 712 312 36 0 179
tree 792 296 13 0 179
tree 792 312 2 0 179
tree 824 312 0 0 179
tree 840 296 38 0 179
tree 888 296 14 0 179
tree 872 296 16 0 179
zabor 1136 304 26 0 8
tree 1512 296 16 0 179
tree 1672 296 8 0 179
tree 1816 312 15 0 179
tree 1848 296 14 0 179
tree 1912 312 28 0 179
tree 1928 312 29 0 179
tree 2200 312 7 0 179
tree 2216 312 4 0 179
tree 2312 312 32 0 179
tree 2392 296 0 0 179
trop 2388 292 114 179 179
tree 2728 304 13 0 179
tree 2760 304 14 0 179
trop 3332 308 111 179 179
tree 808 344 15 0 179
tree 824 328 14 0 179
tree 888 328 15 0 179
tree 968 344 35 0 179
zabor 1136 336 27 0 8
dom 1216 320 310 0 179
lay 1528 328 18 0 179
tree 1560 344 23 0 179
tree 1736 328 17 0 179
tree 1800 328 10 0 179
tree 2040 344 4 0 179
tree 2088 344 30 0 179
tree 2120 344 10 0 179
tree 2184 328 17 0 179
tree 2312 344 3 0 179
tree 2440 336 39 0 179
tree 2472 336 20 0 179
tree 2472 320 26 0 179
tree 2552 336 13 0 179
tree 2776 320 11 0 179
tree 3016 336 17 0 179
tree 888 360 15 0 179
lay 1096 376 27 0 179
zabor 1136 368 30 0 8
tree 1144 360 23 0 179
lay 1352 376 27 0 179
tree 1512 360 25 0 179
tree 1640 376 15 0 179
tree 1704 376 15 0 179
tree 1752 376 27 0 179
tree 1816 360 9 0 179
tree 1912 376 35 0 179
tree 2040 376 7 0 179
tree 2184 360 9 0 179
cliff 2496 360 17 179 179
cliff 2528 376 27 179 179
tree 2552 368 35 0 179
tree 2536 352 28 0 179
tree 2632 368 13 0 179
trop 2756 364 121 179 179
trop 2876 364 111 179 179
tree 2968 352 12 0 179
tree 3016 368 19 0 179
tree 168 392 38 0 179
tree 840 408 34 0 179
tree 952 392 40 0 179
lay 952 408 61 0 179
lay 1096 408 67 0 179
zabor 1136 400 28 0 8
lay 1176 392 31 0 179
lay 1160 408 40 0 179
stand 1224 408 163 0 179
lay 1496 392 27 0 179
tree 1560 408 21 0 179
tree 1576 392 26 0 179
tree 1656 408 31 0 179
tree 1704 392 14 0 179
tree 1880 408 13 0 179
tree 1912 392 8 0 179
tree 1896 392 3 0 179
tree 1944 408 0 0 179
tree 2056 408 18 0 179
tree 2200 392 35 0 179
trop 2356 396 111 179 179
cliff 2480 392 58 179 179
trop 2508 412 116 179 179
cliff 2544 392 19 179 179
cliff 2560 392 17 179 179
cliff 2592 408 27 179 179
tree 2600 384 1 0 179
tree 2632 384 12 0 179
tree 2712 384 11 0 179
tree 2696 400 10 0 179
tree 2728 384 33 0 179
trop 2812 396 107 179 179
trop 2876 396 115 179 179
trop 3172 388 116 179 179
tree 920 440 36 0 179
zabor 1136 432 29 0 8
stand 1208 424 164 0 179
lay 1352 424 61 0 179
lay 1400 440 27 0 179
tree 1560 424 24 0 179
tree 1608 424 22 0 179
tree 1640 424 13 0 179
tree 1784 440 17 0 179
tree 1848 440 15 0 179
tree 1912 424 11 0 179
tree 2008 440 16 0 179
tree 2136 424 33 0 179
tree 2216 440 18 0 179
trop 2356 436 110 179 179
tree 2392 432 20 0 179
cliff 2608 424 22 179 179
cliff 2624 424 16 179 179
cliff 2656 424 17 179 179
cliff 2688 440 24 179 179
tree 2744 432 11 0 179
trop 2812 444 107 179 179
tree 2968 432 10 0 179
tree 3016 432 12 0 179
lay 1096 472 27 0 179
zabor 1136 464 31 0 8
lay 1320 472 61 0 179
zabor 1520 464 26 0 8
lay 1528 456 27 0 179
tree 1544 456 24 0 179
lay 1592 472 11 0 179
tree 1608 472 23 0 179
tree 1752 456 4 0 179
tree 1992 472 22 0 179
tree 1992 456 26 0 179
tree 2024 472 39 0 179
tree 2104 472 8 0 179
tree 2168 456 15 0 179
tree 2424 456 35 0 179
tree 2504 464 22 0 179
tree 2552 464 22 0 179
cliff 2704 456 23 179 179
cliff 2720 456 17 179 179
cliff 2752 472 25 179 179
tree 2936 464 10 0 179
tree 2968 464 15 0 179
tree 2984 472 23 0 179
tree 3000 464 10 0 179
tree 728 488 37 0 179
tree 744 488 40 0 179
tree 856 488 13 0 179
lay 1048 488 60 0 179
zabor 1136 496 26 0 8
lay 1192 504 60 0 179
zabor 1520 496 31 0 8
lay 1576 504 38 0 179
tree 1624 504 39 0 179
tree 1752 488 16 0 179
tree 1848 504 16 0 179
tree 1880 504 13 0 179
tree 1928 504 17 0 179
tree 1960 504 7 0 179
tree 1976 488 0 0 179
tree 1992 504 10 0 179
tree 2104 504 23 0 179
tree 2136 488 14 0 179
tree 2232 504 41 0 179
tree 2424 488 32 0 179
tree 2456 504 25 0 179
tree 2456 496 25 0 179
tree 2488 496 25 0 179
tree 2536 496 20 0 179
zabor 2672 496 28 0 8
cliff 2768 488 20 179 179
cliff 2784 488 16 179 179
cliff 2816 504 24 179 179
tree 2936 496 12 0 179
tree 2952 480 11 0 179
tree 2984 496 11 0 179
trop 3172 484 107 179 179
tree 632 520 2 0 179
tree 616 536 13 0 179
tree 760 536 13 0 179
lay 1096 520 61 0 179
zabor 1136 528 26 0 8
zabor 1168 528 26 0 8
zabor 1200 528 30 0 8
zabor 1232 528 30 0 8
zabor 1264 528 30 0 8
zabor 1296 528 24 0 8
lay 1320 520 51 0 179
zabor 1360 528 25 0 8
lay 1368 536 28 0 179
zabor 1392 528 25 0 8
zabor 1424 528 27 0 8
zabor 1456 528 28 0 8
zabor 1488 528 27 0 8
lay 1496 536 60 0 179
zabor 1520 528 28 0 8
lay 1544 536 19 0 179
lay 1560 536 36 0 179
lay 1608 536 30 0 179
tree 1656 536 22 0 179
lay 1656 520 60 0 179
tree 1672 520 13 0 179
tree 1704 536 21 0 179
tree 1736 536 11 0 179
tree 1736 520 15 0 179
tree 1768 536 39 0 179
tree 1784 536 30 0 179
tree 1880 536 39 0 179
tree 1896 536 26 0 179
tree 1912 536 26 0 179
tree 1896 520 30 0 179
tree 1928 536 20 0 179
tree 2008 536 22 0 179
tree 2024 520 25 0 179
tree 2088 536 12 0 179
tree 2136 520 28 0 179
tree 2168 520 41 0 179
tree 2216 536 17 0 179
tree 2232 520 41 0 179
tree 2424 520 35 0 179
tree 2424 512 21 0 179
tree 2504 536 28 0 179
tree 2568 512 21 0 179
tree 2600 512 26 0 179
zabor 2672 528 28 0 8
cliff 2832 520 23 179 179
cliff 2848 520 54 179 179
cliff 2880 536 24 179 179
tree 2904 512 13 0 179
tree 3000 536 26 0 179
tree 184 568 37 0 179
tree 824 552 38 0 179
tree 856 568 0 0 179
lay 1048 552 60 0 179
lay 1368 568 49 0 179
tree 1416 552 26 0 179
tree 1464 552 20 0 179
lay 1480 568 27 0 179
lay 1496 552 29 0 179
zabor 1520 560 28 0 8
lay 1528 552 67 0 179
zabor 1552 560 26 0 8
zabor 1584 560 28 0 8
zabor 1616 560 26 0 8
lay 1608 568 46 0 179
zabor 1648 560 26 0 8
tree 1832 552 15 0 179
tree 1880 568 4 0 179
tree 2152 552 25 0 179
tree 2232 552 10 0 179
tree 2312 568 14 0 179
trop 2364 564 116 179 179
tree 2456 552 13 0 179
tree 2632 544 13 0 179
zabor 2672 560 30 0 8
tree 2680 544 24 0 179
tree 2760 568 7 0 179
cliff 2896 552 20 179 179
cliff 2912 552 54 179 179
cliff 2944 552 54 179 179
cliff 2992 560 5 179 179
tree 776 600 36 0 179
tree 872 600 10 0 179
tree 952 600 26 0 179
tree 1192 600 30 0 179
lay 1208 584 42 0 179
lay 1192 584 60 0 179
lay 1256 584 27 0 179
lay 1288 584 49 0 179
lay 1368 584 61 0 179
lay 1544 584 6 0 179
zabor 1648 592 26 0 8
tree 1672 584 26 0 179
tree 1704 584 4 0 179
tree 1880 600 18 0 179
tree 2136 584 18 0 179
tree 2248 584 41 0 179
tree 2248 600 41 0 179
tree 2264 600 41 0 179
trop 2420 604 123 179 179
tree 2424 600 32 0 179
tree 2472 584 29 0 179
tree 2552 600 3 0 179
tree 2616 584 33 0 179
tree 2600 600 29 0 179
zabor 2672 592 28 0 8
tree 2712 584 6 0 179
tree 2808 600 33 0 179
tree 3112 600 24 0 179
tree 1000 616 24 0 179
tree 1192 616 25 0 179
lay 1400 632 60 0 179
zabor 1648 624 25 0 8
lay 1672 616 67 0 179
tree 1672 616 26 0 179
tree 1784 616 3 0 179
tree 1864 632 1 0 179
tree 2168 632 21 0 179
tree 2328 616 4 0 179
tree 2536 616 1 0 179
zabor 2672 624 24 0 8
tree 2744 632 12 0 179
tree 2872 616 33 0 179
zabor 3056 624 25 0 8
tree 3096 616 39 0 179
trop 3204 612 108 179 179
tree 168 664 0 0 179
tree 184 664 37 0 179
tree 216 648 38 0 179
lay 1128 648 60 0 179
tree 1176 648 39 0 179
lay 1192 664 62 0 179
tree 1208 648 21 0 179
tree 1656 648 25 0 179
tree 1752 648 19 0 179
tree 1784 664 32 0 179
tree 1816 664 4 0 179
tree 2232 664 1 0 179
tree 2328 648 39 0 179
tree 2312 648 21 0 179
tree 2616 664 28 0 179
zabor 2672 656 31 0 8
zabor 2704 656 28 0 8
dom 2816 640 292 0 179
tree 2936 664 32 0 179
tree 3000 648 33 0 179
zabor 3056 656 26 0 8
tree 3096 664 24 0 179
tree 952 680 36 0 179
lay 1176 696 60 0 179
tree 2232 696 39 0 179
tree 2280 680 5 0 179
tree 2328 680 22 0 179
tree 2328 696 22 0 179
tree 2344 680 41 0 179
tree 2344 696 41 0 179
tree 2504 696 33 0 179
tree 2520 680 29 0 179
tree 2584 696 18 0 179
tree 2648 680 8 0 179
zabor 2704 688 29 0 8
zabor 3056 688 25 0 8
zabor 3248 688 26 0 8
dom 3264 672 319 0 179
tree 168 712 16 0 179
tree 952 728 2 0 179
tree 968 712 20 0 179
lay 1176 728 60 0 179
tree 1736 712 12 0 179
tree 1784 712 4 0 179
tree 1880 728 13 0 179
tree 2184 728 31 0 179
tree 2296 728 23 0 179
tree 2360 712 41 0 179
tree 2360 728 41 0 179
tree 2408 728 21 0 179
zabor 2608 720 27 0 8
zabor 2640 720 25 0 8
zabor 2672 720 31 0 8
zabor 2704 720 30 0 8
tree 2744 712 13 0 179
tree 2760 712 0 0 179
tree 2776 712 8 0 179
tree 2936 712 29 0 179
dom 3008 704 313 0 179
tree 184 760 0 0 179
tree 216 760 16 0 179
tree 232 744 11 0 179
tree 1016 760 20 0 179
zabor 1648 752 31 0 8
tree 1656 744 39 0 179
tree 1688 760 23 0 179
tree 1880 760 16 0 179
dom 2016 736 70 0 179
tree 2248 744 20 0 179
tree 2360 744 16 0 179
tree 2344 760 20 0 179
tree 2584 744 27 0 179
tree 2632 744 33 0 179
tree 2648 760 4 0 179
zabor 2704 752 29 0 8
zabor 2736 752 27 0 8
zabor 2768 752 25 0 8
zabor 2800 752 29 0 8
zabor 2832 752 31 0 8
dom 3264 736 316 0 179
tree 344 792 11 0 179
tree 552 776 37 0 179
tree 600 776 17 0 179
tree 936 776 36 0 179
tree 968 792 24 0 179
lay 1096 776 61 0 179
lay 1256 776 27 0 179
zabor 1648 784 29 0 8
tree 1672 792 20 0 179
tree 1848 792 0 0 179
trop 2004 796 126 179 179
trop 2020 772 126 179 179
tree 2232 776 10 0 179
tree 2264 792 26 0 179
tree 2312 776 24 0 179
tree 2312 792 23 0 179
tree 2552 792 32 0 179
tree 2648 792 30 0 179
tree 2968 776 11 0 179
trop 3204 772 108 179 179
tree 184 808 36 0 179
tree 216 808 12 0 179
tree 344 824 37 0 179
tree 328 824 2 0 179
tree 632 824 13 0 179
tree 632 808 35 0 179
tree 984 824 25 0 179
tree 1016 824 25 0 179
lay 1064 808 61 0 179
lay 1128 808 61 0 179
lay 1144 808 61 0 179
zabor 1648 816 29 0 8
zabor 1680 816 31 0 8
lay 1704 808 61 0 179
tree 1800 824 12 0 179
tree 1832 808 10 0 179
tree 1880 808 10 0 179
trop 2036 828 126 179 179
trop 2060 820 126 179 179
trop 2052 804 126 179 179
tree 2296 808 17 0 179
tree 2312 824 26 0 179
tree 2360 824 23 0 179
tree 2408 824 39 0 179
tree 2408 808 26 0 179
tree 2440 808 10 0 179
trop 2460 812 116 179 179
tree 2584 824 7 0 179
tree 2952 824 15 0 179
tree 168 856 40 0 179
tree 552 856 12 0 179
tree 552 840 14 0 179
tree 568 840 14 0 179
tree 584 840 35 0 179
tree 600 856 40 0 179
tree 632 840 15 0 179
tree 632 856 16 0 179
tree 648 856 16 0 179
tree 1016 840 22 0 179
tree 1096 856 35 0 179
lay 1336 856 7 0 179
zabor 1680 848 31 0 8
lay 1720 840 61 0 179
tree 1848 856 16 0 179
tree 1832 856 10 0 179
trop 2028 844 126 179 179
tree 2200 840 3 0 179
tree 2264 840 35 0 179
tree 2280 840 25 0 179
lay 2280 856 61 0 179
lay 2280 840 61 0 179
tree 2392 856 21 0 179
dom 2752 832 290 0 179
dom 2816 832 291 0 179
dom 3040 832 309 0 179
dom 3264 832 317 0 179
tree 312 888 34 0 179
tree 328 888 2 0 179
tree 616 888 2 0 179
tree 984 872 39 0 179
lay 1032 888 61 0 179
zabor 1104 880 28 0 8
zabor 1136 880 31 0 8
zabor 1168 880 27 0 8
zabor 1200 880 25 0 8
zabor 1232 880 29 0 8
zabor 1264 880 28 0 8
zabor 1296 880 27 0 8
zabor 1328 880 27 0 8
lay 1352 888 8 0 179
zabor 1680 880 31 0 8
tree 1768 872 0 0 179
tree 1800 872 13 0 179
tree 1912 872 35 0 179
lay 1928 888 63 0 179
tree 2360 872 23 0 179
tree 2424 872 25 0 179
trop 2492 892 116 179 179
tree 2616 872 1 0 179
tree 2680 872 28 0 179
tree 3400 872 11 0 179
tree 152 920 2 0 179
tree 232 904 37 0 179
tree 264 920 17 0 179
tree 632 920 11 0 179
tree 696 920 36 0 179
tree 680 904 35 0 179
tree 696 904 36 0 179
tree 920 920 26 0 179
lay 1128 920 61 0 179
lay 1144 920 61 0 179
tree 1128 920 22 0 179
tree 1160 904 23 0 179
lay 1208 920 61 0 179
lay 1304 904 61 0 179
tree 1288 904 24 0 179
zabor 1328 912 26 0 8
lay 1320 904 61 0 179
lay 1352 920 61 0 179
lay 1624 920 51 0 179
zabor 1680 912 24 0 8
tree 1672 920 26 0 179
lay 1672 904 61 0 179
tree 1784 920 35 0 179
tree 1816 920 16 0 179
lay 2008 920 58 0 179
trop 2020 900 126 179 179
tree 2216 920 4 0 179
lay 2264 904 61 0 179
tree 2312 904 21 0 179
tree 2376 920 13 0 179
tree 2408 920 17 0 179
tree 2440 904 15 0 179
zabor 2736 912 26 0 8
tree 2920 920 12 0 179
dom 2976 896 289 0 179
zabor 3280 912 27 0 8
tree 3848 912 5 0 179
tree 216 952 17 0 179
tree 264 936 10 0 179
tree 296 936 35 0 179
tree 312 952 36 0 179
tree 568 952 14 0 179
tree 584 952 13 0 179
tree 616 952 13 0 179
tree 680 952 37 0 179
tree 760 936 16 0 179
tree 824 936 11 0 179
tree 888 936 17 0 179
tree 968 936 20 0 179
tree 1080 936 24 0 179
tree 1080 952 12 0 179
lay 1128 936 61 0 179
lay 1144 952 61 0 179
tree 1176 936 21 0 179
tree 1240 936 21 0 179
zabor 1328 944 31 0 8
lay 1656 952 61 0 179
zabor 1680 944 27 0 8
tree 1672 952 25 0 179
lay 1704 936 33 0 179
tree 1752 952 16 0 179
tree 1768 936 13 0 179
trop 2028 940 126 179 179
tree 2312 952 17 0 179
lay 2328 952 61 0 179
tree 2376 952 16 0 179
tree 2664 952 33 0 179
tree 2696 936 4 0 179
zabor 2736 944 30 0 8
tree 2872 952 11 0 179
tree 2920 952 35 0 179
zabor 3280 944 25 0 8
tree 3336 952 24 0 179
tree 3560 936 31 0 179
tree 3832 944 5 0 179
tree 3816 928 1 0 179
tree 520 984 16 0 179
tree 568 984 38 0 179
tree 696 984 37 0 179
tree 760 984 40 0 179
tree 904 968 34 0 179
tree 936 984 13 0 179
tree 984 984 25 0 179
tree 1016 968 25 0 179
tree 1048 968 25 0 179
tree 1112 984 22 0 179
lay 1144 984 61 0 179
tree 1128 968 21 0 179
tree 1176 968 35 0 179
tree 1208 968 39 0 179
tree 1240 968 21 0 179
tree 1272 968 20 0 179
zabor 1328 976 30 0 8
lay 1336 984 39 0 179
zabor 1360 976 27 0 8
zabor 1392 976 25 0 8
zabor 1424 976 25 0 8
zabor 1456 976 29 0 8
zabor 1488 976 29 0 8
zabor 1520 976 30 0 8
zabor 1552 976 24 0 8
zabor 1584 976 27 0 8
zabor 1616 976 24 0 8
zabor 1648 976 25 0 8
zabor 1680 976 27 0 8
tree 1720 968 20 0 179
tree 1784 984 13 0 179
tree 1832 968 35 0 179
trop 2028 988 126 179 179
tree 2168 984 31 0 179
tree 2232 984 4 0 179
tree 2264 984 32 0 179
lay 2328 968 61 0 179
lay 2328 984 61 0 179
lay 2344 984 61 0 179
trop 2508 988 117 179 179
tree 2632 984 5 0 179
tree 2680 968 33 0 179
zabor 2736 976 25 0 8
tree 2840 968 14 0 179
tree 3304 968 23 0 179
tree 3432 984 1 0 179
dom 3456 960 135 3 179
tree 3560 984 17 0 179
lay 200 1016 62 0 179
tree 216 1000 35 0 179
tree 200 1016 14 0 179
tree 232 1000 20 0 179
tree 264 1000 39 0 179
tree 328 1016 37 0 179
tree 360 1000 0 0 179
tree 376 1016 39 0 179
lay 392 1016 62 0 179
tree 632 1016 23 0 179
tree 664 1016 35 0 179
tree 824 1016 17 0 179
tree 872 1016 36 0 179
tree 1272 1016 22 0 179
tree 1336 1016 10 0 179
lay 1480 1016 61 0 179
lay 1480 1000 61 0 179
lay 1656 1000 38 0 179
lay 1688 1016 61 0 179
lay 1704 1000 31 0 179
tree 1912 1000 23 0 179
tree 1944 1016 23 0 179
lay 1992 1016 61 0 179
trop 2028 1012 126 179 179
lay 2136 1016 61 0 179
lay 2152 1016 61 0 179
tree 2360 1000 14 0 179
tree 2616 1000 28 0 179
zabor 2736 1008 30 0 8
tree 2920 1016 10 0 179
dom 3008 992 312 0 179
dom 3232 992 315 0 179
zabor 3376 1008 28 0 8
zabor 3408 1008 31 0 8
tree 3592 1016 0 0 179
zabor 16 1040 65 1 8
lay 344 1048 62 0 179
tree 344 1032 11 0 179
lay 488 1032 62 0 179
tree 584 1032 24 0 179
tree 712 1032 22 0 179
tree 760 1048 22 0 179
tree 792 1048 34 0 179
tree 808 1032 26 0 179
tree 856 1032 22 0 179
tree 936 1048 40 0 179
tree 984 1048 21 0 179
tree 1048 1048 22 0 179
tree 1112 1032 21 0 179
tree 1144 1032 10 0 179
tree 1192 1048 23 0 179
lay 1272 1032 61 0 179
tree 1256 1048 16 0 179
tree 1320 1048 20 0 179
tree 1384 1032 25 0 179
tree 1560 1048 0 0 179
tree 1736 1048 17 0 179
tree 1784 1048 14 0 179
tree 1832 1048 39 0 179
tree 1880 1032 39 0 179
tree 1880 1048 26 0 179
tree 1912 1048 20 0 179
tree 1928 1048 26 0 179
tree 1976 1048 21 0 179
lay 2008 1048 61 0 179
tree 2040 1048 22 0 179
lay 2040 1032 61 0 179
lay 2024 1032 61 0 179
trop 2044 1028 126 179 179
lay 2056 1032 61 0 179
lay 2072 1048 61 0 179
tree 2120 1032 25 0 179
tree 2168 1048 25 0 179
tree 2200 1032 21 0 179
lay 2200 1048 61 0 179
tree 2264 1032 22 0 179
tree 2696 1048 1 0 179
zabor 3216 1040 25 0 8
zabor 3408 1040 28 0 8
dom 3392 1024 318 0 179
zabor 3440 1040 30 0 8
zabor 3472 1040 30 0 8
tree 3528 1032 11 0 179
tree 3560 1032 35 0 179
tree 3672 1032 31 0 179
zabor 16 1072 66 1 8
zabor 48 1072 64 1 8
zabor 80 1072 65 1 8
zabor 112 1072 65 1 8
zabor 144 1072 65 1 8
zabor 176 1072 66 1 8
zabor 208 1072 66 1 8
zabor 240 1072 64 1 8
zabor 272 1072 65 1 8
zabor 304 1072 66 1 8
zabor 336 1072 66 1 8
lay 552 1080 62 0 179
lay 648 1080 62 0 179
tree 648 1064 16 0 179
tree 680 1064 24 0 179
tree 840 1080 23 0 179
tree 1016 1064 23 0 179
tree 1160 1064 23 0 179
tree 1288 1080 14 0 179
tree 1304 1080 10 0 179
tree 1448 1080 0 0 179
tree 1544 1064 11 0 179
tree 1592 1064 15 0 179
tree 1704 1080 17 0 179
tree 1800 1064 23 0 179
tree 1880 1064 20 0 179
lay 1960 1064 61 0 179
trop 1964 1068 126 179 179
trop 2004 1060 126 179 179
trop 2420 1076 118 179 179
tree 2696 1064 21 0 179
zabor 2736 1072 25 0 8
dom 2816 1056 195 0 179
zabor 2928 1072 27 0 8
zabor 2960 1072 39 0 9
zabor 2992 1072 26 0 8
zabor 3216 1072 29 0 8
zabor 3472 1072 25 0 8
tree 3496 1064 12 0 179
tree 3656 1080 7 0 179
tree 3688 1056 20 0 179
zabor 336 1104 64 1 8
lay 344 1096 62 0 179
zabor 368 1104 66 1 8
zabor 400 1104 66 1 8
zabor 432 1104 66 1 8
zabor 464 1104 66 1 8
zabor 496 1104 64 1 8
zabor 528 1104 65 1 8
zabor 560 1104 64 1 8
lay 600 1096 62 0 179
tree 728 1096 10 0 179
tree 904 1096 39 0 179
tree 1032 1112 39 0 179
tree 1144 1096 23 0 179
tree 1224 1112 21 0 179
tree 1304 1112 17 0 179
tree 1384 1096 24 0 179
tree 1656 1096 16 0 179
tree 1768 1096 10 0 179
trop 2172 1116 109 179 179
lay 2168 1096 61 0 179
lay 2200 1096 61 0 179
trop 2308 1116 109 179 179
tree 2552 1112 28 0 179
tree 2600 1112 3 0 179
tree 2632 1096 32 0 179
tree 2680 1112 39 0 179
tree 2680 1096 12 0 179
zabor 2736 1104 25 0 8
zabor 2960 1104 34 0 9
zabor 3216 1104 29 0 8
zabor 3472 1104 30 0 8
tree 3672 1096 21 0 179
tree 3688 1104 26 0 179
tree 3784 1088 7 0 179
zabor 560 1136 64 1 8
zabor 592 1136 65 1 8
zabor 624 1136 65 1 8
zabor 656 1136 65 1 8
zabor 688 1136 65 1 8
zabor 720 1136 65 1 8
zabor 752 1136 64 1 8
zabor 784 1136 65 1 8
lay 776 1128 62 0 179
tree 808 1128 17 0 179
tree 888 1128 0 0 179
tree 904 1128 17 0 179
tree 984 1144 24 0 179
tree 1032 1144 25 0 179
tree 1080 1128 23 0 179
tree 1128 1144 39 0 179
tree 1176 1144 26 0 179
tree 1208 1144 26 0 179
lay 1368 1128 61 0 179
tree 1432 1144 17 0 179
tree 1688 1128 13 0 179
trop 1908 1132 114 179 179
trop 2052 1124 109 179 179
lay 2056 1128 61 0 179
lay 2200 1128 61 0 179
lay 2232 1144 61 0 179
zabor 2736 1136 27 0 8
zabor 3216 1136 27 0 8
zabor 3472 1136 27 0 8
tree 3512 1144 9 0 179
tree 3576 1144 22 0 179
tree 3672 1144 25 0 179
tree 3688 1136 23 0 179
tree 3688 1120 23 0 179
tree 3800 1136 1 0 179
dom 480 1152 226 0 179
dom 704 1152 306 0 179
zabor 784 1168 64 1 8
lay 792 1160 62 0 179
zabor 816 1168 64 1 8
zabor 848 1168 65 1 8
zabor 880 1168 66 1 8
tree 1112 1160 23 0 179
tree 1464 1160 24 0 179
tree 1656 1176 16 0 179
tree 1672 1176 13 0 179
lay 2040 1176 61 0 179
tree 2440 1176 6 0 179
tree 2648 1176 23 0 179
tree 2664 1176 31 0 179
zabor 2736 1168 29 0 8
zabor 2768 1168 24 0 8
zabor 2800 1168 27 0 8
zabor 2832 1168 28 0 8
zabor 2864 1168 26 0 8
zabor 2896 1168 26 0 8
zabor 2928 1168 25 0 8
zabor 3216 1168 26 0 8
zabor 3472 1168 31 0 8
tree 3528 1176 16 0 179
tree 3768 1168 21 0 179
tree 3944 1168 19 0 179
tree 4056 1176 8 0 179
dom 320 1184 300 0 179
dom 800 1184 301 0 179
zabor 880 1200 64 1 8
lay 920 1208 62 0 179
lay 952 1208 61 0 179
tree 1016 1208 23 0 179
tree 1064 1208 24 0 179
tree 1128 1208 20 0 179
tree 1192 1208 25 0 179
tree 1224 1192 22 0 179
tree 1320 1208 10 0 179
tree 1384 1192 16 0 179
tree 1608 1208 17 0 179
tree 2088 1208 29 0 179
tree 2216 1208 1 0 179
tree 2360 1208 9 0 179
tree 2600 1208 19 0 179
tree 2632 1208 21 0 179
tree 2632 1192 35 0 179
zabor 2928 1200 30 0 8
zabor 2960 1200 28 0 8
zabor 2992 1200 26 0 8
zabor 3024 1200 25 0 8
zabor 3216 1200 38 0 9
zabor 3472 1200 28 0 8
tree 3592 1192 25 0 179
tree 3944 1184 39 0 179
lay 424 1240 62 0 179
trop 468 1236 244 179 179
dom 576 1216 75 0 179
stand 648 1240 160 0 179
stand 664 1240 162 0 179
vor 684 1228 24 179 179
stand 680 1240 163 0 179
vor 820 1236 24 179 179
zabor 848 1232 65 1 8
vor 844 1220 24 179 179
zabor 880 1232 66 1 8
lay 920 1224 62 0 179
trop 948 1236 251 179 179
lay 952 1240 62 0 179
tree 1032 1224 39 0 179
lay 1112 1224 61 0 179
tree 1432 1224 21 0 179
tree 1432 1240 25 0 179
tree 1688 1224 11 0 179
tree 1688 1240 15 0 179
tree 1672 1240 14 0 179
tree 2040 1240 32 0 179
tree 2440 1224 19 0 179
tree 2616 1224 15 0 179
tree 2824 1224 5 0 179
tree 2888 1240 32 0 179
zabor 2928 1232 25 0 8
tree 3000 1224 24 0 179
zabor 3024 1232 28 0 8
zabor 3472 1232 30 0 8
tree 3608 1224 24 0 179
tree 3592 1240 39 0 179
tree 3896 1216 4 0 179
tree 3944 1232 20 0 179
tree 4072 1224 31 0 179
vor 380 1252 24 179 179
stand 360 1256 162 0 179
stand 376 1272 163 0 179
trop 388 1252 250 179 179
trop 420 1268 241 179 179
trop 452 1268 241 179 179
trop 484 1260 108 179 179
trop 484 1268 249 179 179
trop 500 1268 252 179 179
stand 648 1272 157 0 179
stand 664 1256 158 0 179
stand 664 1272 159 0 179
stand 680 1272 156 0 179
stand 680 1256 161 0 179
trop 852 1268 253 179 179
zabor 880 1264 66 1 8
trop 972 1276 253 179 179
tree 1016 1256 22 0 179
tree 1096 1256 25 0 179
tree 1192 1256 20 0 179
tree 1320 1256 14 0 179
tree 1384 1272 35 0 179
tree 1432 1256 26 0 179
tree 1544 1256 23 0 179
tree 1688 1272 22 0 179
trop 1860 1260 111 179 179
tree 1976 1272 32 0 179
tree 2168 1272 28 0 179
tree 2248 1256 33 0 179
tree 2600 1256 26 0 179
tree 2760 1256 29 0 179
zabor 2928 1264 25 0 8
dom 2944 1248 288 0 179
zabor 3024 1264 27 0 8
zabor 3472 1264 27 0 8
tree 3528 1256 32 0 179
tree 3576 1272 35 0 179
tree 4008 1256 33 0 179
stand 344 1288 155 0 179
vor 396 1300 24 179 179
lay 392 1304 29 0 179
lay 504 1288 62 0 179
lay 504 1304 62 0 179
trop 500 1300 244 179 179
vor 668 1292 24 179 179
trop 732 1292 193 179 179
vor 740 1308 24 179 179
dom 736 1280 66 0 179
dom 768 1280 119 0 179
trop 852 1300 245 179 179
zabor 880 1296 64 1 8
trop 972 1300 253 179 179
tree 1064 1288 20 0 179
tree 1112 1304 20 0 179
lay 1176 1304 61 0 179
tree 1208 1304 24 0 179
tree 1304 1288 11 0 179
tree 1656 1288 16 0 179
tree 1656 1304 35 0 179
tree 1704 1304 20 0 179
tree 1912 1288 20 0 179
tree 2216 1304 33 0 179
tree 2376 1304 29 0 179
tree 2552 1304 16 0 179
tree 2696 1304 12 0 179
tree 2888 1304 19 0 179
zabor 2928 1296 26 0 8
dom 3264 1280 314 0 179
zabor 3312 1296 34 0 9
zabor 3344 1296 31 0 8
zabor 3376 1296 25 0 8
zabor 3408 1296 30 0 8
zabor 3440 1296 31 0 8
zabor 3472 1296 30 0 8
tree 3528 1304 19 0 179
tree 3576 1288 21 0 179
tree 3736 1288 32 0 179
tree 3912 1296 8 0 179
dom 224 1312 276 1 179
stand 344 1320 155 0 179
trop 404 1316 254 179 179
trop 516 1332 253 179 179
lay 776 1336 30 0 179
dom 768 1312 119 0 179
dom 800 1312 303 0 179
trop 852 1332 245 179 179
zabor 880 1328 64 1 8
trop 980 1332 253 179 179
tree 1080 1336 20 0 179
tree 1144 1336 20 0 179
tree 1352 1320 13 0 179
tree 1912 1336 23 0 179
tree 1928 1320 25 0 179
tree 2088 1320 19 0 179
tree 2184 1320 29 0 179
tree 2296 1320 1 0 179
tree 2632 1336 10 0 179
tree 2744 1320 18 0 179
zabor 2928 1328 26 0 8
tree 3752 1336 12 0 179
tree 3944 1328 22 0 179
stand 344 1368 154 0 179
trop 356 1348 242 179 179
stand 376 1352 159 0 179
trop 388 1348 104 179 179
trop 404 1348 252 179 179
trop 388 1364 251 179 179
trop 516 1364 253 179 179
zabor 880 1360 64 1 8
trop 868 1364 252 179 179
trop 996 1364 252 179 179
tree 1080 1368 23 0 179
tree 1224 1352 22 0 179
tree 1288 1352 10 0 179
tree 1688 1368 21 0 179
trop 1820 1372 108 179 179
tree 1960 1352 21 0 179
tree 2136 1352 39 0 179
tree 2168 1352 30 0 179
tree 2200 1368 39 0 179
tree 2232 1352 6 0 179
tree 2392 1368 19 0 179
tree 2904 1368 27 0 179
zabor 2928 1360 29 0 8
tree 4008 1368 9 0 179
tree 4088 1368 3 0 179
stand 312 1384 156 0 179
stand 312 1400 161 0 179
vor 340 1404 24 179 179
stand 344 1400 157 0 179
stand 328 1400 158 0 179
trop 404 1380 244 179 179
trop 420 1396 251 179 179
trop 500 1396 246 179 179
zabor 880 1392 65 1 8
trop 884 1396 251 179 179
zabor 912 1392 64 1 8
zabor 944 1392 65 1 8
zabor 976 1392 64 1 8
trop 1012 1396 243 179 179
tree 1368 1400 12 0 179
tree 1656 1400 16 0 179
tree 1688 1400 39 0 179
tree 1944 1400 22 0 179
tree 1976 1384 24 0 179
tree 1992 1400 20 0 179
tree 2072 1400 29 0 179
tree 2136 1384 3 0 179
tree 2840 1400 19 0 179
tree 2872 1400 4 0 179
zabor 2928 1392 32 0 9
tree 3864 1392 22 0 179
tree 3880 1376 9 0 179
tree 3928 1376 39 0 179
tree 3976 1400 30 0 179
trop 444 1412 108 179 179
trop 420 1412 245 179 179
lay 456 1432 65 0 179
trop 500 1428 254 179 179
trop 500 1436 111 179 179
trop 540 1420 101 179 179
dom 736 1408 194 0 179
trop 916 1428 251 179 179
zabor 976 1424 66 1 8
trop 1044 1428 251 179 179
lay 1144 1416 61 0 179
tree 1704 1416 24 0 179
tree 1704 1432 26 0 179
tree 1928 1416 39 0 179
tree 2088 1432 39 0 179
tree 2104 1432 20 0 179
tree 2712 1416 8 0 179
tree 2728 1416 20 0 179
tree 2888 1432 31 0 179
zabor 2928 1424 36 0 9
tree 3848 1424 21 0 179
tree 3912 1424 25 0 179
trop 420 1444 253 179 179
trop 444 1452 126 179 179
trop 436 1468 126 179 179
trop 468 1460 246 179 179
trop 540 1452 103 179 179
dom 800 1440 303 0 179
trop 948 1460 243 179 179
zabor 976 1456 65 1 8
dom 960 1440 80 0 179
trop 1060 1460 244 179 179
tree 1128 1464 26 0 179
tree 1240 1464 16 0 179
tree 1320 1448 17 0 179
tree 1672 1448 12 0 179
tree 1880 1448 24 0 179
tree 1976 1464 25 0 179
tree 2088 1448 39 0 179
tree 2184 1448 10 0 179
tree 2344 1464 15 0 179
tree 2696 1448 15 0 179
tree 2808 1464 35 0 179
tree 2840 1464 20 0 179
tree 2872 1448 8 0 179
zabor 2928 1456 38 0 9
tree 3816 1448 29 0 179
tree 3976 1464 30 0 179
lay 472 1496 62 0 179
trop 516 1492 240 179 179
trop 548 1476 241 179 179
trop 580 1476 249 179 179
trop 612 1476 241 179 179
trop 644 1476 241 179 179
trop 676 1476 249 179 179
trop 708 1476 249 179 179
trop 740 1476 241 179 179
trop 772 1476 249 179 179
zabor 976 1488 65 1 8
trop 964 1492 244 179 179
lay 1032 1496 62 0 179
trop 1076 1492 245 179 179
tree 1224 1496 14 0 179
tree 1320 1480 26 0 179
tree 1656 1496 0 0 179
tree 1672 1480 10 0 179
tree 1720 1496 26 0 179
tree 1704 1480 25 0 179
tree 2200 1496 14 0 179
tree 2264 1496 26 0 179
tree 2296 1480 13 0 179
tree 2344 1480 0 0 179
tree 2808 1480 24 0 179
tree 3928 1480 0 0 179
dom 256 1504 242 0 179
trop 444 1516 126 179 179
trop 428 1508 126 179 179
trop 492 1532 108 179 179
trop 492 1508 103 179 179
trop 500 1508 254 179 179
trop 716 1532 198 179 179
zabor 976 1520 65 1 8
trop 964 1524 246 179 179
trop 1076 1524 253 179 179
tree 1176 1512 24 0 179
tree 1416 1512 20 0 179
tree 1464 1528 13 0 179
tree 1496 1512 23 0 179
tree 1688 1512 14 0 179
trop 1820 1508 108 179 179
tree 1928 1528 24 0 179
tree 2072 1512 16 0 179
tree 2136 1528 14 0 179
tree 2184 1512 21 0 179
tree 2280 1528 39 0 179
tree 2760 1528 32 0 179
tree 2888 1512 16 0 179
tree 3880 1512 8 0 179
tree 4056 1528 28 0 179
trop 388 1556 104 179 179
dom 416 1536 229 0 179
trop 484 1540 245 179 179
trop 740 1540 197 179 179
zabor 976 1552 65 1 8
trop 964 1556 254 179 179
trop 1092 1556 252 179 179
tree 1208 1560 24 0 179
tree 1304 1544 12 0 179
tree 1416 1560 21 0 179
tree 1752 1560 24 0 179
tree 1912 1560 20 0 179
tree 2248 1544 23 0 179
tree 2312 1560 14 0 179
tree 2472 1544 11 0 179
tree 2712 1544 4 0 179
lay 440 1592 5 0 179
trop 436 1580 126 179 179
trop 484 1572 253 179 179
dom 672 1568 287 0 179
trop 932 1588 246 179 179
zabor 976 1584 65 1 8
zabor 1008 1584 64 1 8
lay 1032 1576 62 0 179
lay 1064 1576 62 0 179
trop 1108 1588 243 179 179
tree 1256 1576 21 0 179
tree 1400 1576 39 0 179
tree 1464 1592 26 0 179
tree 1704 1592 25 0 179
lay 1864 1592 61 0 179
tree 2072 1576 23 0 179
tree 2248 1576 26 0 179
tree 2296 1592 22 0 179
tree 2376 1592 11 0 179
tree 2408 1576 16 0 179
tree 2648 1576 3 0 179
tree 2696 1576 6 0 179
cliff 3616 1590 45 179 179
cliff 3648 1574 37 179 179
tree 3912 1576 32 0 179
tree 4008 1576 31 0 179
trop 348 1604 101 179 179
trop 452 1628 126 179 179
trop 484 1604 245 179 179
trop 828 1612 195 179 179
dom 832 1600 263 0 179
trop 916 1604 248 179 179
vor 932 1604 24 179 179
dom 960 1600 258 0 179
zabor 1008 1616 65 1 8
trop 1140 1604 241 179 179
trop 1172 1620 242 179 179
tree 1272 1624 23 0 179
tree 1368 1624 16 0 179
tree 1528 1624 15 0 179
tree 1592 1624 14 0 179
trop 1820 1612 108 179 179
lay 1880 1624 61 0 179
tree 2040 1608 16 0 179
tree 2184 1608 16 0 179
tree 2232 1624 23 0 179
tree 2424 1608 23 0 179
tree 2520 1608 23 0 179
tree 2552 1608 12 0 179
tree 2536 1608 17 0 179
tree 3080 1608 14 0 179
cliff 3600 1622 43 179 179
lay 424 1640 62 0 179
trop 460 1652 103 179 179
trop 564 1660 204 179 179
trop 868 1652 254 179 179
trop 884 1636 240 179 179
trop 948 1636 195 179 179
zabor 1008 1648 65 1 8
zabor 1040 1648 64 1 8
zabor 1072 1648 65 1 8
lay 1064 1640 62 0 179
zabor 1104 1648 64 1 8
zabor 1136 1648 64 1 8
zabor 1168 1648 65 1 8
zabor 1200 1648 65 1 8
stand 1208 1656 241 0 179
trop 1204 1636 243 179 179
tree 1624 1640 25 0 179
tree 1672 1656 14 0 179
tree 1704 1656 24 0 179
trop 1844 1652 18 179 179
trop 1876 1636 18 179 179
dom 1888 1632 81 0 179
lay 1928 1656 61 0 179
tree 2008 1640 23 0 179
tree 2152 1640 10 0 179
tree 2280 1640 15 0 179
tree 2408 1656 39 0 179
tree 2488 1656 11 0 179
tree 2472 1640 26 0 179
tree 2536 1656 23 0 179
tree 2616 1640 11 0 179
tree 3096 1656 17 0 179
tree 3464 1656 39 0 179
cliff 3568 1638 45 179 179
tree 3624 1656 22 0 179
tree 3672 1656 23 0 179
tree 4024 1656 3 0 179
trop 436 1676 60 179 179
trop 476 1668 126 179 179
trop 716 1692 126 179 179
trop 852 1684 245 179 179
zabor 1200 1680 65 1 8
trop 1220 1668 244 179 179
lay 1368 1672 61 0 179
tree 1352 1672 23 0 179
tree 1448 1672 11 0 179
lay 1864 1672 61 0 179
trop 1884 1676 18 179 179
trop 1868 1668 18 179 179
tree 1912 1688 25 0 179
lay 1896 1672 61 0 179
tree 2024 1688 25 0 179
tree 2152 1688 21 0 179
tree 2216 1672 25 0 179
tree 2248 1672 20 0 179
tree 2408 1672 21 0 179
tree 2488 1672 0 0 179
tree 3416 1688 39 0 179
tree 3448 1688 21 0 179
tree 3432 1688 39 0 179
tree 3480 1688 24 0 179
cliff 3520 1686 45 179 179
cliff 3552 1670 42 179 179
tree 3592 1672 24 0 179
dom 288 1696 294 0 179
trop 692 1724 126 179 179
vor 732 1716 24 179 179
trop 860 1724 103 179 179
trop 836 1716 246 179 179
zabor 1200 1712 66 1 8
trop 1276 1716 250 179 179
trop 1252 1700 251 179 179
tree 1336 1704 0 0 179
lay 1432 1720 61 0 179
tree 1416 1720 39 0 179
lay 1736 1720 61 0 179
lay 1880 1704 61 0 179
trop 1892 1716 18 179 179
tree 2024 1704 10 0 179
tree 2120 1720 23 0 179
tree 2200 1704 23 0 179
tree 2232 1704 20 0 179
tree 2392 1720 23 0 179
tree 2536 1720 12 0 179
tree 2552 1720 10 0 179
tree 2712 1704 23 0 179
tree 3464 1704 23 0 179
cliff 3520 1702 47 179 179
tree 3592 1720 25 0 179
tree 3672 1704 23 0 179
tree 3976 1720 7 0 179
lay 424 1736 62 0 179
trop 492 1732 126 179 179
dom 576 1728 264 0 179
dom 704 1728 262 0 179
trop 756 1748 249 179 179
trop 788 1748 241 179 179
trop 820 1732 248 179 179
dom 832 1728 261 0 179
dom 1024 1728 241 0 179
vor 1172 1756 24 179 179
zabor 1200 1744 65 1 8
stand 1208 1752 241 0 179
stand 1192 1752 150 0 179
vor 1228 1732 24 179 179
trop 1268 1748 246 179 179
lay 1256 1752 50 0 179
trop 1300 1748 243 179 179
tree 1336 1736 24 0 179
tree 1384 1736 22 0 179
tree 1448 1736 24 0 179
tree 1496 1752 22 0 179
tree 1528 1752 21 0 179
lay 1816 1752 50 0 179
trop 1828 1740 108 179 179
dom 1856 1728 313 0 179
lay 1896 1736 61 0 179
tree 1976 1736 20 0 179
tree 2024 1736 26 0 179
tree 2360 1752 25 0 179
tree 2456 1736 0 0 179
tree 2808 1752 3 0 179
tree 3432 1752 21 0 179
tree 3464 1752 21 0 179
cliff 3520 1734 53 179 179
trop 284 1780 126 179 179
trop 508 1780 126 179 179
trop 484 1764 126 179 179
lay 616 1784 62 0 179
trop 700 1780 126 179 179
trop 732 1772 126 179 179
trop 796 1772 104 179 179
lay 824 1784 62 0 179
trop 1268 1780 254 179 179
trop 1332 1780 243 179 179
lay 1400 1784 49 0 179
lay 1464 1784 61 0 179
tree 1480 1768 11 0 179
lay 1640 1768 61 0 179
lay 1912 1784 61 0 179
lay 1896 1784 61 0 179
trop 1900 1772 18 179 179
tree 2008 1768 16 0 179
tree 2472 1768 21 0 179
tree 2536 1768 14 0 179
tree 2776 1784 22 0 179
tree 3048 1768 29 0 179
tree 3096 1768 14 0 179
tree 3448 1784 10 0 179
cliff 3520 1766 46 179 179
tree 3672 1784 17 0 179
lay 312 1800 62 0 179
lay 536 1800 62 0 179
lay 824 1800 62 0 179
lay 856 1800 62 0 179
trop 852 1796 204 179 179
lay 1336 1800 50 0 179
tree 1544 1816 21 0 179
tree 1624 1816 23 0 179
trop 1796 1796 126 179 179
trop 1876 1804 18 179 179
tree 2040 1800 25 0 179
tree 2088 1816 16 0 179
tree 2136 1800 22 0 179
tree 2152 1800 20 0 179
tree 2408 1800 20 0 179
tree 2568 1816 39 0 179
tree 3112 1800 12 0 179
tree 3448 1816 15 0 179
tree 3448 1800 11 0 179
tree 3480 1800 17 0 179
cliff 3520 1798 53 179 179
tree 3608 1806 9 0 179
trop 84 1836 45 179 179
trop 124 1836 45 179 179
lay 184 1848 62 0 179
trop 284 1836 45 179 179
trop 436 1836 57 179 179
lay 504 1832 62 0 179
trop 596 1836 45 179 179
trop 756 1836 45 179 179
trop 916 1836 45 179 179
trop 1076 1836 61 179 179
trop 1156 1836 33 179 179
trop 1260 1836 33 179 179
trop 1364 1844 34 179 179
lay 1848 1832 50 0 179
tree 2008 1848 1 0 179
tree 2008 1832 29 0 179
tree 2088 1832 20 0 179
tree 2168 1848 22 0 179
tree 2280 1848 26 0 179
tree 2376 1832 20 0 179
tree 2632 1832 14 0 179
tree 2744 1832 39 0 179
tree 3384 1838 10 0 179
cliff 3520 1830 48 179 179
lay 200 1880 62 0 179
dom 288 1856 244 0 179
lay 648 1864 62 0 179
trop 724 1884 127 179 179
lay 840 1864 62 0 179
lay 1000 1864 62 0 179
zabor 1168 1872 104 2 8
zabor 1200 1872 104 2 8
lay 1432 1880 62 0 179
lay 1416 1880 65 0 179
trop 1476 1876 42 179 179
dom 1696 1856 88 0 179
trop 1804 1876 126 179 179
trop 1852 1876 126 179 179
lay 1896 1864 65 0 179
trop 1908 1884 18 179 179
tree 2024 1880 25 0 179
tree 2056 1880 24 0 179
tree 2216 1880 11 0 179
tree 2264 1864 23 0 179
tree 2360 1880 23 0 179
tree 2424 1864 22 0 179
trop 2596 1884 65 179 179
tree 2664 1880 11 0 179
tree 2712 1864 24 0 179
dom 2688 1856 82 0 179
tree 2744 1864 22 0 179
tree 2760 1864 26 0 179
tree 3368 1886 26 0 179
tree 3448 1886 16 0 179
tree 3464 1870 15 0 179
cliff 3520 1862 46 179 179
tree 3944 1864 3 0 179
lay 136 1896 62 0 179
lay 184 1896 62 0 179
lay 232 1896 62 0 179
trop 556 1900 127 179 179
lay 632 1896 62 0 179
lay 616 1896 27 0 179
trop 612 1900 127 179 179
trop 668 1900 127 179 179
trop 708 1892 205 179 179
lay 792 1912 62 0 179
stand 1208 1912 241 0 179
zabor 1232 1904 105 2 8
lay 1272 1896 49 0 179
lay 1288 1896 50 0 179
stand 1336 1912 19 0 179
tree 1576 1912 21 0 179
tree 1592 1896 4 0 179
lay 1848 1896 50 0 179
dom 1888 1888 271 0 179
tree 2040 1896 25 0 179
tree 2072 1896 10 0 179
tree 2104 1912 0 0 179
tree 2120 1912 21 0 179
tree 2152 1912 13 0 179
tree 2408 1912 24 0 179
tree 2472 1912 21 0 179
lay 2568 1912 60 0 179
trop 2732 1892 65 179 179
trop 3300 1906 153 179 179
lay 3448 1918 13 0 179
cliff 3520 1894 53 179 179
tree 3624 1918 4 0 179
stand 184 1928 27 0 179
dom 352 1920 246 0 179
stand 408 1944 2 0 179
dom 480 1920 245 0 179
stand 600 1944 17 0 179
trop 756 1932 122 179 179
stand 824 1944 11 0 179
stand 1080 1928 18 0 179
zabor 1200 1936 65 1 8
stand 1208 1944 241 0 179
zabor 1232 1936 105 2 8
lay 1320 1944 62 0 179
lay 1576 1944 49 0 179
trop 1788 1940 126 179 179
trop 1820 1948 126 179 179
tree 2040 1928 17 0 179
tree 2024 1928 23 0 179
tree 2056 1928 13 0 179
tree 2136 1944 15 0 179
tree 2168 1928 24 0 179
tree 2424 1944 23 0 179
lay 2536 1928 60 0 179
trop 2668 1924 65 179 179
tree 2824 1928 24 0 179
dom 3200 1920 197 0 179
tree 3384 1950 23 0 179
tree 3480 1950 0 0 179
cliff 3520 1926 47 179 179
tree 3736 1928 10 0 179
dom 3776 1920 207 2 179
dom 224 1952 248 0 179
dom 320 1952 247 0 179
vor 396 1964 24 179 179
trop 436 1956 48 179 179
trop 724 1980 99 179 179
stand 856 1976 187 0 179
dom 896 1952 226 0 179
dom 992 1952 225 0 179
stand 1080 1976 190 0 179
zabor 1200 1968 65 1 8
vor 1212 1964 24 179 179
zabor 1232 1968 104 2 8
tree 1432 1976 21 0 179
trop 1540 1972 41 179 179
lay 1752 1960 50 0 179
trop 1844 1980 126 179 179
tree 2136 1960 25 0 179
tree 2264 1976 21 0 179
tree 2312 1960 26 0 179
tree 2360 1976 39 0 179
lay 2520 1960 60 0 179
dom 2592 1952 81 0 179
trop 2628 1972 65 179 179
trop 2724 1964 65 179 179
tree 2856 1976 24 0 179
tree 3448 1966 10 0 179
cliff 3520 1958 47 179 179
vor 268 2012 24 179 179
trop 684 1996 123 179 179
stand 888 2008 189 0 179
vor 1028 2012 24 179 179
lay 1144 1992 31 0 179
stand 1128 2008 151 0 179
zabor 1200 2000 66 1 8
tree 1368 1992 11 0 179
trop 1660 2004 31 179 179
lay 1880 2008 62 0 179
trop 1916 2004 18 179 179
tree 2232 2008 26 0 179
tree 2296 1992 35 0 179
tree 2328 1992 21 0 179
tree 2408 1992 21 0 179
lay 2552 2008 5 0 179
lay 2584 1992 3 0 179
tree 2952 2008 20 0 179
tree 3000 1992 25 0 179
tree 2984 1992 3 0 179
tree 3032 1992 24 0 179
tree 3048 1998 17 0 179
lay 3368 1998 65 0 179
tree 3368 2014 20 0 179
tree 3416 2014 26 0 179
tree 3448 1998 10 0 179
tree 3432 2014 35 0 179
tree 3464 2014 23 0 179
cliff 3520 1990 48 179 179
tree 3608 1998 32 0 179
trop 196 2020 105 179 179
trop 236 2028 127 179 179
lay 632 2040 62 0 179
trop 620 2044 104 179 179
trop 940 2044 121 179 179
zabor 1200 2032 66 1 8
zabor 1232 2032 104 2 8
lay 1320 2024 50 0 179
tree 1416 2024 21 0 179
lay 1672 2040 62 0 179
lay 1768 2040 62 0 179
trop 1788 2036 42 179 179
trop 1876 2028 119 179 179
fre 1908 2020 28 179 179
tree 1992 2040 39 0 179
tree 2008 2024 0 0 179
lay 2056 2040 62 0 179
tree 2152 2040 24 0 179
tree 2216 2040 21 0 179
tree 2264 2024 20 0 179
tree 2312 2024 26 0 179
tree 2376 2024 20 0 179
fre 2452 2036 10 179 179
lay 2488 2024 60 0 179
lay 2520 2024 65 0 179
lay 2584 2040 60 0 179
lay 2712 2040 61 0 179
lay 2696 2040 61 0 179
lay 2728 2040 61 0 179
tree 2984 2040 26 0 179
tree 3016 2024 21 0 179
dom 3168 2016 88 0 179
trop 3300 2018 36 179 179
tree 3400 2046 23 0 179
tree 3464 2046 16 0 179
tree 3496 2046 26 0 179
cliff 3520 2022 48 179 179
tree 3592 2046 5 0 179
lay 168 2072 62 0 179
trop 212 2052 105 179 179
trop 308 2060 58 179 179
trop 436 2052 48 179 179
trop 556 2060 61 179 179
trop 636 2076 95 179 179
trop 724 2076 110 179 179
trop 820 2076 95 179 179
trop 980 2076 95 179 179
trop 1116 2076 95 179 179
zabor 1200 2064 64 1 8
zabor 1232 2064 64 1 8
zabor 1264 2064 105 2 8
tree 1464 2072 25 0 179
stand 1512 2072 18 0 179
tree 1672 2072 20 0 179
lay 1752 2056 49 0 179
stand 1736 2072 18 0 179
lay 1864 2072 49 0 179
fre 1900 2052 15 179 179
fre 1940 2052 6 179 179
fre 1948 2068 15 179 179
fre 1956 2060 27 179 179
fre 1988 2068 7 179 179
tree 2072 2056 24 0 179
tree 2120 2056 20 0 179
tree 2200 2056 26 0 179
lay 2216 2056 61 0 179
tree 2264 2056 23 0 179
tree 2312 2056 20 0 179
tree 2344 2056 23 0 179
lay 2392 2056 61 0 179
fre 2428 2076 25 179 179
tree 2408 2072 15 0 179
fre 2460 2076 4 179 179
lay 2536 2072 60 0 179
lay 2600 2056 60 0 179
dom 2592 2048 310 0 179
trop 2628 2060 65 179 179
tree 2760 2072 20 0 179
tree 2776 2072 6 0 179
tree 2904 2072 17 0 179
tree 2952 2072 23 0 179
tree 3016 2072 21 0 179
tree 3064 2056 20 0 179
tree 3128 2056 21 0 179
tree 3112 2056 25 0 179
tree 3384 2078 21 0 179
tree 3448 2062 35 0 179
cliff 3520 2054 48 179 179
tree 3848 2078 8 0 179
trop 636 2084 101 179 179
trop 636 2108 101 179 179
trop 908 2100 109 179 179
trop 940 2084 117 179 179
zabor 1232 2096 64 1 8
zabor 1264 2096 105 2 8
tree 1416 2104 26 0 179
tree 1432 2088 17 0 179
tree 1480 2088 11 0 179
tree 1528 2088 26 0 179
tree 1576 2088 21 0 179
tree 1672 2104 24 0 179
trop 1876 2084 126 179 179
lay 1896 2104 49 0 179
lay 2328 2104 61 0 179
fre 2372 2092 13 179 179
lay 2696 2104 61 0 179
lay 2744 2088 61 0 179
lay 2744 2104 61 0 179
tree 2792 2088 0 0 179
tree 2840 2088 11 0 179
tree 2904 2088 36 0 179
tree 2904 2104 33 0 179
lay 3336 2110 50 0 179
stand 3368 2088 241 0 179
tree 3432 2094 20 0 179
cliff 3536 2086 17 179 179
cliff 3520 2086 20 179 179
cliff 3568 2102 27 179 179
tree 3720 2094 30 0 179
tree 3736 2110 23 0 179
tree 3752 2094 18 0 179
lay 648 2136 39 0 179
trop 708 2140 123 179 179
trop 748 2124 109 179 179
lay 776 2136 62 0 179
trop 868 2124 109 179 179
zabor 1232 2128 65 1 8
zabor 1264 2128 105 2 8
tree 1368 2136 25 0 179
tree 1400 2120 39 0 179
tree 1480 2120 26 0 179
tree 1544 2136 0 0 179
tree 1592 2136 10 0 179
tree 1640 2136 24 0 179
tree 1704 2120 25 0 179
lay 1784 2120 49 0 179
trop 1852 2132 41 179 179
lay 1928 2120 65 0 179
lay 2440 2120 61 0 179
lay 2584 2120 50 0 179
cliff 3584 2118 21 179 179
cliff 3600 2134 26 179 179
tree 3688 2126 29 0 179
trop 436 2148 48 179 179
trop 780 2148 105 179 179
trop 868 2148 118 179 179
trop 924 2172 109 179 179
dom 1088 2144 243 0 179
vor 1204 2148 24 179 179
zabor 1232 2160 65 1 8
zabor 1264 2160 105 2 8
zabor 1296 2160 105 2 8
tree 1368 2168 35 0 179
lay 1432 2152 62 0 179
tree 1480 2168 26 0 179
tree 1512 2152 16 0 179
tree 1512 2168 14 0 179
tree 1560 2168 23 0 179
tree 1688 2152 23 0 179
tree 1672 2152 20 0 179
tree 1720 2168 26 0 179
stand 1768 2152 27 0 179
trop 1980 2164 31 179 179
trop 2140 2164 31 179 179
trop 2292 2164 31 179 179
trop 2444 2164 31 179 179
lay 2552 2152 61 0 179
trop 2604 2164 31 179 179
trop 2764 2164 31 179 179
trop 2924 2164 31 179 179
trop 2988 2154 31 179 179
trop 3148 2154 31 179 179
trop 3300 2154 43 179 179
tree 3512 2174 25 0 179
tree 3544 2174 29 0 179
cliff 3616 2150 22 179 179
cliff 3632 2166 24 179 179
tree 3688 2158 12 0 179
tree 3720 2158 20 0 179
tree 3768 2168 14 0 179
tree 3800 2168 11 0 179
tree 3832 2158 9 0 179
tree 3960 2158 18 0 179
dom 128 2176 76 0 179
dom 320 2176 242 0 179
dom 512 2176 241 0 179
trop 692 2196 126 179 179
trop 708 2188 123 179 179
trop 796 2180 105 179 179
lay 824 2200 62 0 179
trop 828 2180 127 179 179
trop 836 2188 205 179 179
trop 884 2196 109 179 179
trop 972 2188 127 179 179
zabor 1232 2192 65 1 8
zabor 1296 2192 104 2 8
lay 1288 2184 62 0 179
tree 1352 2184 25 0 179
tree 1432 2184 10 0 179
tree 1464 2184 10 0 179
tree 1480 2184 26 0 179
tree 1560 2184 21 0 179
lay 1608 2200 62 0 179
tree 1656 2184 24 0 179
tree 1720 2200 16 0 179
stand 1816 2200 210 0 179
trop 1964 2180 21 179 179
zabor 2000 2192 64 1 8
zabor 2032 2192 66 1 8
zabor 2064 2192 65 1 8
zabor 2096 2192 66 1 8
zabor 2128 2192 66 1 8
zabor 2160 2192 65 1 8
zabor 2192 2192 64 1 8
zabor 2224 2192 64 1 8
zabor 2256 2192 65 1 8
zabor 2288 2192 66 1 8
zabor 2320 2192 66 1 8
zabor 2352 2192 64 1 8
zabor 2384 2192 64 1 8
zabor 2416 2192 65 1 8
stand 2872 2200 241 0 179
lay 3272 2200 27 0 179
trop 3428 2186 42 179 179
tree 3592 2190 5 0 179
cliff 3664 2182 18 179 179
cliff 3648 2182 19 179 179
cliff 3696 2198 26 179 179
tree 3800 2190 26 0 179
tree 3880 2206 24 0 179
lay 3912 2184 11 0 179
tree 3944 2206 30 0 179
tree 3976 2190 22 0 179
lay 184 2232 62 0 179
lay 776 2232 62 0 179
trop 900 2212 109 179 179
lay 936 2232 62 0 179
zabor 1232 2224 65 1 8
zabor 1296 2224 105 2 8
tree 1576 2232 25 0 179
tree 1640 2216 23 0 179
tree 1688 2216 11 0 179
lay 1672 2216 67 0 179
stand 1784 2232 25 0 179
fre 1812 2236 6 179 179
zabor 2000 2224 65 1 8
fre 2036 2212 68 179 179
fre 2028 2228 15 179 179
fre 2052 2228 16 179 179
fre 2068 2212 34 179 179
fre 2100 2228 30 179 179
fre 2116 2228 35 179 179
stand 2168 2232 163 0 179
stand 2248 2232 33 0 179
fre 2276 2220 4 179 179
fre 2308 2220 35 179 179
lay 2360 2232 11 0 179
fre 2372 2228 33 179 179
zabor 2416 2224 65 1 8
fre 2452 2228 20 179 179
stand 2488 2232 40 0 179
lay 2520 2216 61 0 179
stand 2696 2232 20 0 179
stand 2776 2216 190 0 179
vor 2820 2228 24 179 179
vor 2820 2228 17 179 179
stand 2840 2232 204 0 179
stand 2840 2216 197 0 179
stand 2872 2232 51 0 179
stand 2904 2222 36 0 179
stand 3000 2232 36 0 179
stand 3096 2238 27 0 179
stand 3208 2238 36 0 179
lay 3240 2238 50 0 179
tree 3384 2222 22 0 179
tree 3368 2238 21 0 179
lay 3432 2238 50 0 179
cliff 3728 2214 16 179 179
cliff 3712 2214 23 179 179
cliff 3760 2214 17 179 179
cliff 3792 2214 54 179 179
cliff 3824 2230 26 179 179
tree 3960 2238 24 0 179
lay 808 2248 62 0 179
zabor 1232 2256 64 1 8
lay 1304 2264 62 0 179
tree 1368 2264 22 0 179
tree 1400 2248 13 0 179
tree 1384 2248 20 0 179
tree 1544 2248 23 0 179
tree 1640 2264 22 0 179
lay 1640 2264 67 0 179
tree 1704 2248 13 0 179
fre 1724 2244 23 179 179
lay 1720 2264 68 0 179
lay 1768 2248 9 0 179
fre 1772 2244 24 179 179
fre 1812 2260 28 179 179
fre 1812 2252 23 179 179
zabor 2000 2256 65 1 8
stand 2040 2248 32 0 179
lay 2072 2264 9 0 179
fre 2092 2260 31 179 179
fre 2084 2260 28 179 179
fre 2092 2244 31 179 179
stand 2136 2264 169 0 179
fre 2124 2244 20 179 179
fre 2124 2260 29 179 179
stand 2152 2248 168 0 179
stand 2296 2248 180 0 179
stand 2328 2264 179 0 179
stand 2328 2248 178 0 179
stand 2344 2264 179 0 179
fre 2348 2252 69 179 179
vor 2388 2252 24 179 179
fre 2396 2260 18 179 179
zabor 2416 2256 66 1 8
fre 2460 2268 2 179 179
lay 2600 2248 61 0 179
dom 2624 2240 191 0 179
stand 2696 2248 192 0 179
stand 2760 2264 191 0 179
vor 2812 2260 72 179 179
vor 2820 2268 16 179 179
stand 2872 2248 199 0 179
tree 3128 2254 20 0 179
tree 3128 2270 11 0 179
tree 3160 2270 23 0 179
tree 3192 2264 24 0 179
tree 3368 2270 39 0 179
tree 3592 2270 8 0 179
cliff 3856 2246 17 179 179
cliff 3840 2246 22 179 179
cliff 3888 2246 54 179 179
cliff 3920 2246 18 179 179
cliff 3952 2262 27 179 179
trop 468 2276 56 179 179
trop 588 2276 45 179 179
trop 740 2276 45 179 179
trop 900 2276 45 179 179
trop 1060 2276 61 179 179
zabor 1232 2288 66 1 8
zabor 1296 2288 104 2 8
tree 1432 2296 23 0 179
tree 1528 2296 23 0 179
tree 1608 2280 22 0 179
lay 1720 2296 62 0 179
lay 1704 2296 5 0 179
tree 1736 2280 20 0 179
tree 1768 2296 25 0 179
fre 1764 2284 62 179 179
fre 1772 2276 62 179 179
fre 1796 2276 22 179 179
lay 1800 2296 67 0 179
fre 1836 2292 11 179 179
fre 1860 2300 31 179 179
lay 1880 2280 62 0 179
trop 1964 2292 24 179 179
zabor 2000 2288 64 1 8
vor 2068 2276 24 179 179
fre 2100 2284 22 179 179
fre 2092 2284 12 179 179
fre 2124 2276 7 179 179
fre 2164 2284 22 179 179
stand 2328 2280 181 0 179
fre 2364 2284 16 179 179
fre 2396 2276 34 179 179
stand 2424 2296 241 0 179
zabor 2416 2288 64 1 8
fre 2436 2284 62 179 179
fre 2524 2284 21 179 179
lay 2520 2296 61 0 179
fre 2540 2292 68 179 179
vor 2700 2276 24 179 179
fre 2732 2276 25 179 179
vor 2780 2292 9 179 179
vor 2844 2284 74 179 179
vor 2860 2300 24 179 179
fre 2908 2276 7 179 179
tree 3016 2302 12 0 179
trop 3460 2298 30 179 179
tree 3688 2302 3 0 179
cliff 3984 2278 16 179 179
cliff 3968 2278 21 179 179
lay 152 2312 62 0 179
vor 228 2332 24 179 179
stand 232 2328 40 0 179
lay 552 2328 62 0 179
trop 564 2332 127 179 179
trop 716 2324 126 179 179
zabor 1232 2320 64 1 8
zabor 1296 2320 104 2 8
tree 1336 2312 25 0 179
tree 1416 2312 0 0 179
lay 1688 2328 67 0 179
tree 1704 2328 15 0 179
lay 1736 2312 67 0 179
lay 1784 2328 6 0 179
fre 1828 2316 11 179 179
lay 1832 2312 62 0 179
stand 2088 2328 187 0 179
stand 2104 2328 174 0 179
stand 2152 2312 175 0 179
stand 2184 2328 166 0 179
lay 2312 2328 27 0 179
dom 2336 2304 82 0 179
dom 2464 2304 82 0 179
stand 2760 2312 193 0 179
vor 2804 2316 72 179 179
vor 2812 2308 24 179 179
vor 2804 2308 74 179 179
vor 2820 2332 64 179 179
vor 2828 2332 65 179 179
stand 2856 2312 194 0 179
fre 2900 2324 15 179 179
vor 2916 2324 24 179 179
fre 2932 2332 5 179 179
fre 2972 2332 0 179 179
fre 2948 2316 31 179 179
tree 3016 2334 14 0 179
tree 3064 2318 16 0 179
tree 3144 2318 14 0 179
tree 3160 2334 24 0 179
tree 3208 2318 21 0 179
stand 3208 2334 17 0 179
trop 3300 2314 30 179 179
tree 3400 2318 24 0 179
trop 3460 2322 30 179 179
dom 256 2336 265 0 179
vor 436 2356 24 179 179
dom 416 2336 259 0 179
stand 536 2360 156 0 179
stand 520 2360 180 0 179
lay 568 2360 3 0 179
dom 544 2336 258 0 179
lay 760 2344 62 0 179
zabor 1232 2352 66 1 8
zabor 1296 2352 105 2 8
tree 1416 2344 14 0 179
tree 1560 2360 24 0 179
tree 1576 2344 13 0 179
tree 1656 2344 23 0 179
tree 1752 2344 39 0 179
lay 1816 2344 67 0 179
fre 1836 2348 20 179 179
dom 2016 2336 271 0 179
stand 2072 2344 188 0 179
stand 2072 2360 184 0 179
stand 2088 2344 182 0 179
stand 2088 2360 183 0 179
stand 2104 2360 183 0 179
vor 2124 2364 24 179 179
fre 2132 2348 12 179 179
lay 2120 2344 62 0 179
stand 2152 2360 182 0 179
stand 2152 2344 182 0 179
lay 2216 2344 26 0 179
tree 2728 2344 27 0 179
tree 2744 2344 6 0 179
vor 2804 2340 24 179 179
vor 2828 2356 74 179 179
vor 2852 2364 65 179 179
stand 2904 2360 210 0 179
lay 2936 2344 62 0 179
fre 2996 2356 11 179 179
tree 3048 2350 25 0 179
tree 3128 2366 16 0 179
lay 3160 2344 11 0 179
tree 3160 2366 14 0 179
tree 3384 2366 24 0 179
tree 3576 2366 27 0 179
lay 3592 2344 11 0 179
tree 3656 2366 18 0 179
tree 3688 2350 28 0 179
tree 3688 2366 24 0 179
dom 192 2368 228 0 179
stand 344 2376 240 0 179
stand 408 2376 155 1 179
stand 488 2376 155 0 179
trop 588 2388 205 179 179
dom 608 2368 264 0 179
stand 616 2392 151 0 179
lay 680 2392 62 0 179
trop 716 2380 126 179 179
lay 744 2376 62 0 179
dom 736 2368 262 0 179
dom 864 2368 259 0 179
dom 992 2368 260 0 179
lay 1112 2376 62 0 179
dom 1088 2368 304 0 179
vor 1124 2388 24 179 179
trop 1156 2372 251 179 179
zabor 1232 2384 66 1 8
zabor 1264 2384 65 1 8
stand 1272 2392 241 0 179
zabor 1296 2384 104 2 8
tree 1352 2392 21 0 179
tree 1432 2376 11 0 179
tree 1640 2376 13 0 179
tree 1736 2392 21 0 179
tree 1800 2376 21 0 179
trop 1964 2372 24 179 179
stand 2072 2392 185 0 179
stand 2072 2376 185 0 179
stand 2088 2376 182 0 179
stand 2104 2376 182 0 179
stand 2088 2392 184 0 179
stand 2120 2392 178 0 179
stand 2136 2376 180 0 179
stand 2152 2376 189 0 179
stand 2168 2376 182 0 179
stand 2152 2392 183 0 179
lay 2376 2376 27 0 179
lay 2648 2376 28 0 179
tree 2776 2376 3 0 179
lay 2792 2376 28 0 179
vor 2876 2396 74 179 179
tree 2856 2392 12 0 179
tree 2856 2376 39 0 179
vor 2892 2380 24 179 179
fre 2948 2380 10 179 179
fre 2980 2396 64 179 179
fre 2988 2372 24 179 179
tree 3000 2392 38 0 179
fre 3012 2388 29 179 179
tree 3128 2398 10 0 179
tree 3176 2376 39 0 179
tree 3368 2382 26 0 179
tree 3544 2382 23 0 179
tree 3640 2382 29 0 179
tree 3752 2382 21 0 179
tree 3832 2398 14 0 179
tree 3880 2382 20 0 179
tree 3928 2398 24 0 179
tree 3944 2382 1 0 179
tree 3976 2382 33 0 179
lay 216 2424 62 0 179
vor 260 2404 24 179 179
stand 280 2424 248 0 179
stand 344 2408 181 0 179
stand 328 2424 182 0 179
stand 344 2424 183 0 179
trop 364 2412 127 179 179
trop 420 2412 127 179 179
trop 452 2404 205 179 179
stand 488 2408 155 0 179
stand 680 2408 154 0 179
trop 756 2420 126 179 179
dom 800 2400 236 0 179
stand 888 2424 239 0 179
stand 984 2424 250 0 179
dom 1024 2400 248 0 179
lay 1096 2408 62 0 179
zabor 1168 2416 105 2 8
trop 1172 2404 244 179 179
zabor 1200 2416 104 2 8
vor 1244 2420 24 179 179
zabor 1232 2416 104 2 8
zabor 1264 2416 66 1 8
zabor 1296 2416 105 2 8
lay 1320 2424 50 0 179
tree 1384 2424 20 0 179
tree 1416 2408 23 0 179
tree 1560 2408 21 0 179
tree 1704 2408 13 0 179
tree 1752 2424 11 0 179
tree 1800 2408 24 0 179
stand 2136 2424 173 0 179
stand 2120 2408 185 0 179
stand 2152 2408 178 0 179
stand 2152 2424 179 0 179
lay 2168 2424 62 0 179
lay 2168 2408 62 0 179
stand 2184 2408 184 0 179
stand 2184 2424 178 0 179
lay 2184 2408 62 0 179
vor 2932 2420 74 179 179
vor 2964 2404 24 179 179
vor 2964 2404 74 179 179
tree 2984 2408 11 0 179
tree 3064 2414 24 0 179
tree 3192 2430 12 0 179
tree 3384 2414 26 0 179
tree 3368 2430 22 0 179
lay 3512 2424 28 0 179
lay 3512 2414 50 0 179
stand 328 2456 184 0 179
stand 360 2456 185 0 179
stand 376 2440 186 0 179
lay 424 2440 5 0 179
lay 616 2456 62 0 179
stand 952 2440 250 1 179
trop 1188 2436 253 179 179
zabor 1264 2448 66 1 8
zabor 1296 2448 104 2 8
tree 1576 2456 16 0 179
tree 1672 2456 10 0 179
tree 1704 2456 22 0 179
lay 1736 2440 63 0 179
fre 1828 2436 34 179 179
fre 1876 2452 12 179 179
trop 1964 2460 24 179 179
stand 2136 2440 187 0 179
stand 2168 2440 186 0 179
lay 2968 2440 37 0 179
fre 3012 2436 12 179 179
lay 3032 2456 62 0 179
tree 3176 2462 39 0 179
trop 3300 2458 35 179 179
trop 3492 2442 41 179 179
lay 408 2472 62 0 179
stand 888 2472 239 0 179
dom 1088 2464 305 0 179
trop 1188 2468 253 179 179
zabor 1264 2480 66 1 8
zabor 1296 2480 104 2 8
fre 1356 2484 13 179 179
lay 1432 2472 62 0 179
tree 1496 2488 39 0 179
dom 2048 2464 87 0 179
vor 2180 2476 24 179 179
lay 2184 2488 10 0 179
fre 3028 2476 18 179 179
vor 3044 2476 24 179 179
lay 3064 2488 62 0 179
fre 3196 2492 18 179 179
tree 3368 2478 9 0 179
trop 3620 2474 31 179 179
trop 3780 2474 31 179 179
trop 3924 2474 31 179 179
vor 588 2524 24 179 179
stand 728 2520 249 0 179
stand 824 2520 249 0 179
vor 1004 2500 24 179 179
dom 992 2496 264 0 179
trop 1188 2500 245 179 179
zabor 1264 2512 64 1 8
zabor 1296 2512 105 2 8
fre 1316 2524 14 179 179
fre 1324 2500 62 179 179
fre 1372 2524 8 179 179
tree 1480 2504 23 0 179
tree 1544 2520 25 0 179
tree 1592 2504 24 0 179
tree 1640 2520 24 0 179
tree 1704 2520 22 0 179
zabor 2160 2512 64 1 8
zabor 2192 2512 66 1 8
zabor 2224 2512 65 1 8
zabor 2256 2512 64 1 8
zabor 2288 2512 66 1 8
zabor 2320 2512 64 1 8
zabor 2352 2512 64 1 8
zabor 2384 2512 65 1 8
zabor 2416 2512 66 1 8
zabor 2448 2512 65 1 8
zabor 2480 2512 66 1 8
zabor 2512 2512 66 1 8
zabor 2544 2512 66 1 8
zabor 2576 2512 65 1 8
zabor 2608 2512 64 1 8
zabor 2640 2512 66 1 8
zabor 2672 2512 65 1 8
zabor 2704 2512 64 1 8
zabor 2736 2512 64 1 8
zabor 2768 2512 64 1 8
zabor 2800 2512 65 1 8
zabor 2832 2512 64 1 8
zabor 2864 2512 66 1 8
zabor 2896 2512 65 1 8
zabor 2928 2512 64 1 8
lay 2920 2520 41 0 179
stand 2968 2520 241 0 179
zabor 2960 2512 65 1 8
lay 3000 2520 62 0 179
fre 3068 2516 20 179 179
vor 3180 2508 24 179 179
fre 3180 2524 28 179 179
stand 3192 2510 36 0 179
tree 3416 2510 22 0 179
dom 192 2528 277 0 179
stand 552 2536 249 1 179
stand 712 2552 160 0 179
vor 740 2556 24 179 179
stand 792 2552 179 0 179
dom 960 2528 244 0 179
lay 1160 2552 62 0 179
vor 1188 2532 24 179 179
lay 1192 2536 65 0 179
trop 1188 2532 253 179 179
zabor 1264 2544 64 1 8
dom 1248 2528 80 0 179
zabor 1296 2544 105 2 8
fre 1324 2556 62 179 179
fre 1340 2532 37 179 179
lay 1384 2552 62 0 179
lay 1496 2536 62 0 179
tree 1672 2552 12 0 179
fre 1740 2540 29 179 179
fre 1788 2556 64 179 179
stand 1816 2536 248 0 179
stand 1896 2536 63 0 179
trop 1964 2556 24 179 179
stand 2008 2536 63 0 179
trop 2068 2556 146 179 179
trop 2068 2548 146 179 179
trop 2508 2556 146 179 179
trop 2588 2556 146 179 179
lay 2712 2536 46 0 179
lay 2744 2536 45 0 179
trop 2764 2548 146 179 179
trop 2868 2548 146 179 179
lay 2952 2536 28 0 179
trop 2948 2548 146 179 179
lay 2984 2552 26 0 179
dom 3104 2528 245 0 179
fre 3196 2548 32 179 179
tree 3576 2558 23 0 179
lay 3816 2558 65 0 179
vor 276 2580 24 179 179
dom 416 2560 194 0 179
vor 564 2564 24 179 179
stand 632 2568 161 0 179
lay 696 2568 32 0 179
stand 712 2568 159 0 179
stand 776 2568 180 0 179
stand 824 2568 158 0 179
stand 808 2568 178 0 179
lay 840 2568 62 0 179
stand 856 2568 157 0 179
stand 888 2568 239 0 179
lay 1192 2584 65 0 179
trop 1188 2564 253 179 179
lay 1240 2568 62 0 179
zabor 1264 2576 66 1 8
zabor 1296 2576 105 2 8
lay 1640 2568 62 0 179
fre 1700 2564 35 179 179
lay 1736 2568 63 0 179
stand 1768 2568 164 0 179
vor 1764 2572 24 179 179
fre 1764 2588 15 179 179
fre 1796 2580 68 179 179
trop 1956 2588 146 179 179
trop 2092 2564 146 179 179
trop 2452 2564 146 179 179
trop 2756 2580 146 179 179
trop 2956 2580 146 179 179
lay 3112 2568 62 0 179
fre 3204 2588 4 179 179
tree 3400 2574 28 0 179
tree 3528 2574 24 0 179
tree 3544 2590 22 0 179
tree 3576 2590 22 0 179
tree 3624 2574 22 0 179
tree 3864 2574 22 0 179
zabor 16 2608 64 1 8
zabor 48 2608 66 1 8
zabor 80 2608 64 1 8
zabor 112 2608 66 1 8
zabor 144 2608 66 1 8
zabor 176 2608 64 1 8
zabor 208 2608 65 1 8
zabor 240 2608 66 1 8
zabor 272 2608 66 1 8
zabor 304 2608 64 1 8
zabor 560 2608 65 1 8
zabor 592 2608 65 1 8
zabor 624 2608 66 1 8
zabor 656 2608 65 1 8
zabor 688 2608 64 1 8
zabor 720 2608 65 1 8
zabor 752 2608 64 1 8
zabor 784 2608 66 1 8
zabor 816 2608 65 1 8
zabor 848 2608 64 1 8
zabor 880 2608 64 1 8
zabor 912 2608 66 1 8
vor 1212 2604 24 179 179
zabor 1264 2608 66 1 8
vor 1252 2620 24 179 179
zabor 1296 2608 104 2 8
fre 1556 2596 30 179 179
fre 1692 2604 36 179 179
fre 1716 2604 66 179 179
lay 1752 2616 9 0 179
fre 1748 2596 9 179 179
vor 1844 2612 24 179 179
stand 1896 2600 63 0 179
lay 1976 2600 63 0 179
trop 2012 2620 146 179 179
stand 2008 2600 63 0 179
trop 2036 2596 146 179 179
dom 2656 2592 155 0 179
lay 3080 2616 62 0 179
fre 3188 2620 7 179 179
stand 3208 2616 176 0 179
trop 3308 2594 32 179 179
lay 3448 2606 11 0 179
tree 3432 2606 22 0 179
tree 3432 2622 3 0 179
tree 3496 2606 29 0 179
tree 3640 2622 35 0 179
lay 3656 2622 65 0 179
tree 3704 2622 39 0 179
tree 3688 2622 24 0 179
tree 3752 2606 24 0 179
tree 3800 2622 26 0 179
tree 3848 2622 22 0 179
tree 3928 2606 21 0 179
tree 3992 2606 23 0 179
fre 164 2636 62 179 179
fre 220 2636 63 179 179
zabor 304 2640 66 1 8
stand 312 2648 241 0 179
fre 292 2652 21 179 179
zabor 336 2640 66 1 8
zabor 368 2640 66 1 8
zabor 400 2640 66 1 8
zabor 432 2640 66 1 8
zabor 464 2640 64 1 8
zabor 496 2640 65 1 8
zabor 528 2640 65 1 8
stand 568 2648 241 0 179
zabor 560 2640 66 1 8
fre 596 2636 21 179 179
fre 644 2644 16 179 179
fre 684 2652 23 179 179
fre 732 2652 25 179 179
fre 780 2636 10 179 179
fre 812 2644 3 179 179
fre 828 2636 20 179 179
fre 852 2644 36 179 179
fre 876 2644 16 179 179
zabor 912 2640 66 1 8
stand 920 2648 241 0 179
vor 900 2628 24 179 179
zabor 944 2640 66 1 8
zabor 976 2640 65 1 8
zabor 1008 2640 66 1 8
zabor 1040 2640 66 1 8
zabor 1072 2640 65 1 8
zabor 1104 2640 65 1 8
zabor 1136 2640 64 1 8
dom 1120 2624 265 0 179
zabor 1168 2640 65 1 8
zabor 1200 2640 66 1 8
zabor 1232 2640 65 1 8
stand 1272 2648 241 0 179
zabor 1264 2640 66 1 8
dom 1248 2624 258 0 179
zabor 1296 2640 105 2 8
dom 1440 2624 141 0 179
vor 1572 2652 24 179 179
vor 1588 2636 24 179 179
stand 1592 2648 239 0 179
stand 1640 2648 239 0 179
fre 1748 2628 7 179 179
lay 1752 2632 62 0 179
vor 1788 2644 24 179 179
stand 1832 2648 240 0 179
trop 1964 2652 24 179 179
stand 2088 2648 142 0 179
trop 2204 2644 146 179 179
dom 2336 2624 133 0 179
dom 2496 2624 143 0 179
trop 2812 2644 146 179 179
trop 2892 2636 146 179 179
trop 2972 2644 146 179 179
fre 3156 2652 16 179 179
vor 3172 2644 24 179 179
stand 3192 2654 48 0 179
cliff 3504 2646 44 179 179
cliff 3520 2646 52 179 179
cliff 3552 2646 31 179 179
fre 3612 2628 62 179 179
fre 3644 2628 19 179 179
fre 3644 2652 1 179 179
fre 3684 2644 21 179 179
tree 3736 2638 25 0 179
tree 3784 2654 17 0 179
tree 3928 2654 24 0 179
tree 3976 2638 25 0 179
fre 180 2660 28 179 179
fre 244 2660 69 179 179
fre 580 2668 37 179 179
fre 596 2660 66 179 179
fre 892 2660 5 179 179
zabor 1072 2672 105 2 8
zabor 1104 2672 105 2 8
zabor 1136 2672 104 2 8
zabor 1168 2672 104 2 8
zabor 1200 2672 105 2 8
zabor 1232 2672 105 2 8
zabor 1264 2672 105 2 8
zabor 1296 2672 105 2 8
stand 1320 2664 198 0 179
stand 1896 2664 63 0 179
trop 1996 2668 146 179 179
stand 2008 2680 63 0 179
lay 2024 2664 62 0 179
stand 2040 2680 47 0 179
stand 2248 2680 62 0 179
stand 2824 2680 39 0 179
stand 3016 2664 153 0 179
dom 3104 2656 308 0 179
vor 3140 2660 24 179 179
stand 3160 2680 185 0 179
stand 3160 2664 186 0 179
lay 3192 2664 62 0 179
tree 3416 2670 32 0 179
tree 3448 2670 39 0 179
cliff 3504 2662 48 179 179
cliff 3584 2678 50 179 179
cliff 3616 2678 51 179 179
cliff 3648 2678 49 179 179
cliff 3680 2678 51 179 179
cliff 3712 2678 28 179 179
tree 3880 2686 12 0 179
tree 3992 2686 10 0 179
trop 116 2708 113 179 179
trop 148 2708 113 179 179
trop 180 2708 113 179 179
trop 212 2708 113 179 179
trop 244 2708 113 179 179
trop 276 2708 113 179 179
trop 308 2708 113 179 179
trop 340 2708 113 179 179
trop 372 2708 113 179 179
trop 404 2708 113 179 179
trop 436 2708 113 179 179
trop 468 2708 113 179 179
trop 500 2708 113 179 179
trop 532 2708 113 179 179
trop 564 2708 113 179 179
trop 596 2708 113 179 179
trop 628 2708 113 179 179
trop 660 2708 113 179 179
trop 692 2708 113 179 179
trop 724 2708 113 179 179
trop 756 2708 113 179 179
trop 788 2708 113 179 179
trop 820 2708 113 179 179
trop 852 2708 113 179 179
trop 884 2708 113 179 179
trop 916 2708 113 179 179
trop 948 2708 113 179 179
trop 980 2708 113 179 179
trop 1012 2708 113 179 179
trop 1044 2708 113 179 179
trop 1076 2708 113 179 179
trop 1108 2708 113 179 179
trop 1140 2708 113 179 179
trop 1172 2708 113 179 179
trop 1204 2708 113 179 179
trop 1236 2708 113 179 179
trop 1268 2708 113 179 179
trop 1300 2708 113 179 179
trop 1332 2708 113 179 179
trop 1364 2708 113 179 179
trop 1396 2708 113 179 179
trop 1428 2708 113 179 179
trop 1460 2708 113 179 179
trop 1492 2708 113 179 179
trop 1524 2708 113 179 179
trop 1556 2708 113 179 179
trop 1588 2708 113 179 179
trop 1620 2708 113 179 179
trop 1652 2708 113 179 179
trop 1684 2708 113 179 179
trop 1716 2708 113 179 179
trop 1748 2708 113 179 179
trop 1780 2708 113 179 179
trop 1812 2708 113 179 179
trop 1844 2708 113 179 179
trop 1876 2708 113 179 179
trop 1908 2708 113 179 179
trop 1940 2708 113 179 179
trop 1972 2708 113 179 179
trop 2004 2708 113 179 179
trop 2036 2708 113 179 179
trop 2068 2708 113 179 179
trop 2100 2708 113 179 179
trop 2132 2708 113 179 179
trop 2164 2708 113 179 179
trop 2196 2708 113 179 179
trop 2228 2708 113 179 179
trop 2260 2708 113 179 179
stand 2296 2696 229 0 179
trop 2292 2708 113 179 179
trop 2324 2708 113 179 179
trop 2356 2708 113 179 179
trop 2388 2708 113 179 179
trop 2420 2708 113 179 179
stand 2440 2696 229 0 179
trop 2452 2708 113 179 179
trop 2484 2708 113 179 179
trop 2516 2708 113 179 179
trop 2548 2708 113 179 179
stand 2584 2696 229 0 179
trop 2580 2708 113 179 179
trop 2612 2708 113 179 179
trop 2644 2708 113 179 179
trop 2676 2708 113 179 179
trop 2708 2708 113 179 179
stand 2728 2712 225 0 179
trop 2740 2708 113 179 179
trop 2772 2708 113 179 179
trop 2804 2708 113 179 179
stand 2840 2712 225 0 179
trop 2836 2708 113 179 179
trop 2868 2708 113 179 179
trop 2900 2708 113 179 179
trop 2932 2708 113 179 179
stand 2952 2712 225 0 179
trop 2964 2708 113 179 179
trop 2996 2708 113 179 179
trop 3028 2708 113 179 179
trop 3060 2708 113 179 179
vor 3132 2700 24 179 179
cliff 3504 2694 46 179 179
cliff 3728 2694 35 179 179
trop 1964 2724 53 179 179
trop 2052 2724 55 179 179
stand 3096 2728 38 0 179
lay 3208 2744 62 0 179
trop 3300 2730 153 179 179
tree 3384 2750 31 0 179
tree 3448 2750 6 0 179
cliff 3504 2726 47 179 179
tree 3592 2744 39 0 179
tree 3624 2728 23 0 179
tree 3752 2744 20 0 179
cliff 3744 2726 50 179 179
fre 164 2772 19 179 179
trop 1980 2772 24 179 179
stand 2056 2776 47 0 179
dom 3136 2752 246 0 179
lay 3160 2776 62 0 179
lay 3208 2776 62 0 179
cliff 3504 2758 46 179 179
tree 3752 2760 20 0 179
trop 100 2804 113 179 179
trop 132 2804 113 179 179
trop 164 2804 113 179 179
trop 196 2804 113 179 179
trop 228 2804 113 179 179
trop 260 2804 113 179 179
trop 292 2804 113 179 179
trop 324 2804 113 179 179
trop 356 2804 113 179 179
trop 388 2804 113 179 179
trop 420 2804 113 179 179
trop 452 2804 113 179 179
trop 484 2804 113 179 179
trop 516 2804 113 179 179
trop 548 2804 113 179 179
trop 580 2804 113 179 179
trop 612 2804 113 179 179
trop 644 2804 113 179 179
trop 676 2804 113 179 179
trop 708 2804 113 179 179
trop 740 2804 113 179 179
trop 772 2804 113 179 179
trop 804 2804 113 179 179
trop 836 2804 113 179 179
trop 868 2804 113 179 179
trop 900 2804 113 179 179
trop 932 2804 113 179 179
trop 964 2804 113 179 179
trop 996 2804 113 179 179
trop 1028 2804 113 179 179
trop 1060 2804 113 179 179
trop 1092 2804 113 179 179
trop 1124 2804 113 179 179
trop 1156 2804 113 179 179
trop 1188 2804 113 179 179
trop 1220 2804 113 179 179
trop 1252 2804 113 179 179
trop 1284 2804 113 179 179
trop 1316 2804 113 179 179
trop 1348 2804 113 179 179
trop 1380 2804 113 179 179
trop 1412 2804 113 179 179
trop 1444 2804 113 179 179
trop 1476 2804 113 179 179
trop 1508 2804 113 179 179
trop 1540 2804 113 179 179
trop 1572 2804 113 179 179
trop 1604 2804 113 179 179
trop 1636 2804 113 179 179
trop 1668 2804 113 179 179
trop 1700 2804 113 179 179
trop 1732 2804 113 179 179
trop 1764 2804 113 179 179
trop 1796 2804 113 179 179
trop 1828 2804 113 179 179
trop 1860 2804 113 179 179
trop 1892 2804 113 179 179
trop 1924 2804 113 179 179
trop 1956 2804 113 179 179
trop 1988 2804 113 179 179
trop 2020 2804 113 179 179
trop 2052 2804 113 179 179
trop 2084 2804 113 179 179
trop 2116 2804 113 179 179
trop 2148 2804 113 179 179
trop 2180 2804 113 179 179
trop 2212 2804 113 179 179
trop 2244 2804 113 179 179
trop 2276 2804 113 179 179
trop 2308 2804 113 179 179
trop 2340 2804 113 179 179
trop 2372 2804 113 179 179
trop 2404 2804 113 179 179
trop 2436 2804 113 179 179
trop 2468 2804 113 179 179
trop 2500 2804 113 179 179
trop 2532 2804 113 179 179
trop 2564 2804 113 179 179
trop 2596 2804 113 179 179
trop 2628 2804 113 179 179
trop 2660 2804 113 179 179
trop 2692 2804 113 179 179
trop 2724 2804 113 179 179
trop 2756 2804 113 179 179
trop 2788 2804 113 179 179
trop 2820 2804 113 179 179
trop 2852 2804 113 179 179
trop 2884 2804 113 179 179
trop 2916 2804 113 179 179
trop 2948 2804 113 179 179
trop 2980 2804 113 179 179
trop 3012 2804 113 179 179
trop 3044 2804 113 179 179
dom 3136 2784 247 0 179
fre 3204 2788 69 179 179
tree 3416 2798 31 0 179
cliff 3504 2790 47 179 179
lay 3736 2814 65 0 179
trop 1980 2820 53 179 179
trop 1972 2820 53 179 179
trop 2068 2820 55 179 179
lay 2152 2824 62 0 179
stand 3096 2824 38 0 179
vor 3156 2844 24 179 179
cliff 3504 2822 47 179 179
tree 3576 2840 35 0 179
tree 3800 2824 23 0 179
tree 3832 2824 33 0 179
tree 3832 2840 20 0 179
fre 540 2868 35 179 179
stand 760 2872 32 0 179
stand 3128 2872 36 0 179
stand 3176 2878 51 0 179
fre 3244 2852 16 179 179
tree 3400 2862 27 0 179
tree 3448 2878 33 0 179
cliff 3504 2854 47 179 179
dom 3648 2848 207 2 179
tree 3880 2872 21 0 179
stand 200 2888 34 0 179
fre 244 2884 25 179 179
fre 332 2884 23 179 179
fre 372 2892 18 179 179
stand 488 2888 34 0 179
fre 532 2900 66 179 179
fre 556 2892 34 179 179
stand 1160 2888 33 0 179
stand 1464 2888 34 0 179
stand 1784 2888 32 0 179
stand 1912 2888 63 0 179
trop 1980 2900 24 179 179
stand 2040 2888 63 0 179
stand 2088 2904 32 0 179
stand 2312 2888 33 0 179
stand 2568 2888 34 0 179
lay 2728 2904 62 0 179
stand 2808 2888 33 0 179
tree 2888 2904 26 0 179
vor 2972 2900 24 179 179
dom 3008 2880 228 0 179
fre 3068 2892 6 179 179
lay 3096 2904 62 0 179
vor 3132 2908 24 179 179
stand 3112 2888 32 0 179
fre 3188 2908 33 179 179
trop 3292 2882 153 179 179
cliff 3504 2886 48 179 179
tree 3560 2888 3 0 179
tree 3928 2904 9 0 179
stand 312 2936 229 0 179
lay 1096 2920 62 0 179
lay 1848 2936 62 0 179
dom 2208 2912 78 0 179
lay 2808 2936 62 0 179
stand 2936 2920 183 0 179
stand 3048 2936 185 0 179
vor 3084 2932 24 179 179
lay 3080 2920 9 0 179
fre 3116 2924 18 179 179
fre 3148 2924 15 179 179
tree 3416 2926 18 0 179
tree 3448 2942 3 0 179
cliff 3504 2918 48 179 179
tree 3912 2920 25 0 179
trop 228 2948 113 179 179
trop 260 2948 113 179 179
trop 292 2948 113 179 179
trop 324 2948 113 179 179
trop 356 2948 113 179 179
trop 388 2948 113 179 179
trop 420 2948 113 179 179
stand 456 2968 228 0 179
trop 452 2948 113 179 179
trop 484 2948 113 179 179
trop 516 2948 113 179 179
trop 548 2948 113 179 179
trop 580 2948 113 179 179
trop 612 2948 113 179 179
stand 648 2968 38 0 179
tree 1144 2952 10 0 179
lay 1144 2952 62 0 179
tree 1160 2952 14 0 179
tree 1304 2968 14 0 179
lay 1304 2952 62 0 179
tree 1384 2968 22 0 179
tree 1496 2968 39 0 179
tree 1528 2952 26 0 179
tree 1544 2952 1 0 179
tree 1576 2968 9 0 179
stand 1912 2968 63 0 179
stand 2040 2968 63 0 179
tree 2536 2968 12 0 179
tree 2840 2952 21 0 179
tree 2872 2952 26 0 179
tree 2888 2968 25 0 179
tree 2904 2952 39 0 179
stand 2952 2952 181 0 179
stand 3000 2952 180 0 179
vor 3012 2956 24 179 179
stand 3032 2952 189 0 179
stand 3064 2968 187 0 179
fre 3076 2948 69 179 179
lay 3080 2952 62 0 179
fre 3116 2956 18 179 179
vor 3164 2956 24 179 179
fre 3220 2972 12 179 179
lay 3288 2968 62 0 179
lay 3336 2968 28 0 179
tree 3896 2968 21 0 179
tree 3912 2952 21 0 179
tree 3944 2968 5 0 179
dom 192 2976 137 0 179
tree 1128 3000 14 0 179
trop 1980 2996 24 179 179
dom 2144 2976 308 0 179
tree 2216 3000 26 0 179
tree 2264 3000 22 0 179
tree 2408 3000 3 0 179
tree 2456 3000 7 0 179
tree 2440 2984 6 0 179
tree 2488 2984 30 0 179
tree 2568 3000 1 0 179
tree 2824 2984 22 0 179
tree 2904 3000 21 0 179
fre 3108 2996 20 179 179
fre 3164 2996 34 179 179
trop 3268 3002 126 179 179
trop 3308 2994 127 179 179
trop 3404 3004 127 179 179
tree 3432 2990 8 0 179
cliff 3504 2982 48 179 179
lay 696 3016 62 0 179
tree 760 3032 9 0 179
lay 1944 3016 28 0 179
tree 2104 3032 26 0 179
zabor 2128 3024 25 0 8
zabor 2160 3024 25 0 8
tree 2152 3032 24 0 179
zabor 2192 3024 25 0 8
zabor 2224 3024 26 0 8
tree 2232 3032 22 0 179
zabor 2256 3024 28 0 8
zabor 2288 3024 26 0 8
tree 2328 3016 20 0 179
tree 2312 3032 21 0 179
tree 2344 3016 36 0 179
tree 2376 3016 29 0 179
tree 2408 3032 39 0 179
tree 2488 3032 26 0 179
tree 2568 3032 8 0 179
tree 2632 3032 12 0 179
tree 2680 3032 8 0 179
lay 2792 3016 62 0 179
tree 2856 3016 22 0 179
lay 2984 3016 62 0 179
lay 3160 3016 62 0 179
trop 3364 3012 126 179 179
tree 3416 3038 23 0 179
tree 3464 3038 28 0 179
cliff 3504 3014 53 179 179
lay 3592 3016 62 0 179
tree 3912 3032 27 0 179
tree 3944 3016 19 0 179
tree 120 3048 41 0 179
tree 488 3064 20 0 179
lay 632 3064 62 0 179
tree 1000 3064 6 0 179
tree 1112 3048 0 0 179
tree 1208 3064 4 0 179
tree 1256 3064 1 0 179
tree 1256 3048 13 0 179
tree 1320 3048 21 0 179
tree 1512 3064 30 0 179
tree 1560 3048 27 0 179
lay 1816 3064 62 0 179
stand 1912 3048 63 0 179
stand 2056 3048 63 0 179
tree 2104 3064 24 0 179
zabor 2128 3056 26 0 8
lay 2152 3064 37 0 179
lay 2200 3048 9 0 179
zabor 2288 3056 28 0 8
zabor 2320 3056 24 0 8
zabor 2352 3056 24 0 8
zabor 2384 3056 24 0 8
lay 2392 3064 10 0 179
zabor 2416 3056 29 0 8
zabor 2448 3056 27 0 8
zabor 2480 3056 29 0 8
zabor 2512 3056 30 0 8
zabor 2544 3056 25 0 8
zabor 2576 3056 30 0 8
zabor 2608 3056 26 0 8
tree 2696 3048 25 0 179
tree 2792 3064 30 0 179
tree 2872 3064 21 0 179
tree 3080 3048 22 0 179
stand 3160 3070 36 0 179
trop 3316 3050 126 179 179
tree 3400 3070 23 0 179
trop 3412 3060 126 179 179
tree 3432 3070 23 0 179
cliff 3504 3046 53 179 179
tree 3576 3064 30 0 179
tree 3592 3064 33 0 179
lay 3592 3064 62 0 179
tree 136 3096 39 0 179
tree 184 3096 9 0 179
lay 392 3080 62 0 179
lay 424 3080 62 0 179
tree 472 3096 26 0 179
tree 504 3096 24 0 179
tree 520 3080 39 0 179
tree 568 3096 37 0 179
tree 744 3080 30 0 179
tree 1176 3096 14 0 179
tree 1448 3096 34 0 179
tree 1576 3080 36 0 179
trop 1980 3092 24 179 179
tree 2088 3096 39 0 179
zabor 2128 3088 30 0 8
lay 2168 3080 49 0 179
lay 2392 3096 50 0 179
lay 2376 3080 7 0 179
zabor 2416 3088 30 0 8
tree 2440 3080 25 0 179
zabor 2640 3088 29 0 8
zabor 2672 3088 29 0 8
zabor 2704 3088 28 0 8
zabor 2736 3088 30 0 8
tree 2744 3080 20 0 179
tree 2872 3080 7 0 179
tree 3000 3080 32 0 179
tree 3048 3080 25 0 179
trop 3292 3090 119 179 179
trop 3388 3100 119 179 179
tree 3464 3102 26 0 179
cliff 3504 3078 53 179 179
tree 3928 3080 7 0 179
tree 136 3128 2 0 179
tree 424 3112 12 0 179
tree 456 3112 10 0 179
tree 552 3112 20 0 179
lay 568 3128 62 0 179
tree 824 3112 12 0 179
tree 888 3128 18 0 179
tree 984 3128 39 0 179
tree 1032 3128 19 0 179
tree 1544 3128 29 0 179
trop 1916 3108 103 179 179
lay 1944 3128 28 0 179
tree 2088 3128 22 0 179
zabor 2128 3120 24 0 8
zabor 2416 3120 26 0 8
tree 2408 3128 26 0 179
lay 2488 3128 28 0 179
zabor 2736 3120 24 0 8
tree 3032 3112 20 0 179
tree 3064 3112 24 0 179
tree 3160 3128 5 0 179
tree 3176 3128 24 0 179
trop 3276 3122 126 179 179
trop 3316 3114 120 179 179
trop 3372 3132 126 179 179
tree 3416 3134 24 0 179
trop 3412 3124 120 179 179
tree 3464 3118 10 0 179
tree 3576 3128 9 0 179
tree 3640 3112 6 0 179
tree 136 3160 33 0 179
tree 136 3144 8 0 179
lay 168 3160 62 0 179
lay 296 3144 62 0 179
tree 408 3144 18 0 179
tree 504 3160 37 0 179
tree 536 3160 1 0 179
tree 536 3144 21 0 179
tree 648 3144 9 0 179
tree 824 3160 40 0 179
tree 808 3144 11 0 179
tree 1304 3144 30 0 179
tree 1368 3160 4 0 179
trop 1916 3156 103 179 179
tree 2088 3160 25 0 179
zabor 2128 3152 27 0 8
zabor 2416 3152 28 0 8
tree 2408 3160 20 0 179
zabor 2736 3152 25 0 8
tree 2840 3144 11 0 179
tree 2984 3160 1 0 179
tree 3096 3160 26 0 179
tree 3176 3144 25 0 179
lay 3288 3160 62 0 179
tree 3512 3150 13 0 179
fre 3540 3164 22 179 179
cliff 3568 3158 61 179 179
tree 536 3176 15 0 179
tree 552 3176 37 0 179
tree 728 3192 31 0 179
tree 1144 3176 5 0 179
tree 1464 3192 14 0 179
tree 1496 3176 3 0 179
tree 1512 3176 16 0 179
tree 1560 3176 39 0 179
trop 1668 3172 96 179 179
trop 1980 3188 24 179 179
zabor 2128 3184 31 0 8
zabor 2416 3184 24 0 8
zabor 2736 3184 28 0 8
tree 2824 3192 39 0 179
tree 2936 3192 4 0 179
tree 3160 3176 30 0 179
trop 3284 3170 127 179 179
trop 3324 3170 126 179 179
trop 3380 3180 127 179 179
trop 3420 3180 126 179 179
fre 3516 3172 34 179 179
tree 3512 3198 39 0 179
cliff 3600 3190 99 179 179
cliff 3632 3190 56 179 179
cliff 3680 3190 62 179 179
tree 3928 3176 33 0 179
tree 712 3224 2 0 179
tree 744 3208 40 0 179
tree 808 3208 7 0 179
tree 824 3208 22 0 179
tree 824 3224 37 0 179
tree 984 3224 31 0 179
tree 1224 3208 36 0 179
tree 1560 3208 33 0 179
tree 1544 3208 35 0 179
trop 1828 3212 104 179 179
trop 1844 3228 104 179 179
tree 2104 3208 23 0 179
zabor 2128 3216 29 0 8
tree 2392 3208 23 0 179
zabor 2416 3216 25 0 8
lay 2664 3224 27 0 179
tree 3000 3208 13 0 179
tree 3000 3224 28 0 179
tree 2984 3208 30 0 179
tree 3016 3208 13 0 179
tree 3080 3208 34 0 179
tree 3144 3224 29 0 179
trop 3292 3218 120 179 179
trop 3388 3228 120 179 179
tree 3432 3214 24 0 179
fre 3564 3204 3 179 179
tree 4024 3208 31 0 179
tree 504 3256 15 0 179
tree 552 3256 31 0 179
tree 680 3256 1 0 179
tree 712 3256 30 0 179
tree 952 3240 4 0 179
tree 1144 3240 4 0 179
tree 1240 3240 32 0 179
tree 1432 3256 35 0 179
tree 1432 3240 21 0 179
tree 1544 3256 31 0 179
tree 2104 3256 21 0 179
zabor 2128 3248 24 0 8
tree 2424 3256 20 0 179
zabor 2416 3248 29 0 8
tree 2856 3256 1 0 179
tree 2920 3240 26 0 179
tree 2952 3256 35 0 179
tree 3000 3240 27 0 179
tree 3032 3256 4 0 179
tree 3112 3256 37 0 179
tree 3400 3246 23 0 179
tree 3512 3256 22 0 179
tree 3496 3246 35 0 179
tree 3544 3246 15 0 179
fre 3580 3252 9 179 179
fre 3740 3260 28 179 179
tree 4040 3256 32 0 179
tree 712 3288 3 0 179
tree 872 3288 28 0 179
tree 920 3288 8 0 179
tree 1080 3272 14 0 179
tree 1176 3288 22 0 179
tree 1352 3272 28 0 179
tree 1560 3288 3 0 179
tree 1544 3272 12 0 179
lay 1672 3288 50 0 179
trop 1668 3292 96 179 179
trop 1740 3268 100 179 179
trop 1780 3292 101 179 179
trop 1780 3284 100 179 179
trop 1972 3284 24 179 179
tree 2104 3288 24 0 179
zabor 2128 3280 24 0 8
tree 2408 3272 24 0 179
zabor 2448 3280 28 0 8
tree 2824 3288 12 0 179
tree 2968 3272 12 0 179
tree 3032 3272 33 0 179
tree 3064 3272 25 0 179
tree 3128 3288 24 0 179
tree 3160 3272 40 0 179
trop 3276 3274 126 179 179
trop 3332 3266 126 179 179
trop 3372 3284 126 179 179
tree 3448 3278 21 0 179
trop 3428 3276 126 179 179
tree 3544 3288 22 0 179
tree 3608 3288 27 0 179
tree 3592 3288 20 0 179
fre 3732 3284 67 179 179
fre 3716 3276 31 179 179
tree 376 3304 12 0 179
tree 632 3304 18 0 179
tree 840 3320 27 0 179
tree 1016 3320 15 0 179
tree 1032 3304 25 0 179
tree 1096 3320 27 0 179
tree 1288 3320 0 0 179
tree 1432 3320 35 0 179
tree 1544 3320 17 0 179
tree 2104 3320 23 0 179
zabor 2128 3312 29 0 8
zabor 2448 3312 28 0 8
tree 2440 3320 21 0 179
tree 2920 3320 5 0 179
tree 3064 3304 16 0 179
tree 3128 3304 25 0 179
trop 3340 3322 120 179 179
tree 3400 3310 24 0 179
tree 3432 3326 25 0 179
tree 3496 3310 10 0 179
fre 3764 3300 30 179 179
tree 3928 3304 28 0 179
tree 4024 3304 8 0 179
tree 4072 3304 9 0 179
tree 520 3336 31 0 179
tree 584 3336 38 0 179
tree 712 3336 5 0 179
tree 952 3336 20 0 179
tree 1176 3352 1 0 179
tree 1384 3352 5 0 179
tree 1464 3336 41 0 179
tree 1544 3352 27 0 179
trop 1732 3356 99 179 179
trop 1764 3340 100 179 179
lay 1848 3336 27 0 179
tree 2072 3352 20 0 179
dom 2240 3328 292 0 179
zabor 2448 3344 24 0 8
tree 2872 3352 39 0 179
tree 3000 3336 9 0 179
tree 3016 3336 35 0 179
tree 3064 3336 26 0 179
stand 3128 3342 24 0 179
stand 3224 3352 24 0 179
trop 3276 3346 126 179 179
trop 3372 3356 126 179 179
tree 3416 3358 22 0 179
trop 3436 3332 120 179 179
tree 3512 3342 15 0 179
tree 3544 3336 21 0 179
tree 3608 3352 16 0 179
tree 4040 3336 1 0 179
tree 680 3384 38 0 179
tree 824 3384 5 0 179
tree 1016 3384 26 0 179
tree 1240 3368 13 0 179
tree 1512 3368 5 0 179
tree 1560 3384 13 0 179
trop 1972 3380 24 179 179
lay 2216 3368 50 0 179
tree 2424 3384 22 0 179
zabor 2448 3376 25 0 8
tree 3032 3384 28 0 179
tree 3064 3368 11 0 179
tree 3128 3384 21 0 179
trop 3324 3362 120 179 179
tree 3400 3390 26 0 179
trop 3420 3372 120 179 179
tree 3512 3368 25 0 179
tree 3496 3374 11 0 179
tree 984 3416 25 0 179
tree 1016 3400 6 0 179
tree 1256 3416 17 0 179
tree 1272 3400 11 0 179
tree 1384 3416 19 0 179
tree 1480 3400 14 0 179
tree 1560 3416 34 0 179
lay 1704 3400 28 0 179
trop 1892 3420 102 179 179
zabor 2448 3408 27 0 8
lay 2744 3416 27 0 179
tree 2840 3400 13 0 179
tree 2856 3400 21 0 179
tree 2920 3400 15 0 179
tree 3000 3400 20 0 179
tree 3160 3400 21 0 179
trop 3332 3410 126 179 179
lay 3384 3406 11 0 179
trop 3428 3420 126 179 179
tree 3512 3406 12 0 179
tree 824 3448 11 0 179
tree 1160 3448 30 0 179
tree 1304 3432 12 0 179
tree 1352 3432 29 0 179
tree 1608 3448 35 0 179
trop 1700 3436 94 179 179
tree 2056 3448 24 0 179
cliff 2112 3440 13 179 179
cliff 2112 3424 30 179 179
dom 2400 3424 86 0 179
tree 2456 3432 39 0 179
zabor 2448 3440 30 0 8
dom 2560 3424 82 0 179
tree 2904 3448 13 0 179
tree 2952 3448 40 0 179
tree 3048 3432 31 0 179
tree 3096 3432 15 0 179
tree 3112 3432 13 0 179
tree 3128 3432 28 0 179
tree 3176 3448 21 0 179
trop 3268 3426 126 179 179
trop 3364 3436 126 179 179
lay 3400 3448 28 0 179
tree 3496 3438 35 0 179
tree 3544 3432 29 0 179
tree 1000 3464 22 0 179
tree 1240 3480 29 0 179
tree 1240 3464 19 0 179
tree 1480 3480 13 0 179
tree 1512 3464 16 0 179
tree 1544 3480 33 0 179
trop 1972 3476 24 179 179
cliff 2112 3472 14 179 179
tree 2472 3464 25 0 179
tree 2488 3464 25 0 179
tree 2856 3464 29 0 179
tree 3080 3480 18 0 179
trop 3284 3482 126 179 179
trop 3324 3482 126 179 179
tree 1192 3512 36 0 179
tree 1464 3496 17 0 179
tree 1544 3512 15 0 179
tree 1592 3512 16 0 179
cliff 2112 3504 11 179 179
tree 2488 3512 22 0 179
tree 2920 3496 21 0 179
tree 3064 3512 5 0 179
tree 3096 3496 13 0 179
trop 3260 3514 126 179 179
trop 3380 3492 126 179 179
trop 3420 3492 126 179 179
tree 968 3528 39 0 179
tree 1144 3544 17 0 179
tree 1128 3528 18 0 179
tree 1336 3528 4 0 179
tree 1320 3544 38 0 179
tree 1432 3544 27 0 179
tree 1480 3528 12 0 179
tree 1560 3544 0 0 179
trop 1956 3540 98 179 179
tree 2088 3528 24 0 179
cliff 2112 3536 11 179 179
dom 2720 3520 78 0 179
tree 2888 3544 41 0 179
tree 3032 3544 30 0 179
trop 3356 3524 126 179 179
trop 3364 3548 126 179 179
trop 3420 3540 126 179 179
trop 3420 3524 126 179 179
tree 1144 3560 18 0 179
tree 1256 3576 6 0 179
tree 1400 3560 38 0 179
tree 1432 3560 39 0 179
tree 1464 3576 11 0 179
tree 1560 3576 24 0 179
tree 1592 3560 13 0 179
trop 1700 3556 94 179 179
lay 1896 3576 27 0 179
trop 1972 3572 24 179 179
zabor 2128 3568 30 0 8
cliff 2128 3568 34 179 179
dom 2432 3552 81 0 179
tree 2840 3560 10 0 179
tree 3128 3560 20 0 179
tree 3144 3576 26 0 179
stand 3208 3560 24 0 179
trop 3388 3564 126 179 179
trop 1092 3612 123 179 179
tree 1208 3608 28 0 179
tree 1464 3608 35 0 179
tree 1512 3608 10 0 179
tree 1560 3608 39 0 179
trop 1868 3604 119 179 179
cliff 2144 3600 12 179 179
cliff 2144 3584 28 179 179
tree 2264 3608 6 0 179
tree 2248 3592 26 0 179
tree 2248 3608 12 0 179
tree 2280 3608 27 0 179
tree 2344 3608 16 0 179
lay 2520 3608 27 0 179
tree 2952 3592 0 0 179
tree 3016 3608 37 0 179
tree 3128 3608 23 0 179
tree 3160 3608 25 0 179
trop 3356 3604 126 179 179
trop 220 3644 96 179 179
lay 1128 3640 28 0 179
tree 1192 3640 16 0 179
tree 1208 3640 7 0 179
tree 1240 3624 22 0 179
tree 1320 3624 29 0 179
tree 1400 3640 38 0 179
tree 1560 3624 21 0 179
trop 1668 3644 92 179 179
trop 1684 3644 123 179 179
trop 1900 3644 117 179 179
cliff 2160 3632 35 179 179
tree 2344 3624 25 0 179
tree 2360 3624 24 0 179
tree 2376 3640 37 0 179
tree 2856 3624 25 0 179
tree 2968 3624 12 0 179
tree 3032 3640 6 0 179
tree 3048 3624 0 0 179
tree 3080 3624 34 0 179
tree 3128 3640 13 0 179
tree 3112 3640 17 0 179
tree 3144 3624 26 0 179
tree 3176 3624 25 0 179
trop 3412 3628 126 179 179
trop 1100 3660 123 179 179
tree 1304 3656 30 0 179
tree 1384 3656 8 0 179
tree 1400 3656 24 0 179
tree 1432 3656 17 0 179
tree 1480 3672 34 0 179
tree 1480 3656 25 0 179
tree 1544 3672 22 0 179
tree 1576 3656 23 0 179
tree 1608 3672 26 0 179
trop 1676 3676 96 179 179
trop 1884 3652 119 179 179
trop 1916 3652 111 179 179
trop 1972 3660 24 179 179
cliff 2192 3664 34 179 179
cliff 2176 3648 32 179 179
tree 2376 3656 36 0 179
tree 2456 3656 23 0 179
tree 2488 3656 22 0 179
tree 2936 3656 27 0 179
tree 3192 3672 26 0 179
tree 3224 3656 21 0 179
lay 3368 3656 28 0 179
trop 1100 3692 123 179 179
cliff 1200 3696 45 179 179
cliff 1216 3696 52 179 179
cliff 1248 3696 49 179 179
cliff 1280 3696 49 179 179
cliff 1312 3696 52 179 179
cliff 1344 3696 50 179 179
cliff 1376 3696 52 179 179
cliff 1408 3696 28 179 179
tree 1608 3704 20 0 179
trop 1676 3684 116 179 179
lay 1768 3688 28 0 179
trop 1892 3692 119 179 179
tree 2088 3688 13 0 179
cliff 2224 3696 35 179 179
cliff 2208 3680 32 179 179
tree 2408 3688 38 0 179
tree 2872 3688 30 0 179
tree 3064 3704 6 0 179
tree 3096 3704 20 0 179
tree 3176 3704 41 0 179
trop 3348 3684 126 179 179
trop 284 3724 98 179 179
trop 1108 3732 123 179 179
trop 1132 3732 126 179 179
cliff 1200 3712 46 179 179
tree 1240 3720 2 0 179
tree 1320 3736 37 0 179
cliff 1424 3712 34 179 179
cliff 1440 3728 52 179 179
cliff 1472 3728 52 179 179
cliff 1504 3728 51 179 179
cliff 1536 3728 49 179 179
cliff 1568 3728 51 179 179
cliff 1600 3728 52 179 179
cliff 1632 3728 52 179 179
trop 1700 3716 102 179 179
trop 1852 3732 103 179 179
trop 1972 3740 24 179 179
tree 2088 3720 11 0 179
cliff 2240 3712 50 179 179
cliff 2288 3728 33 179 179
cliff 2272 3712 31 179 179
dom 2592 3712 311 0 179
tree 2824 3720 22 0 179
tree 2920 3720 14 0 179
tree 2984 3720 24 0 179
tree 3240 3736 23 0 179
trop 3364 3740 126 179 179
trop 3396 3716 126 179 179
trop 1116 3764 102 179 179
trop 1132 3756 98 179 179
cliff 1200 3744 53 179 179
tree 1240 3768 37 0 179
tree 1288 3752 18 0 179
tree 1352 3752 20 0 179
tree 1384 3768 21 0 179
tree 1400 3752 39 0 179
tree 1416 3752 28 0 179
tree 1512 3768 26 0 179
tree 1560 3752 19 0 179
tree 1592 3752 4 0 179
lay 1720 3768 49 0 179
cliff 2304 3744 52 179 179
cliff 2336 3744 51 179 179
cliff 2368 3744 50 179 179
cliff 2416 3760 33 179 179
cliff 2400 3744 30 179 179
tree 2904 3752 3 0 179
tree 2984 3768 19 0 179
tree 3032 3768 32 0 179
tree 3160 3752 12 0 179
tree 3224 3768 25 0 179
tree 3208 3752 22 0 179
trop 1084 3780 126 179 179
cliff 1200 3776 47 179 179
tree 1224 3784 15 0 179
tree 1240 3784 18 0 179
tree 1544 3784 22 0 179
trop 1644 3804 104 179 179
trop 1636 3804 118 179 179
trop 1748 3796 119 179 179
tree 2312 3800 0 0 179
tree 2312 3784 4 0 179
cliff 2432 3776 50 179 179
cliff 2464 3776 51 179 179
tree 2824 3800 6 0 179
tree 2920 3784 3 0 179
tree 3176 3784 25 0 179
trop 812 3836 105 179 179
trop 1068 3812 126 179 179
trop 1164 3820 126 179 179
cliff 1200 3808 47 179 179
trop 1332 3812 97 179 179
trop 1332 3836 97 179 179
trop 1396 3828 95 179 179
trop 1524 3828 109 179 179
trop 1644 3828 109 179 179
trop 1716 3828 109 179 179
trop 1748 3828 115 179 179
trop 1764 3812 104 179 179
trop 1804 3828 95 179 179
trop 1972 3820 24 179 179
tree 2456 3832 13 0 179
tree 3096 3816 8 0 179
tree 3224 3816 25 0 179
trop 3404 3828 126 179 179
zabor 304 3856 27 0 8
trop 372 3844 105 179 179
trop 468 3844 97 179 179
trop 508 3852 104 179 179
trop 1244 3844 114 179 179
trop 1340 3844 122 179 179
trop 1324 3868 122 179 179
trop 1452 3860 97 179 179
trop 1564 3852 121 179 179
trop 1596 3860 118 179 179
trop 1668 3860 118 179 179
lay 2024 3848 50 0 179
tree 2472 3848 27 0 179
tree 2488 3864 38 0 179
tree 2792 3848 15 0 179
tree 2936 3864 12 0 179
tree 3000 3848 29 0 179
tree 3064 3848 14 0 179
stand 3192 3848 35 0 179
trop 3364 3844 126 179 179
trop 900 3876 101 179 179
trop 1116 3892 103 179 179
trop 1228 3876 121 179 179
trop 1324 3876 97 179 179
trop 1708 3884 95 179 179
tree 2104 3896 20 0 179
tree 2952 3896 25 0 179
tree 3208 3896 24 0 179
trop 3396 3892 126 179 179
lay 3464 3880 27 0 179
trop 1028 3916 105 179 179
trop 1172 3916 104 179 179
trop 1324 3908 122 179 179
lay 1912 3928 50 0 179
trop 1964 3908 24 179 179
tree 2760 3912 12 0 179
tree 2824 3912 1 0 179
tree 2872 3912 38 0 179
tree 2952 3928 29 0 179
tree 3048 3928 35 0 179
tree 3160 3928 4 0 179
tree 3176 3912 14 0 179
trop 1068 3940 126 179 179
tree 1256 3960 29 0 179
tree 1288 3944 29 0 179
tree 1320 3960 20 0 179
tree 1352 3960 28 0 179
tree 1368 3960 21 0 179
tree 1432 3960 25 0 179
tree 1416 3960 7 0 179
tree 1480 3960 40 0 179
tree 1544 3960 10 0 179
tree 1560 3944 19 0 179
tree 1624 3944 40 0 179
tree 1688 3944 21 0 179
tree 1720 3960 26 0 179
tree 1752 3960 39 0 179
tree 1768 3944 17 0 179
tree 2840 3944 24 0 179
tree 2920 3944 36 0 179
tree 3112 3960 11 0 179
tree 3112 3944 11 0 179
lay 3304 3944 27 0 179
trop 3348 3940 126 179 179
trop 1884 3972 116 179 179
tree 2152 3976 24 0 179
trop 3388 3996 126 179 179
trop 1972 4004 24 179 179
trop 3348 4044 126 179 179
stand 3224 4072 12 0 179
trop 3388 4068 126 179 179
