tree 56 24 17 0 179
tree 40 24 12 0 179
tree 536 8 10 0 179
tree 552 8 16 0 179
tree 552 24 15 0 179
tree 584 24 15 0 179
tree 616 24 12 0 179
tree 648 24 35 0 179
tree 664 24 15 0 179
tree 680 24 13 0 179
tree 696 24 13 0 179
tree 1160 24 15 0 179
tree 1240 24 13 0 179
tree 1416 24 15 0 179
tree 1480 8 16 0 179
tree 1480 24 17 0 179
tree 1496 24 15 0 179
tree 1544 24 13 0 179
tree 1560 24 16 0 179
tree 1592 24 35 0 179
tree 1608 24 15 0 179
tree 1624 24 14 0 179
tree 1640 24 17 0 179
tree 1864 24 14 0 179
tree 1880 24 17 0 179
tree 3224 8 11 0 179
tree 3240 8 15 0 179
tree 3240 24 14 0 179
tree 3704 24 13 0 179
tree 3720 24 15 0 179
tree 3800 24 17 0 179
tree 3896 8 13 0 179
tree 3912 24 10 0 179
tree 3928 24 17 0 179
tree 3976 24 12 0 179
tree 3992 24 14 0 179
tree 4024 24 35 0 179
tree 4008 24 16 0 179
tree 56 40 11 0 179
tree 40 40 14 0 179
tree 40 56 11 0 179
tree 88 56 12 0 179
tree 72 56 35 0 179
tree 72 40 17 0 179
tree 104 56 14 0 179
tree 104 40 11 0 179
tree 120 56 16 0 179
tree 136 56 13 0 179
tree 312 40 13 0 179
tree 296 40 35 0 179
tree 312 56 17 0 179
tree 456 56 35 0 179
tree 472 40 14 0 179
tree 488 40 14 0 179
tree 712 40 15 0 179
tree 728 40 14 0 179
tree 728 56 15 0 179
tree 744 56 35 0 179
tree 744 40 14 0 179
tree 760 56 12 0 179
tree 776 40 10 0 179
tree 792 40 0 0 179
tree 792 56 17 0 179
tree 824 56 16 0 179
tree 808 40 35 0 179
tree 856 56 13 0 179
tree 856 40 12 0 179
tree 840 40 11 0 179
tree 936 40 11 0 179
tree 984 56 16 0 179
tree 1000 56 12 0 179
tree 1016 40 0 0 179
tree 1032 40 17 0 179
tree 1112 56 14 0 179
tree 1096 56 35 0 179
tree 1128 56 15 0 179
tree 1144 40 0 0 179
tree 1128 40 15 0 179
tree 1160 56 14 0 179
tree 1176 56 14 0 179
tree 1208 56 0 0 179
tree 1208 40 10 0 179
tree 1224 40 12 0 179
tree 1240 40 15 0 179
tree 1256 40 11 0 179
tree 1336 56 11 0 179
tree 1320 56 35 0 179
tree 1336 40 15 0 179
tree 1352 56 15 0 179
tree 1368 56 14 0 179
tree 1384 56 11 0 179
tree 1400 56 16 0 179
tree 1416 40 10 0 179
tree 1432 40 14 0 179
tree 1448 56 16 0 179
tree 1464 56 11 0 179
tree 1480 40 12 0 179
tree 1528 40 16 0 179
tree 1512 40 11 0 179
tree 1576 40 10 0 179
tree 1592 40 0 0 179
tree 1688 56 14 0 179
tree 1704 56 11 0 179
tree 1752 56 15 0 179
tree 1816 56 12 0 179
tree 1816 40 12 0 179
tree 1912 40 11 0 179
tree 1928 56 0 0 179
tree 2008 56 10 0 179
tree 2024 56 15 0 179
tree 2088 40 10 0 179
tree 2104 56 0 0 179
tree 2120 56 17 0 179
tree 2168 56 0 0 179
tree 2264 40 17 0 179
tree 2280 56 14 0 179
tree 2504 40 10 0 179
tree 2616 40 16 0 179
tree 2664 56 12 0 179
tree 2744 40 17 0 179
tree 2744 56 17 0 179
tree 2728 56 10 0 179
tree 2936 40 11 0 179
tree 2936 56 0 0 179
tree 3336 40 14 0 179
tree 3352 40 15 0 179
tree 3480 40 17 0 179
tree 3496 40 10 0 179
tree 3512 56 13 0 179
tree 3672 56 12 0 179
tree 3816 40 35 0 179
tree 3848 56 16 0 179
tree 3928 40 0 0 179
tree 3912 56 12 0 179
tree 4008 40 15 0 179
tree 4024 40 11 0 179
tree 4024 56 10 0 179
tree 4040 40 35 0 179
tree 4040 56 17 0 179
tree 40 72 35 0 179
tree 40 88 14 0 179
tree 120 88 10 0 179
tree 104 88 12 0 179
tree 104 72 35 0 179
tree 168 72 14 0 179
tree 184 72 0 0 179
tree 200 72 16 0 179
tree 216 72 12 0 179
tree 232 72 10 0 179
tree 312 88 16 0 179
tree 328 72 0 0 179
tree 360 88 35 0 179
tree 376 88 13 0 179
tree 408 88 15 0 179
tree 456 72 17 0 179
tree 456 88 13 0 179
tree 504 72 10 0 179
tree 488 72 0 0 179
tree 520 72 35 0 179
tree 520 88 12 0 179
tree 536 88 16 0 179
tree 584 88 17 0 179
tree 616 88 14 0 179
tree 648 88 0 0 179
tree 664 88 10 0 179
tree 760 88 10 0 179
tree 792 88 12 0 179
tree 824 88 35 0 179
tree 856 88 14 0 179
tree 840 72 13 0 179
tree 872 88 11 0 179
tree 888 72 14 0 179
tree 888 88 17 0 179
tree 904 72 0 0 179
tree 920 72 13 0 179
tree 984 88 13 0 179
tree 1016 72 0 0 179
tree 1000 72 17 0 179
tree 1000 88 17 0 179
tree 1144 72 35 0 179
tree 1160 72 14 0 179
tree 1176 72 35 0 179
tree 1224 88 14 0 179
tree 1240 88 12 0 179
tree 1544 72 15 0 179
tree 1560 88 10 0 179
tree 1736 88 15 0 179
tree 1768 72 16 0 179
tree 1784 72 12 0 179
tree 1800 72 17 0 179
tree 1816 88 11 0 179
tree 1848 72 35 0 179
tree 1832 72 14 0 179
tree 1848 88 14 0 179
tree 1832 88 17 0 179
tree 1944 72 10 0 179
tree 1960 88 14 0 179
tree 1976 88 0 0 179
tree 1992 88 11 0 179
tree 2040 72 13 0 179
tree 2056 88 17 0 179
tree 2072 88 17 0 179
tree 2104 88 14 0 179
tree 2120 72 11 0 179
tree 2136 88 11 0 179
tree 2168 88 16 0 179
tree 2184 72 15 0 179
tree 2200 72 17 0 179
tree 2184 88 15 0 179
tree 2216 72 15 0 179
tree 2216 88 14 0 179
tree 2248 88 17 0 179
tree 2264 88 12 0 179
tree 2280 72 16 0 179
tree 2312 72 12 0 179
tree 2328 72 10 0 179
tree 2664 72 13 0 179
tree 2680 88 10 0 179
tree 2936 72 10 0 179
tree 3048 72 16 0 179
tree 3224 88 35 0 179
tree 3544 72 35 0 179
tree 3576 88 35 0 179
tree 3608 88 35 0 179
tree 3624 88 11 0 179
tree 3688 88 35 0 179
tree 3704 88 13 0 179
tree 3864 88 10 0 179
tree 4056 72 15 0 179
tree 24 120 0 0 179
tree 40 104 10 0 179
tree 40 120 0 0 179
tree 56 104 10 0 179
tree 88 120 17 0 179
tree 104 120 13 0 179
tree 120 120 17 0 179
tree 120 104 12 0 179
tree 136 120 16 0 179
tree 136 104 10 0 179
tree 280 120 17 0 179
tree 264 120 35 0 179
tree 312 104 0 0 179
tree 296 104 16 0 179
tree 296 120 35 0 179
tree 424 104 11 0 179
tree 440 104 16 0 179
tree 472 120 17 0 179
tree 456 120 14 0 179
tree 488 120 0 0 179
tree 696 120 13 0 179
tree 728 120 15 0 179
tree 712 120 10 0 179
tree 744 104 14 0 179
tree 792 120 16 0 179
tree 808 120 13 0 179
tree 808 104 35 0 179
tree 824 104 14 0 179
tree 824 120 0 0 179
tree 840 120 17 0 179
tree 872 104 16 0 179
tree 888 104 15 0 179
tree 904 120 16 0 179
tree 920 104 0 0 179
tree 920 120 15 0 179
tree 952 104 0 0 179
tree 968 104 10 0 179
tree 968 120 17 0 179
tree 984 120 11 0 179
tree 1016 120 12 0 179
tree 1048 120 14 0 179
tree 1096 104 0 0 179
tree 1112 120 12 0 179
tree 1256 104 12 0 179
tree 1272 120 10 0 179
tree 1272 104 0 0 179
tree 1288 120 14 0 179
tree 1368 104 14 0 179
tree 1352 120 13 0 179
tree 1480 104 15 0 179
tree 1608 104 12 0 179
tree 1816 120 17 0 179
tree 1848 104 10 0 179
tree 1832 104 11 0 179
tree 1864 104 12 0 179
tree 1880 120 12 0 179
tree 2120 120 16 0 179
tree 2152 104 13 0 179
tree 2264 104 16 0 179
tree 2280 104 13 0 179
tree 2520 104 17 0 179
tree 2680 104 12 0 179
tree 2680 120 15 0 179
tree 2712 120 10 0 179
tree 2696 120 13 0 179
tree 2856 120 16 0 179
tree 2888 120 35 0 179
tree 2904 120 14 0 179
tree 2936 120 16 0 179
tree 3000 120 17 0 179
tree 3016 120 15 0 179
tree 3080 120 15 0 179
tree 3112 120 15 0 179
tree 3256 120 12 0 179
tree 3256 104 17 0 179
tree 3240 104 16 0 179
tree 3272 120 35 0 179
tree 3352 120 10 0 179
tree 3384 120 15 0 179
tree 3384 104 14 0 179
tree 3368 120 11 0 179
tree 3720 104 11 0 179
tree 3736 120 16 0 179
tree 3832 120 12 0 179
tree 3880 120 0 0 179
tree 4072 104 11 0 179
tree 4072 120 35 0 179
tree 40 136 14 0 179
tree 56 136 10 0 179
tree 72 152 35 0 179
tree 72 136 12 0 179
tree 88 136 13 0 179
tree 184 152 13 0 179
tree 216 152 14 0 179
tree 232 136 13 0 179
tree 232 152 15 0 179
tree 328 136 16 0 179
tree 344 136 12 0 179
tree 344 152 16 0 179
tree 360 152 11 0 179
tree 376 152 13 0 179
tree 456 136 17 0 179
tree 456 152 11 0 179
tree 568 152 35 0 179
tree 600 152 10 0 179
tree 616 152 17 0 179
tree 632 152 16 0 179
tree 648 152 10 0 179
tree 664 152 0 0 179
tree 696 136 11 0 179
tree 680 152 13 0 179
tree 744 152 17 0 179
tree 776 152 12 0 179
tree 792 152 14 0 179
tree 952 152 16 0 179
tree 984 136 12 0 179
tree 968 152 10 0 179
tree 968 136 15 0 179
tree 1080 152 11 0 179
tree 1112 152 17 0 179
tree 1144 152 10 0 179
tree 1128 152 0 0 179
tree 1176 152 17 0 179
tree 1192 152 12 0 179
tree 1192 136 17 0 179
tree 1208 136 16 0 179
tree 1304 136 12 0 179
tree 1336 136 15 0 179
tree 1336 152 12 0 179
tree 1320 152 35 0 179
tree 1352 136 14 0 179
tree 1656 152 13 0 179
tree 1688 152 12 0 179
tree 1672 152 14 0 179
tree 1752 152 17 0 179
tree 1768 136 14 0 179
tree 1800 136 17 0 179
tree 1880 136 14 0 179
tree 1896 136 10 0 179
tree 1928 152 16 0 179
tree 2008 152 16 0 179
tree 1992 152 10 0 179
tree 2040 152 14 0 179
tree 2072 152 12 0 179
tree 2104 136 17 0 179
tree 2088 152 35 0 179
tree 2552 152 17 0 179
trop 2596 156 108 179 179
tree 2696 152 0 0 179
tree 2712 136 12 0 179
tree 2856 136 11 0 179
tree 3000 136 35 0 179
tree 3096 136 0 0 179
tree 3128 136 11 0 179
tree 3128 152 14 0 179
tree 3144 152 13 0 179
tree 3336 152 13 0 179
tree 3384 136 0 0 179
tree 3368 136 16 0 179
tree 3544 152 11 0 179
tree 3576 152 17 0 179
tree 3560 152 35 0 179
tree 3608 152 15 0 179
tree 3592 152 16 0 179
tree 3608 136 14 0 179
tree 3640 152 11 0 179
tree 3656 152 10 0 179
tree 3768 136 12 0 179
tree 3800 136 14 0 179
tree 120 184 0 0 179
tree 152 184 13 0 179
tree 136 184 17 0 179
tree 184 168 11 0 179
tree 168 168 10 0 179
tree 280 184 13 0 179
tree 296 184 11 0 179
tree 312 184 15 0 179
tree 312 168 15 0 179
tree 296 168 15 0 179
tree 344 184 14 0 179
tree 328 184 17 0 179
tree 376 168 16 0 179
tree 376 184 11 0 179
tree 424 184 14 0 179
tree 440 168 10 0 179
tree 440 184 13 0 179
tree 456 168 13 0 179
tree 488 184 10 0 179
tree 536 168 17 0 179
tree 520 168 15 0 179
tree 632 184 15 0 179
tree 632 168 12 0 179
tree 680 168 13 0 179
tree 712 168 17 0 179
tree 760 168 11 0 179
tree 792 184 17 0 179
tree 776 168 17 0 179
tree 936 184 35 0 179
tree 952 168 12 0 179
tree 968 184 17 0 179
tree 984 168 35 0 179
tree 984 184 15 0 179
tree 1000 184 10 0 179
tree 1112 168 17 0 179
tree 1096 168 15 0 179
tree 1128 184 15 0 179
tree 1336 168 12 0 179
tree 1352 184 12 0 179
tree 1544 184 11 0 179
tree 1560 184 0 0 179
lay 1608 184 30 0 179
tree 1656 168 13 0 179
tree 1656 184 16 0 179
tree 1688 168 12 0 179
tree 1672 184 15 0 179
tree 1704 168 10 0 179
tree 1864 184 10 0 179
tree 1880 168 10 0 179
tree 1960 168 14 0 179
tree 1976 168 16 0 179
tree 1976 184 35 0 179
tree 2520 184 14 0 179
tree 2696 168 0 0 179
tree 2744 168 35 0 179
tree 3128 168 15 0 179
tree 3144 168 0 0 179
tree 3144 184 15 0 179
tree 3192 168 17 0 179
tree 3320 184 35 0 179
tree 3352 168 14 0 179
tree 3352 184 0 0 179
tree 3336 168 10 0 179
tree 3384 168 35 0 179
tree 3432 184 13 0 179
tree 3544 168 35 0 179
tree 3528 184 16 0 179
tree 3544 184 13 0 179
tree 3560 168 10 0 179
tree 3576 168 35 0 179
tree 3672 184 13 0 179
tree 3688 168 12 0 179
tree 3720 184 35 0 179
tree 3960 168 35 0 179
tree 3976 168 0 0 179
tree 3992 184 14 0 179
tree 4088 168 15 0 179
tree 4088 184 11 0 179
tree 88 216 13 0 179
tree 120 200 11 0 179
tree 104 216 35 0 179
tree 136 200 12 0 179
tree 152 216 12 0 179
tree 184 216 11 0 179
tree 168 200 0 0 179
tree 200 216 35 0 179
tree 328 200 17 0 179
tree 408 200 35 0 179
tree 440 200 17 0 179
tree 440 216 10 0 179
tree 504 200 17 0 179
tree 520 200 12 0 179
tree 616 200 10 0 179
tree 648 200 10 0 179
tree 664 216 16 0 179
tree 664 200 10 0 179
tree 792 200 12 0 179
tree 808 216 35 0 179
tree 824 216 0 0 179
tree 856 200 35 0 179
tree 840 200 13 0 179
tree 888 200 12 0 179
tree 888 216 12 0 179
tree 872 200 35 0 179
tree 904 200 35 0 179
tree 968 200 0 0 179
tree 1112 216 10 0 179
tree 1128 216 16 0 179
tree 1128 200 10 0 179
tree 1224 216 17 0 179
tree 1368 200 14 0 179
tree 1384 216 11 0 179
tree 1400 216 11 0 179
tree 1448 216 35 0 179
tree 1448 200 11 0 179
tree 1560 200 17 0 179
tree 1672 200 15 0 179
tree 1688 216 16 0 179
tree 1848 200 14 0 179
tree 1848 216 35 0 179
tree 1864 216 0 0 179
tree 1928 216 0 0 179
tree 1960 216 16 0 179
tree 1976 200 17 0 179
tree 1960 200 13 0 179
tree 2488 216 14 0 179
trop 2588 220 118 179 179
tree 2760 216 15 0 179
tree 2840 216 15 0 179
tree 2856 200 35 0 179
tree 2984 216 35 0 179
tree 3000 216 13 0 179
tree 3160 200 14 0 179
tree 3160 216 16 0 179
tree 3320 216 11 0 179
tree 3384 200 13 0 179
tree 3448 200 15 0 179
tree 3512 200 13 0 179
tree 3512 216 10 0 179
tree 3528 200 13 0 179
tree 3608 216 12 0 179
tree 3592 200 11 0 179
tree 3768 200 0 0 179
tree 3752 200 14 0 179
tree 4024 200 16 0 179
tree 4056 200 17 0 179
tree 4088 200 16 0 179
tree 4072 200 14 0 179
tree 4072 216 35 0 179
tree 72 248 15 0 179
tree 88 248 12 0 179
tree 88 232 14 0 179
tree 152 248 35 0 179
tree 168 232 15 0 179
tree 200 232 12 0 179
tree 216 248 10 0 179
tree 216 232 11 0 179
tree 232 248 17 0 179
tree 248 248 12 0 179
tree 232 232 15 0 179
tree 280 248 0 0 179
tree 296 232 12 0 179
tree 312 232 14 0 179
trop 324 236 209 179 179
tree 328 248 16 0 179
tree 376 248 16 0 179
tree 408 248 10 0 179
tree 392 248 13 0 179
tree 424 232 0 0 179
tree 568 248 35 0 179
tree 584 248 12 0 179
tree 744 248 10 0 179
tree 792 232 10 0 179
tree 776 232 13 0 179
tree 792 248 12 0 179
tree 808 232 14 0 179
tree 872 248 16 0 179
tree 888 232 13 0 179
tree 888 248 10 0 179
tree 920 248 12 0 179
tree 1000 232 16 0 179
tree 1000 248 11 0 179
tree 1048 232 15 0 179
tree 1080 232 35 0 179
tree 1064 232 13 0 179
tree 1064 248 0 0 179
tree 1096 232 14 0 179
tree 1240 232 17 0 179
tree 1272 232 12 0 179
tree 1256 248 17 0 179
tree 1416 232 16 0 179
tree 1432 232 10 0 179
tree 1496 248 13 0 179
tree 1720 232 15 0 179
tree 1848 248 16 0 179
tree 1880 232 16 0 179
tree 1896 248 0 0 179
tree 1912 232 10 0 179
tree 1912 248 16 0 179
tree 1928 232 15 0 179
tree 2456 232 16 0 179
tree 2456 248 16 0 179
tree 2680 248 13 0 179
tree 2776 232 16 0 179
tree 2840 232 17 0 179
tree 2968 232 10 0 179
tree 2968 248 12 0 179
tree 3000 232 13 0 179
tree 2984 248 0 0 179
tree 3176 248 10 0 179
tree 3208 248 11 0 179
tree 3288 248 17 0 179
tree 3304 232 11 0 179
tree 3352 232 11 0 179
tree 3384 232 0 0 179
tree 3400 248 10 0 179
tree 3432 232 12 0 179
tree 3512 232 17 0 179
tree 3496 232 10 0 179
tree 3496 248 12 0 179
tree 3512 248 15 0 179
tree 3544 232 35 0 179
tree 3608 248 11 0 179
tree 3704 232 15 0 179
tree 3800 232 13 0 179
tree 3784 248 10 0 179
tree 3816 248 10 0 179
tree 3864 248 15 0 179
tree 4072 232 12 0 179
tree 56 264 0 0 179
tree 56 280 16 0 179
tree 72 264 16 0 179
tree 120 280 14 0 179
tree 136 264 17 0 179
tree 296 280 35 0 179
tree 312 280 10 0 179
tree 296 264 16 0 179
tree 328 280 35 0 179
tree 344 264 11 0 179
tree 328 264 15 0 179
tree 408 280 14 0 179
tree 408 264 14 0 179
tree 568 264 16 0 179
tree 552 264 0 0 179
tree 552 280 13 0 179
tree 632 280 11 0 179
tree 648 280 15 0 179
tree 696 264 16 0 179
tree 680 264 0 0 179
tree 680 280 12 0 179
tree 760 264 16 0 179
tree 744 264 12 0 179
tree 936 264 13 0 179
tree 952 264 17 0 179
tree 984 280 12 0 179
tree 1016 264 16 0 179
tree 1000 280 0 0 179
tree 1016 280 11 0 179
tree 1032 280 15 0 179
tree 1048 280 17 0 179
tree 1064 280 14 0 179
tree 1080 264 16 0 179
tree 1096 280 13 0 179
tree 1176 264 11 0 179
tree 1208 264 35 0 179
tree 1496 264 12 0 179
tree 1480 280 15 0 179
tree 1624 264 16 0 179
tree 1752 264 17 0 179
tree 1784 280 16 0 179
tree 1784 264 11 0 179
tree 1768 280 13 0 179
tree 1816 264 13 0 179
tree 1800 264 14 0 179
tree 1848 280 35 0 179
tree 1848 264 16 0 179
tree 1832 280 17 0 179
tree 1880 280 12 0 179
tree 1896 264 13 0 179
tree 1896 280 16 0 179
tree 2376 280 11 0 179
trop 2548 260 117 179 179
tree 2648 280 15 0 179
tree 2632 280 17 0 179
tree 2792 280 16 0 179
tree 2984 280 35 0 179
tree 3128 264 10 0 179
tree 3128 280 14 0 179
tree 3240 280 16 0 179
tree 3272 264 13 0 179
tree 3352 264 16 0 179
tree 3512 264 13 0 179
tree 3528 280 15 0 179
tree 3560 280 16 0 179
tree 3608 280 17 0 179
tree 3624 264 10 0 179
lay 3656 264 34 0 179
tree 3736 280 0 0 179
tree 3768 264 12 0 179
tree 3768 280 0 0 179
tree 4072 264 15 0 179
tree 4072 280 14 0 179
tree 56 296 10 0 179
tree 56 312 11 0 179
tree 40 312 11 0 179
tree 120 312 11 0 179
tree 136 312 16 0 179
tree 136 296 12 0 179
tree 152 312 0 0 179
tree 280 296 0 0 179
tree 408 296 15 0 179
tree 408 312 0 0 179
tree 424 296 14 0 179
tree 424 312 17 0 179
tree 520 296 17 0 179
tree 936 312 11 0 179
tree 952 312 12 0 179
tree 952 296 17 0 179
tree 984 312 35 0 179
tree 1464 296 0 0 179
tree 1656 296 14 0 179
tree 1672 312 13 0 179
tree 1752 296 0 0 179
tree 1768 312 16 0 179
tree 1768 296 35 0 179
tree 1816 296 17 0 179
tree 1832 296 16 0 179
tree 1848 296 14 0 179
tree 1880 296 10 0 179
tree 1864 296 11 0 179
tree 2296 312 17 0 179
tree 2280 312 11 0 179
tree 2328 296 16 0 179
tree 2360 296 35 0 179
tree 2344 296 13 0 179
tree 2584 312 10 0 179
tree 2808 312 17 0 179
tree 2904 296 17 0 179
tree 3000 312 12 0 179
tree 3112 312 10 0 179
tree 3224 296 10 0 179
tree 3224 312 10 0 179
tree 3384 296 16 0 179
tree 3400 296 12 0 179
tree 3400 312 11 0 179
tree 3416 312 13 0 179
tree 3416 296 15 0 179
tree 3544 296 12 0 179
tree 3560 296 0 0 179
tree 3576 296 12 0 179
tree 3576 312 14 0 179
tree 3592 312 17 0 179
tree 3608 296 0 0 179
tree 3736 296 35 0 179
tree 3752 296 14 0 179
tree 3864 296 35 0 179
tree 3928 296 15 0 179
tree 3912 312 14 0 179
tree 4024 312 14 0 179
tree 40 344 14 0 179
tree 40 328 11 0 179
tree 56 328 16 0 179
tree 56 344 16 0 179
tree 104 344 11 0 179
tree 104 328 15 0 179
tree 136 328 13 0 179
tree 152 328 13 0 179
tree 152 344 17 0 179
tree 168 344 11 0 179
tree 168 328 13 0 179
tree 184 344 35 0 179
tree 216 344 12 0 179
tree 200 344 15 0 179
tree 232 344 13 0 179
tree 232 328 16 0 179
tree 248 344 11 0 179
tree 264 344 14 0 179
tree 280 328 13 0 179
tree 280 344 15 0 179
tree 296 344 10 0 179
tree 344 328 13 0 179
tree 344 344 35 0 179
tree 328 344 10 0 179
trop 356 348 209 179 179
tree 360 328 17 0 179
tree 440 328 13 0 179
tree 456 328 14 0 179
tree 472 328 16 0 179
tree 456 344 15 0 179
tree 568 344 17 0 179
lay 648 344 20 0 179
tree 904 328 11 0 179
tree 936 328 35 0 179
tree 1000 328 15 0 179
tree 1160 328 12 0 179
tree 1208 344 14 0 179
tree 1432 328 12 0 179
tree 1448 328 13 0 179
tree 1448 344 10 0 179
tree 1752 344 35 0 179
lay 1944 344 31 0 179
trop 2452 348 118 179 179
tree 2584 328 17 0 179
lay 2632 344 37 0 179
tree 2824 328 11 0 179
tree 2936 328 10 0 179
tree 2968 344 35 0 179
tree 2984 344 17 0 179
tree 3000 328 0 0 179
tree 3096 328 10 0 179
tree 3112 328 0 0 179
tree 3128 328 13 0 179
tree 3128 344 16 0 179
lay 3160 344 36 0 179
tree 3256 328 16 0 179
tree 3368 328 12 0 179
tree 3384 328 17 0 179
tree 3400 328 16 0 179
tree 3400 344 17 0 179
tree 3416 344 11 0 179
tree 3432 344 10 0 179
tree 3512 344 15 0 179
tree 3528 328 0 0 179
tree 3592 344 17 0 179
tree 3736 344 11 0 179
tree 3720 328 35 0 179
tree 3768 344 12 0 179
tree 3848 328 35 0 179
tree 3912 328 14 0 179
tree 3928 328 17 0 179
tree 4088 328 14 0 179
tree 56 360 10 0 179
tree 40 376 11 0 179
tree 40 360 15 0 179
tree 88 376 17 0 179
tree 88 360 35 0 179
tree 184 360 17 0 179
tree 168 376 11 0 179
tree 328 360 35 0 179
tree 424 376 15 0 179
tree 456 360 14 0 179
tree 456 376 12 0 179
tree 552 360 12 0 179
tree 568 360 17 0 179
tree 600 376 11 0 179
tree 584 376 10 0 179
tree 616 376 11 0 179
tree 744 376 16 0 179
tree 936 376 10 0 179
tree 1224 360 14 0 179
tree 1336 376 13 0 179
tree 1368 360 16 0 179
tree 1352 376 10 0 179
tree 1448 376 15 0 179
tree 1464 376 11 0 179
tree 1784 376 15 0 179
tree 2232 376 11 0 179
tree 2248 360 14 0 179
tree 2248 376 15 0 179
tree 2856 360 0 0 179
tree 2872 376 11 0 179
trop 2932 372 209 179 179
tree 3128 360 12 0 179
tree 3128 376 11 0 179
tree 3112 376 10 0 179
tree 3288 360 14 0 179
tree 3352 360 17 0 179
tree 3400 360 35 0 179
tree 3400 376 13 0 179
tree 3432 376 10 0 179
tree 3448 360 11 0 179
tree 3432 360 0 0 179
tree 3496 376 35 0 179
tree 3496 360 0 0 179
tree 3528 360 15 0 179
tree 3592 376 17 0 179
tree 3704 360 14 0 179
tree 3752 360 10 0 179
tree 3752 376 16 0 179
tree 3832 360 10 0 179
tree 3896 360 0 0 179
tree 3880 376 16 0 179
tree 24 408 15 0 179
tree 8 408 14 0 179
tree 24 392 10 0 179
tree 40 392 15 0 179
tree 88 408 35 0 179
tree 88 392 0 0 179
tree 152 408 12 0 179
lay 264 392 19 0 179
tree 376 408 13 0 179
tree 440 392 11 0 179
tree 424 408 16 0 179
tree 536 408 10 0 179
tree 552 392 12 0 179
tree 568 392 12 0 179
tree 600 392 0 0 179
tree 584 392 17 0 179
tree 632 392 12 0 179
tree 632 408 17 0 179
tree 616 392 17 0 179
tree 648 408 16 0 179
tree 824 408 35 0 179
tree 824 392 10 0 179
tree 856 408 16 0 179
tree 840 392 15 0 179
tree 888 392 10 0 179
tree 872 392 17 0 179
tree 872 408 11 0 179
tree 888 408 15 0 179
tree 904 392 0 0 179
tree 1192 408 16 0 179
tree 1336 392 12 0 179
tree 1416 408 14 0 179
tree 1448 392 17 0 179
tree 1480 392 12 0 179
tree 1496 408 14 0 179
tree 1656 408 17 0 179
tree 1640 408 14 0 179
tree 1784 392 16 0 179
tree 1768 392 14 0 179
tree 1800 408 14 0 179
tree 2200 392 35 0 179
tree 2200 408 0 0 179
tree 2184 408 17 0 179
tree 2232 392 13 0 179
tree 2216 392 0 0 179
trop 2332 396 114 179 179
tree 2456 408 15 0 179
tree 2488 392 35 0 179
tree 2504 392 16 0 179
tree 2616 392 14 0 179
tree 2616 408 12 0 179
tree 2632 392 11 0 179
tree 2632 408 35 0 179
tree 2792 408 11 0 179
tree 2904 392 17 0 179
tree 2920 392 35 0 179
tree 2952 408 12 0 179
tree 2968 408 35 0 179
tree 3000 392 13 0 179
tree 3000 408 0 0 179
tree 3032 408 17 0 179
tree 3112 392 16 0 179
tree 3112 408 14 0 179
tree 3128 408 16 0 179
tree 3320 392 12 0 179
tree 3416 392 17 0 179
tree 3432 392 11 0 179
tree 3464 392 12 0 179
tree 3480 392 35 0 179
tree 3528 408 11 0 179
tree 3624 392 14 0 179
tree 3688 392 17 0 179
tree 3736 392 0 0 179
tree 3768 408 14 0 179
tree 3816 408 35 0 179
tree 3864 392 10 0 179
tree 3848 408 10 0 179
tree 8 424 35 0 179
tree 88 440 17 0 179
tree 88 424 16 0 179
tree 136 440 15 0 179
tree 184 440 35 0 179
tree 168 440 11 0 179
tree 200 440 15 0 179
tree 200 424 17 0 179
tree 216 424 16 0 179
tree 216 440 17 0 179
tree 248 424 35 0 179
tree 312 424 11 0 179
tree 408 424 15 0 179
tree 424 440 35 0 179
tree 440 424 14 0 179
tree 424 424 12 0 179
tree 472 440 11 0 179
tree 552 440 12 0 179
tree 552 424 10 0 179
tree 664 440 14 0 179
tree 824 440 0 0 179
tree 856 424 10 0 179
tree 1208 424 0 0 179
tree 1304 440 14 0 179
tree 1304 424 17 0 179
tree 1416 440 35 0 179
tree 1688 424 11 0 179
tree 1704 440 35 0 179
tree 1704 424 35 0 179
tree 2136 440 17 0 179
tree 2120 440 17 0 179
tree 2392 424 11 0 179
tree 2392 440 12 0 179
tree 2408 424 11 0 179
tree 2584 440 17 0 179
tree 2600 424 12 0 179
tree 2808 440 0 0 179
tree 2808 424 13 0 179
tree 2792 424 10 0 179
tree 2984 424 17 0 179
tree 3000 424 17 0 179
tree 3000 440 15 0 179
tree 3080 424 15 0 179
tree 3096 424 0 0 179
tree 3128 424 13 0 179
tree 3144 424 12 0 179
tree 3192 440 0 0 179
tree 3352 440 11 0 179
tree 3368 440 0 0 179
tree 3496 424 12 0 179
tree 3528 424 14 0 179
tree 3656 440 10 0 179
tree 3704 440 17 0 179
tree 3736 424 15 0 179
tree 3768 424 0 0 179
tree 3816 424 11 0 179
tree 3816 440 0 0 179
tree 3832 424 15 0 179
tree 3832 440 11 0 179
tree 3848 424 10 0 179
tree 3848 440 13 0 179
tree 88 472 14 0 179
tree 152 456 0 0 179
tree 136 472 10 0 179
tree 184 456 12 0 179
tree 200 472 12 0 179
tree 248 472 17 0 179
tree 408 456 14 0 179
tree 472 472 35 0 179
tree 584 456 16 0 179
tree 808 456 13 0 179
tree 1112 472 35 0 179
tree 1128 456 11 0 179
tree 1208 472 17 0 179
tree 1336 472 10 0 179
tree 1320 456 13 0 179
tree 1432 472 11 0 179
lay 1496 456 32 0 179
tree 2040 456 16 0 179
tree 2040 472 10 0 179
tree 2024 472 16 0 179
tree 2072 456 10 0 179
tree 2056 456 0 0 179
tree 2088 456 14 0 179
trop 2212 468 114 179 179
trop 2292 452 118 179 179
tree 2360 456 14 0 179
tree 2360 472 15 0 179
tree 2376 456 11 0 179
tree 2568 456 13 0 179
tree 2680 456 10 0 179
tree 2680 472 14 0 179
tree 2808 472 16 0 179
tree 2824 472 12 0 179
tree 3016 456 0 0 179
tree 3032 472 11 0 179
tree 3048 472 10 0 179
tree 3208 456 12 0 179
tree 3224 456 10 0 179
tree 3240 472 11 0 179
tree 3256 472 13 0 179
tree 3320 456 14 0 179
tree 3384 472 14 0 179
tree 3400 472 11 0 179
tree 3480 456 13 0 179
tree 3528 472 15 0 179
tree 3688 472 17 0 179
tree 3704 456 12 0 179
tree 3704 472 10 0 179
tree 3720 456 10 0 179
tree 3784 456 16 0 179
tree 3800 456 35 0 179
tree 3816 456 16 0 179
tree 3848 472 16 0 179
tree 3848 456 13 0 179
tree 3864 456 12 0 179
tree 3864 472 17 0 179
tree 88 504 15 0 179
tree 120 488 12 0 179
tree 104 504 13 0 179
tree 152 488 10 0 179
tree 152 504 35 0 179
tree 184 488 10 0 179
tree 280 504 17 0 179
tree 376 504 13 0 179
tree 376 488 10 0 179
tree 472 504 10 0 179
tree 472 488 0 0 179
tree 792 488 12 0 179
tree 776 504 11 0 179
tree 1048 504 17 0 179
tree 1064 504 11 0 179
tree 1096 488 17 0 179
tree 1208 488 12 0 179
tree 1432 488 11 0 179
tree 1608 488 12 0 179
tree 1624 504 15 0 179
tree 1640 488 16 0 179
tree 1944 504 14 0 179
tree 1928 504 10 0 179
tree 1976 488 17 0 179
tree 1960 488 0 0 179
tree 1960 504 14 0 179
trop 2148 508 114 179 179
trop 2164 500 114 179 179
tree 2552 488 15 0 179
tree 2696 504 17 0 179
tree 2840 488 17 0 179
tree 2840 504 15 0 179
tree 2968 488 35 0 179
tree 2984 488 15 0 179
tree 3032 504 12 0 179
tree 3016 504 14 0 179
tree 3048 488 14 0 179
tree 3240 504 15 0 179
tree 3416 504 0 0 179
tree 3432 488 13 0 179
tree 3432 504 16 0 179
tree 3448 504 17 0 179
tree 3528 488 12 0 179
tree 3592 504 11 0 179
tree 3704 504 10 0 179
tree 3704 488 17 0 179
tree 3720 488 35 0 179
tree 3752 504 12 0 179
tree 3752 488 11 0 179
tree 3864 488 17 0 179
tree 3848 504 16 0 179
trop 76 524 209 179 179
tree 88 520 11 0 179
tree 88 536 35 0 179
trop 100 540 209 179 179
tree 120 536 12 0 179
tree 136 520 35 0 179
tree 136 536 13 0 179
tree 184 536 0 0 179
tree 328 536 0 0 179
tree 360 536 10 0 179
tree 472 520 12 0 179
tree 1000 536 10 0 179
tree 1000 520 14 0 179
tree 1208 520 0 0 179
tree 1208 536 16 0 179
tree 1432 536 17 0 179
tree 1880 536 12 0 179
tree 1896 536 10 0 179
tree 1928 520 14 0 179
tree 2232 520 13 0 179
tree 2248 520 11 0 179
tree 2472 536 35 0 179
tree 2488 536 14 0 179
dom 2560 512 299 0 179
tree 2696 520 0 0 179
tree 2712 536 13 0 179
tree 2776 520 15 0 179
tree 2792 536 35 0 179
tree 2792 520 15 0 179
tree 2856 520 17 0 179
tree 2888 536 17 0 179
tree 3032 520 17 0 179
tree 3256 520 10 0 179
tree 3272 520 0 0 179
tree 3336 520 0 0 179
tree 3400 536 0 0 179
tree 3480 520 10 0 179
tree 3512 536 13 0 179
tree 3544 520 15 0 179
tree 3608 536 0 0 179
tree 3608 520 16 0 179
tree 3672 520 17 0 179
tree 3720 520 15 0 179
tree 3736 536 15 0 179
tree 3736 520 35 0 179
tree 3832 536 0 0 179
tree 88 552 15 0 179
tree 120 552 14 0 179
tree 120 568 17 0 179
tree 104 552 12 0 179
tree 136 568 35 0 179
tree 184 552 15 0 179
tree 184 568 35 0 179
tree 344 568 16 0 179
tree 360 568 11 0 179
tree 536 568 35 0 179
tree 696 568 35 0 179
tree 776 552 13 0 179
tree 776 568 10 0 179
tree 952 568 10 0 179
tree 968 552 17 0 179
tree 1016 552 11 0 179
tree 1048 552 0 0 179
tree 1224 552 12 0 179
tree 1432 552 15 0 179
tree 1528 568 13 0 179
tree 1560 568 12 0 179
tree 1576 568 35 0 179
tree 1816 568 14 0 179
tree 1880 552 14 0 179
trop 2092 548 114 179 179
tree 2504 568 12 0 179
tree 2680 568 17 0 179
tree 2936 552 0 0 179
tree 2952 568 17 0 179
tree 3144 568 10 0 179
tree 3144 552 14 0 179
tree 3224 568 16 0 179
tree 3224 552 14 0 179
tree 3368 552 10 0 179
tree 3400 568 10 0 179
tree 3416 568 10 0 179
tree 3432 568 15 0 179
tree 3448 568 12 0 179
tree 3464 568 35 0 179
tree 3560 552 12 0 179
tree 3560 568 35 0 179
tree 3592 568 16 0 179
tree 3592 552 11 0 179
tree 3640 552 12 0 179
tree 3624 568 10 0 179
tree 3832 552 15 0 179
tree 3832 568 35 0 179
tree 3816 568 0 0 179
tree 3848 552 13 0 179
tree 88 600 13 0 179
tree 88 584 12 0 179
tree 72 584 17 0 179
tree 120 584 12 0 179
tree 104 584 17 0 179
tree 104 600 16 0 179
tree 152 584 11 0 179
tree 168 600 15 0 179
tree 184 600 15 0 179
tree 216 600 11 0 179
tree 360 600 16 0 179
tree 376 600 0 0 179
tree 360 584 15 0 179
tree 392 600 17 0 179
tree 424 600 11 0 179
tree 472 600 17 0 179
tree 504 600 16 0 179
tree 520 584 16 0 179
tree 568 600 0 0 179
tree 616 600 12 0 179
tree 648 600 0 0 179
tree 680 600 0 0 179
tree 696 600 12 0 179
tree 696 584 12 0 179
tree 712 584 17 0 179
tree 792 600 10 0 179
tree 888 600 13 0 179
tree 920 584 0 0 179
tree 920 600 16 0 179
tree 936 584 35 0 179
tree 1080 584 16 0 179
tree 1080 600 12 0 179
tree 1224 584 17 0 179
tree 1240 584 0 0 179
tree 1240 600 35 0 179
tree 1256 600 14 0 179
tree 1416 600 12 0 179
tree 1464 600 11 0 179
tree 1480 584 12 0 179
tree 1576 584 10 0 179
tree 1592 584 15 0 179
tree 1624 584 0 0 179
tree 2136 584 12 0 179
tree 2152 584 11 0 179
tree 2520 584 17 0 179
tree 2536 600 15 0 179
tree 2952 600 14 0 179
tree 2952 584 13 0 179
tree 3000 584 17 0 179
tree 3000 600 17 0 179
tree 3112 584 0 0 179
tree 3128 600 35 0 179
tree 3144 584 13 0 179
tree 3176 584 16 0 179
tree 3320 584 35 0 179
tree 3320 600 12 0 179
tree 3544 600 15 0 179
tree 3576 600 15 0 179
tree 3560 600 16 0 179
tree 3560 584 10 0 179
tree 3576 584 35 0 179
tree 3592 600 35 0 179
tree 3592 584 10 0 179
tree 3800 584 35 0 179
tree 56 616 12 0 179
tree 88 616 11 0 179
tree 72 616 0 0 179
tree 72 632 17 0 179
tree 184 616 12 0 179
tree 200 632 11 0 179
tree 232 616 13 0 179
tree 328 616 0 0 179
tree 328 632 11 0 179
tree 424 632 16 0 179
tree 440 632 15 0 179
tree 456 616 17 0 179
tree 488 616 35 0 179
tree 648 632 13 0 179
tree 808 616 17 0 179
tree 920 616 35 0 179
tree 1096 616 14 0 179
tree 1096 632 16 0 179
lay 1144 632 32 0 179
tree 1160 616 35 0 179
tree 1176 616 13 0 179
tree 1272 616 17 0 179
tree 1272 632 10 0 179
tree 1416 616 16 0 179
tree 1432 632 12 0 179
tree 1448 632 17 0 179
tree 1448 616 11 0 179
tree 1464 616 14 0 179
tree 1800 616 0 0 179
trop 1972 620 114 179 179
trop 2020 620 118 179 179
tree 2312 632 13 0 179
tree 2392 632 16 0 179
tree 2536 616 16 0 179
tree 2552 632 13 0 179
tree 2568 632 15 0 179
tree 2712 616 10 0 179
tree 2728 632 35 0 179
tree 2936 616 10 0 179
tree 2952 616 35 0 179
tree 3000 616 13 0 179
tree 3000 632 16 0 179
tree 3080 632 15 0 179
tree 3096 616 0 0 179
tree 3112 616 13 0 179
lay 3256 632 38 0 179
dom 3424 608 199 0 179
tree 56 664 15 0 179
tree 72 648 11 0 179
tree 216 664 14 0 179
tree 232 664 17 0 179
tree 232 648 16 0 179
tree 344 648 14 0 179
tree 360 664 0 0 179
tree 392 648 15 0 179
tree 408 648 16 0 179
tree 424 648 12 0 179
tree 808 648 16 0 179
tree 824 648 15 0 179
tree 824 664 17 0 179
tree 1096 648 12 0 179
tree 1096 664 11 0 179
tree 1336 664 16 0 179
tree 1608 664 15 0 179
tree 2040 648 17 0 179
tree 2024 648 14 0 179
tree 2392 648 35 0 179
tree 2408 664 15 0 179
tree 2584 664 12 0 179
tree 2760 664 12 0 179
tree 2792 664 16 0 179
tree 2808 664 14 0 179
tree 2808 648 16 0 179
tree 2904 664 15 0 179
tree 2920 648 15 0 179
tree 3080 648 35 0 179
tree 3224 664 0 0 179
tree 3256 648 13 0 179
lay 3576 648 39 0 179
tree 3832 664 17 0 179
tree 56 680 11 0 179
tree 56 696 11 0 179
tree 88 680 12 0 179
tree 104 696 12 0 179
tree 232 680 10 0 179
tree 264 696 16 0 179
tree 392 696 35 0 179
tree 616 696 16 0 179
tree 632 680 10 0 179
dom 672 672 199 0 179
tree 840 680 0 0 179
tree 856 680 15 0 179
tree 872 696 13 0 179
tree 904 696 10 0 179
tree 920 696 11 0 179
tree 1096 680 17 0 179
tree 1112 696 10 0 179
tree 1352 680 35 0 179
tree 1368 696 17 0 179
tree 1384 696 12 0 179
tree 1512 696 16 0 179
tree 1592 680 11 0 179
tree 1592 696 15 0 179
tree 1608 680 15 0 179
tree 1608 696 35 0 179
tree 1768 680 15 0 179
tree 1768 696 10 0 179
tree 1944 680 13 0 179
tree 2232 680 0 0 179
tree 2424 680 35 0 179
tree 2648 696 15 0 179
tree 2680 680 0 0 179
tree 2696 680 16 0 179
tree 2728 680 12 0 179
tree 2744 680 17 0 179
tree 2760 680 17 0 179
tree 2776 680 10 0 179
tree 2872 680 12 0 179
tree 3224 696 16 0 179
tree 3352 696 10 0 179
tree 3544 696 13 0 179
tree 3736 680 16 0 179
tree 56 712 13 0 179
tree 40 712 11 0 179
tree 40 728 0 0 179
tree 56 728 11 0 179
tree 120 728 35 0 179
tree 168 712 13 0 179
tree 248 728 14 0 179
tree 264 728 14 0 179
tree 424 728 11 0 179
tree 616 728 35 0 179
tree 840 728 12 0 179
tree 936 712 16 0 179
tree 952 712 0 0 179
tree 984 728 12 0 179
tree 1416 712 17 0 179
tree 1432 712 10 0 179
tree 1496 712 35 0 179
tree 1512 728 11 0 179
tree 1528 728 0 0 179
tree 1528 712 0 0 179
tree 1544 728 35 0 179
tree 1560 728 11 0 179
tree 1576 728 17 0 179
tree 1592 728 13 0 179
tree 1608 712 12 0 179
tree 1608 728 14 0 179
tree 2248 728 0 0 179
tree 2808 712 17 0 179
tree 2824 728 17 0 179
tree 3032 728 13 0 179
tree 3064 712 17 0 179
tree 3144 712 15 0 179
tree 3160 712 35 0 179
tree 3160 728 13 0 179
tree 3240 728 0 0 179
tree 3352 712 16 0 179
tree 3352 728 10 0 179
tree 3336 728 35 0 179
tree 3448 712 35 0 179
tree 3464 712 17 0 179
tree 3688 712 0 0 179
tree 3688 728 13 0 179
tree 3864 728 16 0 179
tree 3880 728 14 0 179
tree 56 760 35 0 179
tree 136 744 0 0 179
tree 152 744 15 0 179
tree 152 760 14 0 179
tree 168 744 17 0 179
tree 264 744 11 0 179
tree 280 760 35 0 179
tree 280 744 16 0 179
tree 440 744 14 0 179
tree 616 744 13 0 179
tree 824 744 12 0 179
tree 824 760 15 0 179
tree 1064 744 11 0 179
tree 1096 744 14 0 179
tree 1112 744 17 0 179
tree 1128 744 14 0 179
tree 1144 744 13 0 179
tree 1176 760 14 0 179
tree 1208 744 0 0 179
tree 1240 760 11 0 179
tree 1368 760 11 0 179
tree 1464 760 0 0 179
tree 1512 760 10 0 179
tree 1592 744 12 0 179
tree 1592 760 10 0 179
tree 1912 760 16 0 179
trop 1924 748 111 179 179
tree 2024 760 10 0 179
tree 2152 744 13 0 179
tree 2168 760 12 0 179
tree 2200 760 16 0 179
tree 2216 744 16 0 179
tree 2264 744 11 0 179
tree 2264 760 11 0 179
tree 3160 760 13 0 179
tree 3336 744 12 0 179
tree 3416 760 15 0 179
tree 56 776 17 0 179
tree 152 792 17 0 179
tree 168 792 17 0 179
tree 200 792 11 0 179
tree 216 792 17 0 179
tree 232 792 0 0 179
tree 280 792 10 0 179
tree 296 792 15 0 179
tree 296 776 14 0 179
tree 520 792 12 0 179
tree 824 776 13 0 179
tree 824 792 10 0 179
tree 840 776 12 0 179
tree 1064 776 14 0 179
tree 1240 776 16 0 179
tree 1240 792 12 0 179
tree 1256 776 0 0 179
tree 1352 776 15 0 179
tree 1448 776 13 0 179
tree 1464 776 10 0 179
tree 1480 776 10 0 179
tree 1496 776 10 0 179
tree 1512 776 35 0 179
tree 1544 792 15 0 179
tree 1576 776 12 0 179
tree 1768 776 10 0 179
tree 1768 792 14 0 179
tree 2008 776 35 0 179
tree 2136 776 11 0 179
tree 2152 776 11 0 179
tree 2168 792 13 0 179
tree 2152 792 11 0 179
tree 2184 776 16 0 179
tree 2344 792 35 0 179
tree 2360 792 16 0 179
tree 2520 792 35 0 179
tree 2520 776 11 0 179
tree 2776 792 15 0 179
tree 2808 776 11 0 179
tree 2792 776 0 0 179
tree 2792 792 0 0 179
tree 2824 776 0 0 179
tree 3016 776 16 0 179
tree 3032 776 14 0 179
tree 3048 792 16 0 179
tree 3064 792 14 0 179
tree 3288 776 35 0 179
tree 3432 776 16 0 179
tree 3448 776 17 0 179
tree 72 808 35 0 179
tree 72 824 13 0 179
tree 104 824 17 0 179
tree 120 824 10 0 179
tree 136 808 16 0 179
tree 248 808 10 0 179
tree 264 808 10 0 179
tree 600 808 17 0 179
tree 808 808 0 0 179
tree 1208 824 11 0 179
tree 1224 808 14 0 179
tree 1224 824 11 0 179
tree 1528 808 11 0 179
tree 1544 808 15 0 179
tree 2136 808 14 0 179
tree 2136 824 35 0 179
tree 2152 808 15 0 179
tree 2200 824 15 0 179
tree 2360 808 10 0 179
tree 2520 808 15 0 179
tree 2536 824 17 0 179
tree 2760 808 16 0 179
tree 3112 808 13 0 179
tree 3128 824 15 0 179
tree 3208 808 10 0 179
tree 3256 824 13 0 179
tree 3272 808 35 0 179
tree 72 840 10 0 179
tree 72 856 17 0 179
tree 88 856 12 0 179
tree 104 856 14 0 179
tree 104 840 12 0 179
tree 1080 856 16 0 179
tree 1096 840 0 0 179
tree 1096 856 35 0 179
tree 1112 840 35 0 179
tree 1112 856 12 0 179
tree 1128 840 13 0 179
tree 1304 856 12 0 179
tree 1288 856 12 0 179
tree 1464 840 17 0 179
tree 1448 856 0 0 179
trop 1892 836 108 179 179
tree 1928 856 14 0 179
tree 2040 856 12 0 179
tree 2168 856 16 0 179
tree 2168 840 10 0 179
tree 2184 840 12 0 179
dom 2304 832 199 0 179
dom 2752 832 199 0 179
tree 2920 840 11 0 179
tree 3032 840 12 0 179
tree 3096 840 0 0 179
tree 3112 840 35 0 179
tree 3144 840 0 0 179
tree 3432 856 17 0 179
tree 3496 840 12 0 179
tree 3528 856 17 0 179
tree 3544 840 10 0 179
tree 3528 840 11 0 179
tree 3560 840 0 0 179
tree 3640 840 13 0 179
tree 3752 840 12 0 179
tree 3768 840 10 0 179
tree 920 872 0 0 179
tree 920 888 0 0 179
tree 1080 872 13 0 179
tree 1064 872 12 0 179
tree 1112 872 17 0 179
tree 1112 888 14 0 179
tree 1368 872 11 0 179
tree 1448 872 12 0 179
tree 1464 872 12 0 179
tree 1528 888 16 0 179
tree 1512 888 12 0 179
tree 1928 872 16 0 179
tree 2616 872 13 0 179
tree 2632 872 35 0 179
tree 2648 888 10 0 179
tree 2632 888 35 0 179
tree 2952 872 12 0 179
tree 3080 872 11 0 179
tree 3448 872 35 0 179
tree 3432 872 17 0 179
tree 3432 888 12 0 179
tree 3720 888 16 0 179
tree 3864 888 16 0 179
tree 936 904 14 0 179
tree 1032 920 16 0 179
tree 1112 920 10 0 179
tree 1432 920 16 0 179
tree 1656 904 11 0 179
tree 1656 920 0 0 179
tree 1672 920 0 0 179
trop 1892 916 108 179 179
tree 2312 904 12 0 179
tree 2440 920 12 0 179
tree 2472 920 35 0 179
tree 2488 920 12 0 179
tree 2504 920 17 0 179
tree 2904 904 10 0 179
tree 2904 920 15 0 179
tree 2936 920 14 0 179
tree 3400 904 17 0 179
tree 3512 920 13 0 179
tree 3608 920 15 0 179
tree 3960 904 13 0 179
tree 968 936 35 0 179
tree 1064 952 0 0 179
tree 1112 936 17 0 179
tree 1464 952 12 0 179
tree 1448 952 14 0 179
tree 1656 952 14 0 179
tree 1672 936 12 0 179
tree 1672 952 10 0 179
tree 1768 936 17 0 179
tree 1912 952 15 0 179
tree 2312 936 35 0 179
tree 2328 952 35 0 179
tree 2504 936 10 0 179
tree 2680 936 15 0 179
tree 1080 968 13 0 179
tree 1112 968 17 0 179
tree 1128 984 12 0 179
tree 1128 968 17 0 179
tree 1160 984 16 0 179
tree 1224 984 12 0 179
tree 1240 984 11 0 179
tree 1256 984 17 0 179
tree 1272 984 35 0 179
tree 1288 984 12 0 179
tree 1496 984 35 0 179
tree 1480 968 15 0 179
tree 1624 984 0 0 179
tree 1656 968 13 0 179
tree 1640 968 17 0 179
tree 2344 968 0 0 179
tree 2360 968 0 0 179
tree 2376 968 0 0 179
tree 2840 968 17 0 179
tree 2824 968 16 0 179
tree 2952 968 13 0 179
tree 3528 984 13 0 179
tree 1016 1016 15 0 179
tree 1016 1000 17 0 179
tree 1048 1000 11 0 179
tree 1176 1000 17 0 179
tree 1192 1000 10 0 179
tree 1208 1000 35 0 179
tree 1192 1016 14 0 179
tree 1304 1000 13 0 179
tree 1336 1000 15 0 179
tree 1336 1016 16 0 179
tree 1352 1016 10 0 179
tree 1368 1016 35 0 179
tree 1560 1016 15 0 179
tree 1592 1000 0 0 179
tree 1592 1016 14 0 179
tree 1576 1016 17 0 179
tree 1608 1000 11 0 179
trop 1892 1012 108 179 179
tree 2888 1016 10 0 179
tree 2920 1000 10 0 179
tree 2920 1016 10 0 179
tree 3160 1016 35 0 179
tree 3256 1016 12 0 179
tree 3608 1016 14 0 179
tree 3592 1016 12 0 179
tree 3624 1000 35 0 179
tree 3736 1016 17 0 179
tree 3816 1016 13 0 179
tree 1016 1048 14 0 179
tree 1016 1032 10 0 179
tree 1064 1048 11 0 179
tree 1192 1032 35 0 179
tree 1208 1032 35 0 179
tree 1368 1032 13 0 179
tree 1352 1032 15 0 179
tree 1560 1032 35 0 179
tree 1576 1032 10 0 179
tree 1784 1032 0 0 179
tree 2792 1048 10 0 179
tree 2872 1048 11 0 179
tree 3176 1032 13 0 179
tree 3352 1048 14 0 179
tree 3528 1048 13 0 179
tree 488 1080 10 0 179
tree 1096 1080 15 0 179
tree 1464 1080 10 0 179
tree 1784 1064 13 0 179
trop 1900 1084 108 179 179
stand 2472 1080 195 0 179
tree 2872 1064 0 0 179
tree 2968 1064 12 0 179
dom 3232 1056 315 0 179
tree 3384 1064 11 0 179
tree 3624 1080 10 0 179
tree 3848 1080 0 0 179
tree 3864 1080 11 0 179
tree 3880 1064 10 0 179
tree 3896 1064 10 0 179
tree 1128 1112 35 0 179
tree 1464 1096 0 0 179
stand 2472 1112 193 0 179
tree 2696 1112 17 0 179
tree 2712 1096 14 0 179
tree 2888 1112 15 0 179
tree 3160 1112 10 0 179
tree 3144 1112 0 0 179
tree 3352 1112 16 0 179
most 3456 1088 62 0 179
tree 3864 1096 35 0 179
tree 648 1128 13 0 179
tree 664 1128 12 0 179
tree 664 1144 15 0 179
tree 1144 1144 14 0 179
tree 1160 1128 35 0 179
tree 1160 1144 0 0 179
tree 1240 1128 16 0 179
tree 1256 1128 35 0 179
tree 1336 1144 15 0 179
tree 1368 1144 15 0 179
tree 1384 1128 14 0 179
tree 1432 1128 15 0 179
tree 2904 1128 11 0 179
tree 3032 1128 0 0 179
tree 3016 1144 12 0 179
tree 3192 1144 12 0 179
tree 3208 1144 12 0 179
tree 3288 1144 10 0 179
tree 3288 1128 11 0 179
tree 3304 1128 17 0 179
tree 3384 1128 16 0 179
tree 3704 1128 13 0 179
tree 3704 1144 14 0 179
tree 3784 1144 16 0 179
tree 3800 1144 11 0 179
tree 664 1160 35 0 179
tree 1272 1160 11 0 179
tree 1256 1160 11 0 179
tree 1288 1160 0 0 179
trop 1900 1180 108 179 179
tree 2936 1160 11 0 179
tree 2952 1160 14 0 179
tree 2968 1176 17 0 179
tree 3208 1160 15 0 179
tree 3336 1176 12 0 179
tree 3544 1160 16 0 179
tree 3544 1176 10 0 179
tree 3592 1176 0 0 179
tree 3704 1160 15 0 179
dom 1376 1184 199 0 179
tree 2776 1192 16 0 179
tree 2792 1208 35 0 179
tree 2808 1208 10 0 179
tree 2840 1208 35 0 179
tree 2904 1208 12 0 179
tree 2920 1192 10 0 179
tree 2936 1208 14 0 179
tree 3016 1192 17 0 179
tree 3016 1208 11 0 179
tree 3272 1192 16 0 179
tree 3304 1208 13 0 179
tree 3576 1192 13 0 179
tree 3704 1192 15 0 179
tree 2840 1240 13 0 179
tree 3016 1224 10 0 179
tree 3080 1240 13 0 179
tree 3528 1224 0 0 179
tree 3528 1240 15 0 179
tree 376 1272 0 0 179
stand 1448 1272 196 0 179
zabor 1904 1264 26 0 8
trop 1892 1276 108 179 179
zabor 1936 1264 29 0 8
zabor 1968 1264 30 0 8
zabor 2000 1264 24 0 8
zabor 2032 1264 26 0 8
zabor 2064 1264 28 0 8
zabor 2096 1264 26 0 8
zabor 2128 1264 30 0 8
zabor 2160 1264 29 0 8
zabor 2192 1264 26 0 8
zabor 2224 1264 28 0 8
zabor 2256 1264 26 0 8
zabor 2288 1264 27 0 8
zabor 2320 1264 25 0 8
zabor 2352 1264 25 0 8
zabor 2384 1264 25 0 8
zabor 2416 1264 28 0 8
zabor 2448 1264 26 0 8
zabor 2480 1264 30 0 8
zabor 2512 1264 30 0 8
zabor 2544 1264 24 0 8
tree 3512 1272 0 0 179
tree 3672 1272 13 0 179
tree 3688 1272 14 0 179
tree 344 1288 13 0 179
tree 360 1288 35 0 179
stand 1448 1304 194 0 179
zabor 1904 1296 26 0 8
tree 1960 1304 10 0 179
tree 2040 1304 12 0 179
lay 2056 1304 2 0 179
tree 2136 1304 15 0 179
tree 2232 1304 14 0 179
tree 2296 1304 11 0 179
tree 2392 1304 17 0 179
stand 2440 1288 157 0 179
stand 2504 1304 155 0 179
zabor 2544 1296 25 0 8
tree 3016 1304 10 0 179
tree 3080 1304 16 0 179
tree 3512 1288 35 0 179
tree 3544 1288 14 0 179
tree 520 1336 17 0 179
trop 1876 1340 8 179 179
zabor 1904 1328 25 0 8
zabor 2544 1328 27 0 8
tree 2936 1320 0 0 179
tree 2952 1320 11 0 179
tree 2968 1336 16 0 179
tree 3048 1336 10 0 179
tree 3048 1320 11 0 179
tree 3096 1336 17 0 179
tree 3688 1336 14 0 179
tree 3736 1336 14 0 179
tree 3768 1320 15 0 179
tree 3752 1320 12 0 179
tree 520 1352 17 0 179
zabor 1904 1360 31 0 8
lay 2104 1368 63 0 179
tree 2952 1368 12 0 179
tree 2984 1352 16 0 179
tree 3000 1368 11 0 179
tree 3128 1368 14 0 179
tree 3144 1352 12 0 179
tree 3160 1352 13 0 179
tree 3144 1368 10 0 179
tree 3192 1368 15 0 179
tree 3208 1368 13 0 179
tree 3416 1368 16 0 179
tree 3528 1352 0 0 179
tree 3608 1352 17 0 179
zabor 1904 1392 30 0 8
tree 1976 1400 10 0 179
tree 2056 1400 14 0 179
lay 2072 1400 63 0 179
lay 2056 1400 65 0 179
lay 2088 1400 65 0 179
tree 2120 1400 0 0 179
tree 2184 1400 13 0 179
lay 2232 1384 1 0 179
lay 2232 1400 63 0 179
tree 2264 1400 12 0 179
lay 2408 1384 1 0 179
tree 2776 1384 11 0 179
tree 2792 1384 15 0 179
tree 2792 1400 12 0 179
tree 2808 1400 15 0 179
tree 3016 1384 14 0 179
tree 3032 1400 14 0 179
tree 3112 1384 16 0 179
tree 3240 1384 16 0 179
tree 3272 1400 0 0 179
tree 3320 1384 10 0 179
tree 3400 1384 11 0 179
tree 3528 1384 0 0 179
tree 3608 1400 35 0 179
zabor 1904 1424 28 0 8
tree 2344 1416 35 0 179
lay 2360 1432 65 0 179
tree 2424 1416 15 0 179
tree 2760 1416 15 0 179
tree 2808 1432 14 0 179
tree 2792 1432 16 0 179
tree 2824 1416 13 0 179
tree 2936 1432 12 0 179
tree 2952 1416 11 0 179
tree 3048 1416 11 0 179
tree 3064 1432 0 0 179
tree 3352 1416 12 0 179
tree 3368 1416 13 0 179
tree 3464 1416 12 0 179
tree 3608 1416 10 0 179
tree 3624 1416 10 0 179
tree 456 1464 15 0 179
tree 664 1464 12 0 179
zabor 1456 1456 30 0 8
zabor 1488 1456 28 0 8
zabor 1520 1456 24 0 8
zabor 1552 1456 30 0 8
zabor 1584 1456 24 0 8
zabor 1616 1456 31 0 8
zabor 1648 1456 29 0 8
zabor 1680 1456 24 0 8
zabor 1712 1456 31 0 8
zabor 1744 1456 30 0 8
zabor 1776 1456 28 0 8
zabor 1808 1456 27 0 8
zabor 1840 1456 28 0 8
trop 1884 1452 123 179 179
zabor 1904 1456 26 0 8
stand 2120 1448 239 0 179
stand 2168 1448 153 0 179
lay 2280 1448 65 0 179
lay 2440 1464 63 0 179
zabor 2544 1456 25 0 8
tree 2904 1464 35 0 179
tree 2936 1448 17 0 179
tree 3080 1448 13 0 179
tree 3096 1464 11 0 179
tree 3560 1464 11 0 179
tree 664 1480 16 0 179
tree 648 1480 35 0 179
tree 648 1496 15 0 179
zabor 1456 1488 29 0 8
tree 1496 1496 21 0 179
stand 1528 1480 253 0 179
stand 1544 1480 253 0 179
stand 1560 1480 253 0 179
dom 1632 1472 67 0 179
zabor 1840 1488 24 0 8
trop 1876 1476 5 179 179
zabor 1904 1488 25 0 8
trop 1892 1492 123 179 179
lay 2072 1496 63 0 179
stand 2520 1480 147 0 179
zabor 2544 1488 28 0 8
stand 2568 1496 166 0 179
tree 2744 1480 0 0 179
tree 2744 1496 0 0 179
tree 2760 1496 13 0 179
tree 2904 1480 12 0 179
tree 3048 1496 0 0 179
tree 3160 1496 10 0 179
tree 3176 1496 17 0 179
tree 3384 1496 16 0 179
tree 3544 1480 12 0 179
tree 3528 1480 11 0 179
tree 664 1512 16 0 179
zabor 1456 1520 31 0 8
dom 1760 1504 78 2 179
zabor 1840 1520 31 0 8
zabor 1904 1520 28 0 8
tree 1960 1512 13 0 179
tree 2040 1528 35 0 179
lay 2072 1512 65 0 179
tree 2120 1528 17 0 179
tree 2184 1512 13 0 179
tree 2264 1512 16 0 179
tree 2344 1512 16 0 179
lay 2376 1512 65 0 179
tree 2424 1512 35 0 179
zabor 2544 1520 27 0 8
tree 2728 1528 10 0 179
tree 2760 1512 0 0 179
tree 2776 1512 13 0 179
tree 2872 1512 15 0 179
tree 2872 1528 13 0 179
tree 2856 1528 13 0 179
tree 3032 1512 35 0 179
tree 3032 1528 16 0 179
tree 3016 1528 15 0 179
tree 3160 1528 35 0 179
tree 3192 1512 16 0 179
tree 3208 1528 12 0 179
zabor 1456 1552 30 0 8
tree 1480 1560 21 0 179
tree 1512 1560 21 0 179
lay 1576 1560 63 0 179
stand 1624 1560 155 0 179
zabor 1840 1552 25 0 8
zabor 1904 1552 29 0 8
lay 2200 1560 63 0 179
lay 2280 1560 65 0 179
stand 2504 1544 239 0 179
zabor 2544 1552 30 0 8
tree 2712 1544 15 0 179
tree 2728 1544 35 0 179
tree 2856 1544 35 0 179
tree 2920 1544 35 0 179
tree 2936 1560 14 0 179
tree 2936 1544 16 0 179
tree 3032 1544 12 0 179
tree 3144 1544 11 0 179
tree 3224 1544 35 0 179
tree 3320 1544 14 0 179
tree 3352 1544 17 0 179
tree 3336 1544 35 0 179
tree 3368 1544 13 0 179
tree 3512 1544 17 0 179
tree 3512 1560 13 0 179
zabor 1456 1584 28 0 8
zabor 1840 1584 26 0 8
zabor 1904 1584 29 0 8
lay 2408 1576 63 0 179
zabor 2544 1584 29 0 8
lay 3016 1576 45 0 179
tree 3080 1592 10 0 179
tree 3288 1576 10 0 179
tree 3464 1592 12 0 179
tree 3496 1576 15 0 179
tree 3496 1592 14 0 179
zabor 1456 1616 24 0 8
lay 1752 1624 63 0 179
zabor 1840 1616 26 0 8
trop 1884 1620 123 179 179
zabor 1904 1616 29 0 8
tree 1960 1608 10 0 179
tree 2040 1608 14 0 179
tree 2136 1608 17 0 179
tree 2232 1624 35 0 179
tree 2312 1624 35 0 179
lay 2312 1608 65 0 179
tree 2376 1608 10 0 179
tree 2456 1608 0 0 179
zabor 2544 1616 30 0 8
tree 2888 1608 12 0 179
tree 2888 1624 12 0 179
tree 2904 1624 15 0 179
tree 2904 1608 15 0 179
tree 3112 1608 0 0 179
zabor 1456 1648 29 0 8
dom 1568 1632 245 2 179
dom 1632 1632 245 2 179
stand 1816 1656 188 0 179
zabor 1840 1648 27 0 8
trop 1876 1652 5 179 179
zabor 1904 1648 28 0 8
lay 2168 1640 65 0 179
zabor 2544 1648 28 0 8
tree 2792 1656 14 0 179
tree 2808 1656 17 0 179
tree 3000 1656 17 0 179
tree 3064 1656 35 0 179
tree 3080 1656 12 0 179
tree 3160 1656 15 0 179
tree 3272 1656 14 0 179
tree 3288 1656 14 0 179
tree 3320 1656 35 0 179
tree 3304 1656 10 0 179
tree 3336 1656 0 0 179
tree 3336 1640 11 0 179
tree 3384 1656 14 0 179
tree 312 1688 0 0 179
tree 328 1688 16 0 179
zabor 1456 1680 26 0 8
dom 1696 1664 246 0 179
stand 1816 1688 188 0 179
stand 1816 1672 188 0 179
stand 1800 1688 189 0 179
zabor 1840 1680 30 0 8
zabor 1904 1680 30 0 8
lay 2024 1688 63 0 179
zabor 2544 1680 29 0 8
tree 2840 1672 17 0 179
tree 2984 1672 11 0 179
tree 3176 1688 0 0 179
tree 3208 1688 13 0 179
tree 3256 1672 16 0 179
tree 3304 1672 15 0 179
tree 3368 1672 17 0 179
tree 3368 1688 35 0 179
tree 3464 1672 35 0 179
tree 3560 1688 0 0 179
tree 3576 1688 17 0 179
tree 232 1720 0 0 179
zabor 1456 1712 27 0 8
stand 1496 1720 157 0 179
stand 1496 1704 157 0 179
lay 1672 1704 50 0 179
stand 1704 1720 178 0 179
stand 1784 1704 183 0 179
stand 1816 1704 183 0 179
stand 1800 1704 183 0 179
zabor 1840 1712 31 0 8
zabor 1904 1712 29 0 8
lay 2248 1704 63 0 179
zabor 2352 1712 27 0 8
zabor 2384 1712 30 0 8
zabor 2416 1712 24 0 8
zabor 2448 1712 26 0 8
zabor 2480 1712 31 0 8
zabor 2512 1712 24 0 8
zabor 2544 1712 26 0 8
tree 2936 1704 10 0 179
tree 200 1736 35 0 179
tree 232 1752 35 0 179
tree 248 1752 15 0 179
tree 712 1736 17 0 179
zabor 1456 1744 26 0 8
stand 1496 1736 158 0 179
stand 1624 1752 161 0 179
stand 1640 1752 158 0 179
lay 1688 1752 50 0 179
stand 1784 1736 186 0 179
stand 1800 1752 184 0 179
stand 1816 1736 185 0 179
zabor 1840 1744 27 0 8
zabor 1904 1744 24 0 8
stand 1944 1736 150 0 179
lay 2040 1736 63 0 179
tree 2072 1736 17 0 179
tree 2072 1752 10 0 179
tree 2056 1752 13 0 179
tree 2312 1736 11 0 179
zabor 2352 1744 30 0 8
tree 2392 1752 12 0 179
dom 320 1760 86 0 179
dom 480 1760 97 2 179
tree 616 1768 11 0 179
zabor 1456 1776 28 0 8
dom 1568 1760 66 0 179
lay 1608 1784 50 0 179
stand 1736 1784 155 0 179
stand 1784 1768 185 0 179
stand 1800 1768 184 0 179
stand 1816 1768 183 0 179
zabor 1840 1776 24 0 8
zabor 1904 1776 28 0 8
zabor 2352 1776 31 0 8
tree 2408 1768 11 0 179
tree 2536 1784 11 0 179
tree 2952 1768 12 0 179
tree 3064 1768 17 0 179
tree 3080 1768 12 0 179
tree 3400 1768 14 0 179
tree 3720 1784 14 0 179
tree 264 1800 14 0 179
lay 328 1816 50 0 179
tree 712 1800 17 0 179
tree 872 1816 35 0 179
tree 936 1800 17 0 179
tree 1112 1800 15 0 179
zabor 1456 1808 30 0 8
lay 1624 1800 50 0 179
lay 1640 1800 50 0 179
zabor 1840 1808 24 0 8
zabor 1904 1808 28 0 8
stand 2040 1816 164 0 179
zabor 2352 1808 25 0 8
tree 2488 1800 15 0 179
tree 2472 1816 15 0 179
tree 2552 1800 15 0 179
tree 2696 1800 14 0 179
tree 2776 1800 10 0 179
tree 2760 1800 17 0 179
tree 2984 1816 15 0 179
dom 3264 1792 195 2 179
stand 3400 1816 180 0 179
tree 3480 1816 10 0 179
tree 3608 1800 16 0 179
tree 3896 1816 15 0 179
tree 3912 1816 12 0 179
stand 56 1848 18 0 179
stand 216 1848 18 0 179
tree 232 1832 11 0 179
lay 296 1832 50 0 179
lay 424 1832 50 0 179
lay 424 1848 50 0 179
lay 488 1848 50 0 179
lay 568 1848 50 0 179
dom 608 1824 308 0 179
lay 616 1848 50 0 179
tree 872 1832 16 0 179
tree 1016 1832 10 0 179
tree 1288 1832 14 0 179
zabor 1456 1840 28 0 8
lay 1560 1848 50 0 179
lay 1656 1832 50 0 179
dom 1760 1824 79 2 179
stand 1816 1848 18 0 179
zabor 1840 1840 66 1 8
trop 1876 1828 5 179 179
zabor 1904 1840 27 0 8
stand 1896 1848 18 0 179
dom 1952 1824 82 2 179
dom 2208 1824 195 2 179
zabor 2352 1840 24 0 8
tree 2888 1848 35 0 179
tree 2904 1848 14 0 179
tree 2968 1832 35 0 179
tree 3128 1832 15 0 179
tree 3448 1848 16 0 179
tree 3592 1848 11 0 179
tree 3768 1832 35 0 179
tree 3752 1832 11 0 179
tree 168 1880 15 0 179
lay 344 1864 50 0 179
stand 392 1864 18 0 179
tree 392 1880 13 0 179
tree 408 1880 14 0 179
lay 488 1864 50 0 179
lay 552 1864 50 0 179
stand 584 1864 18 0 179
lay 584 1864 50 0 179
lay 632 1864 50 0 179
stand 760 1864 18 0 179
stand 936 1880 18 0 179
stand 1112 1880 18 0 179
tree 1176 1880 17 0 179
tree 1176 1864 15 0 179
tree 1192 1864 17 0 179
tree 1256 1880 15 0 179
stand 1288 1880 18 0 179
tree 1384 1864 10 0 179
zabor 1456 1872 27 0 8
stand 1448 1880 18 0 179
stand 1480 1880 180 0 179
stand 1496 1880 181 0 179
dom 1536 1856 117 0 179
lay 1560 1880 50 0 179
lay 1544 1880 50 0 179
lay 1592 1864 50 0 179
lay 1624 1880 11 0 179
lay 1624 1864 11 0 179
lay 1640 1880 11 0 179
stand 1704 1864 176 0 179
zabor 1840 1872 65 1 8
zabor 1904 1872 25 0 8
stand 2056 1864 147 0 179
zabor 2352 1872 31 0 8
tree 2424 1864 0 0 179
tree 2408 1864 16 0 179
tree 2424 1880 12 0 179
tree 2520 1880 11 0 179
tree 2552 1880 0 0 179
tree 2616 1864 35 0 179
tree 2616 1880 16 0 179
tree 2744 1880 11 0 179
tree 2808 1880 13 0 179
tree 2856 1864 16 0 179
tree 2920 1880 0 0 179
tree 3160 1880 35 0 179
lay 3192 1880 50 0 179
lay 3224 1880 50 0 179
lay 3208 1864 50 0 179
lay 3288 1880 50 0 179
lay 3352 1880 50 0 179
lay 3368 1864 50 0 179
lay 3400 1880 50 0 179
tree 3432 1880 35 0 179
lay 3448 1880 50 0 179
lay 3464 1880 50 0 179
tree 4008 1864 17 0 179
tree 72 1912 0 0 179
tree 120 1896 13 0 179
tree 408 1896 17 0 179
tree 616 1912 12 0 179
tree 680 1912 17 0 179
tree 696 1912 10 0 179
tree 744 1912 0 0 179
tree 760 1912 10 0 179
tree 776 1912 15 0 179
tree 808 1896 13 0 179
tree 824 1896 16 0 179
tree 840 1896 17 0 179
tree 872 1912 0 0 179
tree 1000 1896 11 0 179
tree 1064 1896 0 0 179
tree 1096 1912 0 0 179
tree 1224 1912 14 0 179
tree 1256 1896 10 0 179
tree 1336 1912 15 0 179
tree 1352 1912 11 0 179
stand 1432 1896 157 0 179
stand 1416 1912 156 0 179
zabor 1456 1904 24 0 8
tree 1624 1912 21 0 179
lay 1608 1896 11 0 179
tree 1656 1912 15 0 179
tree 1688 1912 13 0 179
stand 1736 1912 181 0 179
zabor 1840 1904 66 1 8
zabor 1904 1904 24 0 8
tree 1912 1912 13 0 179
zabor 2064 1904 25 0 8
zabor 2096 1904 26 0 8
zabor 2128 1904 26 0 8
zabor 2160 1904 30 0 8
zabor 2192 1904 27 0 8
zabor 2224 1904 30 0 8
zabor 2256 1904 28 0 8
zabor 2288 1904 29 0 8
zabor 2320 1904 31 0 8
zabor 2352 1904 29 0 8
tree 2392 1912 13 0 179
tree 2440 1896 16 0 179
tree 2616 1912 11 0 179
tree 2712 1896 12 0 179
tree 2984 1896 17 0 179
tree 3096 1896 10 0 179
dom 3168 1888 250 0 179
dom 3520 1888 309 0 179
tree 3704 1896 14 0 179
tree 3864 1896 14 0 179
tree 3960 1896 11 0 179
tree 680 1928 0 0 179
zabor 1456 1936 28 0 8
zabor 1552 1936 28 0 8
zabor 1584 1936 28 0 8
zabor 1616 1936 31 0 8
zabor 1648 1936 28 0 8
zabor 1680 1936 28 0 8
zabor 1712 1936 25 0 8
zabor 1744 1936 65 1 8
zabor 1776 1936 66 1 8
zabor 1808 1936 66 1 8
zabor 1840 1936 64 1 8
zabor 1904 1936 29 0 8
zabor 1936 1936 30 0 8
zabor 1968 1936 29 0 8
zabor 2000 1936 31 0 8
zabor 2032 1936 30 0 8
zabor 2064 1936 25 0 8
tree 2088 1928 16 0 179
stand 2120 1928 18 0 179
tree 2184 1928 17 0 179
stand 2328 1928 18 0 179
stand 2504 1928 18 0 179
stand 2680 1928 18 0 179
stand 2872 1944 18 0 179
stand 3064 1944 18 0 179
stand 3240 1944 18 0 179
stand 3432 1944 18 0 179
stand 3480 1928 178 0 179
stand 3656 1928 18 0 179
stand 3928 1928 18 0 179
trop 132 1980 6 179 179
trop 308 1980 6 179 179
trop 484 1980 6 179 179
trop 660 1980 6 179 179
trop 836 1980 6 179 179
trop 892 1956 122 179 179
trop 916 1956 122 179 179
trop 1012 1980 6 179 179
trop 1188 1980 6 179 179
trop 1364 1980 6 179 179
trop 1540 1980 6 179 179
trop 1716 1980 6 179 179
trop 1876 1980 4 179 179
trop 1996 1980 6 179 179
trop 2172 1980 6 179 179
trop 2348 1980 6 179 179
trop 2524 1980 6 179 179
trop 2700 1980 6 179 179
trop 2876 1980 6 179 179
trop 3052 1980 6 179 179
trop 3228 1980 6 179 179
trop 3404 1980 6 179 179
trop 3580 1980 6 179 179
trop 3756 1980 6 179 179
trop 3932 1980 6 179 179
zabor 1456 2000 28 0 8
zabor 1488 2000 31 0 8
zabor 1520 2000 30 0 8
zabor 1552 2000 31 0 8
zabor 1584 2000 25 0 8
zabor 1616 2000 28 0 8
zabor 1648 2000 31 0 8
zabor 1680 2000 26 0 8
zabor 1712 2000 30 0 8
zabor 1744 2000 26 0 8
zabor 1776 2000 26 0 8
zabor 1808 2000 24 0 8
zabor 1840 2000 30 0 8
zabor 1904 2000 64 1 8
trop 2900 2004 122 179 179
tree 328 2040 11 0 179
tree 344 2040 11 0 179
tree 728 2040 16 0 179
tree 744 2024 10 0 179
tree 792 2040 0 0 179
tree 1416 2040 14 0 179
zabor 1456 2032 25 0 8
tree 1672 2024 11 0 179
zabor 1840 2032 31 0 8
tree 1832 2024 16 0 179
zabor 2032 2032 25 0 8
zabor 2064 2032 31 0 8
zabor 2096 2032 31 0 8
zabor 2128 2032 28 0 8
zabor 2160 2032 31 0 8
zabor 2192 2032 24 0 8
zabor 2224 2032 26 0 8
zabor 2256 2032 25 0 8
zabor 2288 2032 24 0 8
tree 2536 2040 12 0 179
tree 2728 2040 35 0 179
tree 136 2072 13 0 179
tree 312 2056 14 0 179
tree 376 2072 11 0 179
tree 360 2056 16 0 179
tree 392 2072 15 0 179
tree 408 2072 35 0 179
tree 472 2072 16 0 179
tree 536 2056 35 0 179
tree 856 2072 0 0 179
tree 920 2072 16 0 179
tree 1000 2072 13 0 179
tree 1032 2056 17 0 179
tree 1112 2056 16 0 179
tree 1208 2072 10 0 179
tree 1272 2056 11 0 179
tree 1336 2056 10 0 179
tree 1384 2072 12 0 179
zabor 1456 2064 28 0 8
dom 1632 2048 86 0 179
zabor 1840 2064 29 0 8
stand 1912 2056 191 0 179
dom 2112 2048 293 0 179
zabor 2288 2064 26 0 8
tree 2344 2056 14 0 179
tree 2408 2072 14 0 179
tree 2904 2056 35 0 179
tree 2984 2072 17 0 179
tree 3112 2072 11 0 179
tree 3144 2056 35 0 179
tree 3256 2072 0 0 179
tree 3240 2072 13 0 179
tree 3480 2072 16 0 179
tree 3672 2072 11 0 179
tree 3832 2072 14 0 179
tree 3848 2072 12 0 179
tree 3960 2072 15 0 179
tree 3976 2072 14 0 179
tree 248 2104 13 0 179
tree 232 2104 10 0 179
tree 440 2088 35 0 179
tree 568 2088 0 0 179
tree 584 2104 14 0 179
tree 664 2104 16 0 179
tree 1160 2088 13 0 179
tree 1384 2088 15 0 179
zabor 1456 2096 27 0 8
lay 1608 2104 63 0 179
lay 1688 2104 63 0 179
dom 1760 2080 78 2 179
zabor 1840 2096 31 0 8
trop 1868 2108 5 179 179
zabor 1904 2096 26 0 8
stand 2232 2088 150 0 179
zabor 2288 2096 26 0 8
tree 2424 2088 11 0 179
tree 2440 2088 14 0 179
tree 2456 2088 16 0 179
tree 2616 2088 17 0 179
tree 2664 2088 13 0 179
tree 2728 2088 11 0 179
tree 2792 2088 15 0 179
tree 2792 2104 13 0 179
tree 2888 2104 13 0 179
tree 2984 2088 11 0 179
tree 3416 2088 15 0 179
tree 3448 2088 0 0 179
tree 3448 2104 14 0 179
tree 3464 2088 16 0 179
tree 3480 2104 35 0 179
tree 3672 2088 16 0 179
tree 3768 2104 35 0 179
tree 3832 2088 14 0 179
tree 3864 2088 17 0 179
trop 4084 2100 122 179 179
trop 4076 2084 122 179 179
zabor 1840 2128 31 0 8
zabor 1904 2128 25 0 8
lay 2024 2120 63 0 179
dom 2048 2112 198 2 179
lay 2216 2136 63 0 179
zabor 2288 2128 26 0 8
tree 2328 2136 35 0 179
tree 2840 2120 10 0 179
tree 2984 2120 13 0 179
tree 3352 2136 35 0 179
tree 3512 2120 11 0 179
tree 3576 2136 12 0 179
tree 3576 2120 13 0 179
tree 3560 2120 11 0 179
zabor 1456 2160 25 0 8
stand 1624 2152 151 0 179
lay 1720 2152 63 0 179
zabor 1840 2160 24 0 8
tree 1832 2152 17 0 179
zabor 1904 2160 28 0 8
stand 2120 2168 151 0 179
lay 2168 2168 63 0 179
tree 3160 2152 13 0 179
tree 3144 2168 15 0 179
tree 3272 2152 16 0 179
tree 3544 2152 11 0 179
zabor 1456 2192 31 0 8
lay 1688 2200 63 0 179
zabor 1840 2192 31 0 8
zabor 1904 2192 25 0 8
stand 2040 2200 164 0 179
lay 2024 2184 63 0 179
tree 2248 2200 21 0 179
zabor 2288 2192 26 0 8
tree 3064 2184 16 0 179
zabor 1456 2224 27 0 8
zabor 1840 2224 28 0 8
zabor 1904 2224 26 0 8
lay 1992 2232 58 0 179
dom 2016 2208 66 0 179
tree 2264 2232 21 0 179
zabor 2288 2224 31 0 8
lay 2520 2216 58 0 179
zabor 1456 2256 29 0 8
dom 1536 2240 197 2 179
zabor 1840 2256 27 0 8
zabor 1904 2256 31 0 8
dom 2176 2240 319 0 179
zabor 2288 2256 28 0 8
lay 2520 2248 58 0 179
zabor 1456 2288 31 0 8
dom 1728 2272 196 2 179
zabor 1840 2288 29 0 8
trop 1876 2284 5 179 179
zabor 1904 2288 27 0 8
lay 2024 2296 5 0 179
tree 2104 2280 21 0 179
lay 2104 2296 2 0 179
zabor 2288 2288 30 0 8
tree 2376 2296 12 0 179
zabor 1456 2320 31 0 8
zabor 1840 2320 26 0 8
zabor 1904 2320 24 0 8
stand 1944 2312 153 0 179
tree 2072 2312 21 0 179
tree 2088 2328 21 0 179
tree 2136 2312 21 0 179
zabor 2288 2320 27 0 8
tree 824 2344 11 0 179
tree 824 2360 35 0 179
zabor 1456 2352 30 0 8
lay 1560 2360 63 0 179
zabor 1840 2352 25 0 8
zabor 1904 2352 28 0 8
zabor 1936 2352 26 0 8
zabor 1968 2352 25 0 8
zabor 2000 2352 30 0 8
zabor 2032 2352 27 0 8
zabor 2064 2352 24 0 8
zabor 2096 2352 26 0 8
zabor 2128 2352 31 0 8
zabor 2160 2352 26 0 8
zabor 2192 2352 26 0 8
zabor 2224 2352 31 0 8
zabor 2256 2352 28 0 8
zabor 2288 2352 26 0 8
zabor 1456 2384 31 0 8
dom 1600 2368 66 0 179
lay 1720 2392 63 0 179
zabor 1840 2384 31 0 8
tree 2488 2392 15 0 179
tree 744 2424 14 0 179
tree 760 2424 14 0 179
tree 760 2408 11 0 179
tree 776 2408 12 0 179
zabor 1456 2416 28 0 8
stand 1736 2408 153 0 179
zabor 1840 2416 29 0 8
trop 1876 2420 9 179 179
tree 1944 2408 11 0 179
tree 1976 2424 21 0 179
tree 1960 2424 21 0 179
tree 968 2456 13 0 179
zabor 1456 2448 31 0 8
zabor 1840 2448 27 0 8
lay 2184 2440 58 0 179
tree 2392 2440 12 0 179
tree 616 2488 35 0 179
tree 952 2472 13 0 179
tree 952 2488 11 0 179
zabor 1456 2480 26 0 8
zabor 1840 2480 28 0 8
tree 1912 2472 21 0 179
tree 1944 2472 21 0 179
tree 2120 2488 15 0 179
tree 2136 2488 11 0 179
tree 2232 2488 13 0 179
tree 2344 2488 11 0 179
zabor 1456 2512 28 0 8
zabor 1488 2512 24 0 8
zabor 1520 2512 27 0 8
zabor 1552 2512 26 0 8
zabor 1584 2512 31 0 8
zabor 1616 2512 31 0 8
zabor 1648 2512 25 0 8
zabor 1680 2512 27 0 8
zabor 1712 2512 29 0 8
zabor 1744 2512 24 0 8
zabor 1776 2512 29 0 8
zabor 1808 2512 30 0 8
zabor 1840 2512 26 0 8
tree 2488 2504 35 0 179
tree 2504 2504 13 0 179
tree 1944 2552 11 0 179
tree 1928 2536 21 0 179
tree 2424 2552 10 0 179
tree 360 2584 14 0 179
tree 1816 2584 17 0 179
trop 1884 2572 108 179 179
tree 2232 2584 11 0 179
tree 2248 2584 12 0 179
tree 2296 2584 17 0 179
tree 2296 2568 17 0 179
tree 2312 2584 11 0 179
tree 2360 2568 12 0 179
tree 2392 2584 0 0 179
tree 2376 2584 12 0 179
tree 2408 2568 15 0 179
tree 2568 2568 0 0 179
tree 632 2600 12 0 179
tree 648 2600 12 0 179
tree 664 2616 35 0 179
tree 856 2600 35 0 179
tree 2248 2600 15 0 179
tree 2280 2600 12 0 179
tree 2296 2600 0 0 179
tree 2392 2600 15 0 179
tree 2488 2616 11 0 179
tree 2488 2600 15 0 179
tree 2504 2616 16 0 179
tree 3112 2616 10 0 179
tree 3112 2600 16 0 179
tree 3176 2600 15 0 179
tree 3192 2600 14 0 179
tree 3192 2616 35 0 179
tree 3208 2616 17 0 179
tree 552 2632 14 0 179
tree 696 2632 10 0 179
tree 776 2648 11 0 179
tree 936 2648 13 0 179
trop 1892 2652 108 179 179
tree 2504 2632 0 0 179
tree 2680 2648 16 0 179
tree 504 2680 0 0 179
tree 536 2664 10 0 179
tree 520 2680 0 0 179
tree 936 2664 11 0 179
tree 936 2680 16 0 179
tree 1128 2680 0 0 179
stand 1480 2664 196 0 179
tree 1960 2680 17 0 179
tree 2680 2664 11 0 179
tree 760 2696 16 0 179
tree 968 2696 11 0 179
tree 1144 2696 16 0 179
tree 1160 2712 0 0 179
stand 1480 2696 194 0 179
tree 1800 2696 12 0 179
tree 2488 2696 14 0 179
tree 2552 2696 12 0 179
tree 2568 2696 13 0 179
tree 2680 2712 0 0 179
tree 600 2728 15 0 179
tree 616 2728 15 0 179
tree 760 2728 0 0 179
tree 744 2744 14 0 179
tree 808 2728 12 0 179
tree 936 2728 11 0 179
trop 1884 2748 108 179 179
tree 2344 2744 16 0 179
tree 2472 2728 10 0 179
tree 2472 2744 15 0 179
tree 3048 2744 10 0 179
tree 3064 2728 15 0 179
tree 3240 2728 15 0 179
tree 504 2760 13 0 179
tree 520 2760 0 0 179
tree 616 2760 11 0 179
tree 680 2776 10 0 179
tree 872 2776 0 0 179
tree 904 2776 12 0 179
tree 1064 2776 13 0 179
tree 1784 2760 10 0 179
tree 1784 2776 0 0 179
tree 2488 2760 17 0 179
tree 2472 2760 35 0 179
tree 376 2792 14 0 179
tree 488 2792 15 0 179
tree 776 2808 11 0 179
tree 856 2808 35 0 179
tree 856 2792 11 0 179
tree 920 2792 16 0 179
tree 1048 2792 11 0 179
tree 1064 2792 35 0 179
tree 1448 2792 12 0 179
tree 1960 2808 14 0 179
stand 2376 2792 195 0 179
tree 2616 2792 14 0 179
tree 2616 2808 11 0 179
tree 2600 2792 16 0 179
tree 3160 2808 0 0 179
tree 3192 2808 0 0 179
tree 3176 2808 16 0 179
tree 3176 2792 14 0 179
tree 296 2824 17 0 179
tree 312 2824 14 0 179
tree 296 2840 0 0 179
tree 680 2840 35 0 179
tree 792 2840 11 0 179
tree 808 2840 10 0 179
tree 1000 2840 35 0 179
tree 1256 2840 13 0 179
tree 1640 2824 17 0 179
trop 1892 2828 108 179 179
stand 2376 2824 193 0 179
tree 3000 2824 12 0 179
tree 3144 2824 10 0 179
tree 3320 2840 11 0 179
tree 3336 2840 16 0 179
tree 312 2856 14 0 179
tree 568 2856 11 0 179
tree 584 2856 11 0 179
tree 1064 2856 11 0 179
tree 1144 2872 0 0 179
tree 1144 2856 14 0 179
tree 1160 2872 17 0 179
tree 1272 2856 17 0 179
tree 1800 2872 16 0 179
tree 2840 2856 12 0 179
tree 3016 2872 10 0 179
tree 3400 2856 0 0 179
tree 3400 2872 12 0 179
tree 3416 2872 35 0 179
tree 328 2888 13 0 179
tree 328 2904 17 0 179
tree 632 2888 13 0 179
tree 632 2904 35 0 179
tree 712 2904 10 0 179
tree 1272 2904 16 0 179
tree 1944 2904 11 0 179
tree 2568 2904 12 0 179
tree 3016 2888 12 0 179
tree 3416 2888 14 0 179
tree 344 2920 15 0 179
tree 424 2920 13 0 179
tree 632 2920 12 0 179
tree 1288 2920 14 0 179
tree 1512 2936 14 0 179
tree 1816 2936 16 0 179
tree 3304 2920 11 0 179
tree 184 2968 12 0 179
tree 200 2952 14 0 179
tree 200 2968 10 0 179
tree 360 2952 13 0 179
tree 376 2952 17 0 179
tree 376 2968 11 0 179
tree 504 2968 16 0 179
tree 1144 2952 0 0 179
tree 1160 2968 16 0 179
tree 1400 2952 15 0 179
tree 1400 2968 12 0 179
tree 1608 2952 16 0 179
trop 1900 2948 108 179 179
tree 3144 2968 11 0 179
tree 120 3000 14 0 179
tree 136 2984 10 0 179
tree 152 2984 13 0 179
tree 184 2984 10 0 179
tree 168 2984 35 0 179
tree 200 2984 14 0 179
tree 312 2984 35 0 179
tree 296 2984 10 0 179
tree 344 3000 16 0 179
tree 376 3000 0 0 179
tree 360 3000 17 0 179
tree 376 2984 11 0 179
tree 600 2984 10 0 179
tree 1192 2984 0 0 179
tree 1928 3000 15 0 179
tree 2920 3000 15 0 179
tree 2920 2984 11 0 179
tree 3144 2984 14 0 179
tree 3208 3000 12 0 179
tree 3224 3000 14 0 179
tree 3384 2984 15 0 179
tree 3384 3000 12 0 179
tree 88 3032 16 0 179
tree 104 3016 17 0 179
lay 168 3016 15 0 179
tree 408 3016 0 0 179
tree 408 3032 11 0 179
tree 696 3032 10 0 179
tree 888 3032 11 0 179
tree 952 3032 15 0 179
tree 936 3016 35 0 179
tree 1256 3032 35 0 179
tree 1320 3016 0 0 179
tree 1384 3032 16 0 179
tree 1464 3032 15 0 179
dom 1536 3008 309 0 179
tree 1768 3016 11 0 179
dom 1856 3008 199 0 179
tree 2776 3016 16 0 179
tree 2776 3032 17 0 179
tree 2872 3032 16 0 179
tree 2888 3032 0 0 179
tree 3064 3032 14 0 179
tree 3080 3032 17 0 179
tree 3384 3016 10 0 179
tree 3400 3032 35 0 179
tree 56 3064 0 0 179
tree 88 3048 14 0 179
tree 72 3048 17 0 179
tree 72 3064 17 0 179
tree 280 3048 10 0 179
tree 280 3064 15 0 179
tree 456 3064 35 0 179
tree 648 3064 35 0 179
tree 856 3048 16 0 179
tree 984 3064 13 0 179
tree 968 3048 35 0 179
tree 1032 3064 13 0 179
trop 1900 3068 108 179 179
tree 2888 3048 16 0 179
tree 2904 3064 0 0 179
tree 3064 3064 14 0 179
tree 24 3096 14 0 179
tree 40 3080 35 0 179
tree 40 3096 13 0 179
tree 120 3096 15 0 179
tree 312 3080 10 0 179
tree 328 3096 35 0 179
tree 472 3096 12 0 179
most 768 3072 62 0 179
dom 928 3072 314 0 179
tree 1720 3096 13 0 179
tree 2904 3080 35 0 179
tree 2920 3080 10 0 179
tree 2936 3096 12 0 179
tree 24 3112 13 0 179
tree 8 3128 35 0 179
tree 120 3112 15 0 179
tree 136 3112 12 0 179
tree 136 3128 15 0 179
tree 200 3128 0 0 179
tree 200 3112 11 0 179
tree 216 3112 10 0 179
tree 344 3112 17 0 179
tree 360 3128 12 0 179
tree 488 3112 17 0 179
tree 504 3128 12 0 179
tree 520 3128 16 0 179
tree 1080 3112 35 0 179
tree 1336 3128 35 0 179
tree 1592 3112 17 0 179
tree 1576 3112 17 0 179
tree 2792 3128 10 0 179
tree 2888 3128 11 0 179
tree 2904 3128 11 0 179
tree 2920 3128 13 0 179
tree 2952 3112 17 0 179
tree 2968 3128 13 0 179
tree 120 3160 13 0 179
tree 200 3160 12 0 179
tree 360 3144 15 0 179
tree 504 3144 11 0 179
tree 872 3144 0 0 179
tree 904 3160 12 0 179
tree 984 3144 14 0 179
tree 968 3144 15 0 179
tree 1016 3144 0 0 179
tree 1112 3144 15 0 179
tree 1272 3144 15 0 179
tree 1320 3144 10 0 179
tree 1320 3160 15 0 179
tree 1448 3160 15 0 179
tree 1480 3160 16 0 179
tree 1672 3160 16 0 179
trop 1892 3148 108 179 179
tree 2808 3144 35 0 179
tree 2824 3160 0 0 179
tree 3224 3144 0 0 179
tree 3240 3160 15 0 179
tree 8 3192 10 0 179
tree 120 3176 10 0 179
tree 136 3176 16 0 179
tree 392 3176 17 0 179
tree 408 3192 10 0 179
tree 520 3192 13 0 179
tree 696 3176 17 0 179
tree 1096 3192 13 0 179
tree 1128 3192 0 0 179
tree 1320 3176 11 0 179
tree 1464 3192 13 0 179
tree 1480 3192 12 0 179
tree 1944 3192 10 0 179
tree 1960 3192 11 0 179
tree 2824 3176 16 0 179
tree 2840 3176 17 0 179
tree 2984 3192 35 0 179
tree 3256 3176 10 0 179
tree 3240 3176 13 0 179
tree 24 3224 16 0 179
tree 40 3224 17 0 179
tree 104 3208 17 0 179
tree 104 3224 0 0 179
tree 440 3224 13 0 179
tree 504 3208 17 0 179
tree 488 3208 11 0 179
tree 536 3224 13 0 179
tree 616 3224 16 0 179
tree 936 3208 17 0 179
tree 1000 3224 35 0 179
tree 1800 3208 0 0 179
tree 1800 3224 17 0 179
tree 2984 3208 13 0 179
tree 3000 3224 15 0 179
tree 3192 3224 0 0 179
tree 56 3240 35 0 179
tree 56 3256 17 0 179
tree 72 3256 10 0 179
tree 104 3240 12 0 179
tree 120 3256 35 0 179
tree 296 3256 11 0 179
tree 312 3256 11 0 179
tree 312 3240 13 0 179
tree 328 3240 11 0 179
tree 328 3256 0 0 179
tree 344 3256 0 0 179
tree 456 3256 0 0 179
tree 536 3240 35 0 179
tree 760 3256 11 0 179
tree 984 3240 35 0 179
tree 1000 3240 15 0 179
tree 1080 3256 15 0 179
tree 1288 3240 11 0 179
tree 1336 3256 0 0 179
tree 1400 3240 17 0 179
tree 1624 3240 12 0 179
tree 1624 3256 35 0 179
tree 3000 3240 10 0 179
tree 3016 3240 14 0 179
tree 3016 3256 17 0 179
tree 3176 3240 14 0 179
tree 3208 3240 17 0 179
tree 3240 3240 15 0 179
tree 3256 3240 0 0 179
tree 56 3272 10 0 179
tree 56 3288 13 0 179
tree 72 3272 35 0 179
tree 136 3288 35 0 179
tree 280 3288 11 0 179
tree 280 3272 14 0 179
tree 376 3272 11 0 179
tree 392 3272 13 0 179
tree 392 3288 15 0 179
tree 440 3288 35 0 179
tree 552 3288 11 0 179
tree 568 3272 15 0 179
tree 632 3272 14 0 179
tree 696 3288 11 0 179
tree 712 3288 12 0 179
tree 744 3288 14 0 179
tree 1336 3272 12 0 179
tree 1320 3272 15 0 179
tree 1480 3288 35 0 179
trop 1868 3268 117 179 179
tree 2120 3288 14 0 179
tree 3016 3272 11 0 179
tree 3032 3272 12 0 179
tree 3048 3288 35 0 179
tree 3080 3288 10 0 179
tree 3096 3288 14 0 179
tree 3128 3288 17 0 179
tree 3144 3288 0 0 179
tree 56 3304 16 0 179
tree 40 3304 11 0 179
tree 40 3320 0 0 179
tree 72 3320 12 0 179
tree 152 3304 17 0 179
tree 264 3304 0 0 179
tree 408 3304 17 0 179
tree 392 3304 17 0 179
tree 408 3320 11 0 179
tree 424 3320 13 0 179
tree 440 3320 13 0 179
tree 648 3304 16 0 179
tree 1272 3304 35 0 179
tree 1480 3320 14 0 179
tree 1496 3304 13 0 179
tree 1544 3320 14 0 179
tree 2120 3304 11 0 179
tree 3144 3304 15 0 179
tree 40 3336 0 0 179
tree 56 3352 13 0 179
tree 264 3336 11 0 179
tree 376 3352 10 0 179
tree 392 3336 17 0 179
tree 408 3336 11 0 179
tree 712 3336 17 0 179
tree 776 3352 0 0 179
tree 904 3352 11 0 179
tree 1224 3336 12 0 179
tree 1272 3336 14 0 179
tree 1288 3336 12 0 179
tree 1384 3336 13 0 179
tree 1544 3336 13 0 179
tree 1720 3336 35 0 179
tree 1720 3352 12 0 179
tree 1864 3352 35 0 179
zabor 2160 3344 28 0 8
zabor 2192 3344 30 0 8
zabor 2224 3344 26 0 8
zabor 2256 3344 24 0 8
zabor 2288 3344 31 0 8
zabor 2320 3344 27 0 8
zabor 2352 3344 31 0 8
zabor 2384 3344 28 0 8
zabor 2416 3344 28 0 8
zabor 2448 3344 26 0 8
zabor 2480 3344 28 0 8
zabor 2512 3344 25 0 8
zabor 2544 3344 26 0 8
zabor 2576 3344 25 0 8
zabor 2608 3344 24 0 8
zabor 2640 3344 24 0 8
zabor 2672 3344 31 0 8
zabor 2704 3344 28 0 8
zabor 2736 3344 26 0 8
zabor 2768 3344 31 0 8
tree 72 3368 16 0 179
tree 72 3384 12 0 179
tree 88 3384 35 0 179
tree 248 3384 10 0 179
tree 248 3368 11 0 179
tree 264 3368 14 0 179
tree 344 3384 10 0 179
tree 360 3368 12 0 179
tree 488 3368 11 0 179
tree 488 3384 16 0 179
tree 600 3384 12 0 179
tree 616 3384 12 0 179
tree 776 3368 15 0 179
tree 824 3384 35 0 179
tree 840 3368 0 0 179
tree 888 3384 35 0 179
tree 1544 3368 15 0 179
trop 1828 3372 111 179 179
tree 1880 3384 15 0 179
tree 2008 3368 15 0 179
zabor 2160 3376 26 0 8
trop 2332 3388 127 179 179
trop 2444 3388 127 179 179
trop 2684 3388 127 179 179
zabor 2768 3376 31 0 8
tree 88 3400 35 0 179
tree 168 3416 0 0 179
tree 184 3400 35 0 179
tree 200 3400 17 0 179
tree 216 3400 0 0 179
tree 232 3400 0 0 179
tree 344 3400 15 0 179
tree 344 3416 10 0 179
tree 440 3400 14 0 179
tree 856 3416 0 0 179
tree 856 3400 11 0 179
tree 840 3416 11 0 179
tree 984 3416 35 0 179
tree 1080 3400 11 0 179
tree 1064 3416 17 0 179
tree 1096 3416 15 0 179
tree 1176 3400 10 0 179
tree 1368 3416 15 0 179
tree 1400 3400 14 0 179
tree 1400 3416 13 0 179
tree 1464 3400 12 0 179
tree 1512 3416 14 0 179
lay 1688 3416 3 0 179
tree 1880 3400 17 0 179
tree 1880 3416 17 0 179
zabor 2160 3408 28 0 8
trop 2228 3396 127 179 179
trop 2252 3396 127 179 179
trop 2412 3404 127 179 179
trop 2436 3412 127 179 179
tree 2680 3416 20 0 179
trop 2668 3412 127 179 179
trop 2684 3412 127 179 179
trop 2708 3420 127 179 179
trop 2692 3396 127 179 179
zabor 2768 3408 25 0 8
tree 3832 3416 0 0 179
tree 3848 3416 13 0 179
tree 4040 3400 12 0 179
tree 4040 3416 11 0 179
tree 312 3432 14 0 179
tree 312 3448 10 0 179
tree 296 3448 13 0 179
tree 328 3432 16 0 179
tree 344 3432 13 0 179
tree 376 3432 35 0 179
tree 360 3432 16 0 179
tree 472 3432 14 0 179
tree 888 3448 13 0 179
tree 952 3448 13 0 179
tree 936 3432 0 0 179
tree 1016 3448 10 0 179
tree 1144 3432 16 0 179
tree 1160 3432 10 0 179
tree 1240 3432 16 0 179
tree 1352 3432 11 0 179
tree 1688 3448 35 0 179
trop 1764 3436 117 179 179
zabor 2160 3440 29 0 8
tree 2232 3448 22 0 179
trop 2236 3428 127 179 179
tree 2328 3448 39 0 179
trop 2356 3444 127 179 179
trop 2372 3436 127 179 179
trop 2396 3428 127 179 179
trop 2404 3428 127 179 179
tree 2440 3432 23 0 179
trop 2460 3436 127 179 179
trop 2548 3452 127 179 179
trop 2620 3436 127 179 179
trop 2644 3436 127 179 179
zabor 2768 3440 29 0 8
tree 3880 3432 0 0 179
tree 3896 3432 16 0 179
tree 4056 3432 35 0 179
tree 4072 3432 0 0 179
tree 4072 3448 10 0 179
tree 216 3464 10 0 179
tree 200 3464 11 0 179
tree 232 3480 15 0 179
tree 296 3480 10 0 179
tree 488 3464 35 0 179
tree 504 3480 11 0 179
tree 712 3464 14 0 179
dom 800 3456 199 0 179
tree 1304 3464 15 0 179
tree 1848 3480 12 0 179
dom 2112 3456 309 0 179
zabor 2160 3472 30 0 8
trop 2244 3468 127 179 179
trop 2252 3468 127 179 179
tree 2328 3464 25 0 179
tree 2328 3480 20 0 179
tree 2344 3464 22 0 179
tree 2344 3480 24 0 179
trop 2364 3484 127 179 179
trop 2452 3476 127 179 179
tree 2584 3480 25 0 179
tree 2568 3480 26 0 179
trop 2564 3476 127 179 179
trop 2572 3460 127 179 179
tree 2600 3480 26 0 179
tree 2632 3480 22 0 179
trop 2676 3460 127 179 179
zabor 2768 3472 30 0 8
tree 3768 3480 0 0 179
tree 4088 3464 17 0 179
tree 56 3512 13 0 179
tree 88 3496 0 0 179
tree 72 3496 17 0 179
tree 248 3496 10 0 179
tree 264 3512 0 0 179
tree 280 3496 11 0 179
tree 520 3512 17 0 179
tree 632 3512 15 0 179
tree 744 3496 10 0 179
tree 760 3512 14 0 179
tree 1272 3512 10 0 179
trop 1692 3500 118 179 179
tree 2104 3512 13 0 179
tree 2120 3512 16 0 179
zabor 2160 3504 28 0 8
trop 2236 3500 127 179 179
trop 2260 3508 127 179 179
trop 2252 3508 127 179 179
trop 2292 3492 127 179 179
trop 2308 3500 127 179 179
trop 2348 3500 127 179 179
trop 2356 3508 127 179 179
tree 2392 3496 26 0 179
trop 2380 3500 127 179 179
tree 2440 3512 24 0 179
trop 2460 3492 127 179 179
tree 2504 3496 21 0 179
trop 2524 3492 127 179 179
trop 2500 3492 127 179 179
tree 2552 3496 39 0 179
trop 2540 3492 127 179 179
tree 2600 3496 24 0 179
trop 2604 3492 127 179 179
trop 2644 3492 127 179 179
trop 2684 3492 127 179 179
trop 2660 3516 127 179 179
trop 2716 3508 127 179 179
zabor 2768 3504 25 0 8
tree 3768 3496 10 0 179
tree 3784 3512 0 0 179
tree 3864 3512 10 0 179
tree 40 3528 15 0 179
tree 280 3528 14 0 179
tree 520 3528 11 0 179
tree 648 3528 15 0 179
tree 680 3544 17 0 179
tree 760 3528 15 0 179
tree 776 3528 15 0 179
tree 776 3544 15 0 179
tree 872 3528 16 0 179
tree 1000 3544 35 0 179
tree 1064 3528 11 0 179
tree 1080 3528 10 0 179
tree 1096 3528 15 0 179
tree 1192 3528 13 0 179
tree 1208 3544 13 0 179
tree 1224 3544 16 0 179
tree 1288 3544 14 0 179
tree 1464 3528 14 0 179
trop 1556 3532 114 179 179
tree 1624 3544 14 0 179
trop 1612 3524 122 179 179
trop 1636 3532 122 179 179
dom 1856 3520 199 0 179
tree 1912 3544 0 0 179
tree 2072 3528 17 0 179
tree 2088 3528 14 0 179
tree 2120 3528 15 0 179
tree 2136 3544 17 0 179
zabor 2160 3536 24 0 8
trop 2412 3524 127 179 179
trop 2444 3532 127 179 179
trop 2484 3540 127 179 179
trop 2524 3532 127 179 179
zabor 2768 3536 28 0 8
tree 3832 3528 35 0 179
tree 3896 3544 0 0 179
tree 3928 3544 14 0 179
tree 3912 3544 17 0 179
tree 4088 3544 12 0 179
tree 88 3576 13 0 179
tree 72 3576 12 0 179
tree 296 3560 12 0 179
tree 296 3576 17 0 179
tree 392 3576 0 0 179
tree 504 3560 13 0 179
tree 520 3560 11 0 179
tree 696 3560 0 0 179
tree 712 3576 12 0 179
tree 728 3576 0 0 179
tree 792 3576 12 0 179
tree 936 3560 13 0 179
tree 984 3560 14 0 179
tree 1000 3560 10 0 179
tree 1112 3576 14 0 179
tree 1096 3576 17 0 179
tree 1128 3576 16 0 179
tree 1160 3576 10 0 179
tree 1768 3560 35 0 179
tree 1784 3576 35 0 179
tree 1800 3576 17 0 179
tree 1896 3576 11 0 179
tree 1912 3576 0 0 179
tree 1960 3560 16 0 179
tree 1992 3560 16 0 179
zabor 2160 3568 29 0 8
zabor 2192 3568 29 0 8
zabor 2224 3568 26 0 8
zabor 2256 3568 30 0 8
zabor 2288 3568 24 0 8
zabor 2320 3568 25 0 8
zabor 2352 3568 24 0 8
zabor 2384 3568 26 0 8
zabor 2416 3568 25 0 8
zabor 2448 3568 30 0 8
zabor 2480 3568 24 0 8
zabor 2512 3568 24 0 8
zabor 2544 3568 28 0 8
zabor 2576 3568 26 0 8
zabor 2608 3568 30 0 8
zabor 2640 3568 25 0 8
zabor 2672 3568 24 0 8
zabor 2704 3568 29 0 8
zabor 2736 3568 26 0 8
zabor 2768 3568 29 0 8
tree 3672 3576 14 0 179
tree 3688 3576 11 0 179
tree 3704 3576 13 0 179
tree 3704 3560 15 0 179
tree 3720 3560 35 0 179
tree 3736 3560 17 0 179
tree 3784 3576 11 0 179
tree 3896 3560 12 0 179
tree 3880 3560 11 0 179
tree 4088 3560 13 0 179
tree 4088 3576 16 0 179
tree 88 3592 15 0 179
tree 72 3608 0 0 179
tree 104 3608 16 0 179
tree 216 3608 10 0 179
tree 296 3592 35 0 179
tree 408 3592 10 0 179
tree 408 3608 12 0 179
tree 392 3608 0 0 179
tree 424 3608 10 0 179
tree 456 3608 0 0 179
tree 472 3608 17 0 179
tree 488 3592 11 0 179
tree 744 3592 10 0 179
tree 744 3608 11 0 179
tree 808 3608 16 0 179
tree 824 3608 0 0 179
tree 1400 3608 15 0 179
tree 1416 3592 15 0 179
tree 1432 3592 16 0 179
tree 1816 3592 13 0 179
tree 2248 3608 14 0 179
tree 3320 3608 17 0 179
tree 3336 3608 35 0 179
tree 3416 3592 12 0 179
tree 3432 3608 0 0 179
tree 3768 3592 17 0 179
tree 3752 3592 10 0 179
lay 3912 3592 61 0 179
tree 3960 3608 13 0 179
tree 3976 3608 11 0 179
tree 4072 3592 12 0 179
tree 4072 3608 0 0 179
tree 8 3640 17 0 179
tree 72 3640 12 0 179
tree 216 3624 16 0 179
tree 232 3640 14 0 179
tree 312 3640 35 0 179
tree 376 3624 10 0 179
tree 472 3624 12 0 179
tree 456 3624 12 0 179
tree 728 3640 17 0 179
tree 744 3624 35 0 179
tree 840 3624 14 0 179
tree 840 3640 15 0 179
tree 1400 3624 15 0 179
tree 1384 3624 13 0 179
tree 1560 3640 16 0 179
tree 1688 3640 0 0 179
tree 1704 3640 14 0 179
tree 1704 3624 10 0 179
tree 1720 3624 10 0 179
tree 1736 3624 35 0 179
tree 1752 3624 0 0 179
tree 1832 3624 12 0 179
tree 1848 3640 13 0 179
tree 1864 3640 14 0 179
tree 1944 3640 35 0 179
tree 2008 3640 35 0 179
tree 2248 3624 35 0 179
tree 2264 3624 35 0 179
dom 3296 3616 199 0 179
tree 3336 3624 10 0 179
tree 3368 3624 13 0 179
tree 3448 3624 17 0 179
tree 3464 3640 16 0 179
tree 3480 3640 13 0 179
tree 3960 3624 16 0 179
tree 3960 3640 12 0 179
tree 4072 3624 12 0 179
tree 24 3672 17 0 179
tree 72 3656 35 0 179
tree 88 3672 10 0 179
tree 104 3672 14 0 179
tree 248 3672 11 0 179
tree 232 3656 13 0 179
tree 248 3656 11 0 179
tree 264 3656 10 0 179
tree 264 3672 10 0 179
tree 312 3656 0 0 179
tree 328 3672 11 0 179
tree 632 3672 10 0 179
tree 696 3672 15 0 179
tree 712 3672 10 0 179
tree 712 3656 17 0 179
tree 856 3656 16 0 179
tree 1000 3672 17 0 179
tree 1128 3656 13 0 179
tree 1256 3672 10 0 179
tree 1384 3672 11 0 179
trop 1508 3660 111 179 179
tree 1560 3656 13 0 179
tree 1848 3656 17 0 179
tree 1848 3672 16 0 179
tree 1912 3672 11 0 179
tree 1960 3672 17 0 179
tree 1960 3656 14 0 179
tree 1976 3656 11 0 179
tree 2024 3672 14 0 179
tree 3256 3656 14 0 179
tree 3464 3656 16 0 179
tree 3848 3672 15 0 179
tree 3944 3656 12 0 179
tree 4024 3672 15 0 179
tree 4056 3672 14 0 179
tree 4072 3672 14 0 179
tree 40 3688 14 0 179
tree 40 3704 0 0 179
tree 88 3688 14 0 179
tree 88 3704 13 0 179
tree 120 3704 16 0 179
tree 104 3688 13 0 179
tree 248 3688 0 0 179
tree 264 3704 15 0 179
tree 344 3688 10 0 179
tree 360 3704 13 0 179
tree 376 3688 16 0 179
tree 392 3704 12 0 179
tree 392 3688 14 0 179
tree 616 3688 11 0 179
tree 616 3704 13 0 179
tree 696 3704 12 0 179
tree 696 3688 0 0 179
tree 808 3704 13 0 179
tree 856 3704 35 0 179
tree 840 3688 35 0 179
tree 840 3704 10 0 179
tree 872 3688 16 0 179
tree 920 3688 12 0 179
tree 984 3688 12 0 179
tree 1016 3704 12 0 179
tree 1000 3688 17 0 179
tree 1032 3704 10 0 179
tree 1128 3688 11 0 179
tree 1128 3704 10 0 179
tree 1320 3704 12 0 179
tree 1688 3704 12 0 179
tree 1880 3704 35 0 179
tree 1896 3688 12 0 179
tree 1960 3704 0 0 179
tree 1960 3688 15 0 179
tree 2008 3704 16 0 179
tree 2008 3688 12 0 179
tree 2024 3688 17 0 179
tree 2216 3688 35 0 179
tree 2216 3704 17 0 179
tree 3816 3688 15 0 179
tree 3864 3688 15 0 179
tree 3880 3688 0 0 179
tree 4056 3704 10 0 179
tree 4056 3688 0 0 179
tree 4040 3688 35 0 179
tree 4072 3688 10 0 179
tree 4072 3704 17 0 179
tree 24 3736 14 0 179
tree 40 3720 0 0 179
tree 40 3736 14 0 179
tree 88 3720 13 0 179
tree 104 3720 15 0 179
tree 120 3720 14 0 179
tree 264 3720 10 0 179
lay 344 3720 16 0 179
tree 408 3736 13 0 179
tree 568 3736 15 0 179
tree 600 3720 35 0 179
tree 632 3736 35 0 179
tree 648 3720 0 0 179
tree 664 3720 17 0 179
tree 808 3720 11 0 179
tree 824 3720 0 0 179
tree 856 3720 35 0 179
tree 840 3736 11 0 179
tree 856 3736 17 0 179
tree 952 3736 13 0 179
tree 1160 3736 11 0 179
tree 1176 3736 0 0 179
tree 1208 3736 14 0 179
tree 1496 3736 17 0 179
tree 1592 3720 35 0 179
tree 1592 3736 14 0 179
tree 1608 3736 13 0 179
tree 1688 3736 11 0 179
tree 1688 3720 11 0 179
tree 1848 3720 13 0 179
tree 1832 3736 13 0 179
tree 1864 3720 10 0 179
tree 1976 3736 0 0 179
tree 1992 3736 17 0 179
tree 3304 3720 16 0 179
tree 3304 3736 10 0 179
tree 3560 3720 16 0 179
tree 3560 3736 10 0 179
tree 3608 3736 17 0 179
tree 3592 3736 13 0 179
tree 3800 3720 14 0 179
tree 3784 3736 15 0 179
tree 3880 3736 13 0 179
tree 4056 3736 12 0 179
tree 4072 3720 13 0 179
tree 4072 3736 10 0 179
tree 8 3752 11 0 179
tree 8 3768 11 0 179
tree 88 3752 0 0 179
tree 88 3768 17 0 179
tree 264 3768 11 0 179
tree 280 3768 14 0 179
tree 424 3768 16 0 179
tree 536 3768 35 0 179
tree 552 3752 12 0 179
tree 632 3768 12 0 179
tree 1000 3768 16 0 179
tree 1128 3768 11 0 179
tree 1160 3752 10 0 179
trop 1452 3764 108 179 179
tree 1496 3752 15 0 179
tree 1576 3768 10 0 179
tree 1592 3752 0 0 179
tree 1608 3752 16 0 179
tree 1624 3752 35 0 179
tree 1656 3752 16 0 179
tree 1672 3752 16 0 179
tree 1800 3752 10 0 179
tree 1800 3768 16 0 179
tree 1880 3752 12 0 179
tree 1896 3752 16 0 179
tree 2008 3768 12 0 179
tree 1992 3752 13 0 179
tree 2168 3768 12 0 179
dom 2560 3744 199 0 179
tree 3304 3752 16 0 179
tree 3304 3768 17 0 179
lay 3384 3752 61 0 179
tree 3544 3768 15 0 179
tree 3576 3752 35 0 179
tree 3656 3768 11 0 179
tree 3704 3768 14 0 179
tree 3736 3768 10 0 179
tree 3720 3752 0 0 179
tree 3768 3752 15 0 179
tree 3864 3752 11 0 179
tree 4072 3752 0 0 179
tree 4072 3768 35 0 179
tree 4088 3768 14 0 179
tree 8 3784 35 0 179
tree 88 3784 15 0 179
tree 168 3800 10 0 179
tree 168 3784 15 0 179
tree 296 3784 0 0 179
tree 312 3800 10 0 179
tree 456 3784 11 0 179
tree 456 3800 11 0 179
tree 472 3800 0 0 179
tree 520 3784 17 0 179
lay 632 3800 14 0 179
tree 744 3800 0 0 179
tree 776 3784 14 0 179
tree 792 3800 14 0 179
tree 808 3800 14 0 179
tree 968 3800 11 0 179
tree 1016 3800 17 0 179
tree 1112 3800 12 0 179
tree 1128 3800 11 0 179
trop 1460 3796 108 179 179
tree 1576 3800 15 0 179
tree 1576 3784 10 0 179
tree 1784 3784 12 0 179
tree 1768 3784 35 0 179
tree 1768 3800 14 0 179
tree 1816 3784 13 0 179
tree 1832 3800 16 0 179
lay 1960 3800 1 0 179
tree 2056 3800 0 0 179
tree 3048 3784 16 0 179
tree 3064 3800 14 0 179
tree 3224 3800 12 0 179
tree 3208 3800 10 0 179
tree 3256 3784 13 0 179
tree 3272 3784 35 0 179
lay 3384 3800 58 0 179
tree 3512 3784 12 0 179
tree 3528 3784 16 0 179
tree 3528 3800 15 0 179
tree 3688 3784 35 0 179
tree 3704 3800 15 0 179
tree 3688 3800 17 0 179
tree 3736 3784 15 0 179
tree 3720 3800 13 0 179
lay 3800 3800 13 0 179
lay 3848 3800 61 0 179
tree 4088 3784 12 0 179
tree 4088 3800 0 0 179
tree 40 3832 13 0 179
tree 56 3832 17 0 179
tree 168 3832 15 0 179
tree 168 3816 12 0 179
tree 328 3816 16 0 179
tree 360 3832 10 0 179
tree 488 3816 0 0 179
tree 728 3816 0 0 179
tree 712 3832 11 0 179
tree 728 3832 11 0 179
tree 824 3816 11 0 179
tree 840 3816 11 0 179
tree 856 3816 11 0 179
tree 952 3816 11 0 179
tree 936 3816 13 0 179
tree 1032 3816 10 0 179
tree 1032 3832 14 0 179
tree 1144 3832 17 0 179
tree 1160 3832 14 0 179
tree 1272 3832 15 0 179
tree 1464 3832 11 0 179
tree 1592 3832 10 0 179
tree 1592 3816 17 0 179
tree 1608 3816 11 0 179
tree 1608 3832 35 0 179
lay 1768 3816 12 0 179
tree 1832 3816 11 0 179
tree 1848 3816 15 0 179
tree 1848 3832 11 0 179
tree 1864 3832 15 0 179
tree 1880 3832 16 0 179
tree 1896 3816 0 0 179
tree 2072 3816 17 0 179
tree 2088 3816 10 0 179
tree 2600 3832 14 0 179
tree 2616 3832 11 0 179
tree 2616 3816 14 0 179
tree 2632 3816 11 0 179
tree 2664 3816 11 0 179
tree 2696 3832 17 0 179
tree 3064 3816 14 0 179
tree 3080 3816 11 0 179
tree 3544 3816 16 0 179
tree 3544 3832 35 0 179
tree 3528 3832 10 0 179
tree 3528 3816 15 0 179
tree 3560 3832 13 0 179
lay 3656 3832 58 0 179
tree 3720 3816 12 0 179
tree 3720 3832 11 0 179
tree 3912 3832 14 0 179
tree 3976 3816 10 0 179
tree 4040 3832 35 0 179
tree 4088 3816 15 0 179
tree 4072 3832 14 0 179
tree 40 3848 14 0 179
tree 56 3848 35 0 179
tree 72 3848 15 0 179
tree 72 3864 35 0 179
tree 88 3864 15 0 179
tree 184 3848 13 0 179
tree 360 3848 16 0 179
tree 376 3848 12 0 179
tree 392 3864 35 0 179
tree 552 3848 0 0 179
tree 584 3864 0 0 179
tree 776 3848 13 0 179
tree 792 3864 15 0 179
tree 904 3848 10 0 179
tree 920 3864 16 0 179
tree 1048 3864 35 0 179
tree 1176 3848 16 0 179
tree 1192 3864 11 0 179
tree 1272 3848 15 0 179
tree 1656 3848 35 0 179
tree 1672 3864 16 0 179
tree 1720 3864 35 0 179
tree 1752 3864 16 0 179
tree 1736 3864 11 0 179
tree 1896 3848 17 0 179
tree 1912 3848 0 0 179
tree 1912 3864 0 0 179
tree 1928 3864 16 0 179
tree 2360 3848 17 0 179
tree 2344 3848 14 0 179
tree 2344 3864 14 0 179
tree 2552 3864 35 0 179
tree 2568 3864 0 0 179
tree 2584 3848 11 0 179
tree 2600 3848 17 0 179
tree 2744 3848 10 0 179
tree 2792 3864 14 0 179
tree 2824 3864 12 0 179
tree 3016 3848 15 0 179
tree 3016 3864 11 0 179
tree 3112 3848 15 0 179
tree 3128 3848 12 0 179
tree 3160 3864 0 0 179
tree 3288 3864 16 0 179
tree 3304 3864 10 0 179
tree 3304 3848 12 0 179
tree 3320 3848 10 0 179
tree 3448 3848 0 0 179
tree 3448 3864 16 0 179
tree 3432 3864 15 0 179
tree 3464 3848 13 0 179
tree 3560 3848 15 0 179
tree 3592 3848 35 0 179
tree 3608 3848 13 0 179
tree 3624 3864 17 0 179
tree 3752 3864 14 0 179
tree 3944 3864 15 0 179
tree 3944 3848 11 0 179
tree 4024 3848 15 0 179
tree 4024 3864 35 0 179
tree 4056 3864 14 0 179
tree 4056 3848 10 0 179
tree 4072 3864 14 0 179
tree 24 3880 35 0 179
tree 8 3880 16 0 179
tree 8 3896 17 0 179
tree 88 3880 16 0 179
tree 72 3880 15 0 179
tree 88 3896 0 0 179
tree 104 3896 11 0 179
tree 232 3880 0 0 179
tree 248 3880 13 0 179
tree 280 3880 15 0 179
tree 312 3880 14 0 179
tree 328 3880 16 0 179
tree 360 3880 12 0 179
tree 376 3896 10 0 179
tree 408 3896 0 0 179
tree 392 3896 13 0 179
tree 600 3880 16 0 179
tree 616 3896 17 0 179
tree 808 3880 0 0 179
tree 824 3880 16 0 179
tree 824 3896 12 0 179
tree 840 3896 10 0 179
tree 856 3896 17 0 179
tree 936 3880 15 0 179
tree 952 3896 16 0 179
tree 968 3896 0 0 179
tree 1080 3896 12 0 179
tree 1208 3880 0 0 179
trop 1452 3876 108 179 179
tree 1560 3880 0 0 179
tree 1576 3896 10 0 179
tree 1928 3896 35 0 179
tree 1944 3896 13 0 179
tree 1960 3880 0 0 179
tree 2008 3896 12 0 179
tree 2024 3896 0 0 179
tree 2072 3896 15 0 179
tree 2104 3896 0 0 179
tree 2120 3880 14 0 179
tree 2136 3896 12 0 179
tree 2328 3896 0 0 179
tree 2312 3896 11 0 179
tree 2792 3880 15 0 179
tree 2808 3880 17 0 179
tree 2856 3880 17 0 179
tree 2888 3896 12 0 179
tree 3032 3880 11 0 179
tree 3048 3880 0 0 179
tree 3160 3896 11 0 179
tree 3176 3880 10 0 179
tree 3176 3896 14 0 179
tree 3192 3880 11 0 179
tree 3224 3880 13 0 179
tree 3208 3880 35 0 179
tree 3240 3880 17 0 179
tree 3288 3880 11 0 179
tree 3320 3896 11 0 179
tree 3304 3880 35 0 179
tree 3384 3880 35 0 179
tree 3400 3880 35 0 179
tree 3512 3896 11 0 179
tree 3640 3880 15 0 179
tree 3784 3880 11 0 179
tree 3928 3880 11 0 179
tree 4024 3880 0 0 179
tree 4056 3896 11 0 179
tree 4056 3880 35 0 179
tree 4072 3880 0 0 179
tree 4072 3896 10 0 179
tree 8 3912 17 0 179
tree 8 3928 35 0 179
tree 120 3912 14 0 179
tree 104 3912 17 0 179
tree 120 3928 14 0 179
tree 136 3928 16 0 179
tree 216 3912 16 0 179
tree 376 3912 13 0 179
tree 376 3928 12 0 179
tree 360 3928 13 0 179
tree 392 3912 17 0 179
tree 504 3912 10 0 179
tree 488 3912 13 0 179
tree 968 3912 14 0 179
tree 984 3912 14 0 179
tree 984 3928 15 0 179
tree 1112 3928 35 0 179
tree 1192 3928 17 0 179
tree 1224 3912 10 0 179
tree 1240 3912 12 0 179
tree 1256 3912 10 0 179
tree 1400 3912 10 0 179
tree 1400 3928 14 0 179
tree 1576 3912 14 0 179
tree 1576 3928 11 0 179
tree 1944 3912 16 0 179
tree 1944 3928 12 0 179
tree 2136 3912 13 0 179
tree 2152 3928 17 0 179
tree 2200 3912 13 0 179
tree 2216 3928 12 0 179
tree 2648 3912 13 0 179
tree 2648 3928 14 0 179
tree 2632 3928 13 0 179
tree 2680 3928 12 0 179
tree 2712 3928 17 0 179
tree 2744 3928 35 0 179
tree 2888 3912 13 0 179
tree 2968 3912 11 0 179
tree 2984 3928 12 0 179
tree 2984 3912 35 0 179
tree 3128 3928 17 0 179
tree 3144 3912 13 0 179
tree 3160 3912 35 0 179
tree 3320 3912 15 0 179
tree 3352 3912 17 0 179
tree 3352 3928 15 0 179
tree 3496 3928 0 0 179
tree 3528 3912 13 0 179
tree 3544 3928 13 0 179
lay 3720 3928 58 0 179
tree 3816 3912 15 0 179
tree 3848 3928 11 0 179
tree 4024 3912 17 0 179
tree 4056 3912 13 0 179
tree 4056 3928 14 0 179
tree 4072 3928 35 0 179
tree 4072 3912 16 0 179
tree 8 3944 11 0 179
tree 24 3960 10 0 179
tree 328 3960 13 0 179
tree 392 3944 11 0 179
tree 408 3960 0 0 179
tree 728 3960 11 0 179
tree 728 3944 15 0 179
tree 1000 3944 14 0 179
tree 1000 3960 10 0 179
tree 1016 3960 13 0 179
tree 1128 3944 12 0 179
tree 1144 3960 35 0 179
tree 1192 3944 14 0 179
trop 1460 3948 108 179 179
tree 1576 3944 12 0 179
tree 1592 3960 14 0 179
tree 1944 3944 13 0 179
tree 1944 3960 35 0 179
tree 1960 3960 0 0 179
tree 2216 3960 17 0 179
tree 2216 3944 14 0 179
tree 2744 3944 35 0 179
tree 2776 3944 14 0 179
tree 2808 3944 14 0 179
tree 2792 3944 13 0 179
tree 2840 3960 15 0 179
tree 3160 3944 16 0 179
tree 3176 3944 0 0 179
tree 3400 3944 15 0 179
tree 3448 3944 15 0 179
tree 3464 3944 35 0 179
tree 3480 3944 13 0 179
tree 3560 3944 15 0 179
tree 3576 3960 15 0 179
tree 3688 3960 14 0 179
tree 3688 3944 10 0 179
tree 3864 3944 10 0 179
tree 3880 3960 16 0 179
tree 3880 3944 16 0 179
tree 3896 3944 16 0 179
tree 4024 3960 17 0 179
tree 4024 3944 16 0 179
tree 4040 3944 12 0 179
tree 4040 3960 14 0 179
tree 4056 3960 14 0 179
tree 4072 3960 10 0 179
tree 4072 3944 12 0 179
tree 8 3992 10 0 179
tree 40 3976 13 0 179
tree 56 3992 12 0 179
tree 184 3976 35 0 179
tree 168 3976 16 0 179
tree 168 3992 0 0 179
tree 200 3976 10 0 179
tree 232 3992 0 0 179
tree 280 3992 14 0 179
tree 264 3992 35 0 179
tree 472 3992 14 0 179
tree 536 3992 10 0 179
tree 520 3992 12 0 179
tree 568 3976 35 0 179
tree 552 3992 35 0 179
tree 744 3976 12 0 179
tree 920 3976 11 0 179
tree 904 3992 12 0 179
tree 1032 3992 0 0 179
tree 1624 3976 35 0 179
tree 1624 3992 13 0 179
tree 1656 3976 13 0 179
tree 1672 3976 11 0 179
tree 1704 3992 14 0 179
tree 1832 3976 12 0 179
tree 1960 3976 12 0 179
tree 1976 3976 11 0 179
tree 1992 3992 11 0 179
tree 2024 3992 13 0 179
tree 2088 3992 17 0 179
tree 3224 3992 35 0 179
tree 3240 3992 11 0 179
tree 3576 3976 14 0 179
tree 3672 3992 11 0 179
tree 4024 3976 12 0 179
tree 4024 3992 17 0 179
tree 4056 3976 0 0 179
tree 8 4008 15 0 179
tree 8 4024 10 0 179
tree 56 4008 0 0 179
tree 88 4024 10 0 179
tree 72 4008 14 0 179
tree 136 4024 16 0 179
tree 152 4024 14 0 179
tree 280 4024 13 0 179
tree 296 4024 14 0 179
tree 312 4024 12 0 179
tree 328 4024 11 0 179
tree 504 4008 12 0 179
tree 520 4024 14 0 179
tree 536 4024 10 0 179
tree 536 4008 11 0 179
tree 728 4024 10 0 179
tree 888 4024 15 0 179
tree 904 4008 11 0 179
tree 1048 4008 12 0 179
tree 1048 4024 16 0 179
tree 1160 4024 12 0 179
tree 1320 4024 17 0 179
tree 1736 4008 13 0 179
tree 1736 4024 16 0 179
tree 1752 4024 16 0 179
tree 1832 4024 13 0 179
tree 1848 4008 16 0 179
tree 1864 4024 13 0 179
tree 1864 4008 17 0 179
tree 2056 4008 13 0 179
tree 2248 4024 11 0 179
tree 2392 4008 11 0 179
tree 2376 4008 16 0 179
tree 2376 4024 35 0 179
trop 2884 4020 209 179 179
tree 3256 4008 35 0 179
tree 3272 4008 35 0 179
tree 3320 4024 0 0 179
tree 3704 4024 16 0 179
tree 3688 4024 14 0 179
tree 3688 4008 0 0 179
tree 3720 4024 12 0 179
tree 4040 4008 0 0 179
tree 4040 4024 35 0 179
tree 4056 4024 12 0 179
tree 4056 4008 16 0 179
tree 8 4040 12 0 179
tree 8 4056 11 0 179
tree 40 4056 11 0 179
tree 120 4040 11 0 179
tree 152 4040 15 0 179
tree 168 4056 10 0 179
tree 184 4056 16 0 179
tree 216 4056 0 0 179
tree 232 4056 35 0 179
tree 248 4056 16 0 179
tree 248 4040 10 0 179
tree 264 4040 12 0 179
tree 280 4040 14 0 179
tree 296 4040 10 0 179
tree 440 4056 10 0 179
tree 456 4056 10 0 179
tree 552 4056 0 0 179
tree 568 4056 13 0 179
tree 680 4040 12 0 179
tree 696 4040 17 0 179
tree 712 4056 12 0 179
tree 728 4056 10 0 179
tree 744 4056 16 0 179
tree 760 4056 15 0 179
tree 760 4040 35 0 179
tree 776 4056 10 0 179
tree 792 4056 16 0 179
tree 776 4040 11 0 179
tree 856 4040 13 0 179
tree 872 4040 0 0 179
tree 1320 4040 12 0 179
tree 1768 4040 17 0 179
tree 1784 4056 16 0 179
tree 1800 4056 13 0 179
tree 1800 4040 12 0 179
tree 2168 4040 16 0 179
tree 2264 4056 35 0 179
tree 2712 4056 35 0 179
tree 2696 4056 12 0 179
tree 2728 4056 0 0 179
tree 2904 4056 13 0 179
tree 2920 4056 15 0 179
tree 2936 4056 0 0 179
tree 2952 4056 17 0 179
tree 2968 4040 35 0 179
tree 3128 4056 17 0 179
tree 3256 4040 14 0 179
tree 3288 4040 35 0 179
tree 3272 4040 12 0 179
tree 3304 4040 17 0 179
tree 3320 4040 35 0 179
tree 3352 4040 15 0 179
tree 3336 4040 12 0 179
tree 3336 4056 11 0 179
tree 3384 4056 0 0 179
tree 3416 4056 14 0 179
tree 3432 4056 17 0 179
tree 3736 4056 14 0 179
tree 3736 4040 10 0 179
tree 3752 4056 11 0 179
tree 3896 4056 16 0 179
tree 3880 4056 10 0 179
tree 3928 4040 17 0 179
tree 3912 4040 15 0 179
tree 3912 4056 17 0 179
tree 3960 4040 0 0 179
tree 3944 4040 12 0 179
tree 3992 4040 12 0 179
tree 3976 4040 35 0 179
tree 4024 4056 10 0 179
tree 4024 4040 13 0 179
tree 4040 4056 10 0 179
tree 4056 4056 14 0 179
tree 4040 4040 17 0 179
tree 4072 4040 35 0 179
tree 4088 4056 17 0 179
tree 4072 4056 13 0 179
tree 40 4072 15 0 179
tree 56 4072 0 0 179
tree 72 4088 0 0 179
tree 184 4072 35 0 179
tree 200 4072 15 0 179
tree 328 4072 16 0 179
tree 344 4072 16 0 179
tree 376 4088 35 0 179
tree 392 4088 35 0 179
tree 408 4088 10 0 179
tree 440 4072 16 0 179
tree 424 4072 12 0 179
tree 440 4088 35 0 179
tree 488 4088 14 0 179
tree 504 4088 16 0 179
tree 536 4088 14 0 179
tree 536 4072 12 0 179
tree 584 4072 0 0 179
tree 600 4072 14 0 179
tree 616 4072 14 0 179
tree 616 4088 35 0 179
tree 632 4088 35 0 179
tree 632 4072 35 0 179
tree 792 4072 10 0 179
tree 2600 4072 14 0 179
tree 2616 4088 14 0 179
tree 2600 4088 11 0 179
tree 2648 4072 35 0 179
tree 2632 4088 17 0 179
tree 2680 4072 0 0 179
tree 2664 4072 11 0 179
tree 2696 4072 13 0 179
tree 2744 4072 17 0 179
tree 2776 4072 11 0 179
tree 2760 4072 12 0 179
tree 2808 4072 35 0 179
tree 2792 4072 0 0 179
tree 2840 4088 16 0 179
tree 2840 4072 12 0 179
tree 2824 4072 0 0 179
tree 2872 4088 12 0 179
tree 2856 4088 15 0 179
tree 2904 4088 14 0 179
tree 2888 4088 14 0 179
tree 2888 4072 13 0 179
tree 2904 4072 12 0 179
tree 2936 4072 12 0 179
tree 2920 4072 11 0 179
tree 2968 4072 13 0 179
tree 2952 4072 15 0 179
tree 3000 4088 14 0 179
tree 2984 4088 17 0 179
tree 2984 4072 14 0 179
tree 3064 4088 14 0 179
tree 3080 4088 12 0 179
tree 3096 4072 35 0 179
tree 3112 4072 14 0 179
tree 3128 4072 12 0 179
tree 3384 4072 0 0 179
tree 3400 4088 14 0 179
tree 3416 4088 14 0 179
tree 3448 4072 12 0 179
tree 3432 4088 0 0 179
tree 3448 4088 15 0 179
tree 3480 4072 12 0 179
tree 3464 4072 10 0 179
tree 3464 4088 16 0 179
tree 3480 4088 35 0 179
tree 3512 4072 0 0 179
tree 3496 4072 17 0 179
tree 3512 4088 13 0 179
tree 3544 4072 14 0 179
tree 3528 4072 16 0 179
tree 3608 4072 16 0 179
tree 3592 4072 0 0 179
tree 3608 4088 13 0 179
tree 3624 4072 0 0 179
tree 3640 4088 35 0 179
tree 3656 4072 11 0 179
tree 3672 4088 14 0 179
tree 3688 4088 17 0 179
tree 3768 4072 11 0 179
tree 3752 4072 11 0 179
tree 3800 4088 10 0 179
tree 3784 4088 13 0 179
tree 3832 4072 14 0 179
tree 3864 4072 16 0 179
tree 3848 4072 13 0 179
tree 3880 4072 35 0 179
tree 4024 4072 12 0 179
tree 4040 4072 16 0 179
