dom 352 1760 0 0 179
dom 512 1760 4 0 179
dom 672 1760 8 0 179
dom 832 1792 12 0 179
dom 992 1792 16 0 179
dom 3104 1792 229 0 179
dom 3296 1792 247 0 179
dom 1248 1824 90 0 179
dom 1408 1824 116 0 179
dom 1568 1824 165 0 179
dom 1728 1824 169 0 179
dom 1888 1824 174 0 179
dom 2080 1824 202 0 179
dom 2240 1824 206 0 179
dom 2400 1824 210 0 179
dom 2624 1824 214 0 179
dom 2784 1824 218 0 179
dom 2912 1824 222 0 179
dom 3520 1824 255 0 179
dom 3712 1856 275 0 179
dom 672 1888 9 0 179
dom 352 1920 1 0 179
dom 512 1920 5 0 179
dom 832 1920 13 0 179
dom 1568 1920 166 0 179
dom 1728 1920 170 0 179
dom 2080 1920 203 0 179
dom 3296 1920 250 0 179
dom 992 1952 17 0 179
dom 1888 1952 199 0 179
dom 2240 1952 207 0 179
dom 2432 1952 211 0 179
dom 2784 1952 219 0 179
dom 2976 1952 223 0 179
dom 3104 1952 237 0 179
dom 3552 1952 272 0 179
dom 1248 1984 99 0 179
dom 1408 1984 117 0 179
dom 2624 1984 215 0 179
dom 672 2048 10 0 179
dom 832 2048 14 0 179
dom 1888 2048 200 0 179
dom 3328 2048 251 0 179
dom 3744 2048 276 0 179
dom 352 2080 2 0 179
dom 992 2080 18 0 179
dom 1248 2080 100 0 179
dom 1536 2080 167 0 179
dom 1664 2080 171 0 179
dom 2080 2080 204 0 179
dom 2240 2080 208 0 179
dom 2432 2080 212 0 179
dom 2944 2080 227 0 179
dom 512 2112 6 0 179
dom 1376 2112 163 0 179
dom 2624 2112 216 0 179
dom 2784 2112 220 0 179
dom 3104 2144 244 0 179
dom 3552 2144 273 0 179
dom 832 2208 15 0 179
dom 2080 2208 205 0 179
dom 2240 2208 209 0 179
dom 2400 2208 213 0 179
dom 3712 2208 277 0 179
dom 352 2240 3 0 179
dom 672 2240 11 0 179
dom 1024 2240 66 0 179
dom 1856 2240 201 0 179
dom 2816 2240 221 0 179
dom 2976 2240 228 0 179
dom 512 2272 7 0 179
dom 1376 2272 164 0 179
dom 1536 2272 168 0 179
dom 1696 2272 172 0 179
dom 2624 2272 217 0 179
dom 1248 2304 103 0 179
dom 3328 2304 252 0 179
dom 3520 2304 274 0 179
dom 3104 2336 245 0 179
dom 3680 2336 306 0 179
