zabor 2800 304 24 0 8
zabor 2832 304 31 0 8
zabor 2864 304 28 0 8
zabor 2896 304 28 0 8
zabor 2928 304 30 0 8
zabor 2960 304 27 0 8
zabor 2992 304 25 0 8
zabor 3024 304 30 0 8
zabor 3056 304 31 0 8
zabor 3088 304 25 0 8
zabor 3120 304 25 0 8
zabor 2704 336 28 0 8
zabor 2736 336 26 0 8
zabor 2768 336 26 0 8
zabor 2800 336 28 0 8
zabor 3120 336 31 0 8
zabor 2640 368 30 0 8
zabor 2672 368 29 0 8
zabor 2704 368 24 0 8
zabor 3120 368 25 0 8
zabor 2640 400 30 0 8
zabor 3120 400 27 0 8
zabor 3152 400 30 0 8
zabor 2640 432 24 0 8
zabor 3152 432 31 0 8
zabor 2640 464 29 0 8
zabor 3152 464 25 0 8
zabor 2640 496 25 0 8
zabor 3152 496 25 0 8
zabor 2640 528 24 0 8
zabor 3152 528 25 0 8
zabor 3184 528 25 0 8
zabor 2640 560 25 0 8
zabor 3184 560 30 0 8
zabor 2640 592 28 0 8
zabor 3184 592 24 0 8
zabor 2640 624 30 0 8
zabor 2672 624 26 0 8
zabor 3184 624 27 0 8
zabor 3184 656 31 0 8
zabor 2928 688 26 0 8
zabor 2960 688 30 0 8
zabor 2992 688 29 0 8
zabor 3024 688 30 0 8
zabor 3056 688 30 0 8
zabor 3184 688 24 0 8
zabor 3216 688 31 0 8
zabor 3056 720 26 0 8
zabor 3088 720 27 0 8
zabor 3120 720 28 0 8
zabor 3152 720 30 0 8
zabor 3184 720 28 0 8
trop 3612 3540 52 179 179
trop 3692 3540 52 179 179
trop 3772 3540 52 179 179
trop 3852 3540 52 179 179
trop 3932 3540 52 179 179
trop 3572 3684 48 179 179
trop 3572 3764 48 179 179
trop 3572 3844 48 179 179
trop 3572 3924 48 179 179
