tree 152 168 14 0 0
tree 168 168 12 0 0
tree 216 168 16 0 0
tree 232 184 3 0 0
fre 236 188 8 0 0
tree 280 168 5 0 0
fre 284 172 8 0 0
fre 276 172 8 0 0
fre 284 164 8 0 0
tree 296 168 6 0 0
tree 488 184 0 0 0
tree 504 184 10 0 0
tree 520 184 5 0 0
tree 392 200 12 0 0
tree 408 216 15 0 0
tree 424 216 3 0 0
tree 552 200 6 0 0
tree 584 216 20 0 0
tree 616 216 16 0 0
tree 632 216 19 0 0
fre 636 220 8 0 0
tree 184 232 18 0 0
fre 188 236 8 0 0
tree 440 232 9 0 0
tree 472 232 4 0 0
tree 488 248 18 0 0
tree 136 264 0 0 0
tree 152 280 19 0 0
fre 156 284 8 0 0
fre 140 268 8 0 0
tree 488 280 18 0 0
tree 552 280 2 0 0
tree 568 264 18 0 0
fre 572 260 8 0 0
fre 564 268 8 0 0
fre 556 284 8 0 0
tree 584 264 14 0 0
fre 588 268 8 0 0
tree 168 296 7 0 0
fre 460 316 13 0 0
tree 504 296 6 0 0
tree 520 296 12 0 0
tree 520 312 8 0 0
tree 536 312 6 0 0
stand 232 328 11 0 179
stand 264 344 17 0 179
stand 376 328 15 0 0
fre 412 324 16 0 0
tree 536 328 10 0 0
tree 520 328 8 0 0
tree 520 344 4 0 0
fre 524 348 8 0 0
fre 460 380 14 0 0
fre 572 364 87 179 179
fre 588 380 93 179 179
fre 604 356 91 179 179
tree 152 408 17 0 0
stand 248 392 16 0 179
dom 384 384 38 0 179
fre 396 412 13 179 179
fre 436 404 15 0 0
stand 536 408 19 0 0
stand 552 392 18 0 0
fre 564 412 92 179 179
fre 604 388 89 179 179
fre 588 396 86 179 179
tree 136 456 16 0 0
tree 152 472 16 0 0
fre 156 476 8 0 0
tree 168 472 15 0 0
tree 168 456 14 0 0
fre 276 468 13 0 0
stand 312 472 19 0 0
fre 356 460 16 0 0
fre 412 476 13 0 0
stand 520 456 10 0 0
fre 564 476 90 179 179
stand 632 456 12 0 0
tree 184 488 2 0 0
stand 488 504 10 1 0
stand 520 504 10 0 0
fre 396 540 12 0 0
stand 440 520 10 1 0
fre 468 532 89 179 179
stand 376 568 17 0 0
tree 312 584 12 0 0
fre 372 588 13 0 0
tree 488 600 1 0 0
tree 552 584 2 0 0
fre 556 588 8 0 0
tree 616 600 4 0 0
fre 612 596 8 0 0
tree 184 616 19 0 0
fre 188 620 8 0 0
tree 216 616 11 0 0
fre 220 620 8 0 0
tree 280 616 12 0 0
tree 280 632 0 0 0
tree 296 632 5 0 0
tree 312 632 15 0 0
tree 328 616 1 0 0
fre 324 612 8 0 0
tree 472 616 0 0 0
fre 476 620 8 0 0
stand 456 632 12 0 0
tree 568 632 2 0 0
fre 572 636 8 0 0
tree 168 664 15 0 0
tree 296 648 12 0 0
tree 552 664 3 0 0
fre 556 668 8 0 0
tree 168 680 3 0 0
tree 168 696 10 0 0
tree 216 696 3 0 0
tree 232 696 11 0 0
tree 232 680 11 0 0
tree 616 696 12 0 0
tree 616 680 12 0 0
tree 168 712 2 0 0
tree 168 728 15 0 0
tree 184 728 9 0 0
tree 184 712 1 0 0
fre 180 708 8 0 0
tree 200 712 3 0 0
tree 248 728 2 0 0
tree 264 728 14 0 0
tree 264 712 13 0 0
tree 168 744 0 0 0
tree 168 760 14 0 0
fre 172 748 8 0 0
tree 248 744 12 0 0
tree 5960 1112 8 0 0
fre 6148 1148 8 0 0
fre 6156 1140 8 0 0
tree 6152 1144 14 0 0
tree 6232 1208 8 0 0
tree 6200 1224 12 0 0
fre 6084 1268 8 0 0
fre 6084 1276 8 0 0
fre 6092 1268 8 0 0
fre 6092 1276 8 0 0
tree 6088 1272 16 0 0
fre 5964 1284 8 0 0
fre 5956 1284 8 0 0
fre 5964 1292 8 0 0
tree 5960 1288 3 0 0
fre 6156 1308 8 0 0
tree 6152 1304 17 0 0
fre 6204 1292 8 0 0
tree 6200 1288 19 0 0
fre 5972 1340 8 0 0
fre 5972 1332 8 0 0
fre 5980 1332 8 0 0
tree 5976 1336 4 0 0
fre 6204 1324 8 0 0
tree 6200 1320 4 0 0
fre 6108 1372 8 0 0
tree 6104 1368 20 0 0
fre 6116 1372 8 0 0
vor 716 1396 25 0 0
tree 1058 1394 5 0 0
tree 1426 1394 15 0 0
fre 6116 1380 8 0 0
stand 6296 1400 26 0 0
stand 6344 1384 46 0 0
stand 712 1432 119 1 0
tree 946 1426 2 0 0
tree 1042 1410 15 0 0
tree 1026 1426 3 0 0
tree 1058 1410 9 0 0
tree 1074 1410 2 0 0
tree 1090 1426 4 0 0
tree 1298 1426 0 0 0
tree 1394 1410 0 0 0
tree 1378 1426 10 0 0
tree 1394 1426 10 0 0
tree 1426 1410 10 0 0
tree 1442 1426 15 0 0
tree 1474 1426 14 0 0
tree 1554 1410 10 0 0
tree 1538 1426 1 0 0
tree 1554 1426 14 0 0
lay 648 1464 9 0 0
vor 692 1444 32 0 0
tree 946 1442 20 0 0
tree 1010 1442 3 0 0
tree 1010 1458 15 0 0
tree 1042 1442 13 0 0
tree 1026 1458 4 0 0
tree 1042 1458 5 0 0
tree 1058 1442 16 0 0
tree 1058 1458 4 0 0
tree 1106 1442 8 0 0
tree 1090 1442 4 0 0
tree 1266 1458 6 0 0
tree 1314 1442 16 0 0
tree 1330 1458 13 0 0
tree 1362 1442 14 0 0
tree 1346 1458 1 0 0
tree 1362 1458 20 0 0
tree 1378 1442 9 0 0
tree 1426 1442 14 0 0
tree 1426 1458 8 0 0
tree 1458 1442 16 0 0
tree 1442 1458 19 0 0
tree 1474 1442 12 0 0
tree 1522 1442 3 0 0
tree 1506 1458 4 0 0
stand 4632 1464 18 0 0
fre 6076 1468 8 0 0
fre 6068 1460 8 0 0
tree 6072 1464 5 0 0
fre 6172 1468 8 0 0
fre 6164 1468 8 0 0
fre 6172 1460 8 0 0
tree 6168 1464 2 0 0
tree 946 1474 6 0 0
tree 962 1490 3 0 0
tree 1010 1474 5 0 0
tree 994 1490 19 0 0
tree 1042 1474 14 0 0
tree 1026 1490 14 0 0
tree 1074 1474 2 0 0
tree 1090 1474 6 0 0
tree 1266 1474 15 0 0
tree 1282 1474 10 0 0
tree 1298 1490 2 0 0
tree 1314 1490 9 0 0
tree 1330 1490 12 0 0
tree 1442 1474 6 0 0
tree 1458 1490 0 0 0
tree 1554 1490 5 0 0
fre 6156 1484 8 0 0
tree 6152 1480 1 0 0
tree 962 1506 7 0 0
tree 978 1506 12 0 0
tree 994 1506 5 0 0
tree 1026 1506 7 0 0
tree 1090 1506 11 0 0
tree 1090 1522 11 0 0
tree 1202 1506 12 0 0
tree 1314 1506 6 0 0
tree 1330 1506 15 0 0
tree 1346 1506 5 0 0
tree 1362 1506 0 0 0
tree 1458 1506 5 0 0
tree 1506 1506 18 0 0
tree 1522 1522 3 0 0
stand 4600 1512 10 0 0
tree 4712 1528 0 0 0
fre 4724 1532 8 0 0
tree 4744 1528 12 0 0
fre 6172 1508 8 0 0
fre 6172 1516 8 0 0
fre 6164 1508 8 0 0
tree 6168 1512 3 0 0
tree 1010 1554 17 0 0
tree 994 1554 2 0 0
tree 1042 1538 16 0 0
tree 1026 1538 20 0 0
tree 1026 1554 4 0 0
tree 1074 1538 7 0 0
tree 1058 1538 17 0 0
tree 1074 1554 10 0 0
stand 1176 1560 11 0 0
lay 1400 1560 6 0 0
tree 1474 1538 0 0 0
tree 1474 1554 15 0 0
tree 1538 1538 5 0 0
tree 1538 1554 18 0 0
stand 4520 1544 11 0 0
tree 4648 1560 18 0 0
tree 4712 1560 5 0 0
fre 4724 1540 8 0 0
fre 4716 1556 8 0 0
fre 4708 1564 8 0 0
tree 6152 1560 0 0 0
fre 6156 1564 8 0 0
tree 994 1570 9 0 0
stand 1224 1576 10 1 0
stand 1240 1592 10 1 0
tree 1330 1570 17 0 0
fre 1332 1572 8 0 0
fre 1348 1596 5 0 0
lay 1400 1576 8 0 0
lay 1400 1592 9 0 0
tree 1538 1570 2 0 0
tree 1538 1586 6 0 0
fre 1540 1588 8 0 0
stand 4456 1576 19 0 0
tree 4600 1592 2 0 0
tree 4664 1592 18 0 0
fre 4668 1596 8 0 0
tree 4680 1592 18 0 0
tree 5880 1592 8 0 0
tree 6008 1576 18 0 0
fre 6012 1580 8 0 0
tree 6024 1576 3 0 0
tree 6040 1576 13 0 0
fre 6020 1572 8 0 0
tree 6056 1576 6 0 0
tree 6072 1576 8 0 0
tree 6072 1592 0 0 0
tree 6056 1592 0 0 0
tree 6088 1576 19 0 0
tree 6104 1576 1 0 0
tree 6120 1576 10 0 0
tree 6136 1576 3 0 0
stand 6328 1576 18 1 0
tree 802 1602 5 0 0
tree 802 1618 11 0 0
tree 818 1618 2 0 0
tree 978 1618 3 0 0
fre 972 1612 8 0 0
fre 980 1620 8 0 0
fre 1332 1604 5 0 0
fre 1348 1612 7 0 0
tree 1538 1618 16 0 0
tree 1554 1618 4 0 0
fre 1556 1620 8 0 0
fre 1540 1620 8 0 0
tree 4504 1624 14 0 0
tree 4600 1624 1 0 0
tree 4600 1608 14 0 0
tree 4584 1608 18 0 0
fre 4596 1628 8 0 0
tree 4696 1624 6 0 0
tree 5832 1624 9 0 0
tree 5848 1624 12 0 0
tree 5864 1624 13 0 0
tree 5864 1608 16 0 0
tree 5896 1608 5 0 0
tree 5896 1624 6 0 0
tree 6056 1608 6 0 0
tree 802 1634 11 0 0
tree 802 1650 4 0 0
tree 946 1634 17 0 0
tree 946 1650 4 0 0
tree 930 1650 20 0 0
tree 962 1634 2 0 0
tree 978 1634 9 0 0
fre 964 1636 8 0 0
stand 1170 1634 11 1 0
fre 1198 1654 16 0 0
stand 1314 1650 15 0 0
tree 1506 1634 15 0 0
tree 4424 1640 19 0 0
tree 4440 1640 20 0 0
tree 4456 1640 6 0 0
tree 4536 1640 4 0 0
tree 4680 1656 1 0 0
fre 5812 1636 8 0 0
tree 5816 1640 1 0 0
fre 5836 1644 8 0 0
tree 5848 1640 4 0 0
tree 5832 1640 4 0 0
tree 5880 1656 1 0 0
tree 5864 1640 19 0 0
tree 5880 1640 11 0 0
fre 5900 1644 8 0 0
tree 5896 1640 0 0 0
tree 6280 1640 18 0 0
tree 6280 1656 19 0 0
fre 6276 1636 8 0 0
tree 786 1666 11 0 0
tree 818 1666 20 0 0
tree 802 1682 9 0 0
tree 818 1682 15 0 0
tree 882 1682 11 0 0
tree 914 1666 18 0 0
tree 898 1666 14 0 0
tree 914 1682 2 0 0
tree 898 1682 13 0 0
tree 930 1666 14 0 0
tree 930 1682 7 0 0
tree 994 1682 4 0 0
fre 1254 1678 15 0 0
fre 1364 1676 2 0 0
tree 1442 1682 5 0 0
tree 1554 1666 16 0 0
fre 1556 1668 8 0 0
tree 4440 1672 12 0 0
tree 4472 1688 16 0 0
tree 4504 1688 5 0 0
tree 4536 1672 6 0 0
tree 4552 1672 2 0 0
tree 4664 1688 7 0 0
tree 5784 1672 5 0 0
fre 5804 1692 8 0 0
fre 5796 1692 8 0 0
fre 5796 1684 8 0 0
tree 5800 1688 19 0 0
tree 5800 1672 17 0 0
tree 6136 1688 9 0 0
tree 6152 1672 3 0 0
tree 6200 1672 10 0 0
tree 6184 1672 10 0 0
tree 6216 1672 16 0 0
tree 6280 1688 2 0 0
tree 6296 1672 19 0 0
fre 6276 1684 8 0 0
fre 6284 1692 8 0 0
fre 6300 1676 8 0 0
tree 786 1698 12 0 0
tree 786 1714 4 0 0
fre 796 1724 8 0 0
tree 834 1698 19 0 0
tree 866 1698 13 0 0
tree 866 1714 8 0 0
tree 914 1698 9 0 0
tree 914 1714 5 0 0
tree 898 1714 9 0 0
tree 994 1698 18 0 0
tree 1010 1714 1 0 0
tree 994 1714 17 0 0
fre 1116 1700 3 0 0
stand 1154 1698 10 0 0
fre 1318 1702 15 0 0
stand 1378 1714 12 0 0
tree 1442 1698 14 0 0
fre 1444 1716 11 0 0
tree 1538 1698 15 0 0
fre 1540 1700 8 0 0
tree 3896 1720 12 0 0
tree 4328 1720 14 0 0
tree 4440 1704 20 0 0
tree 4456 1704 13 0 0
tree 4472 1704 6 0 0
tree 4520 1704 20 0 0
tree 4536 1704 3 0 0
tree 4552 1704 12 0 0
tree 4664 1720 3 0 0
fre 5900 1724 4 0 0
tree 5912 1720 6 0 0
tree 6104 1704 15 0 0
tree 6152 1704 20 0 0
tree 6168 1704 14 0 0
tree 6200 1720 18 0 0
tree 6184 1720 20 0 0
tree 6200 1704 8 0 0
tree 6184 1704 11 0 0
tree 6216 1720 17 0 0
tree 6264 1720 9 0 0
tree 6280 1704 19 0 0
fre 6276 1708 8 0 0
tree 786 1730 18 0 0
tree 786 1746 20 0 0
tree 882 1730 12 0 0
tree 866 1730 4 0 0
tree 866 1746 11 0 0
tree 914 1730 1 0 0
tree 898 1746 9 0 0
tree 930 1746 16 0 0
tree 994 1730 15 0 0
tree 994 1746 18 0 0
stand 1106 1746 17 0 0
stand 1234 1730 16 1 0
tree 1538 1746 17 0 0
fre 1540 1748 8 0 0
stand 3800 1752 35 0 0
tree 3896 1736 12 0 0
tree 3944 1736 13 0 0
tree 3992 1736 6 0 0
tree 4408 1736 19 0 0
fre 4404 1732 8 0 0
fre 4412 1740 8 0 0
tree 4536 1752 8 0 0
tree 4552 1736 6 0 0
tree 4616 1752 3 0 0
fre 4620 1756 8 0 0
tree 5848 1752 13 0 179
cliff 5888 1728 44 179 179
fre 5948 1756 14 0 0
cliff 5952 1728 44 179 179
cliff 5984 1728 43 179 179
fre 6140 1756 8 0 0
tree 6136 1752 19 0 0
tree 6200 1752 15 0 0
fre 6220 1740 8 0 0
tree 6216 1736 2 0 0
tree 6264 1752 5 0 0
tree 6264 1736 7 0 0
lay 664 1784 8 0 0
lay 680 1784 11 0 0
tree 802 1762 13 0 0
tree 818 1762 3 0 0
fre 820 1764 8 0 0
tree 898 1762 9 0 0
tree 914 1762 19 0 0
tree 930 1762 4 0 0
tree 946 1762 9 0 0
tree 946 1778 1 0 0
tree 994 1762 11 0 0
stand 1330 1778 35 0 0
lay 3896 1768 13 0 0
tree 3928 1784 9 0 0
tree 3944 1784 10 0 0
tree 4168 1768 4 0 0
tree 4504 1784 14 0 0
tree 4536 1768 5 0 0
stand 4696 1768 26 0 0
tree 5816 1768 11 0 179
fre 5876 1780 4 0 0
cliff 5856 1760 44 179 179
cliff 5888 1760 44 179 179
tree 5976 1768 8 0 0
fre 6076 1764 5 0 0
tree 6136 1768 7 0 0
tree 6136 1784 20 0 0
tree 6216 1784 0 0 0
fre 6220 1788 8 0 0
tree 6264 1784 11 0 0
fre 6268 1788 8 0 0
tree 6280 1784 1 0 0
fre 6276 1780 8 0 0
fre 6276 1788 8 0 0
lay 664 1800 12 0 0
stand 1090 1810 17 1 0
fre 1142 1798 16 0 0
fre 1342 1806 16 0 0
lay 1368 1800 4 0 0
tree 1746 1810 15 0 0
tree 1762 1810 0 0 0
tree 1778 1810 13 0 0
stand 3864 1800 13 0 0
lay 3912 1800 10 0 0
tree 3944 1816 9 0 0
stand 4088 1816 12 1 0
tree 4200 1800 16 0 0
tree 4216 1800 0 0 0
fre 4220 1804 8 0 0
tree 4312 1816 1 0 0
fre 4316 1820 8 0 0
tree 4328 1800 2 0 0
fre 4332 1804 8 0 0
tree 4424 1800 18 0 0
tree 4440 1800 11 0 0
tree 4488 1800 11 0 0
tree 4504 1800 19 0 0
stand 4680 1816 24 0 0
fre 5788 1820 7 0 0
tree 5816 1816 9 0 0
fre 5876 1804 13 0 0
stand 5912 1800 10 1 0
fre 6012 1804 5 0 0
tree 6120 1800 13 0 0
tree 6136 1800 6 0 0
tree 6136 1816 17 0 0
tree 6232 1800 9 0 0
fre 1166 1854 13 0 0
tree 1714 1826 10 0 0
tree 1698 1842 15 0 0
tree 1746 1842 4 0 0
tree 1762 1826 15 0 0
stand 3800 1848 14 0 0
stand 4072 1848 12 1 0
tree 4296 1832 17 0 0
tree 4344 1832 3 0 0
tree 4456 1832 7 0 0
tree 4648 1848 19 0 0
fre 4652 1852 8 0 0
fre 5692 1852 8 0 0
tree 5688 1848 14 0 0
tree 5672 1848 13 0 0
stand 5880 1832 19 1 0
fre 5892 1852 16 0 0
stand 5912 1848 34 0 0
fre 5932 1828 15 0 0
fre 5996 1852 7 0 0
cliff 6080 1824 33 179 179
tree 6232 1832 4 0 0
fre 6236 1828 8 0 0
fre 6228 1836 8 0 0
fre 6236 1836 8 0 0
stand 1074 1874 19 0 0
fre 1134 1878 15 0 0
fre 1286 1862 12 0 0
lay 1352 1864 7 0 0
tree 1506 1874 1 0 0
tree 1522 1874 20 0 0
tree 1538 1874 10 0 0
tree 1618 1858 16 0 0
tree 1618 1874 20 0 0
tree 1650 1874 0 0 0
tree 1666 1858 8 0 0
tree 1682 1858 11 0 0
tree 1666 1874 2 0 0
tree 1730 1858 1 0 0
tree 1746 1858 4 0 0
tree 1730 1874 13 0 0
lay 3736 1880 3 0 0
stand 3880 1864 14 0 0
tree 4280 1880 10 0 0
tree 4440 1864 18 0 0
tree 4504 1864 15 0 0
tree 4536 1880 20 0 0
tree 4568 1880 8 0 0
tree 4552 1880 11 0 0
tree 4584 1864 10 0 0
tree 4600 1864 4 0 0
fre 4604 1868 8 0 0
tree 5688 1864 12 0 0
tree 5704 1880 1 0 0
cliff 5792 1856 42 179 179
stand 5880 1880 18 1 0
fre 5964 1860 14 0 0
fre 6020 1868 18 0 0
tree 6232 1864 15 0 0
tree 6248 1864 6 0 0
fre 6396 1884 8 0 0
fre 6388 1876 8 0 0
tree 818 1890 2 0 0
tree 866 1890 13 0 0
fre 1070 1910 15 0 0
stand 1170 1890 18 0 0
fre 1222 1918 16 0 0
tree 1490 1890 19 0 0
tree 1506 1890 10 0 0
tree 1522 1890 12 0 0
tree 1538 1906 11 0 0
tree 1586 1890 16 0 0
tree 1570 1906 17 0 0
tree 1618 1906 19 0 0
tree 1666 1906 17 0 0
tree 1698 1890 20 0 0
tree 1698 1906 15 0 0
stand 3816 1912 13 0 0
lay 3912 1912 5 0 0
stand 3992 1912 17 0 0
tree 4056 1896 12 0 0
tree 4328 1912 4 0 0
tree 4344 1912 4 0 0
fre 4332 1916 8 0 0
tree 4360 1912 11 0 0
tree 4392 1912 4 0 0
tree 4408 1896 11 0 0
tree 4536 1912 18 0 0
fre 4540 1916 8 0 0
tree 4552 1896 8 0 0
tree 5720 1896 2 0 0
fre 5900 1892 4 0 0
fre 5908 1916 12 0 0
tree 6200 1912 12 0 0
tree 6216 1912 19 0 0
tree 850 1922 18 0 0
tree 850 1938 1 0 0
tree 866 1922 20 0 0
tree 866 1938 13 0 0
lay 1096 1944 2 0 0
tree 1554 1922 10 0 0
tree 1570 1922 2 0 0
tree 1586 1922 14 0 0
tree 1586 1938 18 0 0
tree 1618 1922 5 0 0
tree 1602 1922 10 0 0
tree 1682 1922 9 0 0
tree 1682 1938 20 0 0
tree 3672 1928 7 0 0
stand 3736 1944 17 1 0
tree 3768 1944 10 0 0
lay 3800 1944 8 0 0
lay 3784 1928 7 0 0
tree 4200 1944 3 0 0
tree 4328 1928 13 0 0
tree 4440 1944 4 0 0
tree 4520 1928 20 0 0
tree 4616 1928 4 0 0
tree 5672 1928 7 0 0
tree 5752 1928 12 0 0
tree 5736 1928 6 0 0
tree 5848 1928 13 0 0
fre 5980 1924 4 0 0
cliff 6112 1920 27 179 179
tree 6216 1944 19 0 0
tree 6216 1928 5 0 0
fre 6212 1940 8 0 0
fre 6300 1948 8 0 0
fre 6300 1932 8 0 0
fre 812 1980 8 0 0
fre 836 1980 8 0 0
tree 866 1970 11 0 0
tree 978 1954 17 0 0
tree 994 1954 7 0 0
tree 1010 1954 19 0 0
tree 1026 1954 1 0 0
tree 1042 1954 6 0 0
tree 1058 1970 20 0 0
lay 1096 1960 3 0 0
tree 1522 1970 12 0 0
tree 1538 1970 4 0 0
tree 1554 1970 8 0 0
tree 1570 1954 19 0 0
tree 1570 1970 6 0 0
tree 1650 1970 13 0 0
tree 1682 1970 0 0 0
tree 1698 1970 18 0 0
tree 3864 1960 8 0 0
stand 3960 1960 12 0 0
tree 3992 1960 11 0 0
tree 4312 1976 4 0 0
fre 4316 1980 8 0 0
tree 4440 1976 1 0 0
fre 4444 1980 8 0 0
tree 4520 1960 2 0 0
tree 4536 1960 14 0 0
tree 4552 1976 7 0 0
tree 4568 1976 16 0 0
tree 5688 1976 20 0 0
tree 5720 1976 11 0 0
tree 5704 1976 13 0 0
fre 5756 1964 8 0 0
fre 5756 1980 8 0 0
tree 5736 1976 12 0 0
tree 5752 1976 4 0 0
tree 5752 1960 0 0 0
fre 5860 1956 19 0 0
tree 5928 1960 12 0 0
fre 6108 1972 7 0 0
fre 6108 1980 4 0 0
cliff 6080 1952 4 179 179
tree 6216 1976 4 0 0
tree 818 1986 1 0 0
tree 818 2002 18 0 0
fre 820 2004 8 0 0
tree 834 1986 15 0 0
fre 844 1988 8 0 0
fre 836 1988 8 0 0
tree 1074 2002 14 0 0
tree 1170 2002 5 0 0
tree 1202 2002 9 0 0
tree 1218 2002 2 0 0
tree 1346 1986 0 0 0
tree 1362 1986 19 0 0
tree 1362 2002 6 0 0
tree 1346 2002 4 0 0
tree 1458 1986 11 0 0
tree 1442 2002 6 0 0
tree 1522 2002 1 0 0
tree 1506 2002 3 0 0
fre 1516 2004 8 0 0
fre 1516 2012 8 0 0
fre 1508 2012 8 0 0
tree 1618 2002 12 0 0
tree 1650 1986 18 0 0
tree 1682 2002 20 0 0
tree 1714 1986 13 0 0
tree 1698 1986 0 0 0
tree 3768 1992 10 0 0
tree 3800 2008 8 0 0
tree 3960 2008 11 0 0
tree 4408 1992 6 0 0
tree 4536 2008 13 0 0
tree 5704 2008 16 0 0
tree 5752 2008 7 0 0
tree 5736 1992 17 0 0
tree 5864 1992 11 0 0
cliff 6048 1984 3 179 179
tree 6152 2008 9 0 0
tree 6168 2008 3 0 0
tree 6200 1992 18 0 0
tree 6232 2008 5 0 0
tree 6216 2008 9 0 0
tree 994 2018 12 0 0
tree 994 2034 14 0 0
tree 1074 2018 13 0 0
tree 1074 2034 6 0 0
tree 1234 2018 1 0 0
tree 1250 2034 2 0 0
tree 1330 2018 6 0 0
tree 1346 2018 12 0 0
tree 1346 2034 4 0 0
tree 1506 2018 18 0 0
tree 1506 2034 10 0 0
fre 1508 2020 8 0 0
tree 1586 2034 11 0 0
tree 1602 2018 4 0 0
tree 1634 2034 17 0 0
tree 1698 2018 9 0 0
tree 1714 2018 12 0 0
tree 1698 2034 17 0 0
stand 3672 2024 18 1 0
tree 4312 2040 4 0 0
stand 4488 2040 24 0 0
tree 4552 2024 3 0 0
tree 4568 2024 8 0 0
tree 4584 2024 9 0 0
tree 4584 2040 17 0 0
tree 5768 2024 16 0 0
cliff 5856 2016 41 179 179
cliff 5984 2016 0 179 179
tree 6152 2024 15 0 0
tree 6168 2024 3 0 0
fre 6156 2028 8 0 0
tree 994 2066 17 0 0
tree 1042 2050 3 0 0
tree 1026 2066 17 0 0
fre 1044 2052 8 0 0
tree 1058 2050 3 0 0
tree 1074 2066 3 0 0
tree 1266 2050 9 0 0
tree 1298 2050 1 0 0
tree 1314 2050 16 0 0
tree 1330 2050 1 0 0
tree 1346 2066 19 0 0
tree 1474 2050 16 0 0
fre 1484 2052 8 0 0
tree 1506 2066 0 0 0
tree 1650 2050 10 0 0
tree 1682 2050 8 0 0
tree 1714 2050 15 0 0
tree 1730 2050 1 0 0
tree 1730 2066 8 0 0
stand 3672 2056 18 1 0
stand 3688 2056 10 1 0
tree 4584 2056 16 0 0
tree 4600 2056 11 0 0
tree 4616 2056 0 0 0
cliff 5952 2048 34 179 179
fre 6124 2076 8 0 0
tree 6120 2072 2 0 0
tree 6264 2072 2 0 0
tree 914 2082 9 0 0
tree 978 2082 4 0 0
fre 980 2084 8 0 0
tree 1010 2082 8 0 0
tree 1170 2082 8 0 0
tree 1330 2082 9 0 0
tree 1330 2098 2 0 0
tree 1362 2098 10 0 0
tree 1394 2082 5 0 0
tree 1426 2098 6 0 0
stand 3672 2104 19 1 0
tree 3784 2088 4 0 0
tree 3848 2104 19 0 0
tree 3912 2104 13 0 0
tree 6072 2088 17 0 0
tree 6104 2104 19 0 0
tree 6088 2104 18 0 0
tree 6136 2104 12 0 0
tree 6120 2088 13 0 0
tree 6264 2104 15 0 0
tree 6280 2104 12 0 0
tree 6296 2104 10 0 0
stand 968 2136 10 1 0
tree 1218 2130 11 0 0
tree 1266 2114 17 0 0
tree 1282 2114 2 0 0
tree 1298 2130 20 0 0
tree 1330 2130 9 0 0
tree 1362 2114 11 0 0
tree 1346 2130 19 0 0
tree 1362 2130 1 0 0
tree 1410 2114 8 0 0
tree 1426 2130 20 0 0
tree 1410 2130 7 0 0
tree 3704 2120 0 0 0
tree 3848 2136 3 0 0
tree 3880 2120 13 0 0
tree 3928 2120 12 0 0
tree 3944 2120 12 0 0
tree 5704 2120 9 0 0
tree 5864 2136 11 0 0
tree 6072 2136 9 0 0
tree 6088 2120 4 0 0
tree 6120 2120 19 0 0
tree 6120 2136 12 0 0
tree 6152 2120 2 0 0
fre 6156 2124 8 0 0
tree 6264 2136 19 0 0
tree 6264 2120 13 0 0
fre 6268 2140 8 0 0
tree 6280 2120 1 0 0
tree 6296 2120 20 0 0
tree 1202 2146 15 0 0
fre 1204 2172 8 0 0
tree 1282 2146 11 0 0
tree 1298 2162 16 0 0
tree 1314 2162 12 0 0
tree 1410 2146 12 0 0
tree 1426 2146 14 0 0
tree 1410 2162 15 0 0
tree 3736 2168 11 0 0
tree 3800 2152 3 0 0
tree 5784 2152 7 0 0
tree 5800 2168 10 0 0
tree 5832 2168 19 0 0
tree 5864 2152 19 0 0
tree 6072 2152 19 0 0
tree 6088 2152 15 0 0
tree 6088 2168 1 0 0
tree 6120 2152 17 0 0
tree 6264 2168 9 0 0
stand 952 2184 19 1 0
tree 1154 2178 20 0 0
tree 1170 2178 6 0 0
tree 1186 2178 1 0 0
tree 1202 2178 17 0 0
fre 1196 2180 8 0 0
fre 1204 2180 8 0 0
tree 1314 2194 3 0 0
tree 1394 2178 18 0 0
tree 1394 2194 10 0 0
tree 3656 2200 13 0 0
tree 3704 2184 2 0 0
tree 3784 2184 3 0 0
tree 3880 2184 13 0 0
tree 3944 2184 13 0 0
tree 5816 2184 14 0 0
tree 5848 2200 19 0 0
tree 5848 2184 1 0 0
tree 5928 2184 15 0 0
tree 5928 2200 17 0 0
tree 5944 2200 10 0 0
tree 6008 2200 5 0 0
tree 5992 2200 16 0 0
tree 6024 2200 6 0 0
tree 1186 2210 1 0 0
fre 1188 2212 8 0 0
tree 1346 2210 12 0 0
tree 1362 2226 6 0 0
tree 1378 2210 10 0 0
tree 3704 2216 12 0 0
tree 3768 2232 18 0 0
tree 5816 2232 20 0 0
tree 5800 2232 4 0 0
fre 5844 2212 8 0 0
tree 5848 2216 3 0 0
tree 5896 2216 20 0 0
tree 5992 2216 14 0 0
tree 6008 2216 3 0 0
tree 6024 2232 0 0 0
fre 6028 2236 8 0 0
lay 776 2264 12 0 0
tree 1330 2242 0 0 0
fre 1332 2244 8 0 0
tree 1346 2242 6 0 0
fre 2286 2266 12 0 0
fre 2350 2266 13 0 0
tree 3656 2248 17 0 0
tree 3720 2248 1 0 0
tree 3864 2264 12 0 0
tree 5688 2264 4 0 0
tree 5672 2264 6 0 0
tree 5784 2264 15 0 0
tree 5816 2264 16 0 0
tree 5816 2248 0 0 0
tree 5800 2248 15 0 0
tree 5832 2248 2 0 0
stand 2306 2294 19 0 0
trop 2382 2274 47 0 0
tree 2434 2278 12 0 0
tree 2434 2294 6 0 0
tree 2450 2278 9 0 0
tree 2450 2294 15 0 0
tree 2610 2278 19 0 0
tree 2626 2294 6 0 0
tree 2626 2278 15 0 0
tree 2642 2278 17 0 0
tree 2642 2294 14 0 0
tree 2658 2278 20 0 0
tree 3576 2296 12 0 0
tree 5208 2296 14 0 0
tree 5208 2280 4 0 0
trop 5620 2284 40 0 0
tree 5672 2280 9 0 0
tree 5672 2296 16 0 0
tree 5880 2296 13 0 0
tree 6152 2296 12 0 0
fre 2294 2306 33 0 0
tree 2338 2326 2 0 0
tree 2354 2326 1 0 0
tree 2658 2326 4 0 0
cliff 2730 2334 32 179 179
tree 3056 2304 14 0 0
tree 3056 2320 16 0 0
tree 3344 2334 10 0 0
tree 3328 2334 1 0 0
tree 4216 2328 12 0 0
tree 4264 2328 15 0 0
dom 5148 2319 0 0 0
tree 5240 2328 17 0 0
tree 5240 2312 14 0 0
tree 5224 2312 8 0 0
fre 5348 2324 33 0 0
tree 5528 2312 7 0 0
tree 5672 2312 16 0 0
tree 5880 2312 7 0 0
tree 5880 2328 18 0 0
fre 5964 2332 32 0 0
stand 5976 2328 13 0 0
tree 6088 2312 12 0 0
tree 6088 2328 12 0 0
tree 6152 2312 12 0 0
tree 6168 2312 13 0 0
fre 2270 2346 12 0 0
fre 2334 2354 31 0 0
stand 2546 2358 15 0 0
fre 2622 2346 12 0 0
tree 2658 2358 9 0 0
tree 2658 2342 0 0 0
tree 2674 2342 4 0 0
tree 2674 2358 8 0 0
tree 3024 2352 10 0 0
tree 3024 2336 16 0 0
tree 3008 2352 5 0 0
tree 3040 2352 11 0 0
tree 3040 2336 0 0 0
tree 3248 2350 17 0 0
tree 3312 2350 12 0 0
tree 3360 2350 10 0 0
tree 3552 2350 15 0 0
tree 3656 2344 4 0 0
tree 3656 2360 1 0 0
tree 4216 2344 18 0 0
tree 4232 2344 4 0 0
tree 4264 2360 4 0 0
tree 4264 2344 6 0 0
dom 5084 2351 5 0 0
fre 5300 2340 33 0 0
fre 5300 2364 33 0 0
fre 5404 2340 33 0 0
tree 5512 2360 8 0 0
tree 5512 2344 14 0 0
tree 5688 2344 18 0 0
tree 5704 2360 4 0 0
tree 5848 2360 17 0 0
fre 2270 2378 31 0 0
stand 2322 2390 13 0 0
tree 2450 2374 9 0 0
fre 2502 2394 12 0 0
tree 2658 2374 18 0 0
tree 2722 2390 15 0 0
cliff 2794 2398 31 179 179
tree 2992 2368 12 0 0
tree 2992 2384 19 0 0
tree 2976 2384 7 0 0
tree 3024 2368 15 0 0
tree 3024 2384 10 0 0
tree 3008 2384 13 0 0
tree 3008 2368 6 0 0
tree 3632 2384 7 0 0
tree 3616 2384 4 0 0
tree 3672 2392 11 0 0
tree 3648 2384 17 0 0
tree 3648 2368 13 0 0
tree 3720 2392 9 0 0
tree 3720 2376 1 0 0
tree 4136 2392 6 0 0
tree 4280 2376 14 0 0
tree 4264 2376 5 0 0
cliff 4432 2368 42 179 179
trop 4924 2372 46 0 0
tree 4984 2392 19 0 0
tree 4968 2392 2 0 0
tree 5016 2392 9 0 0
tree 5000 2376 19 0 0
tree 5032 2392 18 0 0
fre 5112 2371 8 0 0
tree 5144 2376 9 0 0
fre 5168 2387 14 0 0
fre 5244 2372 33 0 0
tree 5240 2392 18 0 0
tree 5240 2376 16 0 0
stand 5368 2376 14 0 0
tree 5512 2376 18 0 0
tree 5688 2392 13 0 0
tree 5704 2376 11 0 0
tree 5848 2392 1 0 0
tree 5832 2392 0 0 0
tree 5864 2376 11 0 0
fre 2342 2410 31 0 0
tree 2562 2422 13 0 0
tree 2722 2406 13 0 0
tree 2960 2400 12 0 0
tree 2992 2416 10 0 0
tree 2992 2400 0 0 0
tree 2976 2416 6 0 0
tree 2976 2400 14 0 0
tree 3024 2416 10 0 0
stand 3312 2414 34 0 0
fre 3340 2402 12 0 0
stand 3488 2430 33 0 0
tree 3632 2400 3 0 0
tree 3616 2400 13 0 0
tree 3672 2408 18 0 0
tree 3688 2424 11 0 0
tree 3704 2424 14 0 0
tree 3704 2408 3 0 0
tree 3720 2424 3 0 0
tree 3720 2408 6 0 0
tree 4120 2408 11 0 0
tree 4248 2424 8 0 0
tree 4232 2424 8 0 0
cliff 4624 2400 43 179 179
tree 5032 2408 3 0 0
fre 5080 2419 16 0 0
tree 5240 2408 18 0 0
fre 5444 2420 32 0 0
tree 5688 2408 14 0 0
tree 5688 2424 1 0 0
tree 5816 2424 12 0 0
tree 5832 2424 5 0 0
tree 5880 2424 13 0 0
stand 2306 2454 14 0 0
trop 2390 2442 46 0 0
tree 2434 2438 17 0 0
tree 2546 2454 10 0 0
tree 2578 2438 10 0 0
tree 2594 2454 1 0 0
tree 2658 2454 6 0 0
tree 2674 2454 1 0 0
tree 2690 2454 3 0 0
tree 2706 2454 4 0 0
tree 2722 2438 16 0 0
fre 2782 2442 16 0 0
tree 3616 2448 12 0 0
tree 3704 2440 12 0 0
tree 3704 2456 10 0 0
tree 3688 2440 13 0 0
tree 3688 2456 13 0 0
tree 3720 2456 0 0 0
tree 3768 2454 8 0 0
tree 4088 2440 13 0 0
tree 4088 2456 13 0 0
tree 4104 2456 10 0 0
tree 4248 2440 16 0 0
tree 4232 2440 0 0 0
trop 4980 2460 41 0 0
fre 5152 2459 15 0 0
fre 5356 2436 32 0 0
trop 5612 2436 40 0 0
tree 5672 2440 16 0 0
tree 5720 2456 12 0 0
tree 5720 2440 6 0 0
tree 5848 2440 5 0 0
tree 5864 2440 14 0 0
tree 5912 2456 5 0 0
tree 5896 2440 18 0 0
tree 2434 2470 19 0 0
tree 2450 2470 4 0 0
tree 2466 2470 19 0 0
tree 2514 2470 8 0 0
tree 2642 2470 14 0 0
tree 2658 2470 6 0 0
tree 2658 2486 9 0 0
cliff 2890 2494 20 179 179
tree 3632 2464 4 0 0
tree 3616 2464 18 0 0
tree 3656 2488 11 0 0
tree 3656 2472 18 0 0
tree 3672 2488 11 0 0
tree 3704 2472 4 0 0
tree 3704 2488 2 0 0
tree 3688 2472 12 0 0
tree 3768 2470 18 0 0
tree 4120 2472 2 0 0
tree 4136 2488 6 0 0
cliff 4528 2464 46 179 179
cliff 4688 2464 35 179 179
fre 4944 2491 8 0 0
fre 4952 2483 8 0 0
fre 4952 2491 8 0 0
dom 5020 2479 10 0 0
dom 5212 2479 10 0 0
dom 5568 2464 15 0 0
tree 5736 2472 7 0 0
tree 5912 2488 2 0 0
tree 5896 2488 20 0 0
tree 5944 2488 4 0 0
tree 5928 2472 4 0 0
stand 1336 2504 16 1 0
trop 2334 2522 41 0 0
trop 2502 2522 41 0 0
trop 2646 2522 48 0 0
fre 2750 2514 16 0 0
fre 2806 2522 16 0 0
fre 3500 2498 12 0 0
tree 3640 2504 18 0 0
tree 3640 2520 3 0 0
tree 3632 2496 8 0 0
tree 3616 2512 18 0 0
tree 3672 2520 5 0 0
tree 3656 2504 15 0 0
tree 3672 2502 4 0 0
tree 3656 2502 18 0 0
tree 3664 2496 12 0 0
tree 3688 2504 0 0 0
tree 3680 2512 6 0 0
tree 3712 2512 6 0 0
cliff 4464 2496 46 179 179
trop 4988 2508 41 0 0
fre 4976 2515 17 0 0
dom 5116 2511 17 0 0
trop 5092 2516 41 0 0
fre 5176 2523 16 0 0
fre 5224 2507 8 0 0
tree 5288 2520 5 0 0
fre 5316 2516 33 0 0
fre 5844 2508 33 0 0
dom 5848 2504 19 0 0
tree 5912 2504 3 0 0
tree 5944 2504 2 0 0
tree 5976 2520 5 0 0
tree 5960 2520 6 0 0
tree 1320 2552 8 0 0
tree 1352 2552 9 0 0
stand 2312 2536 48 0 0
dom 2698 2558 114 0 0
cliff 2890 2558 18 179 179
stand 3408 2542 32 0 0
fre 3452 2554 5 0 0
fre 3460 2554 6 0 0
tree 3656 2536 6 0 0
tree 3648 2528 18 0 0
tree 3696 2544 20 0 0
tree 3680 2544 12 0 0
tree 3712 2528 11 0 0
tree 5048 2552 8 0 0
tree 5256 2536 18 0 0
tree 5272 2552 15 0 0
tree 5304 2536 6 0 0
tree 5288 2536 13 0 0
dom 5560 2536 9 0 0
dom 5720 2536 17 0 0
dom 5880 2536 15 0 0
tree 5992 2552 8 0 0
tree 5992 2536 3 0 0
tree 1336 2568 12 0 0
tree 1352 2568 11 0 0
fre 2276 2564 15 0 0
stand 2344 2568 45 0 0
stand 2376 2584 30 0 0
fre 2524 2572 15 0 0
trop 2638 2570 46 0 0
fre 2734 2570 15 0 0
fre 2782 2570 15 0 0
tree 3168 2590 18 0 0
tree 3168 2574 8 0 0
fre 3468 2586 6 0 0
tree 3536 2590 1 0 0
tree 3520 2590 2 0 0
tree 3664 2560 3 0 0
tree 3648 2576 9 0 0
tree 3696 2576 13 0 0
tree 3680 2560 5 0 0
tree 3712 2576 5 0 0
cliff 4816 2560 7 179 179
dom 4988 2575 0 0 0
trop 4988 2572 41 0 0
dom 5052 2575 7 0 0
tree 5032 2568 9 0 0
stand 5156 2567 30 0 0
tree 5208 2584 4 0 0
fre 5192 2587 8 0 0
stand 5252 2583 49 0 0
tree 5432 2584 2 0 0
tree 5464 2584 7 0 0
tree 5448 2584 0 0 0
stand 5480 2584 53 1 0
dom 5696 2560 3 0 0
dom 5752 2568 18 0 0
tree 6008 2584 1 0 0
tree 6008 2568 12 0 0
fre 2332 2596 33 0 0
trop 2398 2602 47 0 0
fre 2524 2620 15 0 0
fre 2702 2594 13 0 0
dom 2698 2622 114 0 0
cliff 2890 2622 18 179 179
fre 3356 2594 14 0 0
tree 3520 2606 17 0 0
tree 3664 2608 20 0 0
tree 3648 2608 19 0 0
tree 4616 2616 10 0 0
dom 4672 2592 115 0 0
cliff 4784 2592 38 179 179
dom 5116 2607 8 0 0
tree 5176 2600 11 0 0
tree 5160 2600 14 0 0
tree 5160 2616 5 0 0
fre 5168 2595 8 0 0
fre 5160 2611 8 0 0
tree 5208 2600 4 0 0
tree 5192 2600 13 0 0
tree 5240 2600 20 0 0
tree 5224 2600 13 0 0
tree 5400 2600 15 0 0
tree 5384 2600 12 0 0
tree 5432 2600 1 0 0
tree 5448 2600 6 0 0
fre 5564 2596 35 0 0
dom 5560 2600 6 0 0
trop 5612 2596 40 0 0
dom 5696 2592 3 0 0
dom 5784 2600 16 0 0
dom 5880 2600 10 0 0
dom 5912 2600 17 0 0
tree 6008 2616 14 0 0
tree 5992 2616 8 0 0
tree 5992 2600 4 0 0
tree 6008 2600 15 0 0
stand 2296 2648 42 0 0
stand 2328 2632 23 0 0
fre 2356 2644 33 0 0
fre 2372 2644 15 0 0
stand 2376 2632 21 0 0
dom 2506 2654 105 0 0
fre 2652 2652 15 0 0
fre 2702 2650 13 0 0
fre 2692 2652 15 0 0
tree 4600 2648 18 0 0
tree 4584 2648 3 0 0
fre 4984 2643 16 0 0
fre 5024 2643 15 0 0
fre 5080 2643 15 0 0
fre 5128 2643 16 0 0
fre 5192 2627 19 0 0
dom 5308 2639 6 0 0
fre 5344 2635 15 0 0
fre 2524 2668 15 0 0
trop 2638 2658 47 0 0
cliff 2890 2686 5 179 179
tree 3056 2656 6 0 0
fre 3388 2666 16 0 0
tree 3504 2672 13 0 0
tree 3520 2672 10 0 0
fre 3580 2682 16 0 0
fre 3644 2674 12 0 0
tree 3728 2672 4 0 0
cliff 4464 2656 42 179 179
cliff 4784 2656 30 179 179
trop 4980 2668 41 0 0
dom 5084 2671 19 0 0
fre 5200 2683 14 0 0
fre 5356 2684 35 0 0
dom 5560 2664 7 0 0
fre 5604 2668 35 0 0
dom 5664 2656 17 0 0
dom 5752 2664 8 0 0
cliff 2282 2718 42 179 179
tree 2354 2694 4 0 0
tree 2354 2710 8 0 0
cliff 2858 2718 12 179 179
tree 3434 2718 12 0 0
tree 3504 2688 0 0 0
tree 3520 2704 16 0 0
stand 3616 2718 11 0 0
tree 4392 2712 15 0 0
cliff 4528 2688 40 179 179
dom 4988 2703 5 0 0
dom 5244 2703 19 0 0
dom 5400 2696 7 0 0
fre 5412 2716 35 0 0
dom 5464 2696 0 0 0
dom 5528 2696 10 0 0
fre 5564 2716 35 0 0
trop 5708 2692 41 0 0
trop 5876 2692 41 0 0
trop 2542 2730 48 0 0
tree 3472 2720 16 0 0
tree 3472 2736 12 0 0
tree 3504 2736 16 0 0
tree 3488 2736 5 0 0
tree 3488 2720 6 0 0
tree 3520 2736 0 0 0
stand 3712 2750 15 0 0
cliff 4592 2720 29 179 179
cliff 4848 2720 25 179 179
trop 4980 2732 41 0 0
fre 5064 2731 15 0 0
dom 5116 2735 17 0 0
dom 5180 2735 18 0 0
fre 5160 2739 16 0 0
fre 5276 2724 35 0 0
dom 5308 2735 16 0 0
dom 5368 2728 9 0 0
trop 5620 2748 40 0 0
trop 2406 2754 46 0 0
trop 2486 2754 47 0 0
stand 3600 2782 10 0 0
tree 4408 2776 6 0 0
cliff 4656 2752 13 179 179
cliff 4688 2752 14 179 179
cliff 4752 2752 16 179 179
cliff 4816 2752 21 179 179
fre 5024 2755 15 0 0
dom 5244 2767 8 0 0
fre 5232 2771 15 0 0
fre 5296 2779 13 0 0
trop 5364 2772 41 0 0
trop 5508 2772 41 0 0
dom 5664 2752 7 0 0
fre 5708 2764 34 0 0
fre 5708 2772 34 0 0
dom 5752 2760 16 0 0
tree 2594 2806 5 0 0
fre 3388 2802 15 0 0
tree 3536 2814 6 0 0
fre 3660 2794 12 0 0
tree 4376 2792 10 0 0
tree 4376 2808 20 0 0
tree 4392 2808 14 0 0
tree 4424 2808 4 0 0
trop 4924 2812 47 0 0
dom 5084 2799 9 0 0
stand 5210 2797 52 0 0
trop 5262 2809 25 0 0
fre 5548 2804 31 0 0
dom 5784 2792 17 0 0
fre 5812 2788 33 0 0
fre 2398 2834 13 0 0
fre 2470 2834 15 0 0
stand 3402 2846 11 1 0
tree 3536 2830 1 0 0
stand 3616 2846 19 0 0
tree 4376 2840 15 0 0
tree 4424 2840 14 0 0
tree 4456 2840 2 0 0
dom 5020 2831 11 0 0
fre 5064 2835 16 0 0
fre 5128 2819 18 0 0
dom 5212 2831 15 0 0
trop 5268 2828 40 0 0
fre 5280 2843 15 0 0
fre 5332 2828 31 0 0
dom 5344 2816 0 0 0
fre 5380 2828 32 0 0
fre 5436 2820 33 0 0
dom 5440 2816 9 0 0
fre 5468 2820 33 0 0
fre 5540 2844 31 0 0
dom 5568 2816 19 0 0
fre 5684 2836 34 0 0
dom 5720 2824 7 0 0
dom 5752 2824 9 0 0
fre 5772 2844 33 0 0
cliff 2346 2878 41 179 179
fre 2430 2858 15 0 0
tree 2578 2870 6 0 0
tree 2610 2870 8 0 0
tree 2626 2870 6 0 0
cliff 2730 2878 8 179 179
fre 3430 2866 16 0 0
stand 3546 2862 15 0 0
tree 4392 2872 17 0 0
tree 4440 2872 4 0 0
tree 4440 2856 14 0 0
tree 4456 2856 10 0 0
tree 4472 2872 8 0 0
tree 4488 2872 2 0 0
dom 5180 2863 7 0 0
dom 5244 2863 18 0 0
dom 5276 2863 15 0 0
dom 5432 2856 19 0 0
fre 5500 2876 32 0 0
fre 5572 2868 32 0 0
tree 2578 2886 19 0 0
tree 2610 2902 2 0 0
tree 2626 2886 9 0 0
tree 2642 2886 10 0 0
fre 3396 2906 16 0 0
fre 3486 2890 15 0 0
tree 4424 2888 15 0 0
tree 4456 2888 19 0 0
tree 4520 2904 14 0 0
tree 5016 2904 12 0 0
tree 5016 2888 14 0 0
tree 5032 2888 12 0 0
dom 5144 2888 9 0 0
tree 5192 2904 20 0 0
dom 5304 2888 17 0 0
fre 5356 2900 31 0 0
tree 5672 2904 11 0 0
tree 5672 2888 9 0 0
cliff 2410 2942 28 179 179
tree 2658 2918 14 0 0
tree 3296 2942 9 0 0
fre 3340 2938 15 0 0
fre 3550 2914 15 0 0
stand 3610 2926 12 0 0
tree 4536 2936 14 0 0
trop 5076 2932 47 0 0
tree 5224 2936 9 0 0
dom 5336 2920 18 0 0
trop 5620 2916 40 0 0
tree 5672 2920 2 0 0
cliff 2474 2974 15 179 179
cliff 2538 2974 14 179 179
cliff 2602 2974 40 179 179
cliff 2730 2974 36 179 179
tree 3226 2974 11 0 0
tree 3226 2958 18 0 0
tree 3280 2974 20 0 0
tree 3312 2958 10 0 0
tree 3296 2958 8 0 0
stand 3338 2958 17 0 0
fre 3444 2962 12 0 0
stand 3456 2958 16 0 0
tree 3776 2960 15 0 0
tree 4360 2968 12 0 0
tree 4376 2968 3 0 0
tree 4376 2952 19 0 0
tree 4504 2952 15 0 0
tree 4536 2968 10 0 0
tree 4568 2952 17 0 0
tree 4568 2968 0 0 0
tree 4552 2968 17 0 0
stand 4968 2952 61 1 0
dom 5144 2952 6 0 0
tree 5208 2952 3 0 0
trop 5268 2972 40 0 0
dom 5368 2952 16 0 0
fre 5436 2964 32 0 0
dom 5464 2952 10 0 0
dom 5568 2944 6 0 0
stand 5704 2968 57 1 0
tree 3216 2992 1 0 0
fre 3388 3002 12 0 0
tree 3760 2976 0 0 0
tree 3760 2992 11 0 0
tree 3792 2992 17 0 0
tree 3776 2976 7 0 0
tree 3856 2976 10 0 0
tree 3840 2992 4 0 0
tree 3840 2976 14 0 0
fre 3902 3002 15 0 0
tree 3872 2992 8 0 0
tree 4440 3000 5 0 0
tree 4456 3000 11 0 0
tree 5208 2984 11 0 0
tree 5208 3000 16 0 0
fre 5348 2996 31 0 0
fre 5556 2980 32 0 0
tree 5848 3000 7 0 0
tree 3184 3024 16 0 0
tree 3216 3008 5 0 0
tree 3200 3008 4 0 0
tree 3200 3024 18 0 0
tree 3232 3008 3 0 0
tree 3728 3024 4 0 0
tree 3744 3008 13 0 0
tree 3792 3008 9 0 0
tree 3792 3024 8 0 0
tree 3824 3008 15 0 0
tree 3808 3008 5 0 0
tree 3920 3024 14 0 0
tree 4456 3016 0 0 0
tree 4472 3016 1 0 0
tree 4488 3032 14 0 0
tree 4936 3032 17 0 0
tree 4952 3032 3 0 0
tree 4952 3016 15 0 0
dom 5144 3016 7 0 0
fre 5156 3036 33 0 0
tree 5208 3016 5 0 0
tree 5192 3016 14 0 0
fre 5316 3012 31 0 0
dom 5336 3016 8 0 0
trop 5436 3028 45 0 0
trop 5548 3028 48 0 0
tree 5880 3016 14 0 0
tree 5864 3016 6 0 0
tree 5928 3032 3 0 0
tree 5976 3032 20 0 0
tree 5992 3016 14 0 0
tree 5992 3032 13 0 0
stand 6232 3032 11 0 0
stand 6312 3032 10 0 0
tree 3184 3040 8 0 0
tree 3248 3040 14 0 0
tree 3408 3056 10 0 0
tree 3424 3040 20 0 0
tree 3424 3056 17 0 0
tree 3696 3056 20 0 0
tree 3728 3056 17 0 0
tree 3712 3040 9 0 0
tree 3784 3064 0 0 0
tree 3792 3040 20 0 0
tree 3792 3056 12 0 0
tree 3776 3040 4 0 0
tree 3824 3056 8 0 0
tree 3840 3040 15 0 0
tree 3936 3056 14 0 0
tree 4504 3064 10 0 0
tree 4904 3064 3 0 0
tree 4920 3048 2 0 0
fre 5100 3068 33 0 0
dom 5112 3048 10 0 0
tree 5208 3064 19 0 0
fre 5356 3060 31 0 0
stand 5432 3064 37 1 0
trop 5628 3052 47 0 0
fre 6276 3044 15 0 0
fre 6340 3044 19 0 0
fre 6372 3052 16 0 0
stand 6376 3064 16 0 0
tree 3552 3088 13 0 0
tree 3712 3088 9 0 0
tree 3712 3072 3 0 0
tree 3744 3072 6 0 0
tree 3784 3080 6 0 0
tree 3800 3080 0 0 0
tree 3800 3096 12 0 0
tree 3792 3072 19 0 0
tree 3816 3096 2 0 0
tree 3808 3072 9 0 0
tree 3904 3072 15 0 0
tree 3952 3088 17 0 0
tree 3936 3088 10 0 0
tree 4856 3096 12 0 0
tree 4872 3096 8 0 0
tree 4872 3080 15 0 0
tree 4888 3096 13 0 0
tree 4888 3080 16 0 0
tree 5144 3096 16 0 0
tree 5176 3096 12 0 0
tree 5208 3080 8 0 0
fre 5348 3076 31 0 0
fre 6244 3084 12 0 0
tree 3520 3120 20 0 0
tree 3728 3120 7 0 0
tree 3816 3112 20 0 0
tree 4856 3112 19 0 0
tree 4872 3112 5 0 0
tree 5160 3112 0 0 0
trop 5268 3116 40 0 0
dom 5336 3112 16 0 0
stand 5544 3112 61 1 0
fre 5932 3124 33 0 0
stand 6248 3128 1 0 0
tree 3792 3152 1 0 0
tree 4888 3144 7 0 0
fre 5308 3156 31 0 0
dom 5368 3144 17 0 0
fre 5388 3164 31 0 0
fre 5756 3140 33 0 0
stand 6376 3144 18 0 0
stand 6440 3144 10 1 0
tree 3256 3192 18 0 0
tree 3272 3176 0 0 0
tree 3824 3184 9 0 0
tree 3928 3176 0 0 0
tree 3912 3192 9 0 0
tree 4872 3192 4 0 0
tree 4888 3176 10 0 0
fre 5172 3196 33 0 0
dom 5184 3168 10 0 0
dom 5304 3176 7 0 0
fre 5340 3172 31 0 0
dom 5336 3176 9 0 0
tree 6296 3192 13 0 0
tree 6408 3176 8 0 0
tree 3816 3224 1 0 0
tree 3816 3208 5 0 0
tree 3832 3208 12 0 0
tree 3824 3216 7 0 0
tree 3808 3200 18 0 0
tree 3856 3216 13 0 0
tree 3896 3208 15 0 0
tree 4872 3208 17 0 0
tree 4872 3224 18 0 0
tree 4888 3224 16 0 0
tree 4888 3208 20 0 0
fre 6580 3204 14 0 0
stand 6568 3224 17 0 0
tree 3240 3256 9 0 0
tree 3848 3256 18 0 0
tree 4952 3240 6 0 0
tree 4968 3256 4 0 0
stand 5208 3240 63 1 0
trop 5268 3260 47 0 0
stand 6520 3256 10 0 0
stand 6632 3240 51 0 0
tree 3256 3272 19 0 0
tree 3848 3288 11 0 0
tree 4984 3272 12 0 0
tree 5016 3288 4 0 0
fre 6572 3268 13 0 0
tree 3256 3304 3 0 0
tree 3256 3320 2 0 0
tree 3848 3320 11 0 0
tree 5064 3320 2 0 0
fre 6508 3324 19 0 0
fre 6516 3300 18 0 0
stand 6568 3320 35 0 0
stand 2408 3352 11 0 0
fre 2492 3340 32 0 0
fre 2500 3356 41 0 0
tree 3224 3352 5 0 0
tree 3656 3352 5 0 0
tree 3672 3352 11 0 0
tree 3832 3352 16 0 0
tree 3848 3352 16 0 0
tree 3864 3336 5 0 0
tree 3896 3352 17 0 0
tree 3928 3352 12 0 0
tree 3912 3352 18 0 0
tree 5000 3352 1 0 0
tree 5048 3336 11 0 0
tree 5032 3352 0 0 0
tree 5112 3336 0 0 0
tree 5160 3352 20 0 0
stand 6632 3336 19 0 0
fre 2412 3388 14 0 0
tree 3224 3368 0 0 0
tree 3240 3384 1 0 0
tree 3656 3368 14 0 0
tree 3688 3368 4 0 0
tree 3688 3384 10 0 0
tree 3768 3368 11 0 0
tree 3768 3384 4 0 0
tree 3800 3368 15 0 0
tree 3784 3368 0 0 0
tree 3864 3368 15 0 0
tree 3944 3384 4 0 0
tree 3944 3368 5 0 0
tree 3960 3368 2 0 0
tree 4984 3384 2 0 0
tree 5016 3368 14 0 0
tree 5000 3384 12 0 0
tree 6440 3368 10 0 0
fre 2388 3412 18 0 0
fre 2588 3404 2 0 0
tree 2648 3416 19 0 0
tree 3256 3400 12 0 0
tree 3608 3400 7 0 0
tree 3640 3416 20 0 0
tree 3624 3416 14 0 0
tree 3672 3400 4 0 0
tree 3656 3416 10 0 0
tree 3656 3400 20 0 0
tree 3784 3400 15 0 0
tree 3800 3400 9 0 0
tree 3816 3416 6 0 0
tree 3832 3416 2 0 0
tree 3832 3400 3 0 0
tree 3848 3400 19 0 0
tree 3928 3400 13 0 0
tree 3912 3400 18 0 0
tree 4984 3400 8 0 0
tree 6664 3416 11 0 0
tree 2440 3448 20 0 0
stand 2520 3432 37 0 0
stand 2568 3432 18 0 0
fre 2588 3452 33 0 0
tree 2664 3432 20 0 0
tree 2680 3432 4 0 0
tree 3064 3448 14 0 0
tree 3096 3432 7 0 0
tree 3080 3448 6 0 0
tree 3112 3432 5 0 0
tree 3288 3432 20 0 0
tree 3304 3432 2 0 0
fre 6596 3436 14 0 0
dom 6592 3424 11 1 0
tree 2472 3464 17 0 0
tree 2504 3480 0 0 0
tree 2552 3480 3 0 0
tree 2536 3480 11 0 0
tree 2584 3480 9 0 0
tree 2600 3480 12 0 0
tree 2840 3480 12 0 0
tree 2904 3480 9 0 0
tree 2952 3480 17 0 0
tree 3000 3464 11 0 0
tree 3048 3464 6 0 0
tree 3096 3480 3 0 0
fre 4084 3476 15 0 0
stand 4120 3464 59 1 0
fre 4140 3468 15 0 0
fre 4220 3468 15 0 0
cliff 5408 3456 30 179 179
fre 6548 3468 16 0 0
tree 2888 3512 20 0 0
tree 3096 3512 5 0 0
tree 3112 3496 5 0 0
trop 3412 3492 45 0 0
trop 3556 3492 41 0 0
trop 3700 3492 48 0 0
trop 3916 3500 45 0 0
trop 4028 3508 43 0 0
fre 4092 3500 15 0 0
fre 4156 3500 15 0 0
tree 4220 3516 9 0 0
tree 5640 3512 5 0 0
trop 6596 3516 46 0 0
tree 2872 3544 19 0 0
tree 2904 3528 16 0 0
tree 2888 3528 2 0 0
fre 2988 3540 16 0 0
stand 3080 3528 35 0 0
fre 3132 3524 12 0 0
stand 4104 3544 63 1 0
tree 5640 3528 19 0 0
tree 2296 3576 16 0 0
fre 2940 3572 12 0 0
fre 3052 3580 12 0 0
fre 4100 3564 15 0 0
cliff 5472 3552 35 179 179
trop 6332 3580 46 0 0
trop 6316 3572 47 0 0
tree 2296 3592 10 0 0
tree 2296 3608 14 0 0
fre 2932 3588 12 0 0
stand 3960 3592 61 1 0
tree 4562 3606 20 0 0
tree 4546 3606 19 0 0
tree 4850 3606 15 0 0
tree 5144 3592 4 0 0
tree 5128 3592 20 0 0
tree 5160 3592 8 0 0
dom 6368 3584 17 0 0
fre 6484 3588 13 0 0
dom 6464 3584 16 0 0
tree 1912 3640 16 0 0
tree 2312 3640 20 0 0
tree 2728 3624 19 0 0
fre 2964 3636 12 0 0
fre 2948 3644 12 0 0
stand 3016 3624 32 0 0
tree 3856 3632 12 0 0
trop 4044 3644 40 0 0
stand 4120 3640 59 1 0
stand 4320 3632 54 0 0
tree 4498 3638 1 0 0
tree 4530 3638 6 0 0
tree 4562 3638 12 0 0
tree 4834 3638 2 0 0
tree 4866 3638 0 0 0
trop 6596 3628 47 0 0
dom 6688 3616 22 0 0
tree 1800 3672 17 0 0
fre 1804 3676 8 0 0
fre 1796 3668 8 0 0
tree 1832 3656 12 0 0
tree 2712 3656 15 0 0
fre 2980 3676 14 0 0
fre 3036 3652 16 0 0
tree 3856 3664 7 0 0
fre 4276 3668 15 0 0
fre 4400 3672 8 0 0
fre 4392 3672 8 0 0
tree 4400 3648 7 0 0
tree 4530 3654 19 0 0
tree 4530 3670 9 0 0
tree 4514 3670 17 0 0
tree 4546 3654 1 0 0
tree 4818 3654 15 0 0
tree 4850 3670 19 0 0
tree 4834 3654 8 0 0
tree 4834 3670 19 0 0
tree 4866 3654 19 0 0
tree 4866 3670 0 0 0
cliff 5152 3648 23 179 179
cliff 5216 3648 15 179 179
cliff 5280 3648 15 179 179
cliff 5344 3648 11 179 179
fre 6428 3652 12 0 0
dom 6400 3648 10 0 0
trop 1692 3692 40 0 0
stand 1768 3688 26 0 0
tree 2312 3704 17 0 0
tree 2712 3688 20 0 0
tree 2776 3688 13 0 0
tree 2760 3704 17 0 0
tree 3544 3710 3 0 0
tree 3576 3710 10 0 0
tree 3592 3710 10 0 0
dom 3944 3704 6 1 0
trop 4020 3684 44 0 0
dom 4288 3680 0 0 0
fre 4392 3680 8 0 0
fre 4456 3688 14 0 0
dom 6208 3680 10 0 0
dom 6240 3680 9 0 0
trop 6588 3700 46 0 0
dom 6656 3680 24 0 0
fre 6684 3708 16 0 0
tree 1832 3720 5 0 0
dom 1920 3712 10 0 0
dom 1952 3712 7 0 0
tree 2280 3736 15 0 0
tree 2328 3736 8 0 0
tree 2712 3736 7 0 0
tree 2712 3720 2 0 0
tree 2728 3720 19 0 0
tree 2728 3736 14 0 0
fre 3012 3724 16 0 0
tree 3544 3742 20 0 0
tree 3528 3726 9 0 0
tree 3576 3742 11 0 0
tree 3560 3742 14 0 0
tree 3840 3728 19 0 0
fre 4112 3712 13 0 0
fre 4112 3720 12 0 0
trop 4188 3732 46 0 0
trop 4208 3728 29 0 0
fre 4216 3720 12 0 0
fre 4316 3732 15 0 0
fre 4368 3720 16 0 0
tree 5352 3736 7 0 0
tree 5352 3720 0 0 0
trop 5540 3740 46 0 0
dom 6272 3712 15 0 0
trop 6332 3716 40 0 0
dom 6464 3712 15 0 0
fre 6540 3732 14 0 0
fre 6652 3740 15 0 0
tree 1560 3768 18 0 0
fre 1564 3772 8 0 0
tree 1576 3768 19 0 0
dom 1632 3744 0 0 0
fre 1884 3756 16 0 0
tree 2104 3768 13 0 0
tree 2264 3768 7 0 0
tree 2264 3752 17 0 0
tree 2296 3768 10 0 0
tree 2312 3768 1 0 0
tree 2712 3752 5 0 0
fre 3004 3764 16 0 0
tree 3576 3758 20 0 0
tree 3840 3760 14 0 0
tree 3840 3744 17 0 0
tree 3888 3744 0 0 0
tree 3904 3744 7 0 0
trop 4028 3756 44 0 0
fre 4104 3768 19 0 0
trop 4192 3768 24 0 0
fre 4440 3760 15 0 0
tree 4450 3766 14 0 0
tree 4528 3760 20 0 0
tree 4626 3750 11 0 0
tree 4642 3766 19 0 0
cliff 5152 3744 36 179 179
tree 5352 3752 2 0 0
tree 5352 3768 11 0 0
tree 5368 3768 5 0 0
dom 6400 3744 10 0 0
dom 6528 3744 15 0 0
dom 1760 3776 5 0 0
dom 1824 3776 8 0 0
fre 1844 3804 16 0 0
trop 1948 3796 46 0 0
tree 2072 3784 12 0 0
tree 2088 3784 12 0 0
tree 2104 3800 11 0 0
tree 2088 3800 12 0 0
tree 2264 3800 1 0 0
tree 2264 3784 6 0 0
trop 2844 3796 46 0 0
tree 3528 3806 7 0 0
fre 3532 3794 8 0 0
tree 3528 3790 19 0 0
tree 3592 3790 15 0 0
tree 3840 3776 1 0 0
stand 4112 3792 57 0 0
fre 4136 3792 18 0 0
fre 4200 3792 13 0 0
fre 4240 3792 8 0 0
fre 4240 3784 8 0 0
fre 4232 3792 8 0 0
stand 4256 3776 59 0 0
stand 4368 3776 56 0 0
tree 4450 3782 12 0 0
tree 4528 3792 2 0 0
tree 4528 3776 4 0 0
tree 4626 3782 8 0 0
tree 4626 3798 0 0 0
tree 4642 3782 9 0 0
tree 4642 3798 17 0 0
tree 5352 3784 1 0 0
dom 6176 3776 3 0 0
dom 6240 3776 6 0 0
fre 6364 3780 12 0 0
dom 6400 3776 0 0 0
fre 6492 3796 12 0 0
dom 6496 3776 7 0 0
fre 1612 3812 12 0 0
trop 1948 3836 46 0 0
tree 2264 3832 7 0 0
tree 2248 3816 5 0 0
tree 2264 3816 12 0 0
tree 3512 3838 13 0 0
tree 3528 3838 6 0 0
tree 3528 3822 20 0 0
tree 3608 3822 0 0 0
fre 3612 3826 8 0 0
tree 3624 3838 9 0 0
tree 3672 3822 1 0 0
fre 3668 3818 8 0 0
fre 3668 3826 8 0 0
tree 3656 3822 11 0 0
fre 3660 3826 8 0 0
tree 3904 3824 8 0 0
stand 3952 3808 37 1 0
fre 4032 3824 19 0 0
stand 4032 3824 37 0 0
fre 4128 3832 18 0 0
fre 4144 3824 16 0 0
fre 4264 3816 17 0 0
fre 4464 3824 16 0 0
fre 4512 3808 8 0 0
tree 4642 3814 5 0 0
tree 6392 3832 15 0 0
fre 6396 3836 8 0 0
tree 6440 3832 17 0 0
tree 6456 3832 18 0 0
fre 6436 3828 8 0 0
fre 6444 3836 8 0 0
fre 6460 3836 8 0 0
fre 6460 3828 8 0 0
fre 6452 3836 8 0 0
fre 6532 3836 19 0 0
fre 6572 3812 18 0 0
trop 6580 3820 47 0 0
dom 6688 3808 15 0 0
fre 6700 3828 15 0 0
trop 1692 3868 40 0 0
dom 1792 3840 9 0 0
dom 1888 3840 17 0 0
tree 2264 3848 15 0 0
tree 3528 3854 17 0 0
tree 3624 3870 4 0 0
fre 3628 3866 8 0 0
tree 3920 3840 9 0 0
tree 3936 3840 20 0 0
tree 3992 3870 7 0 0
tree 4008 3854 3 0 0
fre 4056 3840 19 0 0
tree 4040 3870 9 0 0
tree 4176 3856 10 0 0
stand 4444 3868 30 0 0
tree 4640 3856 5 0 0
tree 5592 3864 16 0 0
tree 5592 3848 17 0 0
tree 5608 3864 11 0 0
fre 6124 3868 14 0 0
dom 6144 3840 16 0 0
fre 6204 3852 12 0 0
dom 6240 3840 7 0 0
fre 6300 3852 14 0 0
trop 6340 3860 44 0 0
fre 6516 3868 3 0 0
tree 6536 3848 3 0 0
fre 6540 3852 8 0 0
trop 6612 3844 5 0 0
dom 6688 3840 15 0 0
dom 6816 3840 0 0 0
lay 1208 3896 12 0 0
fre 1244 3900 28 0 0
tree 1496 3896 13 0 0
dom 1600 3872 12 0 0
fre 1612 3892 12 0 0
dom 1760 3872 22 0 0
fre 1828 3876 12 0 0
dom 1920 3872 15 0 0
dom 2016 3872 16 0 0
fre 2044 3900 12 0 0
dom 2080 3872 18 0 0
tree 2104 3896 15 0 0
tree 3640 3902 6 0 0
tree 3624 3902 15 0 0
fre 3620 3874 8 0 0
fre 3628 3874 8 0 0
dom 3912 3896 6 2 0
tree 3976 3886 2 0 0
fre 4000 3872 13 0 0
tree 4056 3902 17 0 0
tree 4040 3886 9 0 0
fre 4072 3896 15 0 0
tree 4144 3888 9 0 0
tree 4160 3872 17 0 0
trop 4204 3884 40 0 0
dom 4288 3872 8 0 0
trop 4340 3900 40 0 0
stand 4416 3888 62 0 0
fre 4456 3896 8 0 0
fre 4480 3888 8 0 0
stand 4540 3884 49 0 0
tree 4556 3900 5 0 0
tree 4624 3872 13 0 0
trop 5540 3884 40 0 0
tree 5624 3880 0 0 0
dom 6080 3872 8 0 0
trop 6452 3876 48 0 0
trop 6484 3876 48 0 0
trop 6620 3892 5 0 0
fre 6804 3884 16 0 0
dom 6912 3872 3 0 0
lay 1240 3912 13 0 0
tree 1464 3912 12 0 0
tree 1512 3928 18 0 0
tree 1512 3912 17 0 0
fre 1516 3916 8 0 0
fre 1516 3924 8 0 0
stand 1640 3928 52 0 179
trop 1956 3916 47 0 0
tree 2008 3928 5 0 0
fre 2012 3932 8 0 0
tree 4048 3920 0 0 0
tree 4056 3934 6 0 0
tree 4064 3920 20 0 0
tree 4064 3904 13 0 0
tree 4144 3904 19 0 0
fre 4128 3912 16 0 0
dom 4224 3904 9 0 0
dom 4288 3904 7 0 0
fre 4448 3912 8 0 0
fre 4480 3928 19 0 0
tree 4528 3920 2 0 0
tree 4512 3904 0 0 0
stand 6072 3912 105 0 0
fre 6564 3908 19 0 0
trop 6620 3932 5 0 0
fre 6780 3924 8 0 0
fre 6780 3916 8 0 0
fre 6772 3932 8 0 0
fre 6780 3932 8 0 0
tree 6776 3928 14 0 0
trop 1212 3956 46 0 0
lay 1208 3944 11 0 0
fre 1244 3964 23 0 0
tree 1464 3960 5 0 0
fre 1572 3940 16 0 0
tree 1640 3960 16 0 0
tree 1656 3960 12 0 0
fre 1644 3964 8 0 0
fre 1652 3964 8 0 0
dom 1760 3936 21 0 0
trop 1956 3956 47 0 0
trop 2844 3940 40 0 0
tree 3608 3966 5 0 0
tree 3608 3950 19 0 0
tree 3592 3950 12 0 0
tree 3868 3948 19 0 0
fre 3984 3944 16 0 0
tree 4016 3936 2 0 0
tree 4032 3936 4 0 0
stand 4096 3952 56 0 0
fre 4272 3944 16 0 0
fre 4312 3944 15 0 0
fre 4368 3944 15 0 0
fre 4416 3944 16 0 0
tree 4560 3936 3 0 0
tree 4544 3936 13 0 0
tree 4576 3952 15 0 0
fre 4632 3936 15 0 0
dom 6272 3936 12 0 0
trop 6364 3964 40 0 0
fre 6572 3940 18 0 0
dom 6720 3936 11 0 0
fre 6764 3948 8 0 0
fre 6756 3948 8 0 0
fre 6756 3940 8 0 0
fre 6764 3940 8 0 0
tree 6760 3944 3 0 0
dom 6880 3936 6 0 0
fre 6924 3948 16 0 0
fre 1180 3988 27 0 0
tree 1288 3992 11 0 0
tree 1304 3976 13 0 0
dom 1536 3968 18 0 0
dom 1568 3968 3 0 0
tree 1816 3976 14 0 0
fre 1820 3980 8 0 0
fre 1812 3980 8 0 0
dom 1888 3968 11 0 0
dom 1984 3968 9 0 0
dom 2112 3968 10 0 0
tree 3608 3982 19 0 0
fre 3604 3978 8 0 0
fre 3692 3986 8 0 0
fre 3692 3970 8 0 0
fre 3928 3992 19 0 0
tree 3992 3998 3 0 0
tree 3976 3998 18 0 0
tree 4024 3998 8 0 0
tree 4024 3982 19 0 0
tree 4040 3982 8 0 0
fre 4488 3984 14 0 0
tree 4560 3968 19 0 0
tree 5656 3992 11 0 0
fre 6740 3972 15 0 0
fre 6804 3980 15 0 0
tree 1288 4024 12 0 0
tree 1352 4024 11 0 0
trop 1580 4012 45 0 0
trop 1692 4012 42 0 0
trop 1804 4020 48 0 0
trop 1852 4020 45 0 0
trop 1956 4020 48 0 0
dom 2080 4000 19 0 0
tree 3992 4014 19 0 0
tree 4016 4000 0 0 0
tree 4000 4000 20 0 0
tree 4032 4000 18 0 0
fre 4096 4008 13 0 0
stand 4560 4016 55 0 0
fre 4624 4008 15 0 0
stand 6312 4008 52 0 179
dom 6688 4000 0 0 0
dom 6752 4000 0 0 0
fre 6924 4028 13 0 0
dom 6912 4000 7 0 0
lay 1000 4056 2 0 0
lay 1016 4056 8 0 0
fre 1044 4060 19 0 0
tree 1032 4056 6 0 0
lay 1064 4040 12 0 0
dom 1472 4032 17 0 0
tree 3984 4048 14 0 0
trop 3984 4032 6 0 0
fre 4040 4032 17 0 0
trop 4108 4036 41 0 0
trop 4204 4052 40 0 0
dom 4256 4032 16 0 0
trop 4316 4060 41 0 0
fre 4312 4056 15 0 0
fre 4352 4032 15 0 0
dom 4384 4032 17 0 0
fre 4448 4040 16 0 0
trop 5540 4060 40 0 0
tree 6328 4056 3 0 0
fre 6332 4060 8 0 0
dom 6496 4032 4 0 0
dom 6592 4032 5 0 0
tree 6728 4056 16 0 0
fre 6732 4060 8 0 0
fre 6724 4060 8 0 0
fre 6732 4052 8 0 0
fre 6772 4044 14 0 0
fre 6796 4060 5 0 0
tree 6808 4040 19 0 0
fre 6812 4044 8 0 0
fre 6804 4044 8 0 0
fre 6812 4036 8 0 0
dom 6880 4032 8 0 0
fre 6884 4060 12 0 0
lay 968 4088 4 0 0
stand 1000 4088 34 0 0
fre 1012 4068 19 0 0
fre 1028 4076 19 0 0
fre 1044 4092 19 0 0
lay 1032 4072 13 0 0
tree 1080 4072 8 0 0
stand 1160 4088 54 0 0
trop 1212 4076 47 0 0
lay 1224 4072 9 0 0
stand 1288 4088 34 0 0
trop 1516 4092 46 0 0
dom 1568 4064 19 0 0
fre 1828 4092 12 0 0
trop 1956 4084 46 0 0
dom 1984 4064 14 0 0
tree 2600 4088 7 0 0
trop 2844 4084 47 0 0
tree 4044 4092 20 0 0
stand 4096 4080 59 0 0
fre 4520 4072 15 0 0
tree 4512 4064 4 0 0
fre 4584 4080 13 0 0
fre 4624 4064 13 0 0
fre 6244 4084 13 0 0
fre 6300 4084 13 0 0
dom 6304 4064 11 0 0
fre 6340 4068 8 0 0
tree 6440 4088 14 0 0
fre 6444 4092 8 0 0
stand 6472 4072 52 0 179
stand 6552 4072 60 0 179
tree 6568 4072 5 0 0
fre 6572 4068 8 0 0
fre 6572 4076 8 0 0
fre 6564 4076 8 0 0
fre 980 4108 19 0 0
fre 972 4124 19 0 0
lay 984 4104 12 0 0
fre 996 4116 19 0 0
fre 1028 4100 19 0 0
fre 1132 4116 16 0 0
fre 1268 4124 14 0 0
stand 1288 4120 35 0 0
fre 1324 4100 18 0 0
fre 1436 4108 16 0 0
dom 1440 4096 16 0 0
trop 1516 4108 47 0 0
dom 1632 4096 20 0 0
dom 1760 4096 25 0 0
dom 1888 4096 6 0 0
dom 2048 4096 8 0 0
tree 2616 4104 5 0 0
tree 3464 4126 17 0 0
tree 3512 4126 13 0 0
fre 3516 4114 8 0 0
tree 3512 4110 2 0 0
tree 3656 4110 2 0 0
tree 4016 4112 3 0 0
tree 4032 4112 13 0 0
trop 4316 4124 41 0 0
dom 4352 4096 3 0 0
fre 4416 4120 18 0 0
stand 4432 4112 51 0 0
tree 4496 4096 9 0 0
tree 4512 4096 1 0 0
trop 4550 4110 25 0 0
tree 4608 4112 15 0 0
dom 6080 4096 9 0 0
fre 6124 4100 16 0 0
dom 6144 4096 8 0 0
trop 6380 4108 44 0 0
trop 6484 4124 41 0 0
trop 6540 4108 41 0 0
trop 6684 4116 41 0 0
fre 6788 4100 16 0 0
trop 6804 4124 48 0 0
trop 6948 4108 46 0 0
tree 1048 4152 11 0 0
tree 1048 4136 12 0 0
tree 1064 4136 12 0 0
lay 1192 4136 14 0 0
trop 1516 4148 46 0 0
dom 1568 4128 14 0 0
trop 1692 4148 40 0 0
trop 1956 4140 46 0 0
tree 2424 4152 2 0 0
tree 2408 4152 6 0 0
tree 3480 4158 4 0 0
tree 3480 4142 18 0 0
tree 3512 4158 19 0 0
tree 3496 4142 19 0 0
tree 3544 4158 2 0 0
tree 3528 4142 12 0 0
tree 3672 4158 1 0 0
tree 3656 4158 13 0 0
tree 3672 4142 12 0 0
tree 3656 4142 15 0 0
tree 3688 4158 20 0 0
tree 3688 4142 10 0 0
tree 3928 4142 10 0 0
tree 3912 4142 11 0 0
fre 3960 4136 14 0 0
tree 4016 4128 4 0 0
tree 4032 4128 17 0 0
fre 4112 4144 17 0 0
tree 4512 4128 11 0 0
fre 4568 4144 15 0 0
tree 4624 4128 5 0 0
tree 4608 4128 5 0 0
tree 4952 4152 7 0 0
tree 5736 4136 14 0 0
tree 5752 4136 18 0 0
tree 5752 4152 15 0 0
trop 6532 4132 41 0 0
trop 6876 4132 48 0 0
trop 6916 4148 45 0 0
trop 7036 4156 48 0 0
tree 984 4168 6 0 0
stand 1016 4184 18 0 0
tree 1144 4168 8 0 0
stand 1288 4184 12 0 0
dom 1472 4160 15 0 0
fre 1596 4180 12 0 0
dom 1632 4160 8 0 0
dom 1760 4160 19 0 0
fre 1828 4172 12 0 0
tree 1912 4184 5 0 0
fre 1892 4180 11 0 0
dom 2016 4160 25 0 0
tree 2360 4184 1 0 0
tree 2392 4168 20 0 0
tree 2376 4184 20 0 0
tree 3256 4190 19 0 0
tree 3480 4190 15 0 0
tree 3464 4190 19 0 0
tree 3464 4174 9 0 0
tree 3512 4190 17 0 0
tree 3512 4174 12 0 0
fre 3548 4162 8 0 0
fre 3524 4180 31 0 0
tree 3656 4174 19 0 0
fre 3660 4178 8 0 0
tree 3736 4190 5 0 0
tree 3720 4174 19 0 0
fre 4024 4176 13 0 0
stand 4128 4160 53 0 0
dom 4384 4160 15 1 0
tree 4384 4176 9 0 0
fre 4488 4168 15 0 0
fre 4536 4168 15 0 0
fre 4732 4180 31 0 0
stand 4744 4168 19 0 0
cliff 4842 4174 8 179 179
tree 5592 4168 1 0 0
tree 5592 4184 11 0 0
trop 6100 4180 19 0 0
trop 6108 4180 19 0 0
trop 6108 4172 19 0 0
dom 6080 4160 17 0 0
fre 6100 4188 13 0 0
trop 6124 4180 19 0 0
fre 6164 4172 15 0 0
dom 6240 4160 13 0 0
fre 6316 4164 16 0 0
tree 6408 4184 2 0 0
fre 6412 4188 8 0 0
fre 6412 4180 8 0 0
tree 6728 4184 15 0 0
tree 6792 4184 17 0 0
fre 6796 4188 8 0 0
dom 6848 4160 19 0 0
trop 7012 4172 45 0 0
trop 7132 4172 48 0 0
trop 7156 4188 45 0 0
tree 968 4216 12 0 0
stand 1128 4200 11 1 0
stand 1176 4216 10 1 0
fre 1244 4212 16 0 0
trop 1516 4212 47 0 0
fre 1772 4220 15 0 0
dom 1792 4192 17 0 0
trop 1956 4196 47 0 0
tree 3224 4206 19 0 0
tree 3240 4222 1 0 0
tree 3320 4222 15 0 0
tree 3480 4206 1 0 0
fre 3540 4204 31 0 0
tree 3656 4206 9 0 0
tree 3920 4192 14 0 0
tree 3952 4208 0 0 0
tree 3968 4208 17 0 0
trop 4204 4196 40 0 0
tree 4240 4208 3 0 0
dom 4288 4192 10 1 0
fre 4336 4208 8 0 0
fre 4400 4216 15 0 0
tree 4384 4192 10 0 0
fre 4448 4192 15 0 0
tree 4568 4216 15 0 0
tree 4568 4200 9 0 0
tree 4584 4216 8 0 0
fre 5244 4220 14 0 0
fre 6292 4196 16 0 0
tree 6456 4200 2 0 0
tree 6440 4200 2 0 0
fre 6452 4196 8 0 0
fre 6436 4196 8 0 0
fre 6460 4204 8 0 0
trop 6524 4204 46 0 0
tree 6712 4200 19 0 0
dom 6688 4192 5 0 0
dom 6752 4192 8 0 0
dom 6848 4192 15 0 0
trop 6900 4204 47 0 0
dom 7008 4192 3 0 0
stand 1016 4232 10 0 0
fre 1156 4236 16 0 0
tree 1208 4248 8 0 0
dom 1440 4224 21 0 0
dom 1600 4224 23 0 0
dom 1760 4224 3 0 0
tree 1912 4232 1 0 0
fre 1916 4236 8 0 0
fre 3236 4250 8 0 0
tree 3240 4254 3 0 0
tree 3240 4238 19 0 0
tree 3288 4254 20 0 0
tree 3320 4238 17 0 0
tree 3336 4238 10 0 0
tree 3384 4254 14 0 0
tree 3384 4238 16 0 0
tree 3400 4254 3 0 0
tree 3416 4238 6 0 0
tree 3400 4238 5 0 0
tree 3544 4254 9 0 0
tree 3528 4254 8 0 0
tree 3968 4224 17 0 0
tree 4048 4224 20 0 0
tree 4032 4240 17 0 0
dom 4136 4248 10 2 0
trop 4276 4244 41 0 0
stand 4320 4240 50 0 0
stand 4408 4248 52 0 0
stand 4448 4224 38 0 0
fre 4528 4240 12 0 0
cliff 4714 4238 42 179 179
trop 5540 4236 40 0 0
cliff 5888 4224 23 179 179
fre 6212 4228 13 0 0
fre 6252 4244 12 0 0
tree 6392 4248 1 0 0
fre 6372 4228 12 0 0
tree 6456 4232 2 0 0
fre 6460 4236 8 0 0
trop 6524 4244 40 0 0
fre 6612 4228 16 0 0
tree 6712 4232 2 0 0
fre 6828 4244 16 0 0
trop 6852 4252 19 0 0
dom 6848 4224 2 0 0
dom 6944 4224 25 0 0
lay 7240 4232 4 0 0
lay 7256 4248 2 0 0
lay 7256 4232 8 0 0
lay 7240 4248 6 0 0
lay 7272 4248 7 0 0
tree 7288 4248 6 0 0
stand 1016 4280 10 0 0
tree 1064 4264 7 0 0
tree 1080 4264 7 0 0
stand 1128 4280 15 0 0
stand 1176 4264 18 0 0
fre 1428 4276 12 0 0
trop 1516 4268 47 0 0
dom 1760 4256 2 0 0
fre 1804 4260 16 0 0
dom 1856 4256 16 0 0
dom 1920 4256 15 0 0
trop 1956 4260 47 0 0
fre 2036 4268 12 0 0
dom 2048 4256 10 0 0
tree 2760 4280 15 0 0
tree 2760 4264 9 0 0
tree 3416 4270 0 0 0
fre 3420 4274 8 0 0
fre 3468 4284 31 0 0
fre 3492 4268 31 0 0
fre 3540 4284 31 0 0
fre 3548 4268 32 0 0
fre 3580 4260 32 0 0
fre 3596 4260 31 0 0
fre 4328 4264 15 0 0
fre 4368 4272 16 0 0
trop 4352 4256 25 0 0
fre 4480 4264 15 0 0
cliff 4842 4270 36 179 179
tree 5048 4264 18 0 0
tree 5064 4280 12 0 0
dom 5152 4256 115 0 0
fre 5196 4284 16 0 0
cliff 5856 4256 1 179 179
fre 6476 4268 5 0 0
dom 6688 4256 0 0 0
trop 6844 4260 19 0 0
trop 7204 4268 46 0 0
lay 7256 4264 5 0 0
lay 7272 4264 3 0 0
fre 1164 4308 12 0 0
fre 1236 4308 12 0 0
stand 1288 4296 12 1 0
trop 1556 4300 45 0 0
trop 1588 4300 48 0 0
tree 2744 4312 8 0 0
tree 2744 4296 1 0 0
tree 2760 4296 18 0 0
fre 3412 4292 31 0 0
tree 3544 4318 2 0 0
tree 3528 4318 11 0 0
tree 3624 4318 7 0 0
tree 3968 4288 16 0 0
tree 3968 4304 0 0 0
fre 4024 4304 16 0 0
trop 4212 4316 47 0 0
fre 4216 4312 15 0 0
fre 4440 4296 15 0 0
tree 4984 4312 3 0 0
tree 5000 4312 0 0 0
tree 5016 4312 0 0 0
tree 5048 4312 20 0 0
cliff 5824 4288 0 179 179
fre 6716 4300 14 0 0
dom 6784 4288 10 0 0
tree 7064 4312 6 0 0
stand 1032 4328 17 1 0
fre 1076 4340 12 0 0
stand 1112 4328 54 0 0
stand 1224 4344 19 0 0
fre 1220 4332 15 0 0
stand 1256 4344 34 0 0
trop 1692 4324 40 0 0
fre 1756 4332 16 0 0
dom 1760 4320 8 0 0
fre 1812 4332 7 0 0
tree 1880 4328 10 0 0
tree 1880 4344 2 0 0
fre 1884 4348 8 0 0
tree 1896 4328 3 0 0
tree 1896 4344 8 0 0
fre 1908 4340 8 0 0
trop 2852 4324 46 0 0
tree 3352 4334 3 0 0
fre 3356 4332 32 0 0
tree 3368 4334 15 0 0
stand 3400 4328 10 0 0
tree 3560 4334 5 0 0
tree 3592 4350 17 0 0
tree 3608 4334 14 0 0
fre 3588 4332 31 0 0
tree 3624 4334 6 0 0
tree 3968 4320 6 0 0
trop 4216 4320 24 0 0
stand 4288 4336 57 0 0
stand 4400 4336 59 0 0
tree 4536 4344 16 0 0
tree 4552 4344 13 0 0
tree 5112 4328 7 0 0
tree 5112 4344 19 0 0
tree 5096 4344 18 0 0
cliff 5696 4320 23 179 179
cliff 5792 4320 34 179 179
dom 6240 4320 7 0 0
fre 6244 4324 15 0 0
tree 6328 4344 5 0 0
dom 6304 4320 16 0 0
dom 6400 4320 5 0 0
dom 6432 4320 6 0 0
fre 6460 4332 16 0 0
fre 6596 4348 16 0 0
dom 6688 4320 15 0 0
fre 6780 4340 16 0 0
dom 6816 4320 17 0 0
fre 6860 4340 14 0 0
dom 6880 4320 3 0 0
tree 840 4376 9 0 0
stand 1016 4376 34 0 0
tree 1272 4376 7 0 0
dom 1440 4352 16 0 0
tree 1480 4376 14 0 0
trop 1508 4356 46 0 0
dom 1568 4352 17 0 0
tree 1880 4360 4 0 0
tree 1864 4376 4 0 0
fre 1884 4364 8 0 0
fre 1868 4372 8 0 0
fre 1860 4380 8 0 0
tree 3352 4382 5 0 0
tree 3336 4382 1 0 0
tree 3352 4366 15 0 0
stand 3400 4376 10 0 0
fre 3436 4372 32 0 0
fre 3516 4364 31 0 0
tree 3576 4366 10 0 0
tree 3592 4366 16 0 0
tree 4048 4368 11 0 0
fre 4192 4368 15 0 0
cliff 5664 4352 5 179 179
fre 6156 4356 12 0 0
dom 6208 4352 10 0 0
fre 6300 4364 8 0 0
tree 6296 4360 0 0 0
dom 6656 4352 5 0 0
tree 6696 4376 20 0 0
fre 6700 4380 8 0 0
fre 6700 4372 8 0 0
fre 6692 4380 8 0 0
dom 6816 4352 9 0 0
trop 7204 4380 47 0 0
tree 840 4392 9 0 0
lay 840 4392 7 0 0
tree 872 4392 8 0 0
lay 872 4392 11 0 0
lay 872 4408 10 0 0
tree 1080 4392 8 0 0
tree 1080 4408 8 0 0
tree 1064 4408 13 0 0
tree 1112 4408 12 0 0
tree 1240 4392 6 0 0
trop 1508 4396 47 0 0
dom 1536 4384 7 0 0
tree 3320 4398 2 0 0
tree 3336 4398 13 0 0
tree 4032 4400 5 0 0
tree 4032 4384 16 0 0
stand 4112 4384 61 0 0
trop 4208 4392 24 0 0
fre 4272 4408 13 0 0
fre 4344 4392 13 0 0
fre 4400 4384 13 0 0
trop 5540 4388 47 0 0
cliff 5632 4384 9 179 179
fre 6204 4388 13 0 0
fre 6444 4412 7 0 0
trop 6596 4404 48 0 0
fre 6652 4388 16 0 0
fre 6724 4388 16 0 0
fre 6820 4404 15 0 0
lay 6968 4392 11 0 0
lay 6984 4392 13 0 0
tree 1064 4424 9 0 0
tree 1416 4440 15 0 0
dom 1632 4416 16 0 0
tree 1752 4440 3 0 0
fre 1756 4436 8 0 0
trop 2852 4444 47 0 0
stand 3416 4424 19 0 0
tree 4032 4416 1 0 0
fre 4140 4444 16 0 0
tree 4156 4428 14 0 0
fre 4160 4432 8 0 0
tree 4240 4432 4 0 0
dom 6240 4416 19 0 0
dom 6368 4416 19 0 0
dom 6400 4416 16 0 0
fre 6412 4420 16 0 0
trop 6524 4420 40 0 0
dom 6816 4416 8 0 0
dom 7136 4416 12 0 0
tree 952 4472 13 0 0
tree 1400 4472 15 0 0
tree 1416 4456 16 0 0
tree 1432 4472 17 0 0
tree 1416 4472 19 0 0
tree 1752 4456 13 0 0
tree 1736 4472 16 0 0
tree 1752 4472 2 0 0
tree 1768 4472 9 0 0
tree 3048 4472 3 0 0
fre 3380 4452 32 0 0
tree 4048 4464 13 0 0
tree 4064 4464 2 0 0
tree 4272 4448 2 0 0
fre 4292 4460 31 0 0
tree 4288 4448 3 0 0
tree 4336 4464 14 0 0
tree 4320 4464 6 0 0
tree 4368 4464 7 0 0
fre 6236 4452 15 0 0
fre 6620 4476 12 0 0
fre 6716 4476 12 0 0
dom 6720 4448 18 0 0
dom 6752 4448 15 0 0
stand 7256 4456 35 0 0
tree 920 4488 12 0 0
lay 904 4504 8 0 0
tree 936 4488 12 0 0
tree 936 4504 12 0 0
tree 1416 4488 3 0 0
tree 1416 4504 19 0 0
fre 1412 4500 8 0 0
fre 1412 4492 8 0 0
fre 1420 4484 8 0 0
dom 1600 4480 9 0 0
trop 1692 4500 40 0 0
tree 1768 4488 15 0 0
tree 1768 4504 2 0 0
fre 1772 4508 8 0 0
fre 1772 4492 8 0 0
tree 3048 4504 20 0 0
tree 3064 4488 17 0 0
tree 3048 4488 1 0 0
tree 3160 4488 5 0 0
tree 4256 4480 10 0 0
tree 4368 4480 8 0 0
dom 6240 4480 19 0 0
fre 6252 4500 12 0 0
dom 6272 4480 16 0 0
fre 6300 4484 15 0 0
dom 6336 4480 8 0 0
dom 6592 4480 8 0 0
dom 6656 4480 10 0 0
tree 7080 4504 12 0 0
tree 7112 4504 12 0 0
tree 920 4520 11 0 0
tree 904 4520 11 0 0
tree 1464 4536 13 0 0
tree 1528 4520 8 0 0
tree 1512 4536 8 0 0
tree 1544 4520 11 0 0
tree 1560 4536 10 0 0
tree 1768 4536 12 0 0
fre 6428 4540 12 0 0
dom 6432 4512 10 0 0
dom 6464 4512 3 0 0
tree 6984 4520 9 0 0
tree 7096 4520 12 0 0
tree 1480 4552 9 0 0
tree 1496 4552 15 0 0
tree 1528 4552 17 0 0
tree 1528 4568 9 0 0
tree 1544 4552 0 0 0
tree 1544 4568 13 0 0
tree 1560 4568 5 0 0
tree 1576 4568 7 0 0
tree 1576 4552 5 0 0
tree 1592 4568 2 0 0
tree 1608 4568 4 0 0
fre 1612 4572 8 0 0
tree 1752 4568 4 0 0
fre 1756 4572 8 0 0
tree 1768 4552 3 0 0
fre 1764 4556 8 0 0
fre 1772 4548 8 0 0
tree 2392 4574 5 0 0
tree 3256 4568 8 0 0
trop 6524 4564 47 0 0
tree 6968 4568 11 0 0
tree 6984 4568 11 0 0
tree 6984 4552 13 0 0
tree 1448 4584 20 0 0
tree 1464 4584 4 0 0
tree 1480 4584 12 0 0
tree 1608 4584 19 0 0
fre 1604 4588 8 0 0
tree 2360 4606 7 0 0
tree 2344 4606 12 0 0
tree 2376 4606 17 0 0
tree 2392 4590 0 0 0
tree 2376 4590 13 0 0
tree 3240 4600 4 0 0
tree 3240 4584 15 0 0
tree 3256 4584 5 0 0
tree 4920 4600 6 0 0
tree 4920 4584 0 0 0
tree 4904 4584 4 0 0
fre 6340 4588 15 0 0
dom 6368 4576 10 0 0
tree 6408 4600 14 0 0
fre 6412 4596 8 0 0
fre 6412 4604 8 0 0
fre 6404 4604 8 0 0
dom 6592 4576 21 0 0
fre 6652 4580 12 0 0
dom 6656 4576 15 0 0
tree 6984 4600 13 0 0
tree 7032 4584 11 0 0
tree 7048 4584 6 0 0
tree 2328 4638 1 0 0
tree 2344 4622 8 0 0
trop 5556 4620 46 0 0
dom 6464 4608 9 0 0
trop 6532 4620 46 0 0
trop 6540 4612 46 0 0
fre 6612 4620 12 0 0
tree 7000 4616 11 0 0
trop 1692 4652 47 0 0
tree 2296 4670 18 0 0
fre 6380 4652 15 0 0
fre 6468 4660 14 0 0
tree 2296 4702 4 0 0
tree 2328 4702 15 0 0
tree 2360 4702 8 0 0
tree 2408 4702 17 0 0
tree 4040 4696 15 0 0
dom 6464 4672 16 0 0
tree 2312 4734 4 0 0
tree 2360 4734 8 0 0
tree 2360 4718 5 0 0
tree 2376 4718 15 0 0
tree 2440 4734 13 0 0
tree 2440 4718 2 0 0
tree 4024 4728 12 0 0
tree 4008 4728 16 0 0
tree 4040 4712 20 0 0
tree 4728 4712 6 0 0
tree 4760 4728 12 0 0
tree 4744 4728 13 0 0
tree 4744 4712 10 0 0
tree 2312 4766 8 0 0
tree 2328 4750 9 0 0
tree 2360 4750 3 0 0
tree 2392 4766 8 0 0
tree 2632 4766 11 0 0
tree 2632 4750 9 0 0
tree 2744 4766 7 0 0
fre 2828 4754 18 0 0
tree 3992 4744 3 0 0
tree 3992 4760 5 0 0
tree 4792 4744 4 0 0
trop 5556 4740 47 0 0
tree 2232 4782 11 0 0
tree 2344 4782 13 0 0
tree 2392 4798 8 0 0
tree 2456 4798 17 0 0
tree 2632 4782 19 0 0
trop 4604 4772 46 0 0
tree 2344 4830 3 0 0
tree 2360 4814 19 0 0
tree 2376 4830 16 0 0
tree 2440 4830 11 0 0
tree 2632 4814 4 0 0
tree 2296 4846 17 0 0
tree 2328 4862 19 0 0
tree 2312 4862 2 0 0
tree 2392 4862 6 0 0
tree 2376 4846 0 0 0
tree 2616 4862 13 0 0
fre 2740 4860 31 0 0
trop 2868 4860 46 0 0
tree 5624 4840 12 0 0
tree 5640 4840 5 0 0
tree 5656 4840 11 0 0
tree 5906 4858 0 0 0
tree 5938 4858 10 0 0
tree 5938 4842 15 0 0
tree 2392 4894 8 0 0
tree 2408 4894 5 0 0
tree 2424 4878 14 0 0
tree 2408 4878 14 0 0
fre 2700 4876 31 0 0
fre 2716 4884 35 0 0
stand 2728 4878 13 0 0
fre 2860 4882 18 0 0
trop 4620 4884 44 0 0
tree 5458 4890 20 0 0
tree 5458 4874 2 0 0
tree 5512 4872 15 0 0
tree 5512 4888 1 0 0
trop 5564 4892 46 0 0
tree 5810 4874 0 0 0
tree 5826 4890 16 0 0
tree 5874 4890 14 0 0
tree 5890 4890 9 0 0
tree 5906 4874 10 0 0
tree 5890 4874 10 0 0
tree 2296 4904 1 0 0
tree 2296 4920 2 0 0
tree 2392 4910 13 0 0
tree 2408 4926 19 0 0
tree 2408 4910 18 0 0
tree 2472 4920 11 0 0
tree 2472 4904 16 0 0
fre 2652 4916 35 0 0
dom 2672 4918 1 2 0
fre 2732 4900 31 0 0
tree 2760 4910 9 0 0
trop 4732 4900 48 0 0
tree 5458 4922 6 0 0
tree 5874 4906 20 0 0
tree 5858 4906 1 0 0
tree 2296 4936 13 0 0
tree 2296 4952 6 0 0
tree 2312 4936 7 0 0
tree 2312 4952 19 0 0
tree 2456 4952 17 0 0
tree 2472 4936 3 0 0
tree 2472 4952 20 0 0
fre 2540 4956 35 0 0
fre 2572 4956 35 0 0
fre 2716 4932 31 0 0
fre 2852 4938 12 0 0
trop 5068 4948 45 0 0
trop 5188 4948 48 0 0
trop 5404 4956 45 0 0
trop 5516 4956 48 0 0
trop 5740 4956 45 0 0
trop 5892 4956 41 0 0
tree 2440 4984 4 0 0
tree 2440 4968 5 0 0
tree 2456 4968 20 0 0
tree 2488 4968 0 0 0
tree 2488 4984 10 0 0
stand 2632 4984 14 0 0
fre 2684 4972 31 0 0
tree 2808 4990 6 0 0
tree 2424 5016 3 0 0
tree 2424 5000 13 0 0
tree 2488 5016 12 0 0
fre 2548 5012 34 0 0
fre 2580 5012 34 0 0
fre 2652 5012 34 0 0
trop 2868 5012 40 0 0
tree 2908 5015 6 0 0
tree 2924 5015 9 0 0
tree 5842 5018 17 0 0
tree 2488 5032 0 0 0
tree 2504 5048 14 0 0
fre 2612 5028 34 0 0
tree 2744 5054 6 0 0
tree 2760 5054 15 0 0
tree 2792 5054 10 0 0
fre 4332 5052 8 0 0
tree 4328 5048 3 0 0
fre 4364 5052 8 0 0
tree 4360 5048 4 0 0
tree 5314 5050 5 0 0
tree 2488 5080 20 0 0
tree 2472 5080 7 0 0
tree 2552 5080 15 0 0
tree 2536 5080 9 0 0
tree 5314 5082 11 0 0
tree 5330 5066 2 0 0
tree 5314 5066 11 0 0
tree 5458 5082 17 0 0
tree 5490 5082 9 0 0
tree 5474 5082 2 0 0
tree 5490 5066 3 0 0
stand 5682 5082 11 1 0
tree 2488 5096 10 0 0
tree 2520 5112 17 0 0
tree 2504 5112 14 0 0
tree 2552 5096 10 0 0
tree 2568 5112 8 0 0
tree 2616 5112 2 0 0
tree 2600 5112 2 0 0
tree 2776 5118 18 0 0
tree 2792 5118 12 0 0
tree 2808 5102 11 0 0
dom 3140 5119 0 0 0
tree 5032 5096 17 0 0
stand 5080 5112 15 0 0
fre 5060 5092 33 0 0
tree 5330 5114 20 0 0
tree 5314 5098 4 0 0
tree 5410 5114 14 0 0
tree 5426 5114 18 0 0
tree 5442 5114 14 0 0
tree 5442 5098 20 0 0
tree 5458 5098 4 0 0
fre 5710 5102 16 0 0
stand 5826 5098 15 0 0
fre 2268 5124 16 0 0
tree 2552 5128 7 0 0
tree 2648 5150 7 0 0
tree 2648 5134 2 0 0
tree 2712 5150 3 0 0
tree 2728 5150 10 0 0
tree 2744 5134 12 0 0
dom 3076 5151 5 0 0
tree 3196 5143 20 0 0
tree 5330 5130 15 0 0
tree 5314 5130 9 0 0
tree 5346 5146 19 0 0
tree 5378 5146 13 0 0
tree 5394 5130 11 0 0
tree 5426 5146 9 0 0
tree 5410 5130 13 0 0
tree 5426 5130 2 0 0
tree 5442 5130 7 0 0
tree 5506 5146 18 0 0
tree 5506 5130 4 0 0
stand 5666 5146 10 0 0
fre 5766 5126 15 0 0
fre 5830 5150 15 0 0
fre 2260 5180 15 0 0
tree 2488 5160 12 0 0
tree 2680 5166 1 0 0
tree 2696 5166 20 0 0
tree 2988 5159 14 0 0
tree 3100 5175 19 0 0
fre 3104 5171 8 0 0
tree 3180 5159 16 0 0
tree 5378 5178 4 0 0
tree 5394 5178 12 0 0
tree 5378 5162 8 0 0
tree 5426 5178 1 0 0
tree 5410 5162 9 0 0
tree 5426 5162 5 0 0
tree 5506 5178 15 0 0
tree 5506 5162 17 0 0
tree 5522 5162 1 0 0
stand 5746 5178 16 1 0
stand 5890 5162 12 0 0
trop 2868 5188 40 0 0
tree 2968 5192 7 0 0
fre 3160 5187 14 0 0
cliff 5072 5206 23 179 179
tree 5330 5210 3 0 0
tree 5314 5210 13 0 0
tree 5378 5194 11 0 0
tree 5426 5210 19 0 0
tree 5410 5210 9 0 0
tree 5410 5194 9 0 0
tree 5458 5210 9 0 0
tree 5442 5210 4 0 0
tree 5442 5194 16 0 0
tree 5506 5210 11 0 0
tree 5506 5194 18 0 0
stand 5618 5194 17 0 0
fre 2260 5236 15 0 0
tree 2540 5223 10 0 0
fre 3072 5219 16 0 0
dom 3268 5247 15 0 0
tree 4824 5240 3 0 0
cliff 5040 5238 18 179 179
tree 5458 5226 1 0 0
fre 5654 5246 16 0 0
stand 5842 5226 35 0 0
fre 2324 5252 13 0 0
fre 2372 5276 15 0 0
fre 2606 5249 15 0 0
tree 2668 5255 16 0 0
fre 2670 5257 15 0 0
trop 2972 5260 41 0 0
dom 3012 5279 10 0 0
tree 3068 5271 5 0 0
fre 3144 5259 15 0 0
dom 3204 5279 10 0 0
tree 4552 5272 6 0 0
tree 4568 5272 10 0 0
tree 4568 5256 0 0 0
stand 5602 5258 17 1 0
fre 5854 5254 16 0 0
tree 2572 5303 3 0 0
stand 2652 5287 42 0 0
tree 2668 5303 0 0 0
dom 2788 5311 6 0 0
fre 2840 5291 18 0 0
fre 2904 5291 13 0 0
tree 2940 5287 19 0 0
fre 2936 5291 8 0 0
fre 2944 5283 8 0 0
fre 2944 5291 8 0 0
trop 2980 5308 41 0 0
tree 3052 5303 14 0 0
dom 3108 5311 17 0 0
tree 3212 5303 17 0 0
fre 3216 5307 8 0 0
tree 3228 5287 14 0 0
tree 4312 5304 19 0 0
tree 4328 5304 18 0 0
fre 4380 5308 8 0 0
tree 4376 5304 18 0 0
tree 4552 5288 0 0 0
tree 4584 5304 6 0 0
cliff 5040 5302 18 179 179
fre 5678 5302 13 0 0
stand 5762 5290 32 0 0
fre 5798 5310 12 0 0
stand 2328 5320 14 0 0
fre 2380 5324 15 0 0
fre 2436 5316 15 0 0
tree 2504 5336 16 0 0
tree 2540 5319 2 0 0
fre 2548 5332 13 0 0
tree 2636 5319 5 0 0
fre 2736 5323 19 0 0
fre 2760 5339 19 0 0
fre 2832 5331 18 0 0
tree 2956 5319 2 0 0
fre 2968 5315 17 0 0
trop 3084 5316 41 0 0
fre 3168 5323 16 0 0
tree 3352 5336 18 0 0
fre 4252 5324 8 0 0
tree 4248 5320 0 0 0
fre 4284 5340 8 0 0
tree 4280 5336 18 0 0
tree 4264 5320 1 0 0
tree 4296 5336 0 0 0
tree 4344 5320 1 0 0
fre 4380 5324 8 0 0
tree 4376 5336 20 0 0
tree 4376 5320 2 0 0
tree 4360 5336 13 0 0
tree 4536 5336 15 0 0
tree 4568 5336 8 0 0
tree 4584 5320 7 0 0
tree 4728 5336 12 0 0
tree 4760 5336 6 0 0
tree 4744 5336 10 0 0
cliff 5040 5334 22 179 179
tree 5330 5338 2 0 0
tree 5378 5338 13 0 0
stand 5586 5322 19 0 0
fre 5646 5326 15 0 0
stand 5682 5338 18 0 0
tree 6002 5338 19 0 0
fre 2276 5356 12 0 0
fre 2284 5372 15 0 0
tree 2504 5352 4 0 0
fre 2704 5371 13 0 0
trop 2860 5348 40 0 0
dom 2980 5375 0 0 0
trop 2980 5372 41 0 0
dom 3044 5375 7 0 0
stand 3148 5367 30 0 0
tree 4344 5368 19 0 0
tree 4376 5352 18 0 0
tree 4360 5352 15 0 0
tree 4360 5368 10 0 0
fre 4404 5364 8 0 0
tree 4408 5368 11 0 0
tree 4392 5352 2 0 0
tree 4504 5368 14 0 0
tree 4536 5352 15 0 0
tree 4760 5352 10 0 0
tree 4776 5368 3 0 0
tree 5362 5370 18 0 0
tree 5378 5370 20 0 0
fre 5582 5358 15 0 0
fre 5734 5366 16 0 0
fre 2252 5404 15 0 0
fre 2348 5388 12 0 0
dom 2628 5407 13 0 0
fre 2776 5395 15 0 0
dom 3108 5407 8 0 0
tree 3164 5399 17 0 0
fre 3160 5395 8 0 0
tree 3180 5383 3 0 0
fre 3184 5387 8 0 0
tree 3260 5399 5 0 0
stand 3244 5383 49 0 0
tree 4024 5400 1 0 0
tree 4040 5384 8 0 0
tree 4328 5384 13 0 0
tree 4360 5400 5 0 0
tree 4360 5384 8 0 0
fre 4396 5404 8 0 0
fre 4396 5396 8 0 0
tree 4408 5384 20 0 0
tree 4392 5400 4 0 0
tree 4520 5384 3 0 0
tree 4696 5400 4 0 0
tree 4712 5384 14 0 0
tree 4712 5400 6 0 0
tree 4808 5384 20 0 0
tree 4904 5400 2 0 0
tree 4904 5384 10 0 0
cliff 5072 5398 30 179 179
tree 5362 5386 1 0 0
tree 5378 5386 13 0 0
tree 5490 5402 17 0 0
tree 5522 5402 19 0 0
tree 5506 5402 7 0 0
tree 5554 5402 6 0 0
tree 5538 5402 1 0 0
tree 6440 5400 12 0 0
fre 2596 5428 13 0 0
trop 2904 5411 24 0 0
tree 3148 5415 5 0 0
fre 3152 5411 8 0 0
fre 3184 5427 19 0 0
dom 3300 5439 6 0 0
fre 3336 5435 15 0 0
fre 4348 5436 8 0 0
fre 4332 5436 8 0 0
tree 4344 5432 4 0 0
tree 4328 5432 2 0 0
fre 4356 5412 8 0 0
tree 4360 5416 16 0 0
tree 4536 5416 1 0 0
tree 4616 5416 8 0 0
tree 4648 5416 7 0 0
tree 4696 5416 8 0 0
tree 4680 5416 8 0 0
tree 4824 5416 17 0 0
tree 4840 5432 2 0 0
tree 4904 5416 11 0 0
tree 4904 5432 1 0 0
tree 5346 5434 15 0 0
tree 5378 5418 11 0 0
tree 5570 5418 20 0 0
tree 5874 5434 19 0 0
tree 5858 5434 0 0 0
tree 5970 5434 11 0 0
tree 6248 5416 12 0 0
tree 6296 5432 13 0 0
tree 6504 5432 11 0 0
tree 2572 5447 19 0 0
fre 2688 5443 16 0 0
dom 2788 5471 10 0 0
trop 2972 5468 41 0 0
fre 2976 5443 16 0 0
fre 3016 5443 15 0 0
dom 3076 5471 19 0 0
fre 3072 5443 15 0 0
fre 3120 5443 16 0 0
tree 4184 5464 13 0 0
tree 4312 5464 5 0 0
tree 4296 5448 11 0 0
tree 4552 5448 3 0 0
tree 4568 5464 19 0 0
tree 4584 5464 10 0 0
tree 4600 5448 7 0 0
tree 4856 5464 13 0 0
tree 4888 5464 9 0 0
tree 4888 5448 5 0 0
tree 4904 5464 3 0 0
tree 4904 5448 9 0 0
cliff 5136 5462 31 179 179
tree 5506 5466 12 0 0
tree 5586 5466 13 0 0
tree 5586 5450 14 0 0
tree 5682 5450 5 0 0
tree 5714 5450 9 0 0
tree 5746 5466 1 0 0
tree 5730 5450 2 0 0
tree 5842 5466 6 0 0
tree 5858 5466 12 0 0
tree 5858 5450 4 0 0
tree 5874 5450 6 0 0
tree 5954 5450 6 0 0
cliff 2496 5472 10 179 179
fre 2582 5489 12 0 0
tree 2632 5496 7 0 0
fre 2632 5491 19 0 0
tree 2680 5496 5 0 0
tree 2664 5496 20 0 0
tree 2696 5496 4 0 0
dom 2980 5503 5 0 0
fre 3192 5483 14 0 0
dom 3236 5503 19 0 0
tree 3384 5496 1 0 0
tree 3400 5480 6 0 0
tree 4200 5480 15 0 0
tree 4248 5496 1 0 0
tree 4568 5480 2 0 0
tree 4584 5480 8 0 0
tree 5506 5482 14 0 0
tree 5554 5498 3 0 0
tree 5570 5498 3 0 0
tree 5586 5482 6 0 0
tree 5778 5498 9 0 0
tree 5762 5482 2 0 0
tree 5810 5498 1 0 0
tree 5842 5498 1 0 0
tree 5826 5498 16 0 0
tree 5858 5482 4 0 0
tree 5986 5498 16 0 0
tree 6264 5480 18 0 0
tree 6344 5496 13 0 0
tree 2600 5528 10 0 0
trop 2624 5523 6 0 0
trop 2688 5531 6 0 0
fre 2744 5531 17 0 0
fre 2800 5507 13 0 0
trop 2852 5508 40 0 0
trop 2972 5532 41 0 0
fre 3056 5531 15 0 0
dom 3108 5535 17 0 0
dom 3172 5535 18 0 0
dom 3300 5535 16 0 0
fre 3328 5507 15 0 0
tree 3368 5528 3 0 0
tree 3368 5512 2 0 0
fre 4284 5532 8 0 0
tree 4280 5528 18 0 0
tree 4280 5512 17 0 0
tree 4264 5512 14 0 0
fre 4380 5532 8 0 0
tree 4376 5528 4 0 0
tree 4600 5528 16 0 0
tree 4584 5528 11 0 0
tree 4616 5512 7 0 0
tree 4856 5512 16 0 0
tree 4872 5512 9 0 0
tree 4888 5528 8 0 0
tree 4904 5528 15 0 0
tree 5522 5530 8 0 0
tree 5506 5514 17 0 0
tree 5538 5514 17 0 0
tree 5586 5514 3 0 0
tree 5682 5530 8 0 0
tree 5842 5530 9 0 0
tree 5858 5514 19 0 0
tree 5906 5530 5 0 0
tree 5928 5512 3 1 0
tree 5928 5528 17 1 0
tree 5944 5528 4 1 0
tree 6232 5528 4 0 0
stand 6264 5512 35 0 0
tree 6424 5528 19 0 0
lay 6520 5512 4 0 0
lay 6520 5528 6 0 0
lay 6504 5512 8 0 0
lay 6536 5528 9 0 0
tree 2460 5559 10 0 0
tree 2616 5560 19 0 0
tree 2600 5544 19 0 0
stand 2930 5549 36 0 0
fre 3016 5555 15 0 0
fre 3152 5539 16 0 0
dom 3236 5567 8 0 0
fre 3328 5563 13 0 0
fre 4284 5564 8 0 0
fre 4284 5548 8 0 0
tree 4280 5544 18 0 0
tree 4280 5560 15 0 0
tree 4264 5560 9 0 0
fre 4372 5548 8 0 0
tree 4376 5544 14 0 0
tree 4376 5560 9 0 0
tree 4360 5560 16 0 0
tree 4360 5544 9 0 0
tree 4568 5544 10 0 0
tree 4584 5544 17 0 0
tree 4920 5544 4 0 0
tree 4936 5560 9 0 0
cliff 5232 5558 27 179 179
tree 5778 5562 17 0 0
tree 5794 5562 2 0 0
tree 5842 5546 2 0 0
tree 5874 5562 11 0 0
tree 5874 5546 10 0 0
tree 5928 5544 20 1 0
tree 5928 5560 5 1 0
tree 5922 5562 8 0 0
tree 5938 5546 6 0 0
lay 6520 5560 11 0 0
lay 6520 5544 2 0 0
lay 6536 5544 14 0 0
tree 6616 5544 10 0 0
tree 6632 5544 10 0 0
tree 6632 5560 10 0 0
cliff 2496 5568 33 179 179
dom 2660 5599 9 0 0
fre 2702 5569 13 0 0
tree 2748 5591 20 0 0
trop 2764 5596 41 0 0
dom 2820 5599 16 0 0
fre 2888 5595 15 0 0
dom 3076 5599 9 0 0
stand 3202 5597 52 0 0
fre 3224 5571 15 0 0
fre 3288 5579 13 0 0
cliff 5200 5590 5 179 179
tree 5714 5594 15 0 0
tree 5730 5578 11 0 0
tree 5794 5594 11 0 0
tree 5810 5578 20 0 0
tree 5842 5578 9 0 0
tree 5874 5578 1 0 0
tree 5858 5578 19 0 0
vor 5948 5572 16 0 0
tree 5938 5578 20 0 0
tree 6168 5592 2 0 0
tree 6168 5576 2 0 0
tree 6264 5592 12 0 0
tree 6616 5592 6 0 0
fre 6620 5588 1 0 0
fre 6620 5580 4 0 0
tree 2216 5624 20 0 0
fre 2260 5604 16 0 0
fre 2308 5604 15 0 0
fre 2372 5620 13 0 0
fre 2888 5627 15 0 0
dom 3012 5631 11 0 0
fre 3120 5619 18 0 0
dom 3204 5631 15 0 0
trop 3254 5609 25 0 0
tree 4024 5624 16 0 0
tree 4008 5624 14 0 0
tree 4056 5624 2 0 0
tree 4088 5624 11 0 0
tree 4104 5624 20 0 0
tree 4120 5608 9 0 0
fre 4892 5604 35 0 0
cliff 5168 5622 22 179 179
tree 5810 5610 16 0 0
tree 5826 5610 12 0 0
tree 6152 5624 2 0 0
tree 6264 5624 11 0 0
tree 6360 5608 18 0 0
fre 2316 5660 13 0 0
cliff 2496 5632 39 179 179
fre 2664 5635 14 0 0
fre 2726 5641 13 0 0
fre 2816 5643 17 0 0
tree 2940 5639 3 0 0
tree 2956 5655 1 0 0
fre 3056 5635 16 0 0
tree 3084 5655 14 0 0
dom 3076 5663 2 0 0
dom 3172 5663 7 0 0
dom 3236 5663 18 0 0
dom 3268 5663 15 0 0
fre 3272 5643 15 0 0
tree 3384 5656 6 0 0
tree 3384 5640 6 0 0
tree 3992 5640 8 0 0
tree 3976 5640 0 0 0
vor 4372 5652 25 0 0
stand 4360 5640 119 1 0
tree 4936 5656 17 0 0
tree 4952 5656 16 0 0
tree 4968 5656 0 0 0
tree 5826 5642 3 0 0
tree 5858 5658 12 0 0
vor 5940 5636 16 0 0
tree 5960 5656 17 1 0
tree 6232 5656 10 0 0
tree 6248 5640 13 0 0
tree 6360 5656 18 0 0
tree 2232 5688 0 0 0
tree 2604 5687 1 0 0
fre 2728 5675 13 0 0
dom 2788 5695 17 0 0
trop 2860 5676 40 0 0
dom 2980 5695 19 0 0
fre 2992 5675 12 0 0
fre 3152 5691 15 0 0
dom 3140 5695 8 0 0
fre 3192 5667 15 0 0
fre 3240 5667 15 0 0
stand 3314 5677 62 0 0
tree 4072 5688 20 0 0
tree 4088 5688 1 0 0
fre 4892 5684 35 0 0
tree 4936 5672 16 0 0
tree 5842 5690 0 0 0
tree 5858 5690 6 0 0
tree 5874 5674 6 0 0
vor 5972 5684 16 0 0
tree 5960 5688 20 1 0
tree 6104 5672 1 0 0
tree 6152 5688 1 0 0
tree 6216 5672 13 0 0
tree 6216 5688 10 0 0
tree 6504 5672 12 0 0
stand 6584 5672 59 1 0
tree 2216 5704 18 0 0
tree 2248 5704 20 0 0
tree 2264 5720 11 0 0
fre 2332 5708 15 0 0
dom 2692 5727 12 3 0
tree 2828 5719 3 0 0
tree 3036 5703 15 0 0
fre 3040 5707 8 0 0
fre 3104 5715 15 0 0
fre 3548 5716 34 0 0
tree 4104 5704 10 0 0
stand 4840 5720 11 0 0
stand 4952 5720 12 0 0
cliff 5200 5718 33 179 179
tree 5944 5704 3 1 0
tree 5928 5720 3 1 0
tree 5960 5704 4 1 0
tree 6088 5720 18 0 0
fre 6212 5716 5 0 0
tree 6312 5720 17 0 0
stand 6392 5704 18 0 0
tree 2232 5736 2 0 0
tree 2216 5752 17 0 0
tree 2216 5736 3 0 0
tree 2280 5752 11 0 0
cliff 2528 5728 33 179 179
trop 2828 5740 41 0 0
dom 2852 5759 15 0 0
trop 2992 5755 25 0 0
trop 3020 5756 41 0 0
trop 3056 5755 25 0 0
fre 3232 5739 12 0 0
fre 3302 5737 15 0 0
tree 4104 5736 7 0 0
fre 4844 5756 33 0 0
fre 4900 5748 34 0 0
vor 5948 5756 24 0 0
stand 5944 5736 9 1 0
tree 5976 5752 14 1 0
stand 6392 5736 10 1 0
stand 6504 5752 17 1 0
stand 6568 5752 12 0 0
tree 2216 5768 7 0 0
tree 2296 5768 13 0 0
tree 2312 5768 19 0 0
tree 2328 5784 5 0 0
trop 2916 5772 40 0 0
dom 2948 5791 7 0 0
fre 2984 5763 16 0 0
dom 3012 5791 3 0 0
fre 3032 5763 15 0 0
fre 3072 5771 16 0 0
dom 3108 5791 14 0 0
fre 3184 5763 15 0 0
tree 4120 5768 15 0 0
tree 4120 5784 15 0 0
fre 4988 5772 32 0 0
tree 5880 5784 15 1 0
tree 5880 5768 20 1 0
tree 5896 5784 2 1 0
tree 5928 5784 15 1 0
tree 5960 5784 2 1 0
tree 5960 5768 2 1 0
tree 5976 5768 0 1 0
tree 6072 5768 13 0 0
stand 6328 5784 11 1 0
stand 6392 5784 18 1 0
fre 6532 5772 12 0 0
tree 2280 5816 16 0 0
tree 2328 5816 15 0 0
tree 2328 5800 17 0 0
tree 2376 5816 7 0 0
cliff 2528 5792 32 179 179
fre 2654 5801 12 0 0
tree 2684 5815 2 0 0
fre 2728 5803 16 0 0
tree 2844 5815 2 0 0
tree 2860 5815 0 0 0
dom 3044 5823 17 0 0
fre 3144 5795 15 0 0
dom 3172 5823 17 0 0
cliff 4784 5814 42 179 179
cliff 5200 5814 33 179 179
tree 5912 5800 2 1 0
vor 5948 5812 24 0 0
tree 5960 5800 17 1 0
tree 6152 5800 11 0 0
stand 6328 5816 18 1 0
fre 6356 5796 16 0 0
stand 6488 5816 17 0 0
stand 6568 5816 17 1 0
tree 2280 5832 4 0 0
tree 2280 5848 0 0 0
tree 2312 5848 4 0 0
tree 2312 5832 10 0 0
tree 2392 5832 3 0 0
tree 2408 5848 2 0 0
tree 2424 5848 2 0 0
tree 2408 5832 14 0 0
tree 2440 5848 6 0 0
tree 2456 5832 20 0 0
tree 2456 5848 6 0 0
tree 2472 5832 7 0 0
tree 2472 5848 2 0 0
cliff 2560 5824 31 179 179
dom 2820 5855 6 0 0
dom 3108 5855 7 0 0
stand 3266 5853 61 0 0
cliff 5168 5846 22 179 179
tree 5896 5832 10 0 0
tree 6184 5848 11 0 0
stand 6344 5848 19 1 0
fre 6420 5852 15 0 0
stand 6440 5848 12 1 0
fre 6468 5828 15 0 0
tree 2264 5880 4 0 0
tree 2296 5880 0 0 0
tree 2280 5864 14 0 0
tree 2280 5880 3 0 0
tree 2296 5864 11 0 0
tree 2424 5880 19 0 0
tree 2408 5864 19 0 0
dom 2980 5887 10 0 0
dom 3012 5887 9 0 0
dom 3076 5887 8 0 0
fre 3104 5883 13 0 0
fre 3214 5857 14 0 0
fre 3270 5873 16 0 0
fre 3540 5860 34 0 0
tree 5928 5864 16 0 0
stand 6392 5864 10 1 0
tree 2264 5912 9 0 0
tree 2264 5896 2 0 0
tree 2248 5912 2 0 0
tree 2248 5896 3 0 0
tree 2280 5896 11 0 0
tree 2296 5912 9 0 0
tree 2296 5896 15 0 0
tree 2344 5912 4 0 0
tree 2456 5912 7 0 0
tree 2440 5896 6 0 0
tree 2472 5912 20 0 0
cliff 2624 5888 31 179 179
fre 2976 5907 13 0 0
fre 3048 5891 13 0 0
fre 3222 5913 16 0 0
fre 3294 5913 16 0 0
cliff 4976 5910 23 179 179
cliff 5040 5910 15 179 179
stand 6344 5896 59 0 0
tree 2232 5928 1 0 0
tree 2216 5944 11 0 0
tree 2232 5944 4 0 0
tree 2248 5928 6 0 0
tree 2312 5928 17 0 0
tree 2328 5944 5 0 0
tree 2344 5928 20 0 0
tree 2344 5944 1 0 0
tree 2488 5928 9 0 0
tree 2488 5944 17 0 0
tree 2472 5928 5 0 0
dom 2820 5951 14 0 0
tree 2860 5927 14 0 0
fre 2864 5931 8 0 0
trop 2916 5948 40 0 0
fre 3118 5921 12 0 0
tree 3592 5944 15 0 0
fre 4996 5938 4 0 0
cliff 5168 5942 36 179 179
tree 2088 5976 8 0 0
tree 2216 5960 7 0 0
tree 2328 5960 14 0 0
tree 2344 5960 2 0 0
tree 2376 5976 13 0 0
fre 2856 5971 15 0 0
fre 3054 5953 15 0 0
tree 3576 5976 10 0 0
tree 3592 5960 15 0 0
cliff 4848 5974 41 179 179
fre 2276 6012 8 0 0
fre 2284 6004 8 0 0
tree 2280 6008 14 0 0
tree 2376 6008 5 0 0
tree 2376 5992 4 0 0
tree 2392 6008 19 0 0
tree 2408 6008 1 0 0
tree 2424 6008 5 0 0
tree 2408 5992 1 0 0
cliff 2720 5984 27 179 179
stand 2978 5997 58 0 0
tree 3576 6008 1 0 0
tree 3576 5992 5 0 0
cliff 4976 6006 36 179 179
tree 2392 6024 2 0 0
tree 2376 6040 14 0 0
tree 2376 6024 10 0 0
tree 2408 6040 1 0 0
tree 2408 6024 14 0 0
tree 2424 6024 12 0 0
cliff 2688 6016 5 179 179
tree 3592 6024 10 0 0
fre 5004 6018 4 0 0
tree 2360 6072 8 0 0
tree 4088 6056 19 0 0
tree 4136 6056 12 0 0
tree 4168 6056 12 0 0
tree 2328 6088 12 0 0
tree 4072 6088 1 0 0
tree 4168 6088 12 0 0
fre 4180 6108 26 0 0
fre 2212 6132 8 0 0
fre 2212 6140 8 0 0
fre 2220 6132 8 0 0
fre 2220 6140 8 0 0
tree 2216 6136 16 0 0
fre 2092 6148 8 0 0
fre 2084 6148 8 0 0
fre 2092 6156 8 0 0
tree 2088 6152 3 0 0
fre 2284 6172 8 0 0
tree 2280 6168 17 0 0
fre 2332 6156 8 0 0
tree 2328 6152 19 0 0
tree 4056 6168 17 0 0
fre 4076 6156 8 0 0
tree 4072 6152 2 0 0
tree 4104 6168 1 0 0
fre 4156 6156 8 0 0
fre 4148 6148 8 0 0
tree 4152 6152 17 0 0
fre 2100 6204 8 0 0
fre 2100 6196 8 0 0
fre 2108 6196 8 0 0
tree 2104 6200 4 0 0
fre 2332 6188 8 0 0
tree 2328 6184 4 0 0
tree 4040 6200 12 0 0
fre 2236 6236 8 0 0
tree 2232 6232 20 0 0
fre 2244 6236 8 0 0
tree 4024 6216 12 0 0
tree 4040 6216 12 0 0
tree 4056 6216 12 0 0
fre 2244 6244 8 0 0
stand 2424 6264 26 0 0
stand 2472 6248 46 0 0
fre 2204 6332 8 0 0
fre 2196 6324 8 0 0
tree 2200 6328 5 0 0
fre 2300 6332 8 0 0
fre 2292 6332 8 0 0
fre 2300 6324 8 0 0
tree 2296 6328 2 0 0
tree 4440 6312 12 0 0
fre 2284 6348 8 0 0
tree 2280 6344 1 0 0
tree 4264 6360 19 0 0
fre 2300 6372 8 0 0
fre 2300 6380 8 0 0
fre 2292 6372 8 0 0
tree 2296 6376 3 0 0
tree 3944 6376 19 0 0
tree 3992 6392 18 0 0
tree 3992 6376 15 0 0
fre 3980 6396 8 0 0
fre 3996 6396 8 0 0
fre 4188 6380 8 0 0
tree 4184 6376 1 0 0
dom 4288 6368 9 0 0
tree 2280 6424 0 0 0
fre 2284 6428 8 0 0
tree 3992 6408 17 0 0
dom 4064 6400 21 0 0
dom 4128 6400 7 0 0
dom 4192 6400 15 0 0
dom 4224 6400 8 0 0
dom 4288 6400 3 0 0
fre 4332 6428 8 0 0
tree 4328 6424 17 0 0
dom 4352 6400 7 0 0
fre 4468 6412 32 0 0
dom 4448 6400 9 0 0
tree 2008 6456 8 0 0
tree 2136 6440 18 0 0
fre 2140 6444 8 0 0
tree 2152 6440 3 0 0
tree 2168 6440 13 0 0
fre 2148 6436 8 0 0
tree 2184 6440 6 0 0
tree 2200 6440 8 0 0
tree 2200 6456 0 0 0
tree 2184 6456 0 0 0
tree 2216 6440 19 0 0
tree 2232 6440 1 0 0
tree 2248 6440 10 0 0
tree 2264 6440 3 0 0
stand 2456 6440 18 1 0
trop 4156 6460 48 0 0
dom 4416 6432 8 0 0
tree 1960 6488 9 0 0
tree 1976 6488 12 0 0
tree 1992 6488 13 0 0
tree 1992 6472 16 0 0
tree 2024 6472 5 0 0
tree 2024 6488 6 0 0
tree 2184 6472 6 0 0
dom 3968 6464 11 0 0
trop 4044 6468 49 0 0
trop 4308 6468 45 0 0
trop 4428 6468 48 0 0
fre 1940 6500 8 0 0
tree 1944 6504 1 0 0
fre 1964 6508 8 0 0
tree 1976 6504 4 0 0
tree 1960 6504 4 0 0
tree 2008 6520 1 0 0
tree 1992 6504 19 0 0
tree 2008 6504 11 0 0
fre 2028 6508 8 0 0
tree 2024 6504 0 0 0
tree 2408 6504 18 0 0
tree 2408 6520 19 0 0
fre 2404 6500 8 0 0
fre 3948 6508 12 0 0
dom 4096 6496 19 0 0
dom 4160 6496 15 0 0
dom 4256 6496 19 0 0
tree 1912 6536 5 0 0
fre 1932 6556 8 0 0
fre 1924 6556 8 0 0
fre 1924 6548 8 0 0
tree 1928 6552 19 0 0
tree 1928 6536 17 0 0
tree 2264 6552 9 0 0
tree 2280 6536 3 0 0
tree 2328 6536 10 0 0
tree 2312 6536 10 0 0
tree 2344 6536 16 0 0
tree 2408 6552 2 0 0
tree 2424 6536 19 0 0
fre 2404 6548 8 0 0
fre 2412 6556 8 0 0
fre 2428 6540 8 0 0
stand 3880 6552 15 0 0
tree 3912 6552 14 0 0
fre 3916 6556 8 0 0
fre 3916 6548 8 0 0
tree 3976 6552 12 0 0
fre 4196 6540 12 0 0
dom 4288 6528 17 0 0
fre 4324 6532 15 0 0
dom 4480 6528 10 0 0
fre 4524 6540 8 0 0
fre 4524 6556 8 0 0
tree 4520 6536 3 0 0
tree 4520 6552 15 0 0
fre 2028 6588 4 0 0
tree 2040 6584 6 0 0
tree 2232 6568 15 0 0
tree 2280 6568 20 0 0
tree 2296 6568 14 0 0
tree 2328 6584 18 0 0
tree 2312 6584 20 0 0
tree 2328 6568 8 0 0
tree 2312 6568 11 0 0
tree 2344 6584 17 0 0
tree 2392 6584 9 0 0
tree 2408 6568 19 0 0
fre 2404 6572 8 0 0
tree 3944 6568 11 0 0
dom 4128 6560 17 0 0
dom 4352 6560 15 0 0
trop 4388 6572 46 0 0
fre 4460 6564 15 0 0
tree 1976 6616 13 0 179
cliff 2016 6592 44 179 179
fre 2076 6620 14 0 0
cliff 2080 6592 44 179 179
cliff 2112 6592 43 179 179
fre 2268 6620 8 0 0
tree 2264 6616 19 0 0
tree 2328 6616 15 0 0
fre 2348 6604 8 0 0
tree 2344 6600 2 0 0
tree 2392 6616 5 0 0
tree 2392 6600 7 0 0
stand 3992 6600 21 0 0
trop 4036 6612 40 0 0
dom 4288 6592 23 0 0
dom 4448 6592 19 0 0
dom 4480 6592 18 0 0
tree 1944 6632 11 0 179
fre 2004 6644 4 0 0
cliff 1984 6624 44 179 179
cliff 2016 6624 44 179 179
tree 2104 6632 8 0 0
fre 2204 6628 5 0 0
tree 2264 6632 7 0 0
tree 2264 6648 20 0 0
tree 2344 6648 0 0 0
fre 2348 6652 8 0 0
tree 2392 6648 11 0 0
fre 2396 6652 8 0 0
tree 2408 6648 1 0 0
fre 2404 6644 8 0 0
fre 2404 6652 8 0 0
tree 3992 6632 5 0 0
dom 4128 6624 25 0 0
dom 4192 6624 21 0 0
fre 4284 6644 12 0 0
trop 4380 6644 45 0 0
trop 4500 6644 48 0 0
fre 1916 6684 7 0 0
tree 1944 6680 9 0 0
fre 2004 6668 13 0 0
stand 2040 6664 10 1 0
fre 2140 6668 5 0 0
tree 2248 6664 13 0 0
tree 2264 6664 6 0 0
tree 2264 6680 17 0 0
tree 2360 6664 9 0 0
tree 3768 6680 18 0 0
fre 3764 6684 8 0 0
tree 3784 6680 16 0 0
fre 3780 6684 8 0 0
fre 3788 6684 8 0 0
dom 3968 6656 24 0 0
fre 4172 6660 13 0 0
trop 4388 6668 47 0 0
fre 1820 6716 8 0 0
tree 1816 6712 14 0 0
tree 1800 6712 13 0 0
stand 2008 6696 19 1 0
fre 2020 6716 16 0 0
stand 2040 6712 34 0 0
fre 2060 6692 15 0 0
fre 2124 6716 7 0 0
cliff 2208 6688 33 179 179
tree 2360 6696 4 0 0
fre 2364 6692 8 0 0
fre 2356 6700 8 0 0
fre 2364 6700 8 0 0
tree 3768 6696 9 0 0
tree 3768 6712 16 0 0
tree 3752 6712 3 0 0
fre 3772 6692 8 0 0
tree 3784 6696 13 0 0
fre 3788 6708 8 0 0
dom 3872 6688 10 0 0
tree 4184 6696 19 0 0
fre 4180 6692 8 0 0
fre 4188 6692 8 0 0
fre 4180 6700 8 0 0
tree 4248 6696 3 0 0
fre 4244 6692 8 0 0
fre 4252 6692 8 0 0
fre 4252 6700 8 0 0
tree 4280 6696 4 0 0
fre 4300 6716 8 0 0
fre 4348 6692 8 0 0
fre 4348 6700 8 0 0
fre 4332 6708 8 0 0
fre 4332 6716 8 0 0
fre 4324 6708 8 0 0
tree 4344 6696 4 0 0
tree 4328 6712 3 0 0
tree 1816 6728 12 0 0
tree 1832 6744 1 0 0
cliff 1920 6720 42 179 179
stand 2008 6744 18 1 0
fre 2092 6724 14 0 0
fre 2148 6732 18 0 0
tree 2360 6728 15 0 0
tree 2376 6728 6 0 0
fre 2524 6748 8 0 0
fre 2516 6740 8 0 0
tree 3768 6728 18 0 0
tree 3752 6728 16 0 0
fre 3764 6740 8 0 0
fre 3764 6732 8 0 0
fre 3772 6732 8 0 0
tree 3784 6728 19 0 0
fre 3780 6724 8 0 0
fre 3860 6740 12 0 0
trop 3948 6724 45 0 0
dom 4128 6720 22 0 0
tree 4312 6728 17 0 0
tree 4312 6744 18 0 0
dom 4448 6720 25 0 0
tree 1848 6760 2 0 0
fre 2028 6756 4 0 0
fre 2036 6780 12 0 0
tree 2328 6776 12 0 0
tree 2344 6776 19 0 0
stand 3752 6776 21 0 0
dom 3936 6752 7 0 0
tree 4232 6776 1 0 0
tree 4248 6776 2 0 0
fre 4252 6780 8 0 0
fre 4252 6772 8 0 0
fre 4244 6772 8 0 0
fre 4500 6780 12 0 0
dom 4512 6752 16 0 0
tree 1800 6792 7 0 0
tree 1880 6792 12 0 0
tree 1864 6792 6 0 0
tree 1976 6792 13 0 0
fre 2108 6788 4 0 0
cliff 2240 6784 27 179 179
tree 2344 6808 19 0 0
tree 2344 6792 5 0 0
fre 2340 6804 8 0 0
fre 2428 6812 8 0 0
fre 2428 6796 8 0 0
fre 3908 6796 33 0 0
dom 3994 6794 15 0 0
trop 4036 6788 40 0 0
tree 1816 6840 20 0 0
tree 1848 6840 11 0 0
tree 1832 6840 13 0 0
fre 1884 6828 8 0 0
fre 1884 6844 8 0 0
tree 1864 6840 12 0 0
tree 1880 6840 4 0 0
tree 1880 6824 0 0 0
fre 1988 6820 19 0 0
tree 2056 6824 12 0 0
fre 2236 6836 7 0 0
fre 2236 6844 4 0 0
cliff 2208 6816 4 179 179
tree 2344 6840 4 0 0
tree 3970 6834 17 0 0
dom 4442 6826 0 0 0
tree 1832 6872 16 0 0
tree 1880 6872 7 0 0
tree 1864 6856 17 0 0
tree 1992 6856 11 0 0
cliff 2176 6848 3 179 179
tree 2280 6872 9 0 0
tree 2296 6872 3 0 0
tree 2328 6856 18 0 0
tree 2360 6872 5 0 0
tree 2344 6872 9 0 0
dom 4160 6848 4 0 0
dom 4256 6848 5 0 0
tree 4290 6866 14 0 0
dom 4378 6858 5 0 0
tree 4498 6850 20 0 0
tree 4482 6866 16 0 0
tree 1896 6888 16 0 0
cliff 1984 6880 41 179 179
cliff 2112 6880 0 179 179
tree 2280 6888 15 0 0
tree 2296 6888 3 0 0
fre 2284 6892 8 0 0
dom 3962 6890 12 0 0
tree 4402 6882 19 0 0
cliff 2080 6912 34 179 179
fre 2252 6940 8 0 0
tree 2248 6936 2 0 0
tree 2392 6936 2 0 0
tree 3842 6930 10 0 0
trop 4044 6924 44 0 0
trop 4060 6932 45 0 0
trop 4172 6932 42 0 0
trop 4308 6924 41 0 0
trop 4460 6924 48 0 0
fre 4564 6940 16 0 0
fre 4636 6924 12 0 0
dom 4608 6912 11 0 0
tree 2200 6952 17 0 0
tree 2232 6968 19 0 0
tree 2216 6968 18 0 0
tree 2264 6968 12 0 0
tree 2248 6952 13 0 0
tree 2392 6968 15 0 0
tree 2408 6968 12 0 0
tree 2424 6968 10 0 0
fre 3964 6964 8 0 0
tree 3970 6962 16 0 0
fre 3972 6964 8 0 0
fre 3972 6956 8 0 0
dom 4704 6944 0 0 0
tree 4856 6968 16 0 0
tree 4856 6952 15 0 0
fre 4860 6972 8 0 0
fre 4860 6956 8 0 0
tree 1832 6984 9 0 0
tree 1992 7000 11 0 0
tree 2200 7000 9 0 0
tree 2216 6984 4 0 0
tree 2248 6984 19 0 0
tree 2248 7000 12 0 0
tree 2280 6984 2 0 0
fre 2284 6988 8 0 0
tree 2392 7000 19 0 0
tree 2392 6984 13 0 0
fre 2396 7004 8 0 0
tree 2408 6984 1 0 0
tree 2424 6984 20 0 0
stand 3954 6994 42 0 0
trop 4028 6996 47 0 0
tree 4120 7000 5 0 0
tree 4136 6984 4 0 0
fre 4132 6980 8 0 0
fre 4140 6980 8 0 0
fre 4132 6988 8 0 0
fre 4140 6988 8 0 0
fre 4246 6998 8 0 0
fre 4246 6990 8 0 0
fre 4238 6998 8 0 0
trop 4596 6996 45 0 0
trop 4700 7004 43 0 0
tree 1912 7016 7 0 0
tree 1928 7032 10 0 0
tree 1960 7032 19 0 0
tree 1992 7016 19 0 0
tree 2200 7016 19 0 0
tree 2216 7016 15 0 0
tree 2216 7032 1 0 0
tree 2248 7016 17 0 0
tree 2392 7032 9 0 0
fre 3836 7028 8 0 0
tree 3842 7026 2 0 0
tree 3874 7010 3 0 0
tree 3938 7026 5 0 0
tree 3970 7010 0 0 0
fre 4038 7030 19 0 0
fre 4270 7022 17 0 0
dom 4256 7008 25 0 0
dom 4320 7008 20 0 0
dom 4448 7008 10 0 0
tree 4472 7032 14 0 0
fre 4476 7028 8 0 0
fre 4468 7036 8 0 0
trop 4500 7020 46 0 0
tree 1944 7048 14 0 0
tree 1976 7064 19 0 0
tree 1976 7048 1 0 0
tree 2056 7048 15 0 0
tree 2056 7064 17 0 0
tree 2072 7064 10 0 0
tree 2136 7064 5 0 0
tree 2120 7064 16 0 0
tree 2152 7064 6 0 0
fre 4062 7046 19 0 0
dom 4096 7040 20 0 0
trop 4172 7068 40 0 0
dom 4576 7040 12 0 0
fre 1972 7076 8 0 0
tree 1976 7080 3 0 0
tree 2024 7080 20 0 0
tree 2120 7080 14 0 0
tree 2136 7080 3 0 0
tree 2152 7096 0 0 0
fre 2156 7100 8 0 0
tree 3762 7090 9 0 0
tree 3778 7074 8 0 0
trop 4004 7100 46 0 0
dom 4288 7072 23 0 0
dom 4320 7072 7 0 0
dom 4416 7072 24 0 0
fre 4620 7076 14 0 0
dom 4768 7072 25 0 0
tree 3714 7106 10 0 0
tree 3778 7106 10 0 0
tree 3794 7106 12 0 0
dom 3930 7114 13 0 0
trop 4500 7132 42 0 0
trop 4708 7116 47 0 0
tree 2280 7160 12 0 0
trop 3636 7148 45 0 0
trop 3740 7164 43 0 0
tree 3874 7154 19 0 0
dom 4096 7136 6 0 0
trop 4252 7140 48 0 0
trop 4388 7140 45 0 0
trop 4612 7140 48 0 0
trop 4780 7148 45 0 0
trop 4876 7148 48 0 0
trop 4924 7140 45 0 0
tree 2216 7176 12 0 0
tree 2216 7192 12 0 0
tree 2280 7176 12 0 0
tree 2296 7176 13 0 0
stand 3682 7186 18 0 0
stand 3826 7170 15 0 0
fre 3852 7196 8 0 0
tree 3848 7192 20 0 0
tree 3922 7186 15 0 0
fre 3932 7196 8 0 0
tree 3938 7186 14 0 0
fre 3940 7188 8 0 0
fre 3940 7196 8 0 0
tree 4056 7176 2 0 0
fre 4060 7180 8 0 0
tree 4392 7176 2 0 0
tree 4424 7192 1 0 0
fre 4428 7196 8 0 0
dom 4480 7168 19 0 0
dom 4576 7168 15 0 0
tree 4904 7192 17 0 0
tree 4952 7192 18 0 0
stand 3544 7208 12 1 0
stand 3560 7208 11 1 0
trop 3772 7204 44 0 0
trop 3870 7230 6 0 0
trop 3860 7228 48 0 0
trop 3924 7228 45 0 0
tree 3938 7202 12 0 0
trop 4020 7212 44 0 0
trop 4100 7220 45 0 0
dom 4256 7200 22 0 0
dom 4320 7200 20 0 0
dom 4608 7200 9 0 0
stand 3634 7250 35 0 0
stand 3714 7234 12 0 0
trop 3886 7246 6 0 0
trop 4172 7244 40 0 0
dom 4352 7232 7 0 0
fre 4436 7260 15 0 0
trop 4500 7244 47 0 0
tree 3762 7266 10 0 0
dom 3968 7264 19 0 0
tree 4216 7288 16 0 0
fre 4220 7292 8 0 0
dom 4224 7264 8 0 0
dom 4448 7264 16 0 0
dom 4576 7264 16 0 0
tree 4712 7288 4 0 0
fre 4764 7292 8 0 0
tree 4760 7288 17 0 0
trop 3804 7308 47 0 0
stand 3880 7304 54 0 0
fre 3916 7308 15 0 0
dom 4096 7296 17 0 0
dom 4320 7296 10 0 0
tree 4440 7320 19 0 0
fre 4436 7324 8 0 0
fre 4444 7324 8 0 0
fre 4444 7316 8 0 0
fre 4644 7316 8 0 0
tree 4664 7320 16 0 0
tree 4664 7304 10 0 0
tree 4648 7320 17 0 0
fre 4724 7300 8 0 0
fre 4732 7308 8 0 0
tree 4728 7304 11 0 0
fre 4756 7300 8 0 0
fre 4756 7308 8 0 0
tree 4760 7304 1 0 0
tree 4744 7304 0 0 0
tree 3608 7352 11 0 0
tree 3608 7336 12 0 0
fre 3772 7356 8 0 0
tree 3768 7352 16 0 0
dom 3744 7328 17 0 0
fre 3868 7348 16 0 0
dom 4032 7328 16 0 0
dom 4128 7328 15 0 0
fre 4284 7348 15 0 0
fre 4356 7348 12 0 0
dom 4384 7328 8 0 0
fre 4652 7340 8 0 0
tree 4648 7336 0 0 0
tree 4680 7336 19 0 0
trop 3812 7364 46 0 0
dom 4064 7360 9 0 0
trop 4172 7388 47 0 0
dom 4224 7360 25 0 0
dom 4256 7360 9 0 0
dom 4096 7392 7 0 0
fre 4108 7412 15 0 0
tree 4312 7416 14 0 0
fre 4356 7404 16 0 0
tree 4664 7416 0 0 0
fre 4684 7420 8 0 0
fre 4676 7412 8 0 0
tree 4680 7416 2 0 0
stand 4760 7416 65 0 0
fre 3524 7444 7 0 0
tree 3528 7432 8 0 0
fre 3580 7436 11 0 0
dom 3744 7424 8 0 0
dom 3840 7424 8 0 0
dom 3904 7424 15 0 0
dom 3968 7424 16 0 0
dom 4064 7424 10 0 0
dom 4320 7424 3 0 0
tree 4456 7448 15 0 0
tree 4472 7448 16 0 0
tree 4488 7432 20 0 0
tree 4536 7448 6 0 0
tree 4632 7448 16 0 0
fre 4652 7452 8 0 0
fre 4660 7444 8 0 0
fre 4668 7428 8 0 0
tree 4664 7432 16 0 0
tree 4648 7432 12 0 0
tree 4648 7448 17 0 0
tree 4664 7448 17 0 0
trop 3660 7476 41 0 0
trop 3804 7476 42 0 0
trop 3916 7476 48 0 0
trop 3996 7484 45 0 0
trop 4116 7484 48 0 0
dom 4256 7456 10 0 0
fre 4324 7460 15 0 0
fre 4452 7460 8 0 0
tree 4456 7464 18 0 0
tree 4472 7464 20 0 0
fre 4500 7476 8 0 0
tree 4488 7480 16 0 0
tree 4504 7480 3 0 0
tree 4488 7464 18 0 0
fre 4540 7468 8 0 0
tree 4536 7464 4 0 0
tree 4632 7464 8 0 0
fre 3532 7500 5 0 0
fre 3596 7508 5 0 0
fre 4268 7500 12 0 0
dom 4288 7488 8 0 0
tree 4504 7512 7 0 0
tree 4488 7512 10 0 0
fre 3540 7532 23 0 0
tree 3560 7528 8 0 0
dom 3776 7520 3 0 0
dom 3872 7520 19 0 0
dom 4032 7520 15 0 0
dom 4096 7520 9 0 0
trop 4172 7540 46 0 0
fre 4468 7532 8 0 0
tree 4472 7528 19 0 0
tree 4488 7528 13 0 0
dom 3712 7552 9 0 0
dom 3936 7552 10 0 0
dom 3968 7552 9 0 0
trop 3804 7588 47 0 0
fre 3892 7588 12 0 0
fre 4044 7604 14 0 0
dom 4096 7584 8 0 0
dom 4256 7584 21 0 0
tree 6232 7608 8 0 0
fre 6388 7596 3 0 0
fre 6396 7612 22 0 0
fre 6388 7604 22 0 0
tree 6408 7608 9 0 0
fre 6404 7612 22 0 0
fre 6308 7636 16 0 0
stand 6328 7624 63 0 0
fre 6380 7644 12 0 0
stand 6376 7640 50 0 0
tree 6472 7640 5 0 0
fre 6540 7644 16 0 0
fre 6580 7628 23 0 0
dom 3744 7648 17 0 0
fre 3780 7668 8 0 0
tree 3784 7672 5 0 0
dom 3872 7648 8 0 0
dom 4000 7648 16 0 0
dom 4256 7648 19 0 0
fre 6236 7676 8 0 0
fre 6228 7668 8 0 0
tree 6232 7672 1 0 0
lay 6280 7672 7 0 0
lay 6328 7672 4 0 0
tree 6344 7672 8 0 0
fre 6428 7676 23 0 0
tree 6440 7672 12 0 0
stand 6536 7672 15 0 0
stand 3704 7688 26 0 0
dom 3968 7680 15 0 0
dom 4096 7680 10 0 0
trop 4172 7684 40 0 0
lay 6312 7688 6 0 0
tree 6408 7688 13 0 0
fre 6420 7692 23 0 0
tree 6648 7736 11 0 0
tree 6664 7752 12 0 0
tree 6386 7794 10 0 0
tree 6402 7778 19 0 0
tree 6402 7794 1 0 0
tree 6418 7794 16 0 0
tree 6610 7794 2 0 0
tree 6642 7778 17 0 0
tree 6626 7794 7 0 0
tree 6642 7794 20 0 0
stand 6712 7784 49 0 0
tree 6306 7826 3 0 0
tree 6338 7826 18 0 0
tree 6370 7810 9 0 0
tree 6386 7810 2 0 0
tree 6370 7826 19 0 0
tree 6386 7826 7 0 0
tree 6402 7826 18 0 0
tree 6434 7810 0 0 0
tree 6450 7826 15 0 0
tree 6482 7826 7 0 0
tree 6466 7826 0 0 0
tree 6594 7810 4 0 0
tree 6610 7810 7 0 0
tree 6594 7826 18 0 0
tree 6626 7826 16 0 0
tree 6322 7842 18 0 0
tree 6306 7858 13 0 0
tree 6322 7858 6 0 0
tree 6338 7842 6 0 0
tree 6354 7842 8 0 0
tree 6338 7858 15 0 0
tree 6354 7858 2 0 0
tree 6386 7842 17 0 0
tree 6418 7842 7 0 0
tree 6402 7842 19 0 0
tree 6418 7858 10 0 0
tree 6402 7858 0 0 0
tree 6450 7842 6 0 0
tree 6434 7842 7 0 0
tree 6466 7842 7 0 0
tree 6498 7842 11 0 0
tree 6498 7858 2 0 0
tree 6546 7842 1 0 0
tree 6562 7842 1 0 0
tree 6578 7842 18 0 0
tree 6594 7842 2 0 0
tree 6594 7858 18 0 0
tree 6610 7858 15 0 0
tree 6626 7842 9 0 0
tree 6658 7858 19 0 0
tree 6290 7874 16 0 0
tree 6290 7890 11 0 0
tree 6306 7874 14 0 0
tree 6322 7890 16 0 0
tree 6338 7874 14 0 0
tree 6354 7874 13 0 0
tree 6338 7890 10 0 0
tree 6386 7874 19 0 0
tree 6370 7890 11 0 0
tree 6402 7874 3 0 0
tree 6418 7874 17 0 0
tree 6402 7890 4 0 0
tree 6418 7890 1 0 0
tree 6434 7890 17 0 0
tree 6466 7874 13 0 0
tree 6482 7874 1 0 0
tree 6482 7890 18 0 0
tree 6466 7890 13 0 0
tree 6514 7890 8 0 0
tree 6546 7874 18 0 0
tree 6530 7874 4 0 0
tree 6530 7890 9 0 0
tree 6578 7874 16 0 0
tree 6578 7890 13 0 0
tree 6610 7874 5 0 0
tree 6338 7906 3 0 0
tree 6338 7922 15 0 0
tree 6354 7922 9 0 0
tree 6386 7906 5 0 0
tree 6370 7906 10 0 0
tree 6386 7922 10 0 0
tree 6418 7906 5 0 0
tree 6402 7922 19 0 0
tree 6418 7922 11 0 0
tree 6450 7922 15 0 0
tree 6466 7906 6 0 0
tree 6466 7922 11 0 0
tree 6482 7922 18 0 0
tree 6498 7906 9 0 0
tree 6514 7922 5 0 0
tree 6578 7906 13 0 0
tree 6610 7906 15 0 0
tree 6642 7906 18 0 0
tree 6626 7922 13 0 0
tree 6354 7954 20 0 0
tree 6386 7938 18 0 0
tree 6386 7954 1 0 0
tree 6418 7938 11 0 0
tree 6402 7954 18 0 0
tree 6450 7938 15 0 0
tree 6434 7938 5 0 0
tree 6450 7954 12 0 0
tree 6482 7938 2 0 0
tree 6546 7938 17 0 0
tree 6546 7954 10 0 0
tree 6562 7938 0 0 0
tree 6610 7954 1 0 0
tree 6626 7954 15 0 0
tree 6338 7970 12 0 0
tree 6354 7986 16 0 0
tree 6370 7986 8 0 0
tree 6434 7986 10 0 0
tree 6450 7986 9 0 0
tree 6466 7970 14 0 0
tree 6482 7970 1 0 0
tree 6482 7986 9 0 0
tree 6498 7970 8 0 0
tree 6514 7970 11 0 0
tree 6562 7970 7 0 0
tree 6578 7970 12 0 0
tree 6578 7986 14 0 0
tree 6610 7970 15 0 0
tree 6354 8002 10 0 0
tree 6354 8018 19 0 0
tree 6370 8018 13 0 0
tree 6434 8002 1 0 0
tree 6466 8018 16 0 0
tree 6594 8002 20 0 0
tree 6594 8018 0 0 0
tree 6386 8034 14 0 0
tree 6370 8034 2 0 0
tree 6402 8034 9 0 0
tree 6434 8034 15 0 0
tree 6466 8034 3 0 0
tree 6546 8034 19 0 0
tree 6546 8050 12 0 0
tree 6594 8034 1 0 0
tree 6594 8050 17 0 0
