cliff 1232 16 97 179 179
cliff 2528 16 46 179 179
cliff 1264 48 99 179 179
cliff 1248 32 93 179 179
cliff 2064 32 13 179 179
cliff 2064 48 15 179 179
cliff 2096 48 59 179 179
cliff 2528 48 48 179 179
tree 872 88 40 0 179
tree 1240 88 40 0 179
tree 1224 88 37 0 179
cliff 1280 64 118 179 179
tree 1288 88 34 0 179
tree 1928 88 37 0 179
cliff 2064 80 11 179 179
cliff 2528 80 20 179 179
zabor 304 112 9 0 2
zabor 304 112 24 0 8
zabor 720 112 9 0 2
zabor 720 112 31 0 8
tree 888 120 40 0 179
tree 904 120 36 0 179
cliff 1280 96 120 179 179
cliff 2064 112 12 179 179
cliff 2544 96 26 179 179
cliff 2560 112 20 179 179
tree 3832 120 2 0 179
tree 3864 120 37 0 179
tree 3928 120 36 0 179
tree 3912 120 38 0 179
tree 3960 120 38 0 179
tree 3944 120 34 0 179
tree 3976 120 38 0 179
tree 216 136 32 0 179
tree 280 136 28 0 179
zabor 304 144 1 0 2
zabor 304 144 19 0 6
zabor 304 144 27 0 8
lay 424 152 67 0 179
trop 500 156 102 179 179
zabor 720 144 1 0 2
zabor 720 144 3 0 6
zabor 720 144 27 0 8
tree 856 136 38 0 179
tree 984 152 36 0 179
tree 1032 152 34 0 179
tree 1080 152 36 0 179
tree 1112 152 34 0 179
tree 1144 136 37 0 179
tree 1128 152 40 0 179
tree 1176 152 2 0 179
tree 1224 152 34 0 179
tree 1224 136 36 0 179
tree 1256 136 37 0 179
cliff 1296 144 96 179 179
cliff 1280 128 94 179 179
tree 1288 136 36 0 179
zabor 1520 144 1 0 2
zabor 1520 144 16 0 0
zabor 1520 144 24 0 8
zabor 1552 144 0 0 0
zabor 1552 144 18 0 4
zabor 1552 144 28 0 8
zabor 1584 144 16 0 0
zabor 1584 144 10 0 4
zabor 1584 144 28 0 8
zabor 1616 144 16 0 0
zabor 1616 144 18 0 4
zabor 1616 144 25 0 8
zabor 1648 144 8 0 0
zabor 1648 144 10 0 4
zabor 1648 144 24 0 8
zabor 1680 144 0 0 0
zabor 1680 144 2 0 4
zabor 1680 144 28 0 8
zabor 1712 144 16 0 0
zabor 1712 144 18 0 4
zabor 1712 144 27 0 8
zabor 1744 144 17 0 2
zabor 1744 144 10 0 4
zabor 1744 144 30 0 8
tree 1928 152 38 0 179
tree 1960 152 36 0 179
tree 1992 136 40 0 179
tree 2040 136 36 0 179
cliff 2064 144 11 179 179
cliff 2576 128 26 179 179
cliff 2592 144 20 179 179
tree 3464 136 2 0 179
tree 3464 152 36 0 179
tree 3496 152 40 0 179
tree 3512 152 40 0 179
tree 3512 136 37 0 179
tree 3528 152 37 0 179
tree 3576 152 37 0 179
tree 3560 152 2 0 179
tree 3608 152 36 0 179
tree 3624 152 2 0 179
tree 3656 152 34 0 179
tree 3672 152 36 0 179
tree 3720 136 40 0 179
tree 3784 136 2 0 179
tree 3880 136 38 0 179
tree 3928 136 40 0 179
tree 3944 136 38 0 179
tree 3960 136 40 0 179
tree 3976 136 2 0 179
tree 3976 152 34 0 179
tree 152 184 1 0 179
zabor 304 176 17 0 2
lay 296 184 67 0 179
tree 296 168 30 0 179
zabor 304 176 3 0 6
zabor 304 176 24 0 8
zabor 720 176 1 0 2
zabor 720 176 3 0 6
zabor 720 176 30 0 8
tree 872 184 40 0 179
tree 936 168 40 0 179
tree 1080 184 37 0 179
tree 1112 168 2 0 179
tree 1096 168 34 0 179
tree 1096 184 37 0 179
tree 1224 184 40 0 179
tree 1304 184 2 0 179
cliff 1312 160 120 179 179
zabor 1520 176 17 0 2
zabor 1520 176 11 0 6
zabor 1520 176 30 0 8
lay 1560 184 67 0 179
lay 1624 168 67 0 179
lay 1688 184 67 0 179
zabor 1744 176 17 0 2
zabor 1744 176 19 0 6
zabor 1744 176 28 0 8
cliff 2080 176 33 179 179
cliff 2608 160 27 179 179
cliff 2624 176 22 179 179
lay 2696 184 67 0 179
lay 2888 168 67 0 179
tree 3464 168 38 0 179
tree 3496 168 34 0 179
tree 3544 168 34 0 179
tree 3784 168 36 0 179
tree 3832 184 38 0 179
tree 3832 168 36 0 179
tree 3816 168 37 0 179
tree 3848 184 38 0 179
tree 3880 184 37 0 179
tree 3992 168 34 0 179
tree 3976 168 37 0 179
tree 3976 184 37 0 179
tree 232 200 33 0 179
zabor 304 208 17 0 2
lay 296 216 67 0 179
zabor 304 208 19 0 6
zabor 304 208 31 0 8
dom 384 192 79 0 179
lay 456 200 67 0 179
dom 608 192 81 0 179
zabor 688 208 9 0 2
zabor 688 208 16 0 0
zabor 688 208 24 0 8
dom 704 192 66 0 179
zabor 720 208 19 0 6
zabor 720 208 18 0 4
zabor 720 208 30 0 8
tree 840 216 40 0 179
tree 872 200 37 0 179
tree 1000 216 36 0 179
tree 1048 216 37 0 179
tree 1208 216 36 0 179
tree 1288 216 2 0 179
cliff 1312 192 119 179 179
dom 1408 192 78 0 179
tree 1512 200 34 0 179
zabor 1520 208 11 0 6
zabor 1520 208 30 0 8
zabor 1744 208 11 0 6
zabor 1744 208 30 0 8
tree 2008 216 38 0 179
tree 2056 200 2 0 179
cliff 2096 192 32 179 179
cliff 2112 208 34 179 179
cliff 2640 192 26 179 179
cliff 2656 208 47 179 179
dom 2688 192 199 0 179
lay 2728 200 67 0 179
lay 2776 216 67 0 179
lay 3064 216 60 0 179
lay 3352 200 60 0 179
tree 3480 200 37 0 179
tree 3592 216 36 0 179
tree 3672 216 2 0 179
tree 3672 200 2 0 179
tree 3800 216 2 0 179
tree 3880 216 36 0 179
tree 3960 200 38 0 179
tree 3960 216 34 0 179
tree 152 248 4 0 179
tree 280 232 7 0 179
zabor 304 240 17 0 2
zabor 304 240 19 0 6
zabor 304 240 25 0 8
zabor 688 240 1 0 2
zabor 688 240 19 0 6
zabor 688 240 30 0 8
tree 856 232 37 0 179
tree 952 232 36 0 179
tree 968 232 38 0 179
tree 1016 248 38 0 179
tree 1032 248 38 0 179
tree 1096 248 2 0 179
tree 1176 248 36 0 179
tree 1272 248 38 0 179
cliff 1328 240 99 179 179
cliff 1312 224 92 179 179
zabor 1360 240 1 0 2
zabor 1360 240 31 0 8
trop 1500 244 119 179 179
trop 1476 252 120 179 179
lay 1560 248 67 0 179
lay 1624 248 67 0 179
lay 1688 248 67 0 179
lay 1768 232 67 0 179
lay 1880 232 61 0 179
lay 1944 232 61 0 179
lay 1960 248 67 0 179
lay 2088 232 67 0 179
cliff 2128 224 52 179 179
cliff 2160 224 30 179 179
cliff 2160 240 13 179 179
cliff 2672 240 17 179 179
cliff 2656 240 23 179 179
cliff 2704 240 54 179 179
tree 2728 232 6 0 179
dom 2784 224 214 0 179
cliff 2832 240 59 179 179
lay 3144 248 60 0 179
tree 3480 248 38 0 179
tree 3544 248 38 0 179
tree 3544 232 38 0 179
tree 3560 248 36 0 179
tree 3752 232 34 0 179
tree 3880 248 37 0 179
tree 3896 232 34 0 179
tree 3928 248 38 0 179
tree 3944 232 40 0 179
tree 152 264 3 0 179
lay 168 264 67 0 179
zabor 304 272 17 0 2
zabor 304 272 11 0 6
zabor 304 272 30 0 8
lay 392 264 67 0 179
lay 456 264 67 0 179
zabor 688 272 3 0 6
zabor 688 272 24 0 8
tree 840 264 40 0 179
tree 904 264 38 0 179
tree 936 264 37 0 179
zabor 1360 272 9 0 2
zabor 1360 272 3 0 6
zabor 1360 272 31 0 8
cliff 1360 272 96 179 179
cliff 1344 256 94 179 179
lay 1400 264 67 0 179
tree 1384 264 36 0 179
trop 1476 276 120 179 179
trop 1476 268 120 179 179
zabor 1744 272 1 0 2
zabor 1744 272 29 0 8
tree 2040 264 40 0 179
tree 2120 264 34 0 179
cliff 2736 256 26 179 179
cliff 2768 272 18 179 179
cliff 2752 272 22 179 179
tree 2872 280 27 0 179
lay 3304 264 60 0 179
tree 3576 264 40 0 179
tree 3592 264 36 0 179
zabor 304 304 11 0 6
zabor 304 304 31 0 8
trop 492 300 103 179 179
trop 556 300 98 179 179
lay 712 312 67 0 179
tree 984 296 38 0 179
tree 1112 312 40 0 179
tree 1176 296 34 0 179
tree 1272 312 36 0 179
zabor 1360 304 8 0 0
zabor 1360 304 3 0 6
zabor 1360 304 29 0 8
zabor 1392 304 17 0 2
zabor 1392 304 2 0 4
zabor 1392 304 28 0 8
cliff 1376 288 118 179 179
trop 1476 300 120 179 179
zabor 1520 304 8 0 0
lay 1528 312 67 0 179
zabor 1520 304 28 0 8
zabor 1552 304 8 0 0
zabor 1552 304 18 0 4
zabor 1552 304 30 0 8
zabor 1584 304 16 0 0
zabor 1584 304 2 0 4
zabor 1584 304 30 0 8
zabor 1616 304 0 0 0
zabor 1616 304 10 0 4
zabor 1616 304 28 0 8
zabor 1648 304 16 0 0
lay 1656 312 67 0 179
zabor 1648 304 18 0 4
zabor 1648 304 27 0 8
zabor 1680 304 16 0 0
zabor 1680 304 2 0 4
zabor 1680 304 29 0 8
zabor 1712 304 8 0 0
zabor 1712 304 2 0 4
zabor 1712 304 31 0 8
zabor 1744 304 11 0 6
zabor 1744 304 18 0 4
zabor 1744 304 24 0 8
cliff 2144 304 1 179 179
cliff 2176 288 7 179 179
cliff 2816 288 7 179 179
lay 3016 296 60 0 179
lay 3032 312 67 0 179
lay 3096 312 60 0 179
tree 3608 312 38 0 179
tree 3736 296 40 0 179
tree 3720 296 2 0 179
tree 3752 312 34 0 179
tree 3752 296 38 0 179
tree 3832 296 38 0 179
tree 3960 296 38 0 179
zabor 688 336 9 0 2
zabor 688 336 28 0 8
tree 872 328 38 0 179
tree 936 344 40 0 179
tree 968 328 37 0 179
tree 1048 328 40 0 179
tree 1208 328 40 0 179
tree 1336 344 34 0 179
zabor 1392 336 11 0 6
zabor 1392 336 28 0 8
cliff 1392 336 96 179 179
cliff 1376 320 93 179 179
stand 1416 328 177 0 179
lay 1608 328 67 0 179
lay 1864 328 67 0 179
lay 2024 344 61 0 179
tree 2104 328 40 0 179
tree 2120 328 2 0 179
cliff 2128 320 34 179 179
cliff 2144 336 30 179 179
tree 2888 328 19 0 179
tree 3608 328 37 0 179
tree 3688 328 40 0 179
tree 3832 344 2 0 179
tree 3816 344 2 0 179
tree 3928 328 34 0 179
tree 3912 328 36 0 179
tree 3960 344 34 0 179
tree 3976 344 38 0 179
zabor 304 368 1 0 2
zabor 304 368 31 0 8
dom 384 352 248 0 179
lay 664 360 67 0 179
dom 640 352 86 0 179
zabor 688 368 1 0 2
zabor 688 368 3 0 6
zabor 688 368 27 0 8
tree 936 360 34 0 179
tree 1032 376 38 0 179
tree 1320 376 34 0 179
lay 1432 360 67 0 179
tree 1416 360 38 0 179
cliff 1408 352 118 179 179
stand 1464 376 147 0 179
lay 2056 376 61 0 179
cliff 2160 352 36 179 179
cliff 2176 368 30 179 179
lay 3128 360 68 0 179
lay 3480 360 60 0 179
tree 3720 376 38 0 179
tree 3944 360 36 0 179
tree 3960 360 34 0 179
zabor 304 400 17 0 2
tree 312 408 4 0 179
zabor 304 400 3 0 6
zabor 304 400 31 0 8
zabor 688 400 9 0 2
zabor 688 400 3 0 6
zabor 688 400 26 0 8
tree 888 392 2 0 179
tree 888 408 40 0 179
tree 920 408 34 0 179
tree 968 408 38 0 179
tree 1048 392 2 0 179
tree 1032 408 34 0 179
tree 1048 408 38 0 179
tree 1128 392 36 0 179
tree 1176 392 36 0 179
tree 1272 408 34 0 179
tree 1304 392 38 0 179
tree 1400 392 26 0 179
lay 1432 408 67 0 179
cliff 1408 384 120 179 179
tree 2072 392 34 0 179
tree 2104 392 2 0 179
tree 2168 408 40 0 179
cliff 2192 384 33 179 179
cliff 2208 400 28 179 179
lay 3000 392 67 0 179
lay 3128 408 60 0 179
tree 3736 408 37 0 179
tree 3720 392 40 0 179
tree 3768 408 2 0 179
tree 3784 408 36 0 179
tree 3832 392 37 0 179
tree 3832 408 36 0 179
tree 3816 392 34 0 179
tree 3864 408 37 0 179
tree 3848 392 38 0 179
tree 136 440 31 0 179
tree 152 424 30 0 179
tree 136 424 3 0 179
zabor 304 432 8 0 0
zabor 304 432 3 0 6
zabor 304 432 29 0 8
zabor 336 432 0 0 0
zabor 336 432 18 0 4
zabor 336 432 29 0 8
zabor 368 432 16 0 0
zabor 368 432 2 0 4
zabor 368 432 28 0 8
zabor 400 432 16 0 0
zabor 400 432 2 0 4
zabor 400 432 27 0 8
zabor 432 432 8 0 0
zabor 432 432 18 0 4
zabor 432 432 28 0 8
zabor 464 432 16 0 0
zabor 464 432 10 0 4
zabor 464 432 25 0 8
zabor 496 432 10 0 4
zabor 496 432 27 0 8
lay 536 440 67 0 179
zabor 560 432 0 0 0
zabor 560 432 25 0 8
zabor 592 432 16 0 0
zabor 592 432 10 0 4
zabor 592 432 28 0 8
zabor 624 432 16 0 0
zabor 624 432 2 0 4
zabor 624 432 30 0 8
zabor 656 432 8 0 0
zabor 656 432 2 0 4
zabor 656 432 28 0 8
zabor 688 432 11 0 6
zabor 688 432 2 0 4
zabor 688 432 25 0 8
tree 904 424 40 0 179
tree 936 424 38 0 179
tree 968 440 2 0 179
tree 1016 440 36 0 179
tree 1112 424 37 0 179
tree 1128 440 37 0 179
tree 1208 440 36 0 179
tree 1256 440 40 0 179
lay 2040 440 67 0 179
tree 2056 440 40 0 179
lay 2120 424 61 0 179
cliff 2224 416 36 179 179
cliff 2240 432 29 179 179
lay 3288 440 60 0 179
tree 3704 440 38 0 179
tree 3720 440 40 0 179
tree 3784 424 37 0 179
tree 3816 424 37 0 179
tree 3848 424 2 0 179
tree 3864 440 40 0 179
tree 3944 424 37 0 179
tree 3944 440 2 0 179
dom 192 448 298 0 179
tree 1128 456 40 0 179
tree 1128 472 2 0 179
tree 1160 472 2 0 179
lay 1592 472 61 0 179
lay 2056 456 67 0 179
tree 2136 472 37 0 179
tree 2200 472 34 0 179
cliff 2256 448 34 179 179
cliff 2272 464 31 179 179
lay 3416 456 60 0 179
tree 3640 472 36 0 179
tree 3656 456 40 0 179
tree 3704 456 34 0 179
tree 3768 456 38 0 179
tree 3944 456 2 0 179
tree 136 488 32 0 179
tree 1224 504 38 0 179
tree 1288 488 36 0 179
lay 1800 504 67 0 179
tree 2088 488 36 0 179
lay 2168 504 67 0 179
tree 2168 504 37 0 179
cliff 2288 496 8 179 179
tree 2584 504 36 0 179
tree 2616 488 34 0 179
lay 3080 504 68 0 179
tree 3656 504 34 0 179
tree 3848 488 34 0 179
tree 3864 488 38 0 179
tree 3864 504 38 0 179
tree 3880 504 40 0 179
tree 3976 488 37 0 179
tree 152 520 3 0 179
tree 1560 536 9 0 179
tree 1640 536 33 0 179
tree 2024 536 36 0 179
cliff 2048 528 61 179 179
cliff 2064 528 16 179 179
cliff 2096 528 54 179 179
cliff 2128 528 16 179 179
cliff 2224 528 15 179 179
cliff 2256 512 3 179 179
tree 2584 536 40 0 179
tree 2568 536 34 0 179
tree 3800 520 34 0 179
tree 3816 520 36 0 179
tree 3864 536 34 0 179
tree 3960 536 38 0 179
tree 3976 536 37 0 179
tree 696 552 9 0 179
tree 792 552 8 0 179
tree 1608 568 18 0 179
lay 1704 552 61 0 179
tree 2024 568 40 0 179
cliff 2160 544 25 179 179
cliff 2192 560 16 179 179
cliff 2176 560 21 179 179
tree 2552 568 38 0 179
tree 2568 552 34 0 179
tree 2664 552 40 0 179
lay 3096 552 68 0 179
tree 3080 552 3 0 179
lay 3112 552 67 0 179
tree 3160 552 3 0 179
lay 3432 568 60 0 179
lay 3496 552 60 0 179
tree 3672 552 2 0 179
tree 3672 568 40 0 179
tree 3704 552 37 0 179
tree 3720 552 38 0 179
tree 3768 568 36 0 179
tree 3784 568 2 0 179
tree 3832 568 37 0 179
tree 3816 552 34 0 179
tree 3864 552 37 0 179
tree 3960 552 34 0 179
tree 680 600 7 0 179
tree 776 600 28 0 179
cliff 2240 576 10 179 179
lay 3128 600 68 0 179
tree 3112 584 1 0 179
lay 3176 600 67 0 179
tree 3864 584 2 0 179
tree 3928 584 38 0 179
tree 3944 584 38 0 179
tree 920 632 19 0 179
lay 1688 632 67 0 179
tree 2088 616 38 0 179
lay 2392 632 61 0 179
tree 3112 632 3 0 179
tree 3144 616 18 0 179
lay 3176 616 67 0 179
lay 3192 616 67 0 179
tree 3208 632 5 0 179
lay 3688 616 7 0 179
tree 3720 616 36 0 179
tree 3768 616 36 0 179
tree 3784 616 37 0 179
tree 3832 616 40 0 179
tree 3816 616 34 0 179
tree 3896 632 37 0 179
tree 3912 632 38 0 179
tree 3928 616 38 0 179
tree 3944 632 36 0 179
tree 840 648 5 0 179
tree 1704 664 5 0 179
tree 1736 648 1 0 179
lay 1768 664 67 0 179
lay 3384 648 60 0 179
zabor 3664 656 1 0 2
zabor 3664 656 16 0 0
zabor 3664 656 30 0 8
zabor 3696 656 2 0 4
zabor 3696 656 27 0 8
tree 3800 664 40 0 179
tree 3800 648 37 0 179
stand 3896 664 151 0 179
tree 3912 664 38 0 179
tree 3960 648 40 0 179
lay 2072 680 61 0 179
lay 2184 696 61 0 179
tree 3160 680 6 0 179
tree 3240 680 27 0 179
zabor 3664 688 9 0 2
zabor 3664 688 11 0 6
zabor 3664 688 27 0 8
dom 3744 672 289 0 179
tree 3816 680 34 0 179
tree 3880 680 36 0 179
tree 3896 696 38 0 179
trop 3908 692 120 179 179
lay 728 712 67 0 179
lay 760 712 67 0 179
tree 1848 728 29 0 179
zabor 3664 720 3 0 6
zabor 3664 720 30 0 8
stand 3848 712 179 0 179
trop 3876 732 119 179 179
trop 3900 732 119 179 179
trop 3908 716 120 179 179
tree 3960 712 38 0 179
lay 472 744 50 0 179
lay 536 760 50 0 179
lay 536 744 67 0 179
lay 552 760 67 0 179
lay 600 760 67 0 179
lay 616 744 50 0 179
tree 664 760 11 0 179
lay 792 744 68 0 179
tree 1528 744 4 0 179
tree 1528 760 9 0 179
lay 2008 760 61 0 179
tree 2840 760 6 0 179
lay 3304 744 67 0 179
tree 3656 760 27 0 179
lay 3784 760 60 0 179
zabor 3856 752 8 0 0
zabor 3856 752 31 0 8
zabor 3888 752 8 0 0
zabor 3888 752 18 0 4
zabor 3888 752 24 0 8
zabor 3920 752 0 0 0
zabor 3920 752 10 0 4
zabor 3920 752 30 0 8
zabor 3952 752 2 0 4
zabor 3952 752 29 0 8
tree 456 792 18 0 179
lay 552 776 51 0 179
lay 568 776 67 0 179
tree 568 776 6 0 179
dom 608 768 204 0 179
tree 664 776 10 0 179
tree 648 792 19 0 179
cliff 688 784 59 179 179
tree 2360 792 1 0 179
tree 2888 776 28 0 179
lay 3576 776 60 0 179
tree 3672 776 5 0 179
dom 3680 768 316 0 179
fre 3868 772 15 179 179
zabor 3984 784 27 0 8
cliff 640 800 16 179 179
cliff 688 816 10 179 179
tree 1128 824 18 0 179
tree 1176 824 5 0 179
tree 1512 824 19 0 179
tree 1576 808 29 0 179
tree 2232 824 7 0 179
dom 2336 800 314 0 179
tree 2472 824 6 0 179
zabor 2864 816 8 0 0
zabor 2864 816 25 0 8
zabor 2896 816 16 0 0
zabor 2896 816 2 0 4
zabor 2896 816 30 0 8
zabor 2928 816 8 0 0
zabor 2928 816 10 0 4
zabor 2928 816 30 0 8
zabor 2960 816 0 0 0
zabor 2960 816 10 0 4
zabor 2960 816 30 0 8
zabor 2992 816 10 0 4
zabor 2992 816 26 0 8
zabor 3088 816 0 0 0
zabor 3088 816 27 0 8
zabor 3120 816 8 0 0
zabor 3120 816 18 0 4
zabor 3120 816 31 0 8
zabor 3152 816 0 0 0
zabor 3152 816 18 0 4
zabor 3152 816 30 0 8
zabor 3184 816 1 0 2
zabor 3184 816 18 0 4
zabor 3184 816 30 0 8
tree 3752 808 18 0 179
tree 472 840 31 0 179
tree 1144 856 18 0 179
tree 1128 856 5 0 179
tree 2168 840 8 0 179
tree 2216 840 4 0 179
lay 2392 856 61 0 179
dom 2496 832 310 0 179
stand 3160 856 161 0 179
stand 3144 840 160 0 179
stand 3160 840 156 0 179
zabor 3184 848 17 0 2
zabor 3184 848 19 0 6
zabor 3184 848 28 0 8
lay 3416 856 60 0 179
tree 3688 856 33 0 179
lay 3752 840 60 0 179
lay 840 872 67 0 179
tree 2712 872 31 0 179
tree 2696 872 5 0 179
tree 2728 888 4 0 179
zabor 2800 880 9 0 2
zabor 2800 880 27 0 8
zabor 3184 880 17 0 2
zabor 3184 880 3 0 6
zabor 3184 880 25 0 8
zabor 3696 880 9 0 2
zabor 3696 880 29 0 8
lay 3912 888 67 0 179
most 544 896 1 0 179
lay 2216 904 61 0 179
lay 2488 904 61 0 179
tree 2664 904 4 0 179
stand 2744 920 151 0 179
tree 2776 920 30 0 179
zabor 2800 912 1 0 2
zabor 2800 912 3 0 6
zabor 2800 912 26 0 8
zabor 3184 912 17 0 2
zabor 3184 912 11 0 6
zabor 3184 912 31 0 8
lay 3480 904 60 0 179
zabor 3696 912 9 0 2
zabor 3696 912 19 0 6
zabor 3696 912 28 0 8
lay 936 952 67 0 179
tree 2168 952 30 0 179
dom 2336 928 311 0 179
tree 2728 936 1 0 179
zabor 2800 944 1 0 2
zabor 2800 944 19 0 6
zabor 2800 944 26 0 8
dom 2880 928 310 0 179
dom 3040 928 81 0 179
zabor 3184 944 17 0 2
zabor 3184 944 3 0 6
zabor 3184 944 27 0 8
lay 3672 936 60 0 179
zabor 3696 944 1 0 2
zabor 3696 944 19 0 6
zabor 3696 944 31 0 8
lay 1704 968 61 0 179
lay 1864 968 61 0 179
tree 2168 984 27 0 179
tree 2184 984 7 0 179
trop 2572 972 8 179 179
tree 2680 984 4 0 179
zabor 2704 976 8 0 0
zabor 2704 976 28 0 8
zabor 2736 976 8 0 0
zabor 2736 976 18 0 4
zabor 2736 976 30 0 8
zabor 2768 976 16 0 0
zabor 2768 976 10 0 4
zabor 2768 976 31 0 8
zabor 2800 976 19 0 6
zabor 2800 976 10 0 4
zabor 2800 976 29 0 8
zabor 3184 976 16 0 0
zabor 3184 976 19 0 6
zabor 3184 976 25 0 8
zabor 3216 976 8 0 0
zabor 3216 976 2 0 4
zabor 3216 976 26 0 8
zabor 3248 976 0 0 0
zabor 3248 976 2 0 4
zabor 3248 976 30 0 8
zabor 3280 976 18 0 4
zabor 3280 976 26 0 8
lay 3512 984 60 0 179
zabor 3696 976 3 0 6
zabor 3696 976 28 0 8
tree 232 1016 37 0 179
tree 440 1016 32 0 179
lay 536 1016 51 0 179
tree 616 1016 5 0 179
lay 712 1016 67 0 179
tree 152 1032 2 0 179
tree 200 1032 36 0 179
tree 200 1048 34 0 179
tree 296 1032 36 0 179
lay 472 1048 50 0 179
dom 480 1024 205 0 179
lay 552 1032 67 0 179
stand 2904 1048 167 0 179
lay 3576 1032 60 0 179
tree 216 1080 40 0 179
tree 344 1080 40 0 179
tree 392 1080 2 0 179
tree 408 1064 37 0 179
tree 424 1064 40 0 179
tree 472 1080 2 0 179
tree 520 1064 27 0 179
lay 600 1064 50 0 179
lay 728 1064 67 0 179
tree 1544 1080 31 0 179
lay 1736 1064 61 0 179
lay 2168 1080 61 0 179
dom 2240 1056 288 0 179
tree 2520 1064 4 0 179
lay 3832 1064 67 0 179
lay 3944 1064 67 0 179
tree 120 1112 36 0 179
tree 168 1112 37 0 179
tree 168 1096 36 0 179
tree 248 1096 40 0 179
tree 264 1112 37 0 179
tree 328 1112 36 0 179
tree 440 1112 2 0 179
tree 1544 1096 9 0 179
trop 2572 1108 5 179 179
dom 2688 1088 79 0 179
dom 3040 1088 86 0 179
tree 136 1128 2 0 179
tree 136 1144 38 0 179
tree 280 1144 34 0 179
tree 376 1144 40 0 179
tree 504 1128 34 0 179
lay 1416 1144 61 0 179
tree 1528 1128 8 0 179
lay 2328 1128 61 0 179
lay 2344 1128 61 0 179
tree 136 1160 36 0 179
tree 456 1160 37 0 179
tree 552 1160 37 0 179
tree 1336 1176 31 0 179
tree 1320 1176 6 0 179
lay 1368 1160 61 0 179
lay 1448 1160 61 0 179
dom 1600 1152 318 0 179
tree 2072 1160 28 0 179
tree 2104 1160 5 0 179
tree 2632 1160 27 0 179
tree 3144 1160 6 0 179
tree 3192 1160 29 0 179
lay 3512 1176 67 0 179
lay 3832 1176 67 0 179
tree 136 1192 37 0 179
tree 152 1192 34 0 179
tree 152 1208 37 0 179
tree 184 1192 40 0 179
tree 200 1208 37 0 179
tree 232 1208 36 0 179
tree 280 1192 2 0 179
tree 360 1208 36 0 179
tree 392 1208 34 0 179
tree 408 1192 36 0 179
tree 424 1208 2 0 179
tree 520 1208 36 0 179
lay 1464 1208 61 0 179
lay 1624 1192 50 0 179
zabor 1808 1200 1 0 2
zabor 1808 1200 8 0 0
zabor 1808 1200 25 0 8
zabor 1840 1200 8 0 0
zabor 1840 1200 18 0 4
zabor 1840 1200 28 0 8
zabor 1872 1200 8 0 0
zabor 1872 1200 10 0 4
zabor 1872 1200 24 0 8
zabor 1904 1200 8 0 0
zabor 1904 1200 2 0 4
zabor 1904 1200 29 0 8
zabor 1936 1200 18 0 4
zabor 1936 1200 24 0 8
zabor 2032 1200 0 0 0
zabor 2032 1200 29 0 8
zabor 2064 1200 8 0 0
zabor 2064 1200 2 0 4
zabor 2064 1200 24 0 8
zabor 2096 1200 0 0 0
zabor 2096 1200 2 0 4
zabor 2096 1200 25 0 8
zabor 2128 1200 0 0 0
zabor 2128 1200 2 0 4
zabor 2128 1200 24 0 8
zabor 2160 1200 8 0 0
zabor 2160 1200 18 0 4
zabor 2160 1200 30 0 8
zabor 2192 1200 0 0 0
zabor 2192 1200 18 0 4
zabor 2192 1200 28 0 8
zabor 2224 1200 8 0 0
zabor 2224 1200 2 0 4
zabor 2224 1200 31 0 8
zabor 2256 1200 0 0 0
zabor 2256 1200 2 0 4
zabor 2256 1200 27 0 8
zabor 2288 1200 9 0 2
zabor 2288 1200 2 0 4
zabor 2288 1200 25 0 8
tree 2520 1192 27 0 179
zabor 3344 1200 9 0 2
zabor 3344 1200 28 0 8
lay 3608 1192 67 0 179
tree 200 1240 34 0 179
tree 280 1224 37 0 179
tree 280 1240 36 0 179
tree 1272 1224 6 0 179
zabor 1808 1232 1 0 2
zabor 1808 1232 11 0 6
zabor 1808 1232 29 0 8
lay 2168 1240 67 0 179
zabor 2288 1232 17 0 2
zabor 2288 1232 19 0 6
zabor 2288 1232 24 0 8
dom 2848 1216 82 0 179
stand 2968 1224 166 0 179
zabor 3344 1232 1 0 2
zabor 3344 1232 19 0 6
zabor 3344 1232 30 0 8
tree 168 1256 40 0 179
tree 200 1256 36 0 179
tree 280 1272 37 0 179
tree 296 1272 38 0 179
tree 296 1256 2 0 179
tree 344 1272 2 0 179
tree 376 1272 40 0 179
tree 456 1272 2 0 179
tree 520 1272 36 0 179
tree 552 1272 40 0 179
lay 1208 1256 67 0 179
zabor 1808 1264 19 0 6
zabor 1808 1264 24 0 8
lay 2200 1256 61 0 179
zabor 2288 1264 9 0 2
zabor 2288 1264 3 0 6
zabor 2288 1264 31 0 8
zabor 3344 1264 1 0 2
zabor 3344 1264 3 0 6
zabor 3344 1264 28 0 8
lay 3640 1256 67 0 179
lay 3704 1256 61 0 179
tree 152 1304 34 0 179
tree 200 1304 2 0 179
tree 216 1288 38 0 179
tree 312 1304 2 0 179
tree 296 1288 38 0 179
tree 344 1288 37 0 179
tree 408 1304 34 0 179
tree 488 1304 36 0 179
tree 520 1288 37 0 179
lay 1384 1304 68 0 179
lay 1576 1304 61 0 179
dom 1920 1280 227 0 179
dom 2080 1280 227 0 179
zabor 2288 1296 9 0 2
zabor 2288 1296 11 0 6
zabor 2288 1296 25 0 8
trop 2572 1284 5 179 179
tree 2632 1288 5 0 179
zabor 3312 1296 17 0 2
zabor 3312 1296 16 0 0
tree 3320 1288 32 0 179
zabor 3312 1296 24 0 8
zabor 3344 1296 11 0 6
zabor 3344 1296 10 0 4
zabor 3344 1296 25 0 8
tree 3624 1288 8 0 179
lay 3672 1288 67 0 179
tree 3704 1288 19 0 179
tree 200 1320 38 0 179
tree 216 1320 2 0 179
tree 216 1336 40 0 179
tree 248 1320 34 0 179
tree 264 1320 2 0 179
tree 344 1320 2 0 179
tree 360 1320 2 0 179
tree 360 1336 40 0 179
tree 728 1320 40 0 179
zabor 1808 1328 1 0 2
zabor 1808 1328 28 0 8
lay 1960 1320 51 0 179
trop 2052 1332 98 179 179
dom 2208 1312 255 0 179
zabor 2288 1328 1 0 2
zabor 2288 1328 3 0 6
zabor 2288 1328 25 0 8
tree 2520 1336 27 0 179
tree 2744 1320 19 0 179
dom 3168 1312 311 0 179
zabor 3312 1328 9 0 2
zabor 3312 1328 3 0 6
zabor 3312 1328 27 0 8
tree 3736 1336 18 0 179
lay 3720 1336 67 0 179
tree 3912 1336 1 0 179
tree 168 1368 34 0 179
tree 168 1352 38 0 179
tree 216 1368 38 0 179
tree 264 1368 34 0 179
tree 328 1368 36 0 179
tree 424 1352 38 0 179
tree 472 1352 34 0 179
tree 600 1368 34 0 179
tree 616 1352 40 0 179
tree 744 1368 2 0 179
tree 744 1352 38 0 179
tree 936 1368 36 0 179
lay 1464 1352 61 0 179
zabor 1808 1360 17 0 2
zabor 1808 1360 19 0 6
zabor 1808 1360 29 0 8
stand 2056 1352 182 0 179
stand 2088 1352 181 0 179
stand 2088 1368 183 0 179
zabor 2288 1360 17 0 2
zabor 2288 1360 3 0 6
zabor 2288 1360 29 0 8
tree 3000 1352 6 0 179
zabor 3312 1360 17 0 2
zabor 3312 1360 19 0 6
zabor 3312 1360 30 0 8
cliff 3664 1344 61 179 179
tree 3704 1368 5 0 179
lay 3752 1352 67 0 179
tree 3864 1368 33 0 179
tree 168 1384 38 0 179
tree 232 1384 38 0 179
tree 504 1400 2 0 179
tree 552 1400 37 0 179
tree 616 1400 40 0 179
tree 888 1384 37 0 179
tree 920 1384 34 0 179
tree 936 1384 34 0 179
tree 1016 1384 38 0 179
lay 1112 1384 67 0 179
zabor 1808 1392 17 0 2
zabor 1808 1392 11 0 6
zabor 1808 1392 27 0 8
stand 1960 1400 177 0 179
trop 1988 1404 101 179 179
lay 2232 1400 67 0 179
zabor 2288 1392 3 0 6
zabor 2288 1392 24 0 8
tree 2968 1400 27 0 179
tree 3272 1400 6 0 179
zabor 3312 1392 9 0 2
tree 3304 1400 27 0 179
zabor 3312 1392 3 0 6
zabor 3312 1392 26 0 8
cliff 3696 1392 20 179 179
cliff 3680 1376 26 179 179
cliff 3712 1392 16 179 179
cliff 3744 1392 54 179 179
cliff 3776 1392 54 179 179
cliff 3808 1392 18 179 179
cliff 3840 1392 18 179 179
tree 152 1432 2 0 179
tree 152 1416 34 0 179
tree 248 1432 37 0 179
tree 312 1432 34 0 179
tree 328 1416 36 0 179
tree 344 1416 34 0 179
tree 440 1416 36 0 179
tree 424 1416 34 0 179
tree 520 1432 36 0 179
tree 552 1416 2 0 179
tree 616 1416 37 0 179
tree 760 1416 40 0 179
tree 984 1432 2 0 179
tree 1032 1432 36 0 179
tree 1096 1432 38 0 179
lay 1656 1432 61 0 179
zabor 1808 1424 9 0 2
zabor 1808 1424 11 0 6
zabor 1808 1424 27 0 8
dom 1856 1408 314 0 179
dom 2176 1408 236 0 179
tree 2632 1432 27 0 179
tree 2792 1432 19 0 179
zabor 3088 1424 16 0 0
zabor 3088 1424 27 0 8
zabor 3120 1424 16 0 0
zabor 3120 1424 10 0 4
zabor 3120 1424 28 0 8
zabor 3152 1424 8 0 0
zabor 3152 1424 18 0 4
zabor 3152 1424 29 0 8
zabor 3184 1424 8 0 0
zabor 3184 1424 10 0 4
zabor 3184 1424 26 0 8
zabor 3216 1424 10 0 4
zabor 3216 1424 26 0 8
zabor 3280 1424 8 0 0
zabor 3280 1424 30 0 8
zabor 3312 1424 3 0 6
zabor 3312 1424 10 0 4
zabor 3312 1424 26 0 8
lay 3592 1432 67 0 179
lay 3640 1432 67 0 179
cliff 3888 1424 20 179 179
cliff 3872 1408 25 179 179
cliff 3904 1424 16 179 179
tree 3944 1416 19 0 179
tree 248 1448 40 0 179
tree 424 1464 36 0 179
tree 440 1464 37 0 179
tree 456 1448 38 0 179
tree 520 1464 37 0 179
tree 584 1464 34 0 179
tree 648 1464 36 0 179
tree 664 1464 2 0 179
tree 776 1464 38 0 179
tree 888 1448 40 0 179
tree 952 1464 40 0 179
tree 984 1448 40 0 179
tree 1048 1448 36 0 179
lay 1032 1464 10 0 179
lay 1544 1464 68 0 179
zabor 1808 1456 9 0 2
zabor 1808 1456 19 0 6
zabor 1808 1456 29 0 8
lay 1864 1448 51 0 179
stand 1960 1448 176 0 179
trop 2108 1460 102 179 179
zabor 2288 1456 17 0 2
zabor 2288 1456 31 0 8
trop 2572 1460 5 179 179
tree 2872 1464 4 0 179
tree 2872 1448 8 0 179
cliff 3952 1456 20 179 179
cliff 3936 1440 27 179 179
cliff 3968 1456 17 179 179
cliff 4000 1456 18 179 179
cliff 4032 1456 54 179 179
tree 136 1480 38 0 179
tree 200 1496 34 0 179
tree 264 1496 40 0 179
tree 360 1496 36 0 179
tree 536 1480 38 0 179
tree 584 1480 2 0 179
tree 600 1480 34 0 179
lay 904 1496 67 0 179
zabor 1808 1488 17 0 2
zabor 1808 1488 19 0 6
zabor 1808 1488 24 0 8
dom 1856 1472 314 0 179
lay 2168 1480 51 0 179
zabor 2288 1488 17 0 2
zabor 2288 1488 3 0 6
zabor 2288 1488 27 0 8
tree 2504 1480 4 0 179
tree 2856 1480 3 0 179
cliff 4064 1472 25 179 179
lay 1624 1512 61 0 179
zabor 1808 1520 17 0 2
zabor 1808 1520 19 0 6
zabor 1808 1520 26 0 8
trop 1924 1524 96 179 179
trop 2116 1532 102 179 179
stand 2232 1528 185 0 179
stand 2264 1528 186 0 179
stand 2248 1528 183 0 179
zabor 2288 1520 1 0 2
zabor 2288 1520 3 0 6
zabor 2288 1520 30 0 8
dom 2368 1504 319 0 179
lay 1112 1544 50 0 179
tree 1176 1544 27 0 179
tree 1224 1544 9 0 179
tree 1256 1560 7 0 179
lay 1608 1560 67 0 179
lay 1656 1560 50 0 179
zabor 1808 1552 0 0 0
zabor 1808 1552 3 0 6
zabor 1808 1552 28 0 8
zabor 1840 1552 0 0 0
zabor 1840 1552 10 0 4
zabor 1840 1552 26 0 8
zabor 1872 1552 8 0 0
zabor 1872 1552 2 0 4
zabor 1872 1552 24 0 8
zabor 1904 1552 2 0 4
zabor 1904 1552 27 0 8
zabor 1968 1552 8 0 0
zabor 1968 1552 24 0 8
zabor 2000 1552 16 0 0
zabor 2000 1552 18 0 4
zabor 2000 1552 25 0 8
zabor 2032 1552 2 0 4
zabor 2032 1552 31 0 8
dom 2048 1536 308 0 179
zabor 2160 1552 0 0 0
zabor 2160 1552 24 0 8
zabor 2192 1552 0 0 0
zabor 2192 1552 10 0 4
zabor 2192 1552 29 0 8
zabor 2224 1552 16 0 0
zabor 2224 1552 10 0 4
zabor 2224 1552 30 0 8
zabor 2256 1552 0 0 0
zabor 2256 1552 2 0 4
zabor 2256 1552 31 0 8
zabor 2288 1552 3 0 6
zabor 2288 1552 18 0 4
zabor 2288 1552 26 0 8
tree 2632 1560 29 0 179
stand 200 1576 49 0 179
stand 488 1576 49 0 179
stand 760 1576 49 0 179
fre 924 1572 11 179 179
fre 948 1572 6 179 179
stand 1032 1576 49 0 179
tree 1544 1576 1 0 179
tree 1592 1576 27 0 179
lay 1656 1576 67 0 179
lay 1720 1576 67 0 179
stand 1864 1576 49 0 179
stand 2168 1576 49 0 179
stand 2504 1576 18 0 179
stand 2824 1576 49 0 179
stand 3144 1576 49 0 179
stand 3480 1576 49 0 179
stand 3800 1576 49 0 179
lay 1144 1624 49 0 179
lay 1160 1624 67 0 179
lay 1592 1608 67 0 179
lay 1624 1624 50 0 179
lay 1608 1624 67 0 179
lay 1608 1608 67 0 179
lay 1736 1624 50 0 179
trop 2572 1604 2 179 179
trop 84 1636 6 179 179
trop 260 1636 6 179 179
trop 436 1636 6 179 179
trop 612 1636 6 179 179
trop 788 1636 6 179 179
trop 964 1636 6 179 179
trop 1092 1636 10 179 179
lay 1160 1640 67 0 179
most 1504 1632 6 0 179
lay 1624 1656 51 0 179
lay 1608 1656 67 0 179
trop 1708 1636 7 179 179
trop 1844 1636 6 179 179
trop 2020 1636 6 179 179
trop 2196 1636 6 179 179
trop 2372 1636 6 179 179
trop 2548 1636 6 179 179
trop 2724 1636 6 179 179
trop 2900 1636 6 179 179
trop 3076 1636 6 179 179
trop 3252 1636 6 179 179
trop 3420 1636 6 179 179
trop 3596 1636 6 179 179
trop 3772 1636 6 179 179
trop 3948 1636 6 179 179
trop 3980 1636 6 179 179
fre 220 1692 6 179 179
tree 888 1688 32 0 179
tree 920 1688 31 0 179
tree 936 1688 28 0 179
most 1280 1664 7 0 179
lay 1688 1672 67 0 179
stand 2616 1688 241 0 179
fre 2908 1684 2 179 179
tree 3352 1688 27 0 179
tree 136 1704 27 0 179
tree 376 1704 27 0 179
tree 648 1704 4 0 179
lay 1112 1704 50 0 179
cliff 1200 1712 64 179 179
lay 1640 1704 67 0 179
lay 1640 1720 67 0 179
lay 1672 1704 50 0 179
lay 1672 1720 50 0 179
lay 1704 1704 67 0 179
tree 1880 1720 4 0 179
dom 2016 1696 88 0 179
dom 2176 1696 288 0 179
tree 2376 1720 4 0 179
tree 2600 1720 27 0 179
tree 2840 1704 27 0 179
lay 2936 1720 67 0 179
tree 3096 1704 4 0 179
tree 3608 1704 4 0 179
tree 3848 1704 27 0 179
tree 1176 1736 8 0 179
lay 1672 1752 67 0 179
lay 1720 1736 50 0 179
lay 2056 1736 49 0 179
lay 2056 1752 49 0 179
lay 3736 1736 67 0 179
tree 168 1784 38 0 179
tree 200 1768 38 0 179
tree 232 1784 40 0 179
dom 1056 1760 78 0 179
tree 1624 1768 18 0 179
tree 1656 1784 3 0 179
lay 2216 1768 49 0 179
lay 3480 1784 67 0 179
lay 3656 1784 67 0 179
lay 3720 1784 67 0 179
tree 232 1800 40 0 179
tree 1288 1816 7 0 179
lay 2024 1816 50 0 179
lay 3384 1800 63 0 179
lay 3432 1816 63 0 179
lay 3864 1800 67 0 179
tree 152 1832 34 0 179
tree 184 1848 36 0 179
tree 232 1832 36 0 179
tree 904 1832 30 0 179
dom 960 1824 299 0 179
stand 1000 1832 177 0 179
stand 1128 1832 178 0 179
tree 1272 1832 31 0 179
lay 2152 1848 58 0 179
lay 3512 1832 67 0 179
lay 3768 1832 67 0 179
tree 168 1880 34 0 179
stand 232 1864 254 0 179
lay 760 1880 28 0 179
lay 1640 1864 67 0 179
fre 2052 1884 13 179 179
dom 2176 1856 289 0 179
lay 3560 1880 67 0 179
tree 3800 1880 34 0 179
tree 3816 1880 40 0 179
tree 3880 1864 40 0 179
tree 3896 1864 40 0 179
tree 120 1912 36 0 179
tree 136 1896 38 0 179
tree 200 1912 37 0 179
tree 216 1896 40 0 179
tree 232 1912 36 0 179
tree 616 1912 7 0 179
tree 648 1912 19 0 179
tree 648 1896 27 0 179
lay 2056 1912 51 0 179
lay 2216 1896 58 0 179
lay 2264 1896 58 0 179
fre 2556 1916 6 179 179
lay 3464 1912 63 0 179
lay 3512 1896 67 0 179
tree 3528 1912 28 0 179
tree 3560 1896 31 0 179
lay 3640 1896 67 0 179
tree 3768 1912 38 0 179
tree 3752 1912 38 0 179
tree 3976 1896 40 0 179
tree 88 1944 36 0 179
tree 152 1944 2 0 179
tree 136 1944 34 0 179
tree 200 1928 36 0 179
tree 200 1944 37 0 179
tree 232 1944 40 0 179
lay 936 1944 67 0 179
lay 1016 1944 67 0 179
tree 1128 1944 31 0 179
tree 1176 1944 27 0 179
tree 1880 1928 31 0 179
lay 2232 1928 49 0 179
lay 2520 1928 61 0 179
fre 2516 1932 7 179 179
fre 2540 1924 5 179 179
tree 3496 1928 7 0 179
tree 3768 1928 34 0 179
tree 3816 1928 34 0 179
tree 3832 1944 36 0 179
tree 3880 1944 36 0 179
tree 3944 1944 38 0 179
tree 88 1976 36 0 179
tree 136 1960 37 0 179
tree 168 1960 34 0 179
tree 2008 1976 31 0 179
tree 2408 1960 4 0 179
tree 2488 1960 33 0 179
fre 2556 1972 6 179 179
lay 3352 1976 67 0 179
tree 3448 1960 1 0 179
tree 3544 1976 7 0 179
tree 3560 1976 3 0 179
tree 3800 1976 38 0 179
tree 3832 1960 2 0 179
tree 3816 1960 40 0 179
tree 3880 1976 37 0 179
tree 104 1992 37 0 179
tree 120 2008 40 0 179
tree 104 2008 2 0 179
tree 136 2008 2 0 179
tree 216 1992 37 0 179
tree 216 2008 37 0 179
lay 1160 2008 49 0 179
trop 1316 1988 9 179 179
tree 1864 1992 31 0 179
lay 2440 2008 61 0 179
lay 3464 1992 63 0 179
tree 3736 1992 34 0 179
tree 3800 2008 34 0 179
tree 3784 1992 38 0 179
tree 3816 1992 36 0 179
tree 3880 1992 38 0 179
tree 3880 2008 38 0 179
tree 3960 2008 40 0 179
tree 200 2024 40 0 179
tree 216 2040 36 0 179
lay 1064 2024 10 0 179
stand 1080 2040 181 0 179
stand 1096 2024 182 0 179
tree 2376 2040 32 0 179
tree 2440 2024 28 0 179
tree 2504 2040 32 0 179
tree 3784 2040 40 0 179
tree 3800 2024 38 0 179
tree 3912 2040 38 0 179
tree 3944 2024 2 0 179
tree 104 2056 2 0 179
tree 104 2072 38 0 179
tree 152 2072 40 0 179
tree 200 2056 36 0 179
tree 216 2056 34 0 179
tree 392 2072 33 0 179
tree 1000 2072 19 0 179
stand 1096 2072 180 0 179
lay 1240 2072 9 0 179
lay 1624 2056 67 0 179
lay 1688 2072 29 0 179
tree 2456 2072 19 0 179
tree 2536 2072 8 0 179
lay 3384 2056 67 0 179
tree 3784 2056 34 0 179
tree 3848 2056 37 0 179
tree 3848 2072 37 0 179
tree 152 2088 2 0 179
tree 504 2088 27 0 179
stand 1096 2104 180 0 179
lay 1240 2088 9 0 179
lay 1352 2104 50 0 179
tree 2456 2104 1 0 179
lay 3560 2088 63 0 179
tree 3768 2104 36 0 179
tree 3944 2104 34 0 179
tree 3944 2088 40 0 179
tree 3960 2104 37 0 179
tree 168 2120 36 0 179
tree 168 2136 36 0 179
tree 200 2136 37 0 179
tree 232 2120 36 0 179
tree 472 2120 27 0 179
tree 488 2136 28 0 179
tree 1000 2136 33 0 179
dom 1056 2112 227 0 179
stand 1096 2136 182 0 179
dom 1184 2112 227 0 179
tree 2488 2120 29 0 179
tree 3544 2136 6 0 179
tree 3528 2136 27 0 179
tree 3832 2120 37 0 179
tree 3848 2120 36 0 179
tree 3928 2136 34 0 179
tree 3944 2120 36 0 179
tree 4008 2120 2 0 179
tree 4024 2120 38 0 179
tree 152 2152 34 0 179
tree 200 2152 37 0 179
tree 808 2168 29 0 179
lay 1208 2168 49 0 179
lay 1608 2152 67 0 179
tree 2520 2152 28 0 179
tree 2536 2152 33 0 179
tree 3544 2152 32 0 179
tree 3784 2152 34 0 179
tree 3784 2168 40 0 179
tree 3896 2168 38 0 179
tree 3960 2168 40 0 179
tree 3944 2168 38 0 179
tree 856 2200 27 0 179
lay 1016 2184 51 0 179
lay 1128 2200 58 0 179
trop 1380 2196 115 179 179
fre 2732 2196 6 179 179
tree 3800 2200 40 0 179
tree 3784 2184 34 0 179
tree 3896 2200 37 0 179
tree 3896 2184 40 0 179
tree 3944 2200 37 0 179
tree 152 2216 37 0 179
tree 152 2232 40 0 179
tree 168 2232 2 0 179
tree 184 2232 37 0 179
tree 184 2216 37 0 179
tree 776 2216 30 0 179
tree 808 2216 3 0 179
lay 1048 2232 58 0 179
tree 2456 2216 32 0 179
most 2496 2208 60 0 179
tree 3800 2216 36 0 179
tree 3880 2216 36 0 179
tree 136 2264 36 0 179
tree 184 2248 40 0 179
lay 1208 2264 58 0 179
lay 1224 2264 64 0 179
tree 1336 2264 28 0 179
tree 1336 2248 4 0 179
lay 1320 2248 61 0 179
trop 1444 2252 108 179 179
tree 1848 2264 31 0 179
trop 2436 2268 120 179 179
trop 2444 2244 120 179 179
tree 2584 2264 33 0 179
tree 3528 2264 8 0 179
tree 3528 2248 28 0 179
tree 3800 2248 37 0 179
tree 3864 2264 36 0 179
tree 3944 2264 34 0 179
tree 152 2280 2 0 179
tree 2360 2296 31 0 179
trop 2428 2284 120 179 179
tree 2456 2296 22 0 179
tree 2488 2280 20 0 179
tree 2616 2296 33 0 179
lay 3528 2280 67 0 179
tree 3800 2296 2 0 179
tree 3944 2280 2 0 179
lay 984 2312 51 0 179
lay 1016 2328 64 0 179
dom 1152 2304 298 0 179
tree 1848 2312 32 0 179
tree 2296 2312 31 0 179
dom 2336 2304 314 0 179
lay 2392 2328 60 0 179
trop 2412 2324 120 179 179
trop 2420 2308 120 179 179
tree 2696 2312 27 0 179
tree 3784 2312 34 0 179
tree 3848 2328 36 0 179
tree 3928 2312 36 0 179
dom 1024 2336 81 0 179
lay 1992 2360 67 0 179
trop 2348 2356 119 179 179
trop 2396 2364 120 179 179
trop 2404 2340 120 179 179
tree 2664 2360 19 0 179
tree 2776 2344 17 0 179
lay 3288 2344 67 0 179
lay 3496 2344 67 0 179
lay 3592 2344 67 0 179
tree 3800 2360 36 0 179
tree 3800 2344 40 0 179
tree 3960 2344 36 0 179
tree 3944 2344 36 0 179
cliff 80 2368 52 179 179
cliff 112 2368 49 179 179
cliff 144 2368 52 179 179
tree 136 2376 25 0 179
lay 168 2392 67 0 179
cliff 176 2368 51 179 179
cliff 208 2368 29 179 179
cliff 224 2384 35 179 179
lay 968 2392 51 0 179
lay 1112 2376 50 0 179
lay 1160 2376 58 0 179
tree 1336 2376 32 0 179
lay 1336 2376 61 0 179
trop 1444 2380 108 179 179
dom 1536 2368 295 0 179
trop 2364 2372 120 179 179
trop 2388 2380 120 179 179
tree 2728 2376 8 0 179
tree 2840 2392 10 0 179
lay 3256 2392 67 0 179
lay 3400 2376 67 0 179
tree 3544 2376 33 0 179
tree 3736 2392 38 0 179
tree 3816 2392 36 0 179
tree 3864 2392 40 0 179
tree 3944 2376 34 0 179
lay 168 2424 28 0 179
lay 200 2424 67 0 179
cliff 240 2400 49 179 179
cliff 272 2400 29 179 179
cliff 288 2416 34 179 179
lay 296 2408 28 0 179
cliff 320 2416 64 179 179
lay 1112 2408 50 0 179
lay 1192 2408 49 0 179
fre 1532 2428 5 179 179
lay 1608 2408 67 0 179
trop 2356 2428 119 179 179
trop 2364 2404 120 179 179
lay 2376 2408 60 0 179
trop 2396 2428 120 179 179
trop 2380 2412 119 179 179
tree 2776 2424 40 0 179
tree 2808 2424 29 0 179
lay 3288 2408 67 0 179
tree 3800 2424 2 0 179
tree 3816 2408 38 0 179
tree 3928 2424 40 0 179
tree 136 2440 34 0 179
tree 152 2440 37 0 179
lay 232 2440 67 0 179
cliff 304 2432 30 179 179
tree 296 2456 23 0 179
cliff 320 2448 36 179 179
trop 1396 2460 122 179 179
trop 1428 2452 123 179 179
trop 1436 2436 123 179 179
lay 1528 2456 64 0 179
lay 1592 2440 67 0 179
tree 2088 2456 4 0 179
trop 2300 2452 119 179 179
trop 2292 2460 119 179 179
trop 2332 2436 119 179 179
trop 2316 2444 119 179 179
trop 2404 2460 120 179 179
tree 2712 2440 33 0 179
tree 2728 2440 3 0 179
tree 2856 2440 41 0 179
lay 3224 2440 67 0 179
lay 3272 2440 49 0 179
lay 3336 2456 50 0 179
tree 3928 2440 34 0 179
tree 3944 2440 34 0 179
tree 152 2472 40 0 179
tree 152 2488 40 0 179
tree 168 2488 40 0 179
lay 280 2472 67 0 179
stand 1080 2488 164 0 179
lay 1144 2472 67 0 179
trop 1428 2476 122 179 179
tree 1736 2488 7 0 179
most 2112 2464 60 0 179
trop 2220 2484 119 179 179
trop 2260 2476 119 179 179
trop 2244 2484 119 179 179
trop 2276 2468 119 179 179
lay 2328 2488 60 0 179
dom 2336 2464 298 0 179
trop 2404 2484 120 179 179
tree 2488 2472 20 0 179
lay 3192 2472 50 0 179
lay 3224 2472 67 0 179
lay 3256 2488 51 0 179
lay 3256 2472 68 0 179
lay 3272 2488 51 0 179
lay 3288 2488 67 0 179
lay 3352 2488 67 0 179
lay 3352 2472 50 0 179
lay 3336 2472 50 0 179
lay 3336 2488 67 0 179
lay 3384 2488 67 0 179
lay 3416 2488 67 0 179
lay 3432 2488 67 0 179
tree 3512 2472 32 0 179
lay 3592 2472 67 0 179
tree 3768 2488 38 0 179
tree 3784 2488 40 0 179
tree 3784 2472 2 0 179
tree 3800 2472 38 0 179
tree 3912 2472 34 0 179
tree 88 2520 2 0 179
tree 104 2520 34 0 179
tree 136 2520 37 0 179
tree 168 2504 38 0 179
tree 168 2520 38 0 179
tree 184 2520 40 0 179
lay 248 2520 28 0 179
zabor 1008 2512 9 0 2
zabor 1008 2512 16 0 0
zabor 1008 2512 24 0 8
zabor 1040 2512 16 0 0
zabor 1040 2512 10 0 4
zabor 1040 2512 26 0 8
zabor 1072 2512 16 0 0
zabor 1072 2512 18 0 4
zabor 1072 2512 24 0 8
zabor 1104 2512 18 0 4
zabor 1104 2512 28 0 8
zabor 1200 2512 16 0 0
zabor 1200 2512 31 0 8
zabor 1232 2512 16 0 0
zabor 1232 2512 2 0 4
zabor 1232 2512 25 0 8
zabor 1264 2512 9 0 2
zabor 1264 2512 2 0 4
zabor 1264 2512 26 0 8
lay 1336 2520 68 0 179
tree 1336 2504 27 0 179
fre 1364 2500 2 179 179
trop 1444 2500 108 179 179
tree 1800 2520 3 0 179
tree 1864 2520 5 0 179
tree 2104 2520 19 0 179
tree 2312 2520 7 0 179
trop 2396 2508 119 179 179
stand 2440 2504 176 0 179
tree 3304 2504 11 0 179
tree 3304 2520 10 0 179
dom 3328 2496 204 0 179
tree 3384 2520 32 0 179
tree 3432 2520 19 0 179
lay 3480 2504 67 0 179
lay 3512 2520 67 0 179
lay 3528 2520 67 0 179
lay 3688 2520 67 0 179
tree 3896 2520 40 0 179
tree 3960 2504 34 0 179
tree 152 2536 36 0 179
tree 152 2552 34 0 179
tree 168 2552 40 0 179
lay 312 2536 67 0 179
zabor 1008 2544 1 0 2
zabor 1008 2544 3 0 6
zabor 1008 2544 26 0 8
lay 1128 2552 68 0 179
zabor 1264 2544 9 0 2
zabor 1264 2544 3 0 6
zabor 1264 2544 26 0 8
tree 2088 2552 9 0 179
tree 2232 2536 32 0 179
tree 2248 2552 21 0 179
tree 2392 2552 7 0 179
tree 2472 2552 23 0 179
tree 2504 2552 24 0 179
tree 3128 2552 20 0 179
tree 3208 2536 8 0 179
cliff 3376 2528 18 179 179
cliff 3408 2528 62 179 179
lay 3544 2536 67 0 179
tree 3864 2536 36 0 179
tree 3896 2536 2 0 179
tree 3928 2536 36 0 179
tree 3912 2536 38 0 179
tree 88 2584 36 0 179
tree 120 2568 34 0 179
tree 152 2568 40 0 179
tree 200 2584 38 0 179
zabor 1008 2576 19 0 6
zabor 1008 2576 30 0 8
lay 1064 2568 67 0 179
lay 1176 2584 67 0 179
lay 1208 2568 67 0 179
zabor 1264 2576 1 0 2
zabor 1264 2576 3 0 6
zabor 1264 2576 29 0 8
trop 1380 2580 114 179 179
trop 1476 2564 110 179 179
tree 2280 2568 23 0 179
tree 3160 2568 21 0 179
tree 3192 2568 4 0 179
lay 3576 2584 67 0 179
lay 3592 2568 67 0 179
lay 3752 2584 63 0 179
tree 88 2600 38 0 179
tree 104 2600 34 0 179
tree 136 2616 37 0 179
tree 168 2616 37 0 179
tree 168 2600 34 0 179
tree 216 2616 40 0 179
tree 216 2600 34 0 179
tree 232 2600 34 0 179
tree 248 2600 37 0 179
tree 248 2616 40 0 179
lay 344 2616 28 0 179
tree 888 2616 32 0 179
lay 1096 2600 58 0 179
zabor 1264 2608 11 0 6
zabor 1264 2608 28 0 8
trop 1444 2620 108 179 179
tree 1560 2616 31 0 179
tree 1544 2600 6 0 179
dom 1632 2592 296 0 179
tree 1832 2600 32 0 179
zabor 1936 2608 9 0 2
zabor 1936 2608 0 0 0
zabor 1936 2608 28 0 8
zabor 1968 2608 16 0 0
zabor 1968 2608 10 0 4
zabor 1968 2608 31 0 8
zabor 2000 2608 10 0 4
zabor 2000 2608 29 0 8
tree 3480 2616 9 0 179
lay 3848 2616 67 0 179
tree 136 2632 36 0 179
tree 200 2648 40 0 179
tree 264 2632 36 0 179
tree 280 2648 36 0 179
tree 632 2648 22 0 179
lay 1080 2632 67 0 179
lay 1128 2632 58 0 179
lay 1256 2632 67 0 179
lay 1368 2648 68 0 179
tree 1368 2648 28 0 179
fre 1556 2636 0 179 179
lay 1576 2648 61 0 179
zabor 1936 2640 1 0 2
tree 1928 2648 4 0 179
zabor 1936 2640 19 0 6
zabor 1936 2640 26 0 8
dom 1984 2624 297 0 179
most 3296 2624 3 0 179
tree 3480 2648 22 0 179
lay 3576 2632 67 0 179
tree 120 2680 40 0 179
tree 200 2680 36 0 179
tree 488 2664 25 0 179
lay 664 2664 67 0 179
tree 824 2680 29 0 179
tree 968 2664 5 0 179
lay 1080 2680 67 0 179
lay 1192 2664 67 0 179
zabor 1264 2672 1 0 2
zabor 1264 2672 27 0 8
lay 1480 2664 64 0 179
trop 1572 2684 121 179 179
lay 1608 2664 68 0 179
zabor 1936 2672 11 0 6
zabor 1936 2672 30 0 8
tree 3480 2664 23 0 179
lay 3544 2664 67 0 179
lay 3768 2680 67 0 179
tree 136 2696 37 0 179
tree 136 2712 40 0 179
tree 216 2712 36 0 179
tree 200 2712 36 0 179
tree 200 2696 37 0 179
tree 248 2696 37 0 179
tree 264 2712 37 0 179
lay 504 2696 67 0 179
lay 536 2696 67 0 179
lay 600 2696 67 0 179
lay 664 2696 67 0 179
tree 664 2696 23 0 179
lay 712 2696 67 0 179
lay 776 2712 67 0 179
stand 1032 2696 53 0 179
zabor 1264 2704 11 0 6
zabor 1264 2704 30 0 8
lay 1336 2712 67 0 179
stand 1336 2712 147 0 179
dom 2080 2688 299 0 179
tree 3512 2712 24 0 179
lay 3704 2696 67 0 179
lay 3928 2712 63 0 179
tree 136 2728 38 0 179
tree 136 2744 34 0 179
tree 168 2728 40 0 179
tree 184 2744 40 0 179
tree 280 2728 38 0 179
tree 344 2728 37 0 179
tree 344 2744 36 0 179
lay 552 2728 28 0 179
tree 904 2744 30 0 179
tree 952 2744 31 0 179
zabor 1168 2736 16 0 0
zabor 1168 2736 28 0 8
zabor 1200 2736 2 0 4
zabor 1200 2736 24 0 8
lay 1736 2728 64 0 179
tree 152 2776 36 0 179
tree 184 2776 2 0 179
tree 168 2760 37 0 179
tree 216 2760 2 0 179
tree 200 2776 34 0 179
tree 248 2776 36 0 179
tree 296 2776 37 0 179
tree 360 2776 38 0 179
lay 584 2776 67 0 179
trop 772 2772 131 179 179
trop 804 2772 132 179 179
tree 840 2760 18 0 179
trop 836 2772 133 179 179
lay 888 2760 67 0 179
lay 936 2776 67 0 179
lay 968 2760 67 0 179
tree 1016 2776 32 0 179
zabor 1936 2768 9 0 2
zabor 1936 2768 26 0 8
lay 3880 2760 67 0 179
tree 168 2792 2 0 179
tree 184 2792 2 0 179
tree 216 2808 34 0 179
tree 264 2792 38 0 179
tree 312 2808 40 0 179
tree 296 2792 38 0 179
tree 376 2792 37 0 179
trop 740 2804 138 179 179
trop 868 2804 141 179 179
trop 900 2804 133 179 179
tree 952 2792 30 0 179
lay 1144 2808 61 0 179
dom 1472 2784 290 0 179
lay 1544 2792 67 0 179
zabor 1936 2800 17 0 2
zabor 1936 2800 11 0 6
zabor 1936 2800 27 0 8
zabor 2160 2800 9 0 2
zabor 2160 2800 29 0 8
tree 104 2840 37 0 179
tree 184 2840 36 0 179
tree 168 2840 34 0 179
tree 248 2840 37 0 179
tree 232 2840 38 0 179
tree 280 2824 36 0 179
tree 280 2840 38 0 179
tree 328 2824 40 0 179
tree 376 2824 2 0 179
tree 392 2840 37 0 179
trop 708 2836 138 179 179
tree 792 2840 22 0 179
trop 924 2828 141 179 179
trop 956 2828 133 179 179
trop 972 2836 119 179 179
trop 996 2836 119 179 179
tree 1256 2824 9 0 179
lay 1464 2840 67 0 179
tree 1736 2840 27 0 179
zabor 1936 2832 8 0 0
lay 1944 2824 68 0 179
zabor 1936 2832 3 0 6
zabor 1936 2832 29 0 8
tree 1944 2824 28 0 179
lay 1928 2840 28 0 179
zabor 1968 2832 8 0 0
zabor 1968 2832 18 0 4
zabor 1968 2832 29 0 8
zabor 2000 2832 16 0 0
zabor 2000 2832 18 0 4
zabor 2000 2832 25 0 8
zabor 2032 2832 2 0 4
zabor 2032 2832 27 0 8
zabor 2096 2832 16 0 0
zabor 2096 2832 24 0 8
zabor 2128 2832 16 0 0
zabor 2128 2832 2 0 4
zabor 2128 2832 28 0 8
zabor 2160 2832 11 0 6
zabor 2160 2832 18 0 4
zabor 2160 2832 25 0 8
stand 2664 2840 253 0 179
tree 120 2856 36 0 179
tree 104 2856 38 0 179
tree 136 2872 37 0 179
tree 216 2856 36 0 179
tree 216 2872 36 0 179
tree 232 2872 36 0 179
tree 280 2856 40 0 179
tree 344 2856 40 0 179
tree 344 2872 37 0 179
tree 376 2872 37 0 179
tree 360 2856 40 0 179
tree 392 2856 38 0 179
tree 408 2872 2 0 179
trop 692 2868 136 179 179
lay 872 2856 67 0 179
fre 948 2876 5 179 179
trop 980 2852 134 179 179
trop 1284 2868 131 179 179
trop 1364 2876 119 179 179
trop 1356 2876 119 179 179
trop 1388 2876 119 179 179
tree 1816 2872 1 0 179
lay 2632 2872 60 0 179
lay 2952 2856 60 0 179
lay 3064 2856 60 0 179
most 3264 2848 2 0 179
tree 3800 2856 31 0 179
tree 3800 2872 3 0 179
lay 3848 2856 63 0 179
tree 3880 2872 29 0 179
tree 296 2888 38 0 179
tree 344 2904 38 0 179
tree 456 2904 2 0 179
trop 692 2900 136 179 179
fre 972 2884 6 179 179
trop 1012 2884 142 179 179
trop 1252 2900 130 179 179
lay 1320 2888 67 0 179
lay 2408 2888 60 0 179
lay 2616 2904 60 0 179
tree 3880 2888 18 0 179
tree 136 2920 2 0 179
tree 184 2920 40 0 179
tree 184 2936 38 0 179
tree 264 2936 38 0 179
tree 264 2920 37 0 179
tree 376 2936 2 0 179
tree 408 2936 37 0 179
tree 392 2936 34 0 179
tree 440 2920 38 0 179
lay 584 2920 58 0 179
trop 692 2932 136 179 179
tree 680 2936 3 0 179
lay 744 2936 29 0 179
lay 808 2920 58 0 179
trop 1044 2916 134 179 179
lay 1064 2936 67 0 179
lay 1192 2920 67 0 179
trop 1204 2932 131 179 179
trop 1228 2916 131 179 179
tree 1752 2920 8 0 179
lay 1848 2936 68 0 179
tree 1832 2920 18 0 179
lay 3256 2936 67 0 179
lay 3272 2936 67 0 179
tree 3336 2936 20 0 179
tree 3368 2936 20 0 179
tree 3928 2920 9 0 179
tree 136 2952 34 0 179
tree 200 2968 2 0 179
tree 216 2968 38 0 179
tree 232 2968 38 0 179
tree 248 2968 36 0 179
tree 248 2952 34 0 179
tree 312 2968 2 0 179
tree 296 2968 37 0 179
tree 344 2952 37 0 179
tree 328 2968 34 0 179
tree 408 2968 38 0 179
trop 692 2964 136 179 179
lay 760 2968 30 0 179
lay 856 2952 60 0 179
lay 952 2952 61 0 179
trop 1076 2948 142 179 179
trop 1164 2964 131 179 179
trop 1180 2964 139 179 179
lay 1272 2952 67 0 179
tree 2216 2968 28 0 179
lay 3016 2952 60 0 179
lay 3112 2968 60 0 179
lay 3160 2952 50 0 179
lay 3192 2952 67 0 179
dom 3200 2944 205 0 179
tree 3240 2952 4 0 179
lay 3272 2952 49 0 179
lay 3288 2952 67 0 179
lay 3336 2968 67 0 179
tree 3368 2968 23 0 179
tree 3384 2952 24 0 179
tree 3416 2968 25 0 179
tree 3960 2952 31 0 179
tree 3960 2968 8 0 179
tree 3944 2968 28 0 179
tree 200 2984 36 0 179
tree 200 3000 34 0 179
tree 216 3000 2 0 179
tree 376 3000 36 0 179
trop 692 2988 143 179 179
lay 840 2984 58 0 179
lay 856 2984 61 0 179
trop 1108 2980 141 179 179
trop 1140 2980 132 179 179
tree 1560 3000 6 0 179
tree 2136 2984 4 0 179
lay 2392 2984 60 0 179
tree 3064 2984 29 0 179
tree 3192 2984 3 0 179
lay 3240 2984 49 0 179
tree 3240 2984 1 0 179
lay 3288 2984 49 0 179
lay 3368 3000 50 0 179
tree 3400 2984 21 0 179
tree 3432 2984 25 0 179
tree 3976 2984 9 0 179
tree 152 3016 34 0 179
tree 168 3016 34 0 179
tree 216 3016 37 0 179
tree 232 3016 36 0 179
tree 296 3016 38 0 179
tree 312 3032 38 0 179
tree 376 3016 36 0 179
trop 700 3012 143 179 179
lay 840 3016 60 0 179
lay 968 3016 61 0 179
lay 1064 3016 67 0 179
lay 1144 3032 67 0 179
lay 1512 3032 67 0 179
tree 1512 3032 30 0 179
tree 2200 3032 27 0 179
tree 2216 3032 32 0 179
lay 2712 3032 60 0 179
lay 3240 3032 67 0 179
tree 3944 3016 28 0 179
tree 4040 3032 9 0 179
tree 152 3048 2 0 179
tree 184 3048 36 0 179
tree 168 3064 37 0 179
tree 168 3048 38 0 179
tree 280 3064 34 0 179
tree 312 3048 2 0 179
tree 328 3064 34 0 179
tree 344 3048 38 0 179
tree 360 3048 34 0 179
lay 600 3064 58 0 179
trop 716 3044 136 179 179
lay 760 3064 61 0 179
lay 856 3064 61 0 179
lay 1144 3048 61 0 179
lay 1304 3064 61 0 179
lay 1560 3048 67 0 179
tree 1560 3048 1 0 179
lay 2440 3064 60 0 179
tree 2616 3064 29 0 179
tree 3016 3064 5 0 179
dom 3104 3040 318 0 179
lay 3144 3064 67 0 179
tree 3320 3064 30 0 179
tree 152 3096 34 0 179
tree 168 3096 34 0 179
tree 200 3096 38 0 179
tree 248 3096 34 0 179
tree 312 3080 37 0 179
tree 376 3096 38 0 179
lay 536 3080 28 0 179
tree 696 3096 18 0 179
trop 716 3076 136 179 179
lay 984 3096 61 0 179
lay 1112 3080 67 0 179
lay 1400 3080 67 0 179
tree 1384 3080 27 0 179
tree 1800 3096 6 0 179
lay 1944 3096 67 0 179
tree 1944 3096 29 0 179
tree 1928 3080 7 0 179
lay 2184 3096 60 0 179
tree 2600 3080 6 0 179
lay 3032 3080 67 0 179
tree 3400 3096 28 0 179
tree 3544 3080 31 0 179
tree 4088 3080 9 0 179
tree 248 3112 40 0 179
tree 232 3112 38 0 179
tree 360 3112 37 0 179
tree 376 3112 34 0 179
trop 716 3108 136 179 179
lay 1048 3128 68 0 179
lay 1256 3128 67 0 179
lay 1784 3112 67 0 179
tree 1784 3112 18 0 179
lay 1800 3128 67 0 179
lay 1944 3112 68 0 179
tree 3336 3112 32 0 179
tree 104 3144 34 0 179
tree 120 3144 34 0 179
tree 136 3144 2 0 179
tree 168 3144 36 0 179
tree 184 3160 38 0 179
tree 264 3160 40 0 179
tree 344 3160 40 0 179
trop 716 3140 136 179 179
lay 840 3160 60 0 179
lay 872 3160 61 0 179
lay 984 3144 61 0 179
lay 1144 3144 67 0 179
lay 1912 3144 68 0 179
tree 1912 3144 27 0 179
lay 1960 3144 67 0 179
tree 2552 3160 28 0 179
lay 3000 3144 60 0 179
lay 3064 3160 60 0 179
lay 3224 3144 60 0 179
lay 3256 3160 60 0 179
tree 3432 3160 31 0 179
tree 3560 3144 18 0 179
trop 716 3172 136 179 179
lay 760 3176 61 0 179
lay 872 3176 58 0 179
lay 1032 3176 67 0 179
tree 1080 3192 26 0 179
tree 1096 3192 26 0 179
tree 1096 3176 25 0 179
tree 1112 3176 25 0 179
tree 1128 3176 25 0 179
tree 1160 3192 26 0 179
lay 1176 3176 67 0 179
lay 1240 3176 67 0 179
tree 2552 3176 33 0 179
tree 2616 3192 9 0 179
tree 2632 3192 9 0 179
tree 2904 3192 31 0 179
lay 3096 3192 60 0 179
lay 3368 3176 67 0 179
tree 3368 3176 1 0 179
trop 716 3204 136 179 179
lay 936 3224 60 0 179
cliff 1072 3216 59 179 179
tree 1064 3224 21 0 179
tree 2968 3208 1 0 179
lay 2984 3208 67 0 179
lay 3144 3224 67 0 179
lay 184 3240 28 0 179
trop 196 3236 101 179 179
trop 700 3260 129 179 179
tree 680 3256 1 0 179
trop 716 3236 136 179 179
lay 760 3256 61 0 179
lay 872 3240 61 0 179
cliff 1040 3248 14 179 179
lay 2456 3256 60 0 179
stand 2968 3256 150 0 179
dom 3168 3232 82 0 179
lay 3224 3240 67 0 179
lay 3320 3240 60 0 179
tree 3560 3256 7 0 179
trop 700 3292 136 179 179
lay 840 3272 60 0 179
cliff 1056 3280 35 179 179
tree 1368 3288 7 0 179
tree 1368 3272 5 0 179
tree 1592 3272 4 0 179
tree 2968 3272 28 0 179
tree 2952 3272 28 0 179
lay 3160 3272 67 0 179
lay 3336 3272 60 0 179
tree 3896 3272 4 0 179
tree 3928 3288 18 0 179
tree 168 3320 37 0 179
lay 280 3320 50 0 179
trop 372 3324 105 179 179
lay 392 3320 28 0 179
trop 508 3324 106 179 179
trop 596 3324 106 179 179
trop 708 3316 136 179 179
cliff 1072 3296 31 179 179
cliff 1088 3312 34 179 179
tree 2888 3304 9 0 179
lay 3224 3304 67 0 179
tree 3880 3304 31 0 179
tree 136 3352 34 0 179
tree 184 3352 40 0 179
stand 232 3352 190 0 179
trop 708 3332 136 179 179
lay 904 3352 61 0 179
lay 1064 3352 67 0 179
cliff 1104 3328 29 179 179
cliff 1120 3344 35 179 179
tree 1384 3336 19 0 179
tree 1640 3336 27 0 179
dom 3392 3328 311 0 179
tree 3528 3336 6 0 179
tree 3736 3352 22 0 179
tree 3864 3336 4 0 179
tree 184 3368 36 0 179
lay 232 3368 58 0 179
lay 296 3384 58 0 179
trop 716 3388 136 179 179
trop 708 3364 143 179 179
lay 904 3384 61 0 179
cliff 1136 3360 30 179 179
cliff 1152 3376 33 179 179
tree 1576 3368 6 0 179
fre 3732 3388 6 179 179
tree 3736 3384 5 0 179
tree 3896 3368 31 0 179
tree 3928 3384 31 0 179
tree 3960 3368 33 0 179
tree 152 3416 2 0 179
tree 168 3400 2 0 179
tree 200 3416 38 0 179
dom 288 3392 309 0 179
stand 376 3416 147 0 179
trop 716 3420 136 179 179
lay 808 3416 61 0 179
lay 904 3400 58 0 179
lay 952 3416 60 0 179
tree 1144 3416 27 0 179
cliff 1168 3392 29 179 179
tree 1176 3416 1 0 179
cliff 1184 3408 34 179 179
tree 1944 3416 34 0 179
tree 2008 3416 34 0 179
tree 2024 3416 34 0 179
tree 2072 3416 40 0 179
tree 2088 3416 2 0 179
tree 2104 3416 38 0 179
dom 3072 3392 310 0 179
tree 3720 3416 1 0 179
tree 3768 3400 22 0 179
fre 3748 3396 5 179 179
lay 3848 3416 67 0 179
lay 216 3448 58 0 179
lay 312 3432 67 0 179
lay 392 3432 50 0 179
lay 440 3448 61 0 179
lay 520 3448 61 0 179
tree 696 3432 4 0 179
trop 716 3452 136 179 179
lay 856 3432 60 0 179
tree 1176 3432 3 0 179
cliff 1200 3424 29 179 179
tree 2008 3432 40 0 179
tree 2168 3448 38 0 179
tree 2184 3448 36 0 179
tree 2232 3432 37 0 179
tree 2296 3432 36 0 179
tree 2312 3432 36 0 179
tree 2376 3448 2 0 179
tree 2440 3448 37 0 179
tree 3304 3448 31 0 179
tree 3512 3432 33 0 179
lay 3672 3448 67 0 179
fre 3740 3428 2 179 179
tree 136 3480 37 0 179
tree 168 3480 37 0 179
tree 200 3480 2 0 179
tree 200 3464 38 0 179
tree 280 3480 2 0 179
lay 344 3480 58 0 179
lay 680 3480 61 0 179
trop 716 3484 136 179 179
cliff 1184 3472 1 179 179
cliff 1216 3456 8 179 179
lay 1448 3480 61 0 179
tree 1928 3480 40 0 179
tree 1960 3464 37 0 179
tree 2152 3480 36 0 179
tree 2232 3480 36 0 179
tree 2216 3464 37 0 179
tree 2248 3480 38 0 179
tree 2264 3480 2 0 179
tree 2296 3464 34 0 179
tree 2328 3464 37 0 179
tree 2360 3480 40 0 179
tree 2392 3480 34 0 179
tree 2440 3464 2 0 179
tree 2456 3464 40 0 179
tree 2472 3464 36 0 179
tree 2872 3464 18 0 179
tree 2872 3480 6 0 179
tree 2952 3464 27 0 179
tree 3304 3480 6 0 179
tree 3384 3480 4 0 179
lay 3608 3464 67 0 179
lay 232 3496 50 0 179
tree 248 3512 37 0 179
trop 716 3516 137 179 179
dom 1120 3488 220 0 179
cliff 1152 3488 12 179 179
lay 1864 3496 67 0 179
tree 2008 3512 34 0 179
tree 2040 3496 34 0 179
tree 2104 3496 34 0 179
tree 2168 3512 38 0 179
tree 2232 3496 36 0 179
tree 2456 3512 38 0 179
tree 2552 3496 40 0 179
lay 2808 3512 60 0 179
lay 3096 3512 60 0 179
lay 3128 3496 60 0 179
lay 3176 3496 60 0 179
tree 3320 3496 1 0 179
dom 3488 3488 315 0 179
tree 104 3528 40 0 179
tree 152 3528 37 0 179
lay 232 3544 58 0 179
stand 296 3528 153 0 179
lay 328 3528 67 0 179
lay 376 3544 58 0 179
trop 700 3548 137 179 179
trop 1084 3548 119 179 179
trop 1108 3548 119 179 179
cliff 1152 3520 11 179 179
lay 1704 3528 61 0 179
tree 1976 3528 38 0 179
tree 1992 3544 40 0 179
tree 2072 3528 36 0 179
tree 2104 3544 38 0 179
tree 2168 3528 40 0 179
tree 2232 3544 40 0 179
tree 2296 3528 38 0 179
tree 2280 3528 38 0 179
tree 2280 3544 40 0 179
tree 2344 3544 2 0 179
tree 2360 3544 38 0 179
tree 2456 3528 36 0 179
tree 2488 3544 40 0 179
tree 2568 3544 40 0 179
tree 2920 3544 32 0 179
tree 2968 3528 18 0 179
tree 2984 3544 31 0 179
tree 3016 3528 6 0 179
lay 3224 3528 60 0 179
tree 152 3560 38 0 179
tree 200 3560 38 0 179
lay 408 3560 50 0 179
trop 692 3572 137 179 179
trop 1036 3556 129 179 179
tree 1144 3560 5 0 179
cliff 1152 3552 13 179 179
tree 1976 3560 37 0 179
tree 2072 3560 40 0 179
tree 2104 3560 37 0 179
tree 2440 3576 34 0 179
tree 2552 3560 2 0 179
tree 2552 3576 34 0 179
lay 2872 3576 60 0 179
zabor 2896 3568 9 0 2
zabor 2896 3568 16 0 0
zabor 2896 3568 24 0 8
zabor 2928 3568 8 0 0
zabor 2928 3568 10 0 4
zabor 2928 3568 25 0 8
zabor 2960 3568 16 0 0
zabor 2960 3568 18 0 4
zabor 2960 3568 27 0 8
zabor 2992 3568 10 0 4
zabor 2992 3568 25 0 8
lay 3080 3576 60 0 179
tree 3608 3560 27 0 179
tree 152 3608 37 0 179
tree 216 3592 38 0 179
tree 280 3592 36 0 179
zabor 464 3600 8 0 0
zabor 464 3600 24 0 8
zabor 496 3600 16 0 0
zabor 496 3600 10 0 4
zabor 496 3600 29 0 8
zabor 528 3600 0 0 0
zabor 528 3600 2 0 4
zabor 528 3600 25 0 8
zabor 560 3600 16 0 0
zabor 560 3600 10 0 4
zabor 560 3600 24 0 8
zabor 592 3600 10 0 4
zabor 592 3600 31 0 8
tree 632 3592 27 0 179
trop 660 3604 138 179 179
tree 920 3608 6 0 179
tree 968 3608 30 0 179
trop 1044 3596 120 179 179
lay 1128 3608 67 0 179
cliff 1168 3584 35 179 179
cliff 1184 3600 32 179 179
tree 1224 3592 27 0 179
lay 1448 3592 61 0 179
lay 1736 3608 67 0 179
tree 1992 3608 34 0 179
tree 2168 3608 40 0 179
tree 2232 3592 34 0 179
tree 2216 3592 36 0 179
tree 2264 3592 2 0 179
tree 2392 3608 38 0 179
tree 2440 3592 36 0 179
tree 2488 3592 36 0 179
tree 2552 3592 34 0 179
tree 2552 3608 36 0 179
zabor 2896 3600 19 0 6
zabor 2896 3600 27 0 8
lay 3256 3592 60 0 179
dom 3360 3584 309 0 179
tree 152 3624 2 0 179
lay 232 3640 58 0 179
tree 232 3640 2 0 179
tree 232 3624 37 0 179
lay 376 3624 58 0 179
lay 520 3640 50 0 179
trop 636 3628 138 179 179
trop 964 3636 119 179 179
trop 988 3620 139 179 179
trop 988 3636 119 179 179
lay 1048 3624 61 0 179
trop 1036 3628 119 179 179
cliff 1200 3616 35 179 179
cliff 1216 3632 50 179 179
cliff 1248 3632 32 179 179
lay 1576 3640 61 0 179
tree 1992 3640 2 0 179
tree 1992 3624 38 0 179
tree 2024 3624 40 0 179
tree 2072 3624 37 0 179
tree 2136 3624 38 0 179
tree 2152 3640 37 0 179
tree 2232 3640 36 0 179
tree 2264 3640 38 0 179
tree 2280 3640 40 0 179
tree 2360 3624 37 0 179
tree 2344 3624 37 0 179
tree 2456 3624 40 0 179
tree 2456 3640 37 0 179
tree 2472 3640 36 0 179
tree 2568 3640 36 0 179
zabor 2768 3632 17 0 2
zabor 2768 3632 0 0 0
zabor 2768 3632 27 0 8
zabor 2800 3632 8 0 0
zabor 2800 3632 10 0 4
zabor 2800 3632 28 0 8
zabor 2832 3632 18 0 4
zabor 2832 3632 30 0 8
lay 2888 3640 60 0 179
dom 2976 3616 86 0 179
dom 3136 3616 70 0 179
lay 3240 3624 60 0 179
tree 3496 3640 6 0 179
tree 136 3656 34 0 179
lay 328 3656 50 0 179
zabor 464 3664 8 0 0
zabor 464 3664 27 0 8
zabor 496 3664 16 0 0
zabor 496 3664 10 0 4
zabor 496 3664 28 0 8
zabor 528 3664 0 0 0
zabor 528 3664 18 0 4
zabor 528 3664 28 0 8
dom 544 3648 299 0 179
zabor 560 3664 18 0 4
zabor 560 3664 24 0 8
trop 604 3660 129 179 179
tree 904 3656 9 0 179
dom 960 3648 66 0 179
lay 1064 3656 61 0 179
cliff 1264 3648 36 179 179
cliff 1280 3664 29 179 179
lay 1896 3672 67 0 179
tree 1960 3656 38 0 179
tree 2264 3672 38 0 179
tree 2424 3672 34 0 179
tree 2456 3656 36 0 179
tree 2536 3672 34 0 179
zabor 2768 3664 9 0 2
zabor 2768 3664 3 0 6
zabor 2768 3664 28 0 8
lay 2856 3656 60 0 179
lay 3096 3672 60 0 179
lay 3240 3672 60 0 179
tree 3496 3672 5 0 179
tree 136 3704 36 0 179
tree 152 3688 38 0 179
lay 216 3704 50 0 179
tree 216 3704 34 0 179
lay 392 3688 58 0 179
tree 504 3704 5 0 179
trop 604 3692 136 179 179
tree 776 3688 8 0 179
lay 1240 3688 67 0 179
cliff 1296 3680 33 179 179
cliff 1312 3696 50 179 179
cliff 1344 3696 32 179 179
tree 2024 3704 40 0 179
tree 2200 3688 2 0 179
tree 2344 3688 36 0 179
tree 2488 3704 36 0 179
tree 2536 3688 36 0 179
zabor 2768 3696 1 0 2
zabor 2768 3696 11 0 6
zabor 2768 3696 26 0 8
lay 3112 3704 60 0 179
lay 3240 3688 60 0 179
lay 3240 3704 60 0 179
tree 3736 3704 19 0 179
tree 104 3736 34 0 179
tree 152 3736 40 0 179
tree 216 3720 36 0 179
lay 248 3736 58 0 179
tree 296 3720 36 0 179
tree 312 3720 38 0 179
lay 488 3736 67 0 179
trop 604 3724 136 179 179
trop 604 3740 136 179 179
lay 1320 3720 67 0 179
cliff 1360 3712 33 179 179
cliff 1376 3728 29 179 179
lay 1608 3720 61 0 179
tree 1992 3736 2 0 179
tree 2088 3720 34 0 179
tree 2168 3720 36 0 179
tree 2264 3720 37 0 179
tree 2392 3720 2 0 179
tree 2408 3720 38 0 179
zabor 2768 3728 1 0 2
zabor 2768 3728 19 0 6
zabor 2768 3728 24 0 8
stand 3064 3736 147 0 179
lay 3160 3736 60 0 179
lay 3464 3720 60 0 179
tree 104 3752 38 0 179
tree 104 3768 2 0 179
tree 168 3752 40 0 179
tree 280 3752 40 0 179
tree 280 3768 40 0 179
lay 520 3768 50 0 179
lay 568 3752 67 0 179
tree 568 3768 19 0 179
trop 604 3772 136 179 179
tree 760 3768 28 0 179
tree 840 3768 27 0 179
lay 1336 3752 67 0 179
cliff 1392 3744 34 179 179
cliff 1408 3760 52 179 179
cliff 1440 3760 32 179 179
lay 1960 3752 67 0 179
tree 2552 3752 2 0 179
tree 2568 3752 37 0 179
zabor 2768 3760 17 0 2
lay 2760 3768 60 0 179
zabor 2768 3760 3 0 6
zabor 2768 3760 30 0 8
dom 2848 3744 81 0 179
lay 392 3800 58 0 179
zabor 464 3792 1 0 2
zabor 464 3792 28 0 8
lay 536 3800 50 0 179
tree 536 3784 5 0 179
trop 604 3796 136 179 179
lay 1416 3800 67 0 179
cliff 1456 3776 33 179 179
cliff 1472 3792 29 179 179
lay 1928 3800 61 0 179
tree 2200 3784 34 0 179
tree 2312 3800 2 0 179
tree 2472 3784 34 0 179
zabor 2736 3792 1 0 2
zabor 2736 3792 8 0 0
zabor 2736 3792 29 0 8
zabor 2768 3792 3 0 6
zabor 2768 3792 10 0 4
zabor 2768 3792 25 0 8
dom 3616 3776 227 0 179
tree 3912 3800 6 0 179
tree 104 3832 2 0 179
tree 152 3816 40 0 179
tree 248 3816 36 0 179
lay 264 3816 50 0 179
tree 328 3832 37 0 179
lay 360 3816 50 0 179
zabor 464 3824 9 0 2
zabor 464 3824 3 0 6
zabor 464 3824 31 0 8
lay 520 3816 67 0 179
tree 520 3816 4 0 179
trop 564 3836 139 179 179
trop 556 3836 139 179 179
trop 588 3820 139 179 179
dom 640 3808 297 0 179
zabor 720 3824 8 0 0
lay 712 3832 67 0 179
zabor 720 3824 26 0 8
zabor 752 3824 8 0 0
zabor 752 3824 18 0 4
zabor 752 3824 25 0 8
zabor 784 3824 8 0 0
zabor 784 3824 2 0 4
zabor 784 3824 30 0 8
zabor 816 3824 18 0 4
zabor 816 3824 28 0 8
cliff 1488 3808 34 179 179
cliff 1504 3824 29 179 179
lay 1704 3832 61 0 179
tree 2312 3832 38 0 179
tree 2360 3832 38 0 179
tree 2376 3832 38 0 179
tree 2392 3816 36 0 179
tree 2408 3816 38 0 179
tree 2552 3816 36 0 179
tree 2536 3832 2 0 179
tree 2584 3816 36 0 179
zabor 2736 3824 3 0 6
zabor 2736 3824 26 0 8
lay 2776 3832 60 0 179
dom 3360 3808 78 0 179
lay 3528 3816 60 0 179
tree 3752 3832 8 0 179
tree 3848 3816 18 0 179
tree 88 3848 34 0 179
tree 88 3864 38 0 179
tree 264 3848 2 0 179
tree 328 3848 36 0 179
zabor 464 3856 16 0 0
zabor 464 3856 19 0 6
zabor 464 3856 30 0 8
zabor 496 3856 0 0 0
zabor 496 3856 18 0 4
zabor 496 3856 24 0 8
zabor 528 3856 2 0 4
zabor 528 3856 24 0 8
trop 548 3852 137 179 179
zabor 592 3856 8 0 0
zabor 592 3856 28 0 8
zabor 624 3856 18 0 4
zabor 624 3856 29 0 8
tree 744 3848 5 0 179
tree 1016 3864 38 0 179
tree 1032 3864 2 0 179
tree 1128 3864 37 0 179
tree 1192 3848 37 0 179
tree 1336 3864 37 0 179
tree 1480 3848 40 0 179
cliff 1504 3840 11 179 179
lay 1848 3848 67 0 179
tree 2216 3848 38 0 179
tree 2264 3864 38 0 179
tree 2280 3848 2 0 179
tree 2376 3848 34 0 179
tree 2488 3848 37 0 179
tree 2584 3864 40 0 179
dom 3072 3840 79 0 179
lay 3384 3864 60 0 179
tree 72 3896 2 0 179
tree 168 3896 2 0 179
lay 216 3880 58 0 179
tree 216 3880 40 0 179
tree 296 3896 38 0 179
lay 392 3880 58 0 179
trop 540 3876 137 179 179
trop 532 3900 137 179 179
lay 680 3880 67 0 179
lay 712 3896 50 0 179
lay 712 3880 67 0 179
tree 1016 3880 34 0 179
tree 1080 3880 36 0 179
tree 1112 3880 37 0 179
tree 1160 3896 40 0 179
tree 1224 3896 34 0 179
tree 1272 3896 2 0 179
tree 1304 3880 37 0 179
tree 1336 3880 40 0 179
tree 1496 3896 5 0 179
cliff 1504 3872 12 179 179
tree 2264 3896 2 0 179
tree 2328 3896 40 0 179
tree 2344 3896 36 0 179
tree 2456 3896 36 0 179
zabor 2736 3888 17 0 2
zabor 2736 3888 27 0 8
lay 2904 3880 60 0 179
lay 2952 3880 60 0 179
lay 3176 3880 60 0 179
tree 3560 3880 3 0 179
tree 3832 3896 32 0 179
tree 3944 3896 9 0 179
tree 72 3912 36 0 179
tree 152 3912 40 0 179
tree 296 3912 40 0 179
trop 516 3932 137 179 179
trop 524 3916 137 179 179
tree 1288 3928 38 0 179
lay 1464 3928 67 0 179
cliff 1520 3920 57 179 179
tree 1592 3912 36 0 179
tree 1576 3912 37 0 179
lay 1624 3912 67 0 179
lay 1672 3912 67 0 179
tree 2200 3928 34 0 179
tree 2216 3912 36 0 179
tree 2248 3912 34 0 179
tree 2392 3912 34 0 179
tree 2568 3928 2 0 179
zabor 2736 3920 17 0 2
tree 2744 3912 4 0 179
zabor 2736 3920 3 0 6
zabor 2736 3920 31 0 8
tree 3544 3912 19 0 179
tree 3944 3912 4 0 179
tree 3960 3928 32 0 179
tree 152 3960 2 0 179
tree 200 3960 38 0 179
tree 248 3944 37 0 179
tree 280 3960 2 0 179
tree 328 3960 34 0 179
tree 456 3960 8 0 179
trop 508 3948 137 179 179
tree 1048 3944 37 0 179
tree 1032 3960 36 0 179
tree 1064 3944 40 0 179
tree 1112 3960 36 0 179
tree 1160 3960 37 0 179
tree 1208 3960 36 0 179
tree 1240 3944 36 0 179
tree 1224 3944 34 0 179
tree 1240 3960 37 0 179
tree 1320 3960 34 0 179
tree 1368 3944 2 0 179
tree 1352 3960 38 0 179
tree 1432 3944 19 0 179
tree 1480 3960 1 0 179
tree 2200 3960 38 0 179
tree 2248 3960 36 0 179
tree 2296 3960 38 0 179
tree 2344 3960 37 0 179
tree 2360 3960 37 0 179
tree 2424 3960 40 0 179
tree 2472 3960 36 0 179
tree 2504 3960 34 0 179
tree 2536 3960 37 0 179
tree 2568 3944 34 0 179
tree 2568 3960 36 0 179
tree 2616 3960 34 0 179
zabor 2736 3952 9 0 2
zabor 2736 3952 19 0 6
zabor 2736 3952 25 0 8
tree 3224 3960 19 0 179
tree 3272 3944 9 0 179
tree 3288 3944 18 0 179
tree 3560 3944 31 0 179
tree 3640 3944 5 0 179
tree 3688 3944 9 0 179
tree 3800 3944 3 0 179
tree 3864 3944 29 0 179
tree 136 3992 34 0 179
tree 1304 3976 36 0 179
cliff 1536 3968 14 179 179
zabor 2736 3984 11 0 6
zabor 2736 3984 31 0 8
tree 136 4008 2 0 179
tree 184 4024 38 0 179
tree 200 4024 38 0 179
tree 232 4008 34 0 179
cliff 1552 4000 34 179 179
cliff 1568 4016 30 179 179
cliff 1568 4032 13 179 179
cliff 1568 4064 12 179 179
