tree 3848 120 3 0 179
lay 136 152 50 0 179
tree 136 136 10 0 179
tree 136 152 12 0 179
tree 760 152 10 0 179
tree 760 136 26 0 179
tree 2424 152 2 0 179
tree 2488 136 2 0 179
tree 2504 152 15 0 179
tree 3512 152 5 0 179
tree 3656 152 26 0 179
tree 3672 152 34 0 179
tree 3688 136 22 0 179
tree 3720 136 11 0 179
tree 136 168 1 0 179
tree 136 184 6 0 179
stand 248 184 155 0 179
tree 424 184 11 0 179
tree 760 168 25 0 179
tree 760 184 17 0 179
tree 2424 168 12 0 179
tree 2440 168 0 0 179
tree 2520 168 24 0 179
tree 2536 184 25 0 179
tree 3528 168 13 0 179
tree 3656 168 19 0 179
tree 3752 168 35 0 179
tree 3768 184 34 0 179
stand 280 216 161 0 179
stand 328 200 154 0 179
stand 392 216 67 0 179
stand 424 200 68 0 179
tree 424 200 34 0 179
tree 440 200 16 0 179
tree 2424 216 3 0 179
tree 2552 200 13 0 179
tree 2712 200 12 0 179
tree 3624 216 5 0 179
tree 3784 200 21 0 179
tree 3816 200 12 0 179
tree 3832 200 9 0 179
tree 3896 216 7 0 179
tree 3880 216 11 0 179
stand 248 232 155 0 179
stand 312 232 156 0 179
stand 312 248 158 0 179
stand 328 248 160 0 179
stand 328 232 159 0 179
stand 360 248 162 0 179
dom 704 224 0 0 179
lay 744 232 50 0 179
tree 760 232 9 0 179
tree 2424 232 13 0 179
tree 2408 232 25 0 179
tree 2408 248 10 0 179
tree 2520 232 0 0 179
tree 2584 232 11 0 179
tree 2600 248 21 0 179
tree 3560 248 27 0 179
tree 3800 232 11 0 179
tree 3800 248 4 0 179
tree 3784 232 26 0 179
tree 3816 248 27 0 179
tree 3848 248 27 0 179
tree 3864 232 1 0 179
tree 3848 232 6 0 179
stand 328 280 163 0 179
lay 456 264 49 0 179
dom 640 256 3 0 179
tree 744 280 11 0 179
stand 808 280 88 0 179
stand 2056 276 205 0 179
stand 2072 260 205 0 179
stand 2136 276 210 0 179
tree 2584 280 2 0 179
tree 2616 264 21 0 179
tree 2632 280 6 0 179
tree 3528 280 3 0 179
tree 3544 264 0 0 179
tree 3832 280 13 0 179
tree 3816 264 22 0 179
tree 3848 280 27 0 179
most 1664 288 0 0 179
stand 2216 296 28 0 179
tree 2552 296 9 0 179
tree 2568 296 13 0 179
tree 2648 312 6 0 179
tree 2712 296 0 0 179
stand 3464 296 81 0 179
tree 3512 296 27 0 179
stand 3704 312 79 0 179
stand 3736 312 33 0 179
tree 3800 312 2 0 179
stand 3784 296 81 0 179
tree 3864 296 2 0 179
tree 3880 312 15 0 179
trop 108 332 98 179 179
stand 184 328 68 0 179
lay 344 328 20 0 179
lay 680 328 50 0 179
dom 2112 332 3 0 179
lay 2184 344 7 0 179
dom 2400 332 3 0 179
tree 2680 344 8 0 179
tree 2664 328 34 0 179
stand 3464 344 30 0 179
tree 3800 328 12 0 179
tree 3816 328 0 0 179
tree 3896 328 24 0 179
tree 3912 344 25 0 179
tree 184 376 35 0 179
tree 200 376 18 0 179
dom 288 352 117 0 179
lay 408 376 49 0 179
stand 1896 376 26 0 179
stand 1992 360 20 0 179
tree 2728 376 26 0 179
stand 3416 360 80 0 179
tree 3800 376 3 0 179
tree 3928 360 13 0 179
stand 232 392 67 0 179
trop 404 396 103 179 179
trop 532 388 126 179 179
dom 640 384 7 0 179
stand 760 392 163 0 179
stand 744 408 157 0 179
stand 792 408 160 0 179
stand 776 408 158 0 179
stand 872 408 91 0 179
trop 2116 404 73 179 179
stand 2264 388 30 0 179
trop 2356 408 73 179 179
tree 2728 408 0 0 179
tree 3432 408 8 0 179
trop 3604 388 46 179 179
stand 3768 408 82 0 179
tree 3800 392 13 0 179
tree 3784 392 25 0 179
tree 3784 408 10 0 179
tree 3896 392 0 0 179
tree 3960 392 11 0 179
lay 664 440 50 0 179
stand 744 424 157 0 179
stand 744 440 157 0 179
stand 792 424 159 0 179
stand 792 440 156 0 179
stand 776 424 158 0 179
stand 776 440 158 0 179
stand 840 424 71 0 179
stand 872 440 101 0 179
stand 872 424 68 0 179
stand 888 440 99 0 179
stand 904 424 101 0 179
stand 2024 440 153 0 179
stand 2200 424 176 0 179
lay 2248 440 8 0 179
stand 2616 424 34 0 179
tree 2744 440 9 0 179
tree 3432 440 3 0 179
tree 3432 424 17 0 179
tree 3960 440 2 0 179
trop 204 452 105 179 179
trop 340 452 104 179 179
stand 744 456 163 0 179
stand 760 456 161 0 179
stand 792 456 159 0 179
stand 776 472 160 0 179
stand 776 456 162 0 179
stand 1944 472 18 0 179
stand 2536 472 80 0 179
tree 2744 472 26 0 179
tree 3432 456 22 0 179
trop 3700 460 7 179 179
dom 3744 448 173 3 179
trop 3788 476 10 179 179
tree 3928 456 9 0 179
tree 3944 456 13 0 179
stand 216 504 64 0 179
stand 264 504 64 0 179
stand 312 504 64 0 179
stand 360 488 64 0 179
dom 480 480 4 0 179
tree 1656 504 23 0 179
tree 1640 488 8 0 179
stand 2024 488 188 0 179
stand 2072 488 154 0 179
trop 2180 492 73 179 179
lay 2232 488 5 0 179
lay 2392 484 6 0 179
stand 2616 504 36 0 179
stand 2664 488 81 0 179
tree 2744 504 9 0 179
dom 3584 480 167 3 179
dom 3648 480 166 3 179
trop 3716 500 14 179 179
dom 3712 480 168 3 179
tree 128 528 9 0 179
stand 360 536 64 0 179
lay 696 536 7 0 179
tree 1656 520 15 0 179
tree 1672 536 20 0 179
stand 1896 532 195 0 179
stand 1928 532 196 0 179
stand 2056 536 155 0 179
dom 2368 524 8 0 179
stand 2664 520 80 0 179
tree 2744 520 0 0 179
stand 3672 520 78 0 179
stand 3800 520 80 0 179
tree 128 544 18 0 179
tree 144 544 0 0 179
tree 128 560 8 0 179
tree 144 560 23 0 179
stand 216 552 64 0 179
stand 264 552 64 0 179
stand 296 552 64 0 179
lay 664 568 5 0 179
stand 792 568 87 0 179
stand 840 552 87 0 179
stand 872 552 87 0 179
stand 920 552 87 0 179
stand 968 552 87 0 179
stand 2600 552 79 0 179
trop 3524 556 8 179 179
stand 3608 552 81 0 179
stand 3832 568 81 0 179
stand 216 600 64 0 179
stand 264 600 64 0 179
stand 296 600 64 0 179
stand 360 584 64 0 179
trop 516 580 126 179 179
trop 612 604 126 179 179
stand 792 600 87 0 179
stand 840 584 87 0 179
stand 888 584 87 0 179
stand 920 584 87 0 179
stand 968 584 87 0 179
tree 1704 600 5 0 179
trop 2020 604 72 179 179
trop 2180 580 65 179 179
trop 2324 576 73 179 179
lay 2408 580 10 0 179
stand 2664 596 34 0 179
dom 3520 576 163 3 179
dom 3616 576 164 3 179
trop 3692 580 14 179 179
stand 3816 600 78 0 179
trop 580 636 94 179 179
stand 792 632 87 0 179
stand 840 632 87 0 179
stand 888 632 87 0 179
stand 936 632 87 0 179
stand 968 632 87 0 179
lay 1560 632 49 0 179
tree 1704 632 17 0 179
tree 1704 616 7 0 179
dom 1952 620 3 0 179
trop 2388 616 73 179 179
dom 2496 620 5 0 179
lay 2552 612 11 0 179
tree 2760 632 12 0 179
tree 2760 616 16 0 179
stand 3464 616 78 0 179
trop 3540 636 14 179 179
stand 3608 632 79 0 179
stand 3656 632 81 0 179
dom 3776 608 172 3 179
stand 216 648 64 0 179
stand 264 648 64 0 179
stand 312 648 64 0 179
stand 360 648 64 0 179
lay 1304 664 49 0 179
lay 1400 648 49 0 179
tree 1720 664 18 0 179
stand 1896 644 209 0 179
stand 2424 660 320 0 179
trop 2444 648 73 179 179
tree 2776 664 12 0 179
tree 2760 648 21 0 179
lay 3064 664 49 0 179
lay 3288 664 49 0 179
trop 3524 660 9 179 179
dom 448 672 8 0 179
trop 500 684 127 179 179
stand 792 680 87 0 179
stand 840 680 87 0 179
stand 888 680 87 0 179
stand 936 680 87 0 179
stand 984 680 87 0 179
lay 1144 680 49 0 179
tree 1736 696 16 0 179
stand 2024 692 35 0 179
dom 2176 684 1 0 179
trop 2260 688 73 179 179
dom 2336 684 4 0 179
lay 2552 680 7 0 179
stand 2584 676 166 0 179
stand 2632 676 154 0 179
tree 2776 696 12 0 179
tree 2776 680 6 0 179
lay 2904 680 49 0 179
lay 3128 680 49 0 179
trop 3668 684 15 179 179
lay 472 728 8 0 179
trop 660 732 127 179 179
tree 1096 728 34 0 179
tree 1096 712 3 0 179
tree 1752 712 24 0 179
stand 2728 724 320 0 179
trop 356 748 127 179 179
trop 580 764 91 179 179
dom 704 736 6 0 179
stand 792 744 87 0 179
stand 840 744 87 0 179
stand 904 744 87 0 179
stand 952 744 87 0 179
tree 1112 760 21 0 179
tree 1096 760 34 0 179
tree 1096 744 21 0 179
tree 1768 760 27 0 179
tree 1768 744 22 0 179
lay 2392 740 5 0 179
trop 2516 752 73 179 179
stand 2632 740 155 0 179
lay 2664 760 6 0 179
trop 508 772 90 179 179
trop 676 772 93 179 179
trop 2204 768 72 179 179
stand 2360 772 164 0 179
stand 2632 788 155 0 179
stand 3624 792 31 0 179
stand 2328 820 149 0 179
trop 2332 824 65 179 179
trop 2444 824 67 179 179
stand 3576 808 81 0 179
trop 3724 820 46 179 179
stand 3864 808 34 0 179
stand 3944 824 78 0 179
tree 104 840 21 0 179
tree 120 856 15 0 179
stand 392 856 83 0 179
stand 696 840 145 0 179
trop 716 836 127 179 179
stand 2216 836 320 0 179
stand 3640 840 78 0 179
stand 3896 856 82 0 179
tree 152 872 22 0 179
tree 168 888 3 0 179
trop 580 892 92 179 179
tree 1144 888 3 0 179
tree 1128 872 7 0 179
tree 1912 872 9 0 179
tree 1944 888 23 0 179
tree 1960 888 13 0 179
trop 2556 880 72 179 179
tree 2808 872 4 0 179
stand 3832 888 79 0 179
stand 3848 872 35 0 179
tree 232 920 26 0 179
dom 480 896 1 0 179
lay 536 920 10 0 179
stand 744 904 84 0 179
stand 792 904 84 0 179
stand 856 904 84 0 179
stand 904 904 84 0 179
tree 1144 920 27 0 179
tree 1976 904 23 0 179
stand 2360 916 158 0 179
stand 2360 900 158 0 179
stand 2376 916 158 0 179
stand 2376 900 158 0 179
trop 2700 896 72 179 179
tree 2792 904 8 0 179
tree 3640 904 2 0 179
tree 3672 904 19 0 179
tree 3656 920 3 0 179
tree 3672 920 10 0 179
stand 3704 904 96 0 179
stand 3736 904 69 0 179
tree 3800 920 5 0 179
tree 3784 920 4 0 179
tree 3784 904 16 0 179
tree 3800 904 0 0 179
dom 672 928 0 0 179
stand 744 952 84 0 179
stand 792 936 84 0 179
stand 856 936 84 0 179
stand 904 936 84 0 179
tree 1144 936 3 0 179
tree 1160 952 9 0 179
dom 2240 940 0 0 179
trop 2316 928 66 179 179
stand 2360 948 157 0 179
stand 2360 932 157 0 179
stand 2408 932 189 0 179
lay 2440 932 10 0 179
stand 2520 948 185 0 179
stand 2520 932 185 0 179
stand 2536 948 185 0 179
stand 2536 932 185 0 179
stand 2584 948 186 0 179
stand 2584 932 186 0 179
stand 2616 948 186 0 179
stand 2600 948 186 0 179
stand 2600 932 186 0 179
stand 2616 932 186 0 179
dom 2720 940 3 0 179
tree 2792 936 24 0 179
stand 3672 936 195 0 179
stand 3704 936 199 0 179
tree 3704 952 2 0 179
tree 3688 936 10 0 179
stand 3720 936 202 0 179
stand 3736 936 201 0 179
tree 3720 952 8 0 179
stand 3752 936 201 0 179
stand 3768 936 201 0 179
stand 3784 936 197 0 179
stand 3800 936 199 0 179
stand 3864 952 210 0 179
tree 3960 936 18 0 179
tree 104 968 21 0 179
tree 216 984 7 0 179
tree 200 984 11 0 179
trop 508 972 127 179 179
trop 676 980 127 179 179
stand 808 968 84 0 179
stand 856 968 84 0 179
stand 904 968 84 0 179
tree 1160 968 8 0 179
stand 2424 980 187 0 179
stand 2424 964 187 0 179
lay 2456 968 5 0 179
stand 2520 964 185 0 179
stand 2536 964 185 0 179
lay 2616 980 9 0 179
tree 2776 984 2 0 179
tree 2776 968 25 0 179
stand 3672 968 197 0 179
tree 3736 968 9 0 179
lay 3912 968 21 0 179
tree 136 1016 27 0 179
tree 168 1016 27 0 179
tree 184 1000 1 0 179
tree 168 1000 6 0 179
stand 712 1016 84 0 179
stand 760 1016 84 0 179
stand 808 1016 84 0 179
stand 856 1016 84 0 179
stand 904 1016 84 0 179
dom 2208 1004 3 0 179
tree 2760 1000 24 0 179
tree 2776 1000 11 0 179
tree 3768 1016 10 0 179
tree 3768 1000 9 0 179
lay 3864 1016 49 0 179
stand 3896 1000 185 0 179
stand 3896 1016 186 0 179
stand 3880 1016 199 0 179
stand 3928 1016 180 0 179
stand 3912 1016 187 0 179
tree 152 1048 13 0 179
tree 136 1032 22 0 179
tree 168 1048 27 0 179
tree 424 1048 24 0 179
tree 440 1048 18 0 179
stand 712 1048 84 0 179
stand 760 1048 84 0 179
stand 808 1048 84 0 179
stand 856 1048 84 0 179
stand 904 1048 84 0 179
tree 1064 1032 13 0 179
tree 1080 1032 6 0 179
tree 1096 1032 13 0 179
tree 1112 1032 27 0 179
lay 3672 1032 49 0 179
stand 3672 1032 200 0 179
stand 3672 1048 198 0 179
tree 3800 1048 11 0 179
tree 3784 1048 1 0 179
tree 3784 1032 21 0 179
stand 3896 1048 189 0 179
stand 3880 1048 198 0 179
stand 3880 1032 201 0 179
stand 3928 1048 178 0 179
stand 3912 1048 182 0 179
stand 3912 1032 184 0 179
tree 184 1064 2 0 179
tree 200 1080 15 0 179
tree 456 1064 3 0 179
tree 3800 1064 3 0 179
stand 3880 1064 199 0 179
stand 3880 1080 198 0 179
tree 136 1096 0 0 179
tree 216 1096 24 0 179
tree 232 1112 25 0 179
tree 616 1096 10 0 179
tree 2568 1112 34 0 179
tree 2616 1096 15 0 179
tree 2600 1112 20 0 179
tree 2648 1096 9 0 179
tree 2632 1096 20 0 179
tree 2680 1112 25 0 179
tree 2680 1096 25 0 179
tree 2808 1112 5 0 179
tree 2792 1112 20 0 179
tree 2840 1112 22 0 179
tree 2824 1096 0 0 179
stand 3672 1096 209 0 179
stand 3736 1112 202 0 179
stand 3720 1112 201 0 179
stand 3768 1112 199 0 179
stand 3752 1112 200 0 179
stand 3800 1112 200 0 179
stand 3784 1112 201 0 179
stand 3832 1112 199 0 179
stand 3816 1112 201 0 179
stand 3848 1112 197 0 179
stand 3864 1096 194 0 179
stand 3896 1096 99 0 179
tree 248 1128 13 0 179
tree 408 1128 12 0 179
tree 216 1160 0 0 179
tree 280 1160 11 0 179
tree 296 1176 21 0 179
tree 376 1176 12 0 179
tree 120 1192 24 0 179
tree 136 1208 25 0 179
tree 280 1208 2 0 179
tree 264 1208 3 0 179
tree 312 1192 21 0 179
tree 328 1208 6 0 179
tree 376 1192 35 0 179
tree 392 1192 26 0 179
tree 408 1208 34 0 179
tree 152 1224 13 0 179
tree 248 1224 9 0 179
tree 232 1240 15 0 179
tree 248 1240 27 0 179
tree 264 1224 13 0 179
tree 312 1224 12 0 179
tree 344 1240 6 0 179
tree 408 1224 2 0 179
tree 424 1240 2 0 179
lay 1240 1240 49 0 179
lay 2456 1240 49 0 179
tree 3864 1240 5 0 179
tree 120 1256 0 0 179
tree 184 1256 11 0 179
tree 200 1272 21 0 179
tree 216 1256 5 0 179
tree 232 1256 1 0 179
tree 376 1272 8 0 179
tree 360 1256 34 0 179
tree 440 1256 13 0 179
tree 456 1256 9 0 179
lay 1080 1256 49 0 179
lay 2296 1256 49 0 179
tree 3880 1256 10 0 179
tree 184 1304 2 0 179
tree 216 1288 21 0 179
tree 232 1304 6 0 179
tree 472 1288 25 0 179
tree 3896 1288 6 0 179
tree 3912 1304 17 0 179
tree 152 1320 9 0 179
tree 168 1320 13 0 179
tree 248 1336 6 0 179
tree 3928 1320 4 0 179
tree 3912 1320 27 0 179
tree 216 1368 8 0 179
tree 280 1368 8 0 179
tree 264 1352 34 0 179
tree 200 1400 16 0 179
tree 200 1384 20 0 179
lay 1304 1400 49 0 179
tree 2504 1400 2 0 179
lay 1144 1416 49 0 179
lay 3800 1432 49 0 179
tree 2440 1464 4 0 179
tree 2456 1464 27 0 179
lay 3640 1448 49 0 179
stand 1752 1480 85 0 179
stand 1864 1496 64 0 179
tree 1880 1496 25 0 179
tree 2392 1496 19 0 179
tree 2456 1480 8 0 179
tree 2472 1480 15 0 179
tree 2488 1496 4 0 179
tree 2376 1528 17 0 179
tree 2376 1512 22 0 179
lay 280 1560 49 0 179
stand 1656 1544 97 0 179
trop 1812 1564 15 179 179
tree 2360 1560 23 0 179
tree 2360 1544 0 0 179
tree 3304 1560 7 0 179
tree 3400 1560 24 0 179
tree 3416 1560 15 0 179
tree 3432 1560 11 0 179
tree 3480 1544 3 0 179
tree 3480 1560 27 0 179
tree 3496 1560 8 0 179
lay 120 1576 49 0 179
tree 1304 1576 16 0 179
tree 1336 1592 17 0 179
tree 1320 1576 9 0 179
stand 1640 1592 94 0 179
dom 1760 1568 8 1 179
lay 1848 1592 7 0 179
stand 1896 1576 93 0 179
tree 2360 1576 7 0 179
tree 3320 1576 22 0 179
tree 3304 1576 7 0 179
tree 3496 1592 15 0 179
tree 3512 1576 26 0 179
tree 3528 1576 24 0 179
tree 3528 1592 34 0 179
tree 3544 1592 27 0 179
trop 1636 1604 33 179 179
tree 2664 1608 18 0 179
tree 2696 1624 3 0 179
tree 2744 1624 1 0 179
tree 2728 1624 9 0 179
tree 3416 1624 13 0 179
tree 3512 1624 6 0 179
tree 3496 1608 26 0 179
tree 3528 1624 0 0 179
tree 3544 1608 26 0 179
tree 3560 1608 4 0 179
tree 3576 1624 15 0 179
tree 3720 1624 9 0 179
lay 312 1656 49 0 179
trop 1644 1636 15 179 179
trop 1828 1636 32 179 179
trop 1884 1652 15 179 179
tree 2744 1640 10 0 179
tree 3384 1640 10 0 179
tree 3416 1640 5 0 179
tree 3400 1640 0 0 179
tree 3640 1640 9 0 179
tree 3624 1640 15 0 179
tree 3624 1656 24 0 179
tree 3704 1640 12 0 179
tree 3688 1640 15 0 179
tree 3720 1640 26 0 179
lay 152 1672 49 0 179
tree 1448 1688 1 0 179
trop 1724 1676 15 179 179
tree 2360 1688 2 0 179
tree 2344 1672 17 0 179
tree 2552 1672 7 0 179
tree 2552 1688 19 0 179
tree 2584 1688 22 0 179
tree 3288 1672 27 0 179
tree 3304 1688 23 0 179
tree 3352 1688 10 0 179
tree 3384 1672 6 0 179
tree 3384 1688 9 0 179
tree 3368 1688 12 0 179
tree 3624 1672 25 0 179
tree 1464 1720 17 0 179
tree 1448 1704 0 0 179
trop 1820 1700 15 179 179
dom 1984 1696 5 0 179
tree 2568 1704 0 0 179
tree 2568 1720 1 0 179
tree 2584 1720 13 0 179
tree 2584 1704 12 0 179
tree 3288 1720 24 0 179
tree 3320 1704 0 0 179
tree 3352 1704 0 0 179
tree 3336 1704 10 0 179
tree 1240 1752 8 0 179
tree 1464 1752 19 0 179
dom 1632 1728 7 0 179
trop 1708 1748 33 179 179
tree 2584 1736 1 0 179
tree 3288 1736 22 0 179
tree 3304 1736 22 0 179
dom 3456 1728 2 0 179
tree 3704 1752 27 0 179
tree 3720 1752 26 0 179
tree 3736 1752 1 0 179
tree 3752 1752 13 0 179
tree 3784 1752 13 0 179
tree 3800 1752 8 0 179
tree 1224 1768 34 0 179
tree 1240 1768 0 0 179
tree 1480 1784 18 0 179
tree 1480 1768 35 0 179
trop 1772 1780 15 179 179
tree 3304 1784 11 0 179
tree 3688 1784 3 0 179
tree 3688 1768 22 0 179
tree 3704 1768 10 0 179
tree 3800 1768 7 0 179
tree 3816 1768 2 0 179
tree 3832 1768 24 0 179
tree 3832 1784 0 0 179
tree 3880 1784 22 0 179
tree 184 1816 19 0 179
tree 1480 1800 27 0 179
lay 1752 1816 10 0 179
trop 1932 1796 15 179 179
tree 3304 1800 3 0 179
tree 3880 1800 0 0 179
tree 3912 1816 9 0 179
tree 184 1832 6 0 179
tree 216 1848 25 0 179
tree 200 1848 27 0 179
tree 200 1832 0 0 179
tree 232 1848 5 0 179
lay 1768 1848 6 0 179
tree 3224 1832 8 0 179
tree 3272 1848 21 0 179
tree 3352 1848 4 0 179
tree 3336 1848 27 0 179
dom 3456 1824 3 0 179
tree 3912 1832 4 0 179
tree 216 1864 2 0 179
tree 200 1864 3 0 179
tree 200 1880 6 0 179
tree 248 1864 4 0 179
tree 232 1864 12 0 179
tree 312 1864 1 0 179
tree 1752 1880 7 0 179
tree 1736 1864 25 0 179
dom 1856 1856 6 0 179
trop 1900 1868 32 179 179
tree 3240 1880 15 0 179
tree 3256 1880 0 0 179
tree 3272 1864 26 0 179
tree 3336 1864 3 0 179
tree 3352 1864 22 0 179
tree 3384 1880 12 0 179
tree 3400 1880 25 0 179
tree 3400 1864 22 0 179
dom 160 1888 3 0 179
dom 256 1888 6 0 179
tree 1448 1912 34 0 179
tree 2824 1912 19 0 179
tree 3272 1912 11 0 179
tree 3288 1912 26 0 179
tree 3352 1912 24 0 179
tree 3368 1912 22 0 179
tree 3384 1896 22 0 179
tree 3416 1896 2 0 179
tree 3416 1912 7 0 179
tree 3736 1896 6 0 179
tree 3800 1896 5 0 179
tree 3784 1912 12 0 179
tree 3816 1896 13 0 179
tree 3864 1912 10 0 179
tree 3848 1912 0 0 179
tree 3896 1912 11 0 179
tree 1448 1928 20 0 179
stand 1960 1928 98 0 179
most 2272 1920 2 0 179
tree 3288 1928 2 0 179
tree 3304 1928 1 0 179
tree 3320 1928 5 0 179
tree 3336 1928 25 0 179
tree 3352 1928 0 0 179
dom 3584 1920 8 0 179
tree 3928 1928 9 0 179
tree 3912 1928 9 0 179
tree 216 1976 12 0 179
tree 216 1960 12 0 179
tree 232 1976 7 0 179
tree 504 1976 12 0 179
tree 504 1960 12 0 179
tree 488 1960 19 0 179
tree 1448 1960 12 0 179
dom 1824 1952 4 0 179
stand 1960 1976 69 0 179
stand 1976 1976 89 0 179
tree 2840 1960 34 0 179
tree 3352 1960 7 0 179
tree 3368 1960 13 0 179
tree 3368 1976 27 0 179
tree 440 1992 21 0 179
tree 1448 1992 19 0 179
tree 1720 2008 26 0 179
tree 1720 1992 12 0 179
trop 1892 2012 18 179 179
tree 3352 2008 35 0 179
tree 3368 1992 34 0 179
tree 3368 2008 13 0 179
tree 3752 2008 0 0 179
tree 3896 2008 10 0 179
tree 3880 1992 5 0 179
tree 3912 1992 0 0 179
tree 296 2024 10 0 179
tree 296 2040 21 0 179
tree 312 2040 22 0 179
tree 328 2040 26 0 179
tree 1448 2040 13 0 179
tree 1448 2024 11 0 179
tree 1720 2024 5 0 179
stand 1976 2040 87 0 179
stand 1992 2024 90 0 179
tree 2872 2024 9 0 179
tree 3752 2024 22 0 179
tree 216 2072 5 0 179
tree 1448 2072 18 0 179
tree 1720 2056 11 0 179
dom 1792 2048 4 0 179
trop 1860 2076 15 179 179
stand 1976 2056 88 0 179
tree 2136 2072 19 0 179
tree 2152 2072 4 0 179
tree 2168 2072 1 0 179
tree 2888 2072 35 0 179
tree 3528 2072 10 0 179
tree 3544 2072 3 0 179
tree 3560 2056 12 0 179
tree 3624 2072 23 0 179
tree 3784 2056 27 0 179
tree 3784 2072 10 0 179
tree 3928 2056 11 0 179
tree 3944 2056 3 0 179
tree 3960 2072 34 0 179
tree 232 2088 13 0 179
tree 264 2104 27 0 179
tree 1448 2088 11 0 179
stand 1944 2088 97 0 179
stand 1976 2104 98 0 179
dom 2016 2080 247 0 179
dom 2112 2080 250 0 179
tree 2904 2104 12 0 179
tree 3512 2088 35 0 179
tree 3624 2104 23 0 179
tree 3624 2088 9 0 179
tree 3672 2104 21 0 179
tree 3704 2104 25 0 179
tree 3688 2104 25 0 179
tree 3736 2104 3 0 179
tree 3720 2104 21 0 179
tree 3800 2088 27 0 179
tree 3816 2104 3 0 179
tree 3864 2104 25 0 179
tree 3880 2104 5 0 179
tree 3896 2104 3 0 179
tree 3896 2088 22 0 179
tree 3880 2088 12 0 179
tree 3912 2088 26 0 179
tree 3944 2088 24 0 179
tree 3944 2104 1 0 179
tree 312 2120 10 0 179
tree 296 2120 12 0 179
tree 344 2136 22 0 179
tree 376 2136 15 0 179
tree 360 2136 1 0 179
tree 456 2136 7 0 179
tree 472 2136 21 0 179
tree 1736 2136 34 0 179
tree 1736 2120 7 0 179
trop 1868 2132 18 179 179
lay 2136 2120 50 0 179
dom 2112 2112 250 0 179
tree 2776 2120 34 0 179
tree 2792 2136 19 0 179
tree 2904 2136 16 0 179
tree 3544 2120 12 0 179
tree 3544 2136 23 0 179
tree 3672 2120 5 0 179
tree 3656 2120 3 0 179
tree 3688 2120 2 0 179
tree 3736 2120 5 0 179
tree 3768 2120 27 0 179
tree 3752 2120 35 0 179
tree 3784 2136 1 0 179
tree 3832 2120 21 0 179
tree 3848 2136 6 0 179
tree 472 2168 27 0 179
tree 456 2168 2 0 179
tree 488 2152 35 0 179
tree 488 2168 0 0 179
tree 536 2168 8 0 179
dom 2112 2144 250 0 179
tree 2792 2152 9 0 179
tree 2808 2152 35 0 179
tree 2808 2168 26 0 179
tree 2824 2168 11 0 179
tree 2840 2168 13 0 179
tree 3512 2168 10 0 179
tree 3528 2152 23 0 179
tree 3528 2168 24 0 179
tree 3640 2168 23 0 179
tree 3624 2168 10 0 179
tree 3704 2152 26 0 179
tree 3704 2168 8 0 179
tree 3720 2168 0 0 179
tree 3736 2168 5 0 179
tree 3800 2152 4 0 179
tree 3832 2168 2 0 179
tree 3816 2152 4 0 179
tree 3880 2168 12 0 179
tree 440 2200 7 0 179
tree 456 2200 12 0 179
tree 472 2200 15 0 179
dom 1824 2176 0 0 179
trop 1868 2188 15 179 179
tree 2856 2184 13 0 179
tree 3512 2184 23 0 179
tree 3512 2200 13 0 179
tree 3560 2200 4 0 179
tree 3576 2200 15 0 179
tree 3640 2200 22 0 179
tree 3640 2184 2 0 179
tree 3624 2184 0 0 179
tree 3720 2184 12 0 179
tree 3736 2184 8 0 179
tree 3752 2184 12 0 179
tree 3768 2184 3 0 179
tree 3848 2184 35 0 179
tree 3656 2232 23 0 179
tree 3656 2216 13 0 179
tree 1784 2264 27 0 179
tree 1784 2248 26 0 179
tree 1768 2248 2 0 179
tree 1768 2264 34 0 179
tree 1752 2296 25 0 179
lay 3096 2296 49 0 179
lay 344 2328 49 0 179
tree 1560 2312 3 0 179
tree 1576 2328 10 0 179
lay 2936 2312 49 0 179
lay 184 2344 49 0 179
tree 1592 2360 9 0 179
tree 1576 2344 35 0 179
tree 2200 2392 12 0 179
lay 3704 2392 49 0 179
tree 2232 2424 25 0 179
tree 2216 2424 4 0 179
tree 2216 2408 25 0 179
lay 3544 2408 49 0 179
tree 2232 2440 5 0 179
tree 2248 2456 1 0 179
lay 3192 2456 49 0 179
tree 2248 2472 35 0 179
lay 3032 2472 49 0 179
lay 168 2520 49 0 179
trop 172 2532 68 179 179
lay 296 2552 50 0 179
stand 408 2552 177 0 179
lay 232 2568 50 0 179
trop 292 2572 71 179 179
stand 408 2584 181 0 179
tree 2328 2568 35 0 179
lay 3320 2584 49 0 179
stand 152 2600 64 0 179
tree 152 2600 4 0 179
tree 184 2616 16 0 179
tree 168 2616 10 0 179
tree 200 2616 3 0 179
stand 392 2600 180 0 179
stand 408 2600 185 0 179
stand 408 2616 184 0 179
tree 456 2600 22 0 179
tree 2344 2616 34 0 179
tree 2344 2600 19 0 179
lay 3160 2600 49 0 179
tree 152 2648 11 0 179
tree 152 2632 16 0 179
tree 136 2648 5 0 179
tree 136 2632 10 0 179
stand 184 2648 69 0 179
tree 168 2632 8 0 179
tree 184 2648 10 0 179
tree 168 2648 1 0 179
tree 184 2632 4 0 179
stand 200 2632 67 0 179
tree 200 2648 0 0 179
tree 136 2664 10 0 179
tree 136 2680 34 0 179
tree 152 2680 16 0 179
tree 152 2664 3 0 179
tree 168 2664 19 0 179
lay 328 2664 50 0 179
tree 2360 2680 27 0 179
tree 2360 2664 11 0 179
tree 3656 2664 17 0 179
stand 136 2696 64 0 179
trop 316 2692 62 179 179
trop 324 2692 75 179 179
tree 2152 2712 5 0 179
tree 2360 2712 27 0 179
stand 168 2744 23 0 179
lay 312 2728 49 0 179
tree 504 2744 13 0 179
tree 536 2744 16 0 179
tree 552 2744 11 0 179
tree 2072 2744 12 0 179
tree 2072 2728 13 0 179
tree 2088 2744 10 0 179
tree 2168 2728 24 0 179
tree 2200 2744 21 0 179
tree 2376 2728 26 0 179
tree 3576 2744 24 0 179
tree 552 2760 21 0 179
tree 2088 2760 6 0 179
tree 2216 2760 34 0 179
tree 2232 2760 5 0 179
tree 2264 2776 34 0 179
tree 2296 2776 3 0 179
tree 2312 2776 3 0 179
tree 3544 2760 27 0 179
tree 3560 2760 15 0 179
stand 152 2792 93 0 179
tree 136 2808 7 0 179
dom 256 2784 1 0 179
stand 648 2808 69 0 179
stand 680 2808 69 0 179
stand 728 2808 69 0 179
stand 760 2808 69 0 179
tree 3416 2808 9 0 179
tree 3432 2808 3 0 179
tree 152 2840 20 0 179
tree 136 2840 5 0 179
tree 136 2824 3 0 179
tree 152 2824 34 0 179
stand 168 2840 71 0 179
lay 344 2840 49 0 179
stand 440 2824 17 0 179
tree 520 2840 22 0 179
tree 536 2824 26 0 179
tree 3400 2824 11 0 179
tree 3416 2824 27 0 179
stand 152 2856 70 0 179
lay 216 2856 32 0 179
trop 316 2860 62 179 179
tree 488 2872 22 0 179
tree 504 2856 15 0 179
stand 648 2872 69 0 179
stand 680 2872 69 0 179
stand 728 2872 69 0 179
stand 760 2872 69 0 179
lay 312 2888 49 0 179
tree 3620 2882 6 0 179
tree 3636 2882 20 0 179
tree 3636 2898 9 0 179
stand 3732 2882 68 0 179
stand 3716 2882 71 0 179
tree 3748 2882 2 0 179
stand 3828 2882 71 0 179
tree 3828 2898 1 0 179
fre 3824 2902 2 179 179
stand 168 2920 26 0 179
tree 360 2920 20 0 179
tree 376 2920 3 0 179
tree 392 2936 1 0 179
stand 632 2920 69 0 179
stand 664 2920 69 0 179
stand 712 2920 69 0 179
stand 744 2936 69 0 179
lay 2232 2936 49 0 179
tree 3636 2914 18 0 179
tree 3636 2930 8 0 179
tree 3652 2914 0 0 179
tree 3652 2930 23 0 179
tree 3828 2914 17 0 179
tree 120 2968 3 0 179
dom 256 2944 4 0 179
trop 516 2956 73 179 179
lay 2072 2952 49 0 179
tree 3416 2968 0 0 179
tree 3400 2968 26 0 179
tree 3400 2952 3 0 179
stand 3828 2946 68 0 179
tree 120 2984 10 0 179
tree 136 3000 4 0 179
tree 152 3000 1 0 179
tree 152 2984 1 0 179
tree 136 2984 13 0 179
stand 648 2984 69 0 179
stand 680 2984 69 0 179
stand 728 2984 69 0 179
stand 760 2984 69 0 179
tree 3416 3000 5 0 179
tree 3416 2984 2 0 179
stand 3560 3000 154 0 179
stand 3640 3000 153 0 179
dom 3740 2986 7 0 179
stand 152 3016 67 0 179
trop 316 3028 62 179 179
stand 456 3032 180 0 179
stand 728 3032 69 0 179
stand 760 3032 69 0 179
stand 3480 3016 154 0 179
stand 3828 3026 95 0 179
lay 312 3048 49 0 179
stand 808 3048 176 0 179
stand 3544 3064 188 0 179
stand 152 3096 69 0 179
tree 152 3080 0 0 179
stand 312 3080 181 0 179
stand 312 3096 180 0 179
stand 344 3096 182 0 179
stand 328 3096 179 0 179
dom 640 3072 6 0 179
trop 708 3084 127 179 179
stand 3480 3080 155 0 179
stand 3544 3080 188 0 179
stand 3544 3096 188 0 179
trop 3716 3084 72 179 179
dom 256 3104 5 0 179
stand 344 3112 183 0 179
stand 328 3112 178 0 179
stand 488 3112 166 0 179
trop 652 3116 126 179 179
tree 920 3128 3 0 179
tree 1800 3128 3 0 179
tree 1816 3128 1 0 179
tree 1832 3112 4 0 179
tree 1848 3112 15 0 179
tree 1928 3112 18 0 179
tree 1928 3128 0 0 179
stand 3480 3128 155 0 179
dom 3872 3104 0 0 179
tree 88 3160 16 0 179
tree 1800 3144 18 0 179
tree 1944 3144 21 0 179
tree 1960 3160 10 0 179
tree 104 3192 19 0 179
tree 104 3176 11 0 179
stand 152 3176 93 0 179
stand 136 3192 69 0 179
stand 296 3192 178 0 179
dom 416 3168 8 0 179
tree 1960 3176 35 0 179
tree 1976 3192 2 0 179
tree 2232 3192 26 0 179
tree 2216 3192 6 0 179
stand 3480 3176 155 0 179
trop 3588 3180 65 179 179
dom 3680 3168 18 0 179
trop 3764 3172 69 179 179
dom 3808 3168 18 0 179
tree 120 3224 9 0 179
stand 152 3208 69 0 179
lay 184 3224 56 0 179
stand 184 3208 85 0 179
trop 268 3228 127 179 179
trop 316 3204 62 179 179
lay 296 3224 50 0 179
trop 436 3228 126 179 179
trop 492 3228 8 179 179
trop 604 3228 8 179 179
stand 904 3224 67 0 179
tree 2216 3208 22 0 179
tree 2264 3208 11 0 179
tree 2296 3224 8 0 179
tree 2280 3208 2 0 179
tree 2312 3224 6 0 179
tree 104 3256 8 0 179
tree 104 3240 34 0 179
tree 120 3240 18 0 179
tree 152 3256 10 0 179
tree 152 3240 16 0 179
stand 184 3240 64 0 179
stand 792 3240 67 0 179
stand 840 3240 67 0 179
stand 904 3256 67 0 179
tree 1800 3256 15 0 179
tree 2328 3240 8 0 179
tree 2312 3240 8 0 179
dom 3456 3232 3 0 179
trop 3884 3252 65 179 179
tree 120 3288 13 0 179
tree 120 3272 13 0 179
tree 152 3272 6 0 179
tree 136 3272 0 0 179
tree 184 3272 20 0 179
tree 168 3272 7 0 179
stand 216 3272 69 0 179
stand 792 3272 67 0 179
stand 840 3272 67 0 179
stand 904 3272 67 0 179
tree 1816 3288 3 0 179
tree 1816 3272 11 0 179
tree 1832 3288 21 0 179
stand 200 3320 83 0 179
stand 248 3320 83 0 179
stand 296 3304 83 0 179
tree 1832 3304 0 0 179
tree 2024 3304 19 0 179
trop 3420 3324 68 179 179
trop 3572 3316 63 179 179
trop 3756 3316 64 179 179
stand 152 3336 83 0 179
trop 372 3332 126 179 179
dom 352 3328 7 0 179
trop 404 3340 10 179 179
dom 704 3328 5 0 179
stand 792 3336 67 0 179
stand 856 3352 67 0 179
stand 904 3336 67 0 179
tree 2312 3352 20 0 179
tree 3512 3352 27 0 179
tree 3512 3336 16 0 179
stand 3784 3336 149 0 179
stand 152 3384 83 0 179
stand 200 3384 83 0 179
stand 248 3384 83 0 179
stand 296 3368 83 0 179
trop 492 3364 5 179 179
trop 548 3364 5 179 179
dom 544 3360 16 0 179
trop 612 3364 5 179 179
stand 792 3384 67 0 179
stand 792 3368 67 0 179
stand 856 3384 67 0 179
stand 904 3368 67 0 179
tree 2312 3384 1 0 179
tree 3528 3384 27 0 179
tree 3528 3368 35 0 179
trop 3852 3388 65 179 179
stand 904 3400 67 0 179
tree 2312 3416 5 0 179
tree 3544 3400 34 0 179
dom 3648 3392 15 0 179
dom 3808 3392 16 0 179
stand 152 3432 83 0 179
stand 200 3432 83 0 179
stand 248 3432 83 0 179
stand 296 3432 83 0 179
stand 360 3448 157 0 179
stand 536 3432 164 0 179
trop 668 3436 10 179 179
stand 824 3448 181 0 179
tree 2296 3448 11 0 179
tree 3544 3432 12 0 179
stand 344 3464 179 0 179
tree 2312 3480 22 0 179
tree 2312 3464 22 0 179
tree 3560 3464 27 0 179
trop 3764 3468 66 179 179
trop 316 3516 127 179 179
trop 476 3492 7 179 179
trop 556 3500 9 179 179
trop 612 3500 9 179 179
tree 808 3512 34 0 179
lay 1368 3512 49 0 179
tree 1816 3512 34 0 179
tree 2140 3514 34 0 179
tree 2312 3496 17 0 179
tree 2536 3512 12 0 179
tree 2584 3512 12 0 179
tree 3560 3496 34 0 179
stand 808 3528 99 0 179
tree 824 3544 20 0 179
tree 824 3528 34 0 179
stand 840 3528 99 0 179
stand 872 3528 99 0 179
stand 904 3528 99 0 179
lay 1208 3528 49 0 179
tree 1832 3528 18 0 179
tree 1832 3544 0 0 179
tree 1996 3546 0 0 179
tree 2012 3546 21 0 179
tree 2012 3530 13 0 179
tree 2028 3546 8 0 179
tree 2044 3546 24 0 179
tree 2156 3530 24 0 179
tree 2408 3544 7 0 179
tree 2568 3544 8 0 179
tree 2584 3544 2 0 179
tree 2584 3528 13 0 179
tree 2600 3528 9 0 179
tree 3576 3528 23 0 179
dom 704 3552 1 0 179
stand 808 3576 99 0 179
tree 824 3560 3 0 179
stand 840 3576 99 0 179
stand 872 3576 99 0 179
stand 904 3576 99 0 179
tree 1816 3576 7 0 179
tree 1832 3576 35 0 179
dom 1972 3570 8 0 179
tree 2012 3562 13 0 179
tree 2028 3562 11 0 179
tree 2108 3578 34 0 179
tree 2356 3570 27 0 179
dom 2368 3552 250 0 179
tree 2456 3560 34 0 179
tree 2504 3576 0 0 179
tree 2536 3560 7 0 179
tree 2568 3560 1 0 179
tree 2584 3560 10 0 179
tree 2584 3576 13 0 179
tree 2568 3576 12 0 179
tree 2600 3560 2 0 179
tree 2600 3576 35 0 179
tree 3544 3560 22 0 179
tree 3544 3576 22 0 179
tree 3576 3560 25 0 179
stand 248 3608 94 0 179
stand 296 3592 94 0 179
stand 344 3592 94 0 179
stand 392 3592 94 0 179
stand 440 3592 94 0 179
dom 512 3584 4 0 179
stand 856 3608 99 0 179
stand 888 3608 99 0 179
tree 1752 3608 4 0 179
tree 1736 3608 13 0 179
tree 1768 3592 17 0 179
dom 2260 3602 3 0 179
dom 2368 3584 250 0 179
lay 2392 3592 50 0 179
tree 2552 3592 3 0 179
tree 2536 3608 15 0 179
tree 2584 3592 7 0 179
lay 3032 3608 49 0 179
lay 3320 3608 49 0 179
stand 296 3640 94 0 179
stand 344 3640 94 0 179
stand 392 3624 94 0 179
trop 708 3620 126 179 179
stand 808 3624 99 0 179
stand 856 3640 99 0 179
stand 888 3640 99 0 179
stand 920 3640 99 0 179
tree 1528 3640 6 0 179
tree 1720 3624 26 0 179
dom 2336 3616 247 0 179
tree 2552 3624 7 0 179
tree 2568 3640 11 0 179
lay 2872 3624 49 0 179
lay 3160 3624 49 0 179
tree 3768 3640 34 0 179
stand 248 3656 94 0 179
stand 392 3672 94 0 179
stand 440 3656 94 0 179
stand 792 3672 99 0 179
stand 824 3672 99 0 179
stand 856 3672 99 0 179
stand 888 3672 99 0 179
tree 888 3672 24 0 179
tree 872 3656 21 0 179
stand 920 3672 99 0 179
tree 1528 3656 13 0 179
dom 1952 3648 0 0 179
dom 2068 3666 5 0 179
dom 2164 3666 1 0 179
lay 2344 3672 50 0 179
tree 3768 3656 22 0 179
stand 3832 3672 177 0 179
tree 168 3704 12 0 179
stand 248 3688 94 0 179
stand 296 3688 94 0 179
stand 344 3688 94 0 179
stand 440 3704 94 0 179
trop 628 3708 126 179 179
stand 792 3704 99 0 179
stand 824 3704 99 0 179
stand 856 3704 99 0 179
tree 888 3688 35 0 179
stand 904 3704 99 0 179
tree 904 3704 8 0 179
tree 1528 3688 24 0 179
tree 1544 3704 4 0 179
stand 2456 3704 180 0 179
stand 2456 3688 178 0 179
stand 2488 3688 189 0 179
stand 2472 3688 185 0 179
stand 2488 3704 186 0 179
stand 2472 3704 179 0 179
stand 2504 3704 187 0 179
lay 3736 3704 50 0 179
stand 3928 3688 83 0 179
stand 248 3736 94 0 179
stand 296 3736 94 0 179
stand 344 3736 94 0 179
stand 392 3720 94 0 179
stand 904 3736 99 0 179
tree 904 3720 27 0 179
tree 1544 3736 4 0 179
tree 1544 3720 5 0 179
dom 1760 3712 18 0 179
dom 1888 3712 18 0 179
trop 2004 3732 15 179 179
trop 2284 3716 15 179 179
lay 2312 3736 50 0 179
lay 2360 3736 50 0 179
stand 2488 3736 158 0 179
stand 2472 3736 157 0 179
stand 2488 3720 181 0 179
stand 2472 3720 184 0 179
stand 2520 3720 160 0 179
stand 2504 3736 159 0 179
tree 2584 3736 0 0 179
dom 3744 3712 2 0 179
stand 3832 3736 178 0 179
stand 3864 3736 180 0 179
stand 3864 3720 185 0 179
stand 3848 3720 189 0 179
stand 3848 3736 186 0 179
stand 3880 3720 179 0 179
stand 3880 3736 183 0 179
stand 3928 3720 67 0 179
stand 3944 3736 83 0 179
stand 3960 3736 64 0 179
stand 3944 3720 84 0 179
stand 3960 3720 67 0 179
stand 792 3752 99 0 179
stand 824 3752 99 0 179
stand 856 3752 99 0 179
stand 888 3752 99 0 179
trop 1924 3772 15 179 179
trop 2116 3764 15 179 179
trop 2140 3764 19 179 179
tree 2584 3752 15 0 179
tree 2568 3752 8 0 179
tree 2600 3752 11 0 179
tree 3672 3768 22 0 179
tree 3688 3768 22 0 179
stand 3848 3752 181 0 179
stand 3880 3752 182 0 179
tree 216 3800 13 0 179
tree 200 3800 4 0 179
tree 216 3784 6 0 179
tree 232 3800 19 0 179
stand 280 3800 64 0 179
stand 296 3784 89 0 179
stand 328 3800 109 0 179
stand 792 3784 99 0 179
stand 808 3784 99 0 179
stand 840 3784 99 0 179
stand 872 3784 99 0 179
stand 904 3784 99 0 179
tree 904 3800 13 0 179
dom 2304 3776 251 0 179
tree 3704 3784 10 0 179
tree 3736 3800 0 0 179
tree 3720 3784 26 0 179
tree 3768 3800 26 0 179
tree 200 3816 3 0 179
tree 216 3832 12 0 179
tree 200 3832 2 0 179
stand 232 3816 86 0 179
tree 232 3832 7 0 179
stand 264 3816 100 0 179
stand 264 3832 89 0 179
stand 296 3816 101 0 179
stand 424 3832 93 0 179
stand 456 3832 99 0 179
tree 680 3832 20 0 179
tree 696 3832 0 0 179
stand 792 3816 99 0 179
stand 824 3816 99 0 179
stand 856 3816 99 0 179
stand 904 3816 99 0 179
tree 904 3832 19 0 179
tree 904 3816 4 0 179
trop 1860 3812 15 179 179
tree 2244 3826 7 0 179
tree 2680 3816 11 0 179
tree 2696 3832 20 0 179
tree 3768 3816 22 0 179
tree 3768 3832 11 0 179
stand 200 3864 70 0 179
stand 248 3848 68 0 179
stand 232 3864 69 0 179
stand 248 3864 71 0 179
stand 440 3848 67 0 179
trop 668 3868 73 179 179
tree 728 3848 26 0 179
tree 744 3848 10 0 179
tree 792 3848 7 0 179
tree 1656 3848 22 0 179
tree 1656 3864 11 0 179
lay 2312 3848 50 0 179
stand 2392 3864 159 0 179
stand 2408 3864 158 0 179
stand 2424 3864 157 0 179
tree 2536 3864 10 0 179
tree 2552 3864 2 0 179
tree 2536 3848 19 0 179
tree 2568 3864 6 0 179
tree 2584 3864 11 0 179
tree 2712 3864 25 0 179
tree 3736 3864 34 0 179
tree 3752 3848 6 0 179
tree 3784 3848 21 0 179
tree 3800 3864 15 0 179
stand 168 3896 88 0 179
stand 184 3896 87 0 179
tree 168 3896 18 0 179
stand 200 3880 96 0 179
stand 200 3896 70 0 179
stand 232 3880 105 0 179
stand 264 3880 70 0 179
tree 1624 3896 34 0 179
tree 1640 3880 6 0 179
tree 1672 3880 21 0 179
tree 1688 3896 15 0 179
tree 1816 3880 22 0 179
tree 1816 3896 11 0 179
tree 2008 3896 5 0 179
stand 2424 3880 156 0 179
stand 2408 3880 156 0 179
stand 2440 3880 159 0 179
tree 2552 3880 3 0 179
tree 2536 3880 9 0 179
tree 2536 3896 11 0 179
tree 2552 3896 35 0 179
tree 2712 3880 24 0 179
tree 2728 3896 8 0 179
tree 2728 3880 11 0 179
tree 3704 3896 35 0 179
tree 3720 3880 8 0 179
tree 3832 3880 22 0 179
tree 3848 3896 3 0 179
tree 3896 3896 8 0 179
stand 184 3928 69 0 179
tree 168 3912 20 0 179
tree 168 3928 3 0 179
lay 360 3912 49 0 179
lay 536 3928 49 0 179
tree 1592 3928 35 0 179
tree 1576 3928 15 0 179
tree 1608 3912 8 0 179
tree 1720 3912 22 0 179
tree 1736 3928 3 0 179
tree 1784 3928 34 0 179
tree 1800 3912 6 0 179
tree 1832 3912 21 0 179
tree 1848 3928 15 0 179
tree 1880 3928 17 0 179
tree 1912 3928 12 0 179
tree 1896 3928 11 0 179
tree 1928 3928 12 0 179
tree 1992 3912 24 0 179
trop 2396 3908 98 179 179
tree 3656 3928 26 0 179
tree 3672 3928 34 0 179
tree 3688 3912 22 0 179
tree 3720 3912 11 0 179
tree 3912 3928 34 0 179
tree 3912 3912 2 0 179
stand 184 3944 84 0 179
stand 184 3960 101 0 179
tree 184 3960 19 0 179
tree 184 3944 5 0 179
stand 216 3960 67 0 179
lay 472 3944 49 0 179
tree 1544 3960 26 0 179
tree 1560 3960 34 0 179
tree 1576 3944 22 0 179
tree 1576 3960 15 0 179
tree 1608 3944 11 0 179
tree 1752 3960 35 0 179
tree 1768 3944 8 0 179
tree 1880 3944 22 0 179
tree 1896 3960 3 0 179
tree 3752 3944 35 0 179
tree 3768 3960 34 0 179
tree 3912 3944 3 0 179
tree 1592 3976 11 0 179
tree 1640 3976 35 0 179
tree 1656 3992 34 0 179
tree 3624 3992 5 0 179
tree 3784 3976 21 0 179
tree 3896 3992 7 0 179
tree 3880 3992 11 0 179
lay 376 4008 49 0 179
tree 1512 4024 5 0 179
