lay 3816 40 106 0 179
zabor 3568 144 105 2 8
tree 184 168 14 0 0
tree 200 168 12 0 0
tree 248 168 16 0 0
fre 268 188 8 0 0
tree 264 184 3 0 0
fre 316 164 8 0 0
fre 308 172 8 0 0
fre 316 172 8 0 0
tree 312 168 5 0 0
tree 328 168 6 0 0
tree 536 184 10 0 0
tree 520 184 0 0 0
tree 552 184 5 0 0
tree 1192 184 8 0 0
zabor 3568 176 104 2 8
lay 3848 184 105 0 179
tree 440 216 15 0 0
tree 424 200 12 0 0
tree 456 216 3 0 0
tree 584 200 6 0 0
tree 616 216 20 0 0
fre 668 220 8 0 0
tree 664 216 19 0 0
tree 648 216 16 0 0
tree 1384 216 14 0 0
fre 1388 212 8 0 0
fre 1380 220 8 0 0
stand 3080 200 4 0 0
zabor 3152 208 64 1 8
zabor 3568 208 104 2 8
fre 220 236 8 0 0
tree 216 232 18 0 0
tree 472 232 9 0 0
tree 504 232 4 0 0
tree 520 248 18 0 0
fre 3060 252 15 0 0
fre 3076 236 16 0 0
zabor 3152 240 66 1 8
zabor 3568 240 104 2 8
fre 172 268 8 0 0
fre 188 284 8 0 0
tree 184 280 19 0 0
tree 168 264 0 0 0
tree 520 280 18 0 0
fre 588 284 8 0 0
fre 596 268 8 0 0
fre 604 260 8 0 0
tree 600 264 18 0 0
tree 584 280 2 0 0
fre 620 268 8 0 0
tree 616 264 14 0 0
tree 1464 280 8 0 0
fre 3020 276 13 0 0
dom 3104 256 100 0 0
zabor 3152 272 66 1 8
zabor 3568 272 104 2 8
tree 200 296 7 0 0
fre 492 316 13 0 0
tree 536 296 6 0 0
tree 568 312 6 0 0
tree 552 312 8 0 0
tree 552 296 12 0 0
tree 1432 296 12 0 0
fre 3044 308 12 0 0
zabor 3408 304 64 1 8
zabor 3440 304 66 1 8
zabor 3472 304 66 1 8
zabor 3504 304 65 1 8
zabor 3536 304 65 1 8
zabor 3568 304 64 1 8
zabor 3600 304 66 1 8
stand 3608 312 60 0 179
zabor 3632 304 31 0 8
zabor 3664 304 29 0 8
stand 264 328 11 0 179
stand 296 344 17 0 179
stand 408 328 15 0 0
fre 444 324 16 0 0
fre 556 348 8 0 0
tree 552 344 4 0 0
tree 552 328 8 0 0
tree 568 328 10 0 0
tree 1320 344 16 0 0
fre 1324 348 8 0 0
fre 1324 340 8 0 0
fre 1316 348 8 0 0
fre 1316 340 8 0 0
zabor 3152 336 66 1 8
fre 3140 340 18 0 0
zabor 3408 336 65 1 8
stand 3416 328 52 0 179
stand 3432 328 4 0 179
dom 3488 320 114 0 179
stand 3544 328 4 0 179
trop 3636 332 6 179 179
most 3712 320 46 0 179
most 3744 320 45 0 179
most 3776 320 45 0 179
lay 3816 328 104 0 179
fre 492 380 14 0 0
fre 604 364 87 179 179
fre 636 356 91 179 179
fre 620 380 93 179 179
tree 1192 360 3 0 0
fre 1196 364 8 0 0
fre 1188 356 8 0 0
fre 1196 356 8 0 0
tree 1384 376 17 0 0
fre 1388 380 8 0 0
tree 1432 360 19 0 0
fre 1436 364 8 0 0
fre 3132 380 17 0 0
zabor 3152 368 66 1 8
fre 3180 356 19 0 0
vor 3268 372 73 0 0
zabor 3408 368 66 1 8
stand 3432 360 4 0 179
stand 3544 360 4 0 179
zabor 3536 368 104 2 8
zabor 3568 368 104 2 8
zabor 3600 368 65 1 8
zabor 3632 368 26 0 8
zabor 3664 368 29 0 8
tree 184 408 17 0 0
stand 280 392 16 0 179
fre 428 412 13 179 179
dom 416 384 38 0 179
fre 468 404 15 0 0
stand 568 408 19 0 0
fre 596 412 92 179 179
stand 584 392 18 0 0
fre 620 396 86 179 179
fre 636 388 89 179 179
tree 1208 408 4 0 0
fre 1212 404 8 0 0
fre 1204 404 8 0 0
fre 1204 412 8 0 0
tree 1432 392 4 0 0
fre 1436 396 8 0 0
zabor 3088 400 65 1 8
zabor 3120 400 66 1 8
zabor 3152 400 66 1 8
vor 3308 404 72 0 0
zabor 3408 400 66 1 8
zabor 3568 400 105 2 8
zabor 3600 400 64 1 8
tree 1336 440 20 0 0
fre 1340 444 8 0 0
fre 1348 444 8 0 0
vor 3316 428 74 0 0
zabor 3408 432 64 1 8
stand 3432 440 4 0 179
dom 3424 416 113 0 179
stand 3544 440 4 0 179
zabor 3568 432 105 2 8
dom 3552 416 113 0 179
zabor 3600 432 64 1 8
zabor 3632 432 104 2 8
fre 188 476 8 0 0
tree 184 472 16 0 0
tree 168 456 16 0 0
tree 200 456 14 0 0
tree 200 472 15 0 0
fre 308 468 13 0 0
stand 344 472 19 0 0
fre 388 460 16 0 0
fre 444 476 13 0 0
stand 552 456 10 0 0
fre 596 476 90 179 179
stand 664 456 12 0 0
fre 1348 452 8 0 0
stand 1528 472 26 0 0
stand 1576 456 46 0 0
fre 3204 468 13 0 0
dom 3200 448 27 0 0
zabor 3408 464 66 1 8
stand 3432 472 4 0 179
stand 3544 472 4 0 179
dom 3520 448 105 0 179
zabor 3568 464 105 2 8
zabor 3600 464 66 1 8
zabor 3632 464 105 2 8
zabor 3664 464 105 2 8
stand 3720 456 102 0 179
tree 216 488 2 0 0
stand 520 504 10 1 0
stand 552 504 10 0 0
stand 2952 504 102 0 179
zabor 3408 496 64 1 8
zabor 3440 496 64 1 8
zabor 3472 496 66 1 8
zabor 3536 496 66 1 8
zabor 3568 496 65 1 8
zabor 3600 496 65 1 8
zabor 3792 496 104 2 8
zabor 3824 496 105 2 8
fre 428 540 12 0 0
stand 472 520 10 1 0
fre 500 532 89 179 179
tree 1304 536 5 0 0
fre 1300 532 8 0 0
fre 1308 540 8 0 0
tree 1400 536 2 0 0
fre 1404 532 8 0 0
fre 1396 540 8 0 0
fre 1404 540 8 0 0
tree 2024 536 11 0 0
vor 3300 532 72 0 0
vor 3300 532 74 0 0
zabor 3568 528 104 2 8
zabor 3600 528 105 2 8
tree 3736 536 7 0 0
stand 408 568 17 0 0
tree 1384 552 1 0 0
fre 1388 556 8 0 0
stand 2888 552 98 0 0
most 3008 544 40 0 179
zabor 3472 560 104 2 8
zabor 3568 560 105 2 8
tree 3656 552 2 0 0
fre 3660 556 8 0 0
stand 3704 552 20 0 0
tree 3720 568 0 0 0
fre 3724 572 8 0 0
tree 3848 552 8 0 0
tree 344 584 12 0 0
fre 404 588 13 0 0
tree 520 600 1 0 0
fre 588 588 8 0 0
tree 584 584 2 0 0
fre 644 596 8 0 0
tree 648 600 4 0 0
tree 1400 584 3 0 0
fre 1396 580 8 0 0
fre 1404 588 8 0 0
fre 1404 580 8 0 0
tree 1816 584 13 0 0
tree 1880 600 12 0 0
trop 3116 596 46 0 0
vor 3260 580 72 0 0
zabor 3472 592 105 2 8
stand 3688 584 21 0 0
fre 220 620 8 0 0
tree 216 616 19 0 0
fre 252 620 8 0 0
tree 248 616 11 0 0
tree 312 632 0 0 0
tree 312 616 12 0 0
tree 344 632 15 0 0
tree 328 632 5 0 0
fre 356 612 8 0 0
tree 360 616 1 0 0
stand 488 632 12 0 0
fre 508 620 8 0 0
tree 504 616 0 0 0
fre 604 636 8 0 0
tree 600 632 2 0 0
fre 1388 636 8 0 0
tree 1384 632 0 0 0
stand 1720 632 11 0 0
stand 1800 632 10 0 0
cliff 1824 608 44 179 179
cliff 1888 608 44 179 179
cliff 1920 608 43 179 179
fre 3100 636 15 0 0
zabor 3472 624 105 2 8
tree 3800 616 10 0 0
tree 200 664 15 0 0
tree 328 648 12 0 0
fre 588 668 8 0 0
tree 584 664 3 0 0
tree 1112 664 8 0 0
fre 1244 652 8 0 0
tree 1240 648 18 0 0
fre 1252 644 8 0 0
tree 1272 648 13 0 0
tree 1256 648 3 0 0
tree 1288 664 0 0 0
tree 1304 664 0 0 0
tree 1304 648 8 0 0
tree 1288 648 6 0 0
tree 1336 648 1 0 0
tree 1320 648 19 0 0
tree 1368 648 3 0 0
tree 1352 648 10 0 0
stand 1560 648 18 1 0
fre 1764 644 15 0 0
fre 1828 644 19 0 0
stand 1864 664 16 0 0
fre 1860 652 16 0 0
cliff 1984 640 32 179 179
tree 2120 648 12 0 0
stand 3288 664 99 0 0
fre 3324 644 15 0 0
fre 3388 644 16 0 0
zabor 3472 656 105 2 8
tree 3688 664 1 0 0
fre 3692 668 8 0 0
tree 200 696 10 0 0
tree 200 680 3 0 0
tree 248 696 3 0 0
tree 264 680 11 0 0
tree 264 696 11 0 0
tree 648 680 12 0 0
tree 648 696 12 0 0
tree 1080 696 12 0 0
tree 1064 696 9 0 0
tree 1096 680 16 0 0
tree 1096 696 13 0 0
tree 1128 696 6 0 0
tree 1128 680 5 0 0
tree 1288 680 6 0 0
fre 1732 684 12 0 0
tree 1976 696 6 0 0
stand 2936 680 101 0 0
stand 2952 680 101 0 0
dom 3264 672 116 0 0
dom 3424 672 89 0 0
zabor 3472 688 104 2 8
fre 212 708 8 0 0
tree 216 712 1 0 0
tree 216 728 9 0 0
tree 200 728 15 0 0
tree 200 712 2 0 0
tree 232 712 3 0 0
tree 280 728 2 0 0
tree 296 712 13 0 0
tree 296 728 14 0 0
tree 1048 712 1 0 0
fre 1044 708 8 0 0
tree 1064 712 4 0 0
tree 1080 712 4 0 0
fre 1068 716 8 0 0
tree 1112 712 11 0 0
tree 1096 712 19 0 0
tree 1112 728 1 0 0
tree 1128 712 0 0 0
fre 1132 716 8 0 0
fre 1508 708 8 0 0
tree 1512 728 19 0 0
tree 1512 712 18 0 0
stand 1736 728 1 0 0
tree 2072 728 9 0 0
cliff 2080 704 31 179 179
dom 3200 704 90 0 179
fre 3332 716 19 0 0
zabor 3472 720 105 2 8
fre 204 748 8 0 0
tree 200 760 14 0 0
tree 200 744 0 0 0
tree 280 744 12 0 0
tree 1016 744 5 0 0
tree 1032 744 17 0 0
tree 1032 760 19 0 0
fre 1028 756 8 0 0
fre 1028 764 8 0 0
fre 1036 764 8 0 0
tree 1368 760 9 0 0
tree 1384 744 3 0 0
tree 1416 744 10 0 0
tree 1432 744 10 0 0
tree 1448 744 16 0 0
fre 1532 748 8 0 0
fre 1516 764 8 0 0
fre 1508 756 8 0 0
tree 1528 744 19 0 0
tree 1512 760 2 0 0
stand 1864 744 18 0 0
stand 1928 744 10 1 0
stand 2824 760 102 0 179
fre 3212 756 12 0 0
zabor 3472 752 104 2 8
zabor 3504 752 104 2 8
zabor 3536 752 105 2 8
zabor 3568 752 105 2 8
tree 1144 792 6 0 0
fre 1132 796 4 0 0
tree 1336 776 15 0 0
tree 1400 776 14 0 0
tree 1384 776 20 0 0
tree 1416 776 11 0 0
tree 1432 776 8 0 0
tree 1416 792 20 0 0
tree 1432 792 18 0 0
tree 1448 792 17 0 0
tree 1496 792 9 0 0
fre 1508 780 8 0 0
tree 1512 776 19 0 0
tree 1784 792 13 0 0
tree 1896 776 8 0 0
cliff 2144 768 30 179 179
zabor 3568 784 104 2 8
tree 1080 824 13 0 179
cliff 1120 800 44 179 179
fre 1180 828 14 0 0
cliff 1184 800 44 179 179
cliff 1216 800 43 179 179
tree 1368 824 19 0 0
fre 1372 828 8 0 0
tree 1432 824 15 0 0
tree 1448 808 2 0 0
fre 1452 812 8 0 0
tree 1496 808 7 0 0
tree 1496 824 5 0 0
stand 2056 824 17 0 0
fre 2068 804 14 0 0
zabor 2480 816 104 2 8
fre 2660 828 18 0 0
most 2752 800 48 0 179
fre 3156 828 15 0 0
dom 3200 800 99 0 179
zabor 3568 816 104 2 8
tree 1048 840 11 0 179
cliff 1088 832 44 179 179
fre 1108 852 4 0 0
cliff 1120 832 44 179 179
tree 1208 840 8 0 0
fre 1308 836 5 0 0
tree 1368 856 20 0 0
tree 1368 840 7 0 0
fre 1452 860 8 0 0
tree 1448 856 0 0 0
fre 1500 860 8 0 0
tree 1496 856 11 0 0
fre 1508 860 8 0 0
fre 1508 852 8 0 0
tree 1512 856 1 0 0
stand 2008 856 10 0 0
stand 2120 840 51 0 0
zabor 2448 848 104 2 8
zabor 2480 848 104 2 8
trop 3052 852 46 0 0
fre 3044 836 15 0 0
zabor 3568 848 105 2 8
fre 1020 892 7 0 0
tree 1048 888 9 0 0
fre 1108 876 13 0 0
stand 1144 872 10 1 0
fre 1244 876 5 0 0
tree 1368 888 17 0 0
tree 1368 872 6 0 0
tree 1352 872 13 0 0
tree 1464 872 9 0 0
fre 2060 868 13 0 0
cliff 2240 864 27 179 179
zabor 2448 880 105 2 8
fre 2660 884 18 0 0
dom 3360 864 94 0 0
dom 3424 864 92 0 0
zabor 3568 880 104 2 8
tree 904 920 13 0 0
tree 920 920 14 0 0
fre 924 924 8 0 0
stand 1112 904 19 1 0
stand 1144 920 34 0 0
fre 1124 924 16 0 0
fre 1164 900 15 0 0
fre 1228 924 7 0 0
cliff 1312 896 33 179 179
fre 1468 908 8 0 0
fre 1460 908 8 0 0
fre 1468 900 8 0 0
tree 1464 904 4 0 0
fre 2004 900 18 0 0
fre 1996 924 19 0 0
stand 2056 920 35 0 0
zabor 2448 912 104 2 8
dom 2720 896 103 0 0
trop 3060 924 46 0 0
stand 3288 904 60 0 179
zabor 3568 912 105 2 8
tree 920 936 12 0 0
tree 936 952 1 0 0
cliff 1024 928 42 179 179
stand 1112 952 18 1 0
fre 1196 932 14 0 0
fre 1252 940 18 0 0
tree 1464 936 15 0 0
tree 1480 936 6 0 0
fre 1620 948 8 0 0
fre 1628 956 8 0 0
stand 2120 936 19 0 0
cliff 2240 928 35 179 179
zabor 2448 944 104 2 8
dom 2592 928 117 0 0
dom 2976 928 90 0 0
dom 3200 928 99 0 0
zabor 3568 944 104 2 8
tree 952 968 2 0 0
fre 1140 988 12 0 0
fre 1132 964 4 0 0
tree 1432 984 12 0 0
tree 1448 984 19 0 0
tree 1928 968 10 0 0
zabor 2448 976 104 2 8
stand 2488 968 23 0 0
stand 2584 984 26 0 0
fre 2700 988 16 0 0
trop 3060 972 47 0 0
fre 3164 972 16 0 0
fre 3460 988 16 0 0
zabor 3568 976 105 2 8
tree 504 1000 10 0 0
tree 904 1000 7 0 0
tree 968 1000 6 0 0
tree 984 1000 12 0 0
tree 1080 1000 13 0 0
fre 1212 996 4 0 0
cliff 1344 992 27 179 179
fre 1444 1012 8 0 0
tree 1448 1000 5 0 0
tree 1448 1016 19 0 0
fre 1532 1004 8 0 0
fre 1532 1020 8 0 0
tree 2152 1016 11 0 0
fre 2388 1020 8 0 0
fre 2396 1012 8 0 0
fre 2388 1012 8 0 0
fre 2396 1020 8 0 0
tree 2392 1016 5 0 0
fre 2444 1020 8 0 0
tree 2440 1016 2 0 0
zabor 2448 1008 104 2 8
zabor 2480 1008 105 2 8
stand 2536 1000 20 0 0
stand 2536 1016 22 0 0
fre 2588 1012 19 0 0
fre 2620 1004 19 0 0
fre 2804 996 16 0 0
dom 2848 992 110 0 179
zabor 3568 1008 105 2 8
tree 760 1048 12 0 0
tree 920 1048 20 0 0
tree 936 1048 13 0 0
tree 952 1048 11 0 0
tree 984 1032 0 0 0
tree 984 1048 4 0 0
tree 968 1048 12 0 0
fre 988 1052 8 0 0
fre 988 1036 8 0 0
fre 1092 1028 19 0 0
tree 1160 1032 12 0 0
cliff 1312 1024 4 179 179
fre 1340 1052 4 0 0
fre 1340 1044 7 0 0
tree 1448 1048 4 0 0
trop 1804 1052 46 0 0
dom 2080 1024 11 1 0
fre 2084 1036 14 0 0
fre 2444 1036 8 0 0
tree 2440 1032 19 0 0
zabor 2480 1040 104 2 8
fre 3452 1052 15 0 0
dom 3488 1024 84 0 0
zabor 3568 1040 104 2 8
tree 936 1080 16 0 0
tree 968 1064 17 0 0
tree 984 1080 7 0 0
tree 1096 1064 11 0 0
cliff 1280 1056 3 179 179
tree 1400 1080 3 0 0
tree 1384 1080 9 0 0
tree 1432 1064 18 0 0
tree 1448 1080 9 0 0
tree 1464 1080 5 0 0
fre 2036 1068 16 0 0
fre 2412 1068 8 0 0
tree 2408 1064 3 0 0
zabor 2480 1072 104 2 8
dom 2752 1056 111 0 179
fre 2820 1076 14 0 0
fre 2940 1060 16 0 0
dom 2976 1056 99 0 0
fre 3044 1068 12 0 0
dom 3200 1056 90 0 0
dom 3392 1056 86 0 0
zabor 3568 1072 104 2 8
tree 3816 1080 3 0 0
fre 3820 1084 8 0 0
tree 3848 1080 4 0 0
fre 3852 1084 8 0 0
tree 1000 1096 16 0 0
cliff 1088 1088 41 179 179
cliff 1216 1088 0 179 179
fre 1388 1100 8 0 0
tree 1400 1096 3 0 0
tree 1384 1096 15 0 0
trop 2084 1116 46 0 0
tree 2280 1112 12 0 0
zabor 2416 1104 104 2 8
zabor 2448 1104 105 2 8
zabor 2480 1104 104 2 8
zabor 2512 1104 104 2 8
zabor 2544 1104 104 2 8
zabor 2576 1104 105 2 8
zabor 2608 1104 104 2 8
zabor 2640 1104 105 2 8
zabor 2672 1104 113 2 9
zabor 2704 1104 112 2 9
dom 2848 1088 118 0 0
dom 3328 1088 119 0 0
dom 3392 1088 119 0 0
zabor 3568 1104 104 2 8
cliff 1184 1120 34 179 179
tree 1352 1144 2 0 0
fre 1356 1148 8 0 0
tree 1496 1144 2 0 0
tree 2264 1144 12 0 0
tree 2264 1128 12 0 0
zabor 2416 1136 105 2 8
fre 2676 1140 16 0 0
zabor 2704 1136 113 2 9
zabor 2768 1136 113 2 9
fre 3036 1132 16 0 0
fre 3260 1140 13 0 0
fre 3356 1148 15 0 0
dom 3328 1120 94 0 0
zabor 3568 1136 105 2 8
tree 1304 1160 17 0 0
tree 1320 1176 18 0 0
tree 1336 1176 19 0 0
tree 1352 1160 13 0 0
tree 1368 1176 12 0 0
tree 1496 1176 15 0 0
tree 1528 1176 10 0 0
tree 1512 1176 12 0 0
trop 1804 1172 47 0 0
trop 1820 1180 46 0 0
zabor 2416 1168 105 2 8
zabor 2704 1168 105 2 8
zabor 2768 1168 105 2 8
dom 3136 1152 91 0 0
zabor 3536 1168 104 2 8
zabor 3568 1168 104 2 8
tree 488 1208 11 0 0
tree 936 1192 9 0 0
tree 1096 1208 11 0 0
tree 1304 1208 9 0 0
tree 1320 1192 4 0 0
tree 1352 1208 12 0 0
tree 1352 1192 19 0 0
fre 1388 1196 8 0 0
tree 1384 1192 2 0 0
fre 1500 1212 8 0 0
tree 1496 1192 13 0 0
tree 1496 1208 19 0 0
tree 1528 1192 20 0 0
tree 1512 1192 1 0 0
dom 1856 1184 17 0 0
dom 1952 1184 16 0 0
fre 1972 1188 13 0 0
zabor 2416 1200 105 2 8
dom 2496 1184 113 0 0
dom 2560 1184 113 0 0
trop 2604 1196 18 0 0
trop 2604 1212 20 0 0
trop 2620 1204 20 0 0
fre 2644 1188 15 0 0
dom 2656 1184 27 0 0
zabor 2704 1200 105 2 8
zabor 2768 1200 105 2 8
zabor 2800 1200 104 2 8
zabor 2832 1200 112 2 9
dom 2976 1184 90 0 0
dom 3392 1184 92 0 0
zabor 3536 1200 104 2 8
tree 904 1240 8 0 0
tree 1016 1224 7 0 0
tree 1032 1240 10 0 0
tree 1064 1240 19 0 0
tree 1096 1224 19 0 0
tree 1304 1224 19 0 0
tree 1320 1240 1 0 0
tree 1320 1224 15 0 0
tree 1352 1224 17 0 0
tree 1496 1240 9 0 0
trop 2084 1228 47 0 0
dom 2176 1216 22 0 0
tree 2312 1240 12 0 0
zabor 2416 1232 105 2 8
trop 2492 1220 20 0 0
trop 2524 1220 19 0 0
trop 2564 1220 19 0 0
trop 2580 1220 19 0 0
zabor 2704 1232 105 2 8
zabor 2768 1232 113 2 9
zabor 3024 1232 104 2 8
trop 3092 1228 46 0 0
zabor 3152 1232 105 2 8
zabor 3536 1232 104 2 8
tree 1048 1256 14 0 0
tree 1080 1256 1 0 0
tree 1080 1272 19 0 0
tree 1176 1272 10 0 0
tree 1160 1272 17 0 0
tree 1160 1256 15 0 0
tree 1224 1272 16 0 0
tree 1240 1272 5 0 0
tree 1256 1272 6 0 0
dom 1888 1248 10 0 0
fre 1916 1252 12 0 0
zabor 2416 1264 105 2 8
zabor 2448 1264 105 2 8
zabor 2480 1264 105 2 8
trop 2500 1252 18 0 0
zabor 2544 1264 105 2 8
zabor 2576 1264 104 2 8
zabor 2608 1264 104 2 8
zabor 2640 1264 104 2 8
zabor 2672 1264 105 2 8
zabor 2704 1264 104 2 8
zabor 2736 1264 105 2 8
zabor 2768 1264 104 2 8
zabor 2800 1264 105 2 8
zabor 2832 1264 104 2 8
zabor 2864 1264 104 2 8
zabor 2896 1264 104 2 8
zabor 2928 1264 104 2 8
zabor 2960 1264 104 2 8
zabor 2992 1264 104 2 8
zabor 3024 1264 105 2 8
zabor 3152 1264 105 2 8
zabor 3184 1264 104 2 8
zabor 3216 1264 105 2 8
zabor 3248 1264 105 2 8
zabor 3280 1264 105 2 8
zabor 3312 1264 104 2 8
zabor 3344 1264 104 2 8
zabor 3376 1264 104 2 8
zabor 3408 1264 105 2 8
zabor 3440 1264 105 2 8
zabor 3472 1264 104 2 8
zabor 3504 1264 105 2 8
zabor 3536 1264 104 2 8
tree 1080 1288 3 0 0
fre 1076 1284 8 0 0
tree 1128 1288 20 0 0
tree 1240 1288 3 0 0
tree 1224 1288 14 0 0
fre 1260 1308 8 0 0
tree 1256 1304 0 0 0
dom 1696 1280 10 0 0
dom 1728 1280 9 0 0
trop 2076 1300 46 0 0
fre 2172 1308 16 0 0
dom 2144 1280 24 0 0
zabor 2736 1296 105 2 8
zabor 3536 1296 105 2 8
dom 1760 1312 15 0 0
trop 1820 1316 40 0 0
dom 1952 1312 15 0 0
fre 2028 1332 14 0 0
fre 2140 1340 15 0 0
zabor 3152 1328 104 2 8
dom 3296 1312 113 0 0
dom 3360 1312 113 0 0
tree 3480 1336 19 0 179
fre 3476 1332 8 179 179
fre 3484 1324 8 179 179
fre 3484 1316 8 179 179
fre 3492 1332 8 179 179
dom 3488 1312 115 0 179
fre 3508 1324 8 179 179
zabor 3536 1328 104 2 8
zabor 3568 1328 104 2 8
tree 3800 1336 19 0 0
tree 3816 1336 18 0 0
tree 3864 1336 18 0 0
fre 3868 1340 8 0 0
tree 1384 1368 12 0 0
dom 1888 1344 10 0 0
dom 2016 1344 15 0 0
tree 2856 1368 6 0 0
trop 3084 1364 40 0 0
zabor 3152 1360 105 2 8
fre 3212 1372 8 179 179
fre 3220 1372 9 179 179
trop 3276 1348 19 0 0
trop 3300 1348 19 0 0
trop 3348 1372 18 0 0
trop 3332 1348 19 0 0
zabor 3568 1360 105 2 8
tree 3736 1352 0 0 0
fre 3740 1356 8 0 0
tree 3752 1352 1 0 0
tree 3768 1368 18 0 0
fre 3772 1372 8 0 0
tree 3784 1368 0 0 0
tree 3832 1352 1 0 0
tree 3848 1368 13 0 0
tree 3864 1352 2 0 0
tree 3864 1368 20 0 0
fre 3868 1356 8 0 0
tree 1320 1400 12 0 0
tree 1320 1384 12 0 0
tree 1400 1384 13 0 0
tree 1384 1384 12 0 0
dom 1664 1376 3 0 0
dom 1728 1376 6 0 0
fre 1852 1380 12 0 0
dom 1888 1376 0 0 0
fre 1980 1396 12 0 0
dom 1984 1376 7 0 0
cliff 2624 1376 44 179 179
tree 2696 1384 8 0 0
cliff 2688 1376 44 179 179
fre 2756 1404 19 0 0
cliff 2784 1376 43 179 179
zabor 3152 1392 105 2 8
fre 3196 1388 8 179 179
fre 3188 1380 8 179 179
dom 3200 1376 115 0 179
fre 3204 1380 8 179 179
fre 3212 1396 8 179 179
zabor 3568 1392 105 2 8
tree 3832 1400 19 0 0
tree 3848 1400 10 0 0
tree 3848 1384 15 0 0
tree 3864 1384 18 0 0
tree 3880 1384 2 0 0
tree 3896 1400 11 0 0
fre 3892 1396 8 0 0
fre 1884 1436 8 0 0
tree 1880 1432 15 0 0
fre 1940 1436 8 0 0
fre 1948 1428 8 0 0
fre 1948 1436 8 0 0
fre 1932 1436 8 0 0
fre 1924 1428 8 0 0
tree 1944 1432 18 0 0
tree 1928 1432 17 0 0
fre 2020 1436 19 0 0
trop 2068 1420 47 0 0
fre 2060 1412 18 0 0
fre 2188 1428 15 0 0
dom 2176 1408 15 0 0
fre 2620 1420 15 0 0
dom 2592 1408 29 0 0
trop 2676 1436 19 0 0
fre 2780 1428 19 0 0
fre 2804 1420 19 0 0
dom 2784 1408 26 0 0
zabor 3152 1424 104 2 8
dom 3296 1408 114 0 0
trop 3348 1420 19 0 0
zabor 3568 1424 104 2 8
tree 3816 1416 13 0 0
tree 3848 1416 8 0 0
tree 3848 1432 5 0 0
tree 3880 1432 4 0 0
tree 3896 1416 20 0 0
fre 3884 1428 8 0 0
fre 3884 1436 8 0 0
fre 1612 1468 14 0 0
dom 1632 1440 16 0 0
fre 1692 1452 12 0 0
dom 1728 1440 7 0 0
fre 1788 1452 14 0 0
trop 1828 1460 44 0 0
fre 2004 1468 3 0 0
fre 2028 1452 8 0 0
tree 2024 1448 3 0 0
trop 2100 1444 5 0 0
dom 2176 1440 15 0 0
dom 2304 1440 0 0 0
trop 2684 1468 5 0 0
trop 2700 1444 19 0 0
trop 2732 1452 18 0 0
fre 2820 1468 7 0 0
zabor 2928 1456 64 1 8
zabor 3152 1456 105 2 8
zabor 3504 1456 105 2 8
zabor 3568 1456 105 2 8
tree 3816 1464 2 0 0
tree 3832 1464 4 0 0
fre 3820 1468 8 0 0
fre 3836 1468 8 0 0
tree 3848 1448 16 0 0
fre 3844 1444 8 0 0
dom 1568 1472 8 0 0
trop 1940 1476 48 0 0
trop 1972 1476 48 0 0
trop 2108 1492 5 0 0
fre 2292 1484 16 0 0
dom 2400 1472 3 0 0
tree 2536 1496 9 0 0
cliff 2560 1472 42 179 179
trop 2636 1492 6 0 0
trop 2668 1492 11 0 0
fre 2908 1484 8 179 179
tree 2904 1480 3 0 179
fre 2916 1484 9 179 179
zabor 2928 1488 65 1 8
trop 2996 1492 5 0 0
trop 3004 1476 5 0 0
zabor 3152 1488 104 2 8
zabor 3184 1488 105 2 8
zabor 3216 1488 105 2 8
zabor 3248 1488 105 2 8
zabor 3280 1488 104 2 8
zabor 3312 1488 105 2 8
zabor 3344 1488 104 2 8
zabor 3376 1488 104 2 8
zabor 3408 1488 105 2 8
zabor 3440 1488 104 2 8
zabor 3504 1488 104 2 8
zabor 3536 1488 105 2 8
zabor 3568 1488 104 2 8
tree 3672 1496 13 0 0
tree 3784 1480 11 0 0
tree 3800 1496 5 0 0
stand 1560 1512 105 0 0
fre 2052 1508 19 0 0
trop 2108 1532 5 0 0
tree 2264 1528 14 0 0
fre 2268 1532 8 0 0
fre 2260 1532 8 0 0
fre 2268 1516 8 0 0
fre 2268 1524 8 0 0
trop 2740 1516 16 0 0
fre 2908 1516 8 179 179
fre 2908 1532 8 179 179
tree 2904 1512 1 0 179
tree 2904 1528 0 0 179
cliff 2880 1504 36 179 179
zabor 2928 1520 65 1 8
trop 2996 1508 5 0 0
trop 3068 1532 46 0 0
trop 3084 1516 47 0 0
stand 3176 1512 65 0 0
stand 3272 1512 104 0 0
stand 3544 1512 104 0 0
tree 3688 1512 15 0 0
tree 3736 1528 1 0 0
tree 936 1544 11 0 0
dom 1760 1536 12 0 0
trop 1852 1564 40 0 0
fre 2060 1540 18 0 0
dom 2208 1536 11 0 0
tree 2248 1544 3 0 0
fre 2252 1540 8 0 0
fre 2244 1540 8 0 0
fre 2244 1548 8 0 0
fre 2252 1548 8 0 0
dom 2368 1536 6 0 0
fre 2412 1548 16 0 0
fre 2644 1548 15 0 0
trop 2780 1556 17 0 0
trop 2780 1548 6 0 0
zabor 2896 1552 65 1 8
zabor 2928 1552 65 1 8
trop 2964 1564 14 0 0
stand 3240 1560 112 0 0
tree 3752 1544 14 0 0
tree 3768 1544 17 0 0
tree 3768 1560 18 0 0
fre 3772 1564 8 0 0
tree 3864 1560 4 0 0
fre 3868 1564 8 0 0
tree 536 1592 8 0 0
tree 536 1576 12 0 0
tree 792 1592 6 0 0
fre 2228 1572 15 0 0
fre 2292 1580 15 0 0
dom 2656 1568 31 0 0
trop 2788 1572 17 0 0
trop 2820 1596 6 0 0
trop 2820 1588 6 0 0
trop 2852 1588 11 0 0
trop 2860 1580 10 0 0
trop 2916 1588 21 0 0
tree 3144 1576 8 0 0
tree 3144 1592 9 0 0
tree 3752 1592 9 0 0
tree 3768 1592 15 0 0
tree 3768 1576 18 0 0
fre 3772 1580 8 0 0
fre 3772 1596 8 0 0
tree 3848 1576 9 0 0
tree 3848 1592 16 0 0
tree 3864 1592 9 0 0
tree 3864 1576 14 0 0
fre 3860 1580 8 0 0
stand 1800 1608 52 0 179
dom 2176 1600 0 0 0
dom 2240 1600 0 0 0
dom 2400 1600 7 0 0
fre 2412 1628 13 0 0
tree 664 1656 13 0 0
fre 1820 1660 8 0 0
tree 1816 1656 3 0 0
dom 1984 1632 4 0 0
dom 2080 1632 5 0 0
fre 2220 1652 8 0 0
fre 2212 1660 8 0 0
fre 2220 1660 8 0 0
tree 2216 1656 16 0 0
fre 2260 1644 14 0 0
fre 2300 1636 8 0 0
fre 2292 1644 8 0 0
fre 2300 1644 8 0 0
tree 2296 1640 19 0 0
fre 2284 1660 5 0 0
fre 2372 1660 12 0 0
dom 2368 1632 8 0 0
tree 2504 1656 12 0 0
cliff 2624 1632 41 179 179
stand 2808 1640 66 0 0
zabor 2896 1648 104 2 8
zabor 2928 1648 104 2 8
trop 3060 1644 50 0 0
dom 3104 1632 9 0 0
stand 760 1672 11 0 0
fre 780 1668 12 0 0
dom 864 1664 1 0 0
dom 928 1664 1 0 0
tree 1000 1672 9 0 0
fre 1732 1684 13 0 0
fre 1788 1684 13 0 0
dom 1792 1664 11 0 0
fre 1828 1668 8 0 0
fre 1932 1692 8 0 0
tree 1928 1688 14 0 0
stand 1960 1672 52 0 179
stand 2040 1672 60 0 179
fre 2052 1676 8 0 0
fre 2060 1676 8 0 0
fre 2060 1668 8 0 0
tree 2056 1672 5 0 0
cliff 2752 1664 37 179 179
zabor 2800 1680 104 2 8
zabor 2832 1680 104 2 8
zabor 2864 1680 105 2 8
zabor 2896 1680 104 2 8
trop 2956 1668 49 0 0
stand 3848 1672 119 1 0
vor 3860 1684 25 0 0
lay 408 1704 9 0 0
dom 672 1696 1 3 0
dom 800 1696 1 0 0
fre 948 1724 16 0 0
dom 992 1696 1 0 0
dom 1568 1696 9 0 0
fre 1612 1700 16 0 0
dom 1632 1696 8 0 0
trop 1868 1708 44 0 0
trop 1972 1724 41 0 0
trop 2028 1708 41 0 0
trop 2172 1716 41 0 0
trop 2292 1724 48 0 0
fre 2276 1700 16 0 0
trop 2436 1708 46 0 0
stand 2808 1704 112 0 0
stand 3080 1720 12 0 0
stand 3112 1720 12 1 0
tree 3144 1720 13 0 0
tree 744 1752 11 0 0
fre 836 1748 16 0 0
dom 896 1728 1 2 0
trop 2020 1732 41 0 0
trop 2364 1732 48 0 0
trop 2404 1748 45 0 0
trop 2524 1756 48 0 0
stand 3000 1736 10 1 0
stand 3032 1736 10 0 0
stand 632 1768 13 0 0
fre 668 1788 18 0 0
tree 680 1784 10 0 0
dom 800 1760 1 0 0
dom 864 1760 1 1 0
dom 960 1760 1 0 0
fre 1588 1788 13 0 0
dom 1568 1760 17 0 0
trop 1596 1772 19 0 0
trop 1596 1780 19 0 0
trop 1588 1780 19 0 0
trop 1612 1780 19 0 0
fre 1652 1772 15 0 0
dom 1728 1760 13 0 0
fre 1804 1764 16 0 0
fre 1900 1780 8 0 0
fre 1900 1788 8 0 0
tree 1896 1784 2 0 0
tree 2216 1784 15 0 0
fre 2284 1788 8 0 0
tree 2280 1784 17 0 0
dom 2336 1760 19 0 0
trop 2500 1772 45 0 0
trop 2620 1772 48 0 0
trop 2644 1788 45 0 0
trop 2788 1788 41 0 0
trop 2940 1780 50 0 0
stand 3016 1784 11 1 0
fre 3052 1772 16 0 0
tree 3096 1784 12 0 0
tree 584 1800 7 0 0
stand 648 1816 13 0 0
dom 768 1792 1 0 0
lay 1016 1800 9 0 0
fre 1780 1796 16 0 0
fre 1948 1804 8 0 0
fre 1924 1796 8 0 0
fre 1940 1796 8 0 0
tree 1928 1800 2 0 0
tree 1944 1800 2 0 0
trop 2012 1804 46 0 0
dom 2176 1792 5 0 0
tree 2200 1800 19 0 0
dom 2240 1792 8 0 0
dom 2336 1792 15 0 0
trop 2388 1804 47 0 0
dom 2496 1792 3 0 0
tree 3080 1800 12 0 0
tree 696 1848 8 0 0
fre 1700 1828 13 0 0
fre 1740 1844 12 0 0
fre 1860 1828 12 0 0
tree 1880 1848 1 0 0
fre 1948 1836 8 0 0
tree 1944 1832 2 0 0
trop 2012 1844 40 0 0
fre 2100 1828 16 0 0
tree 2200 1832 2 0 0
fre 2316 1844 16 0 0
dom 2336 1824 2 0 0
trop 2340 1852 19 0 0
dom 2432 1824 25 0 0
lay 2728 1848 6 0 0
lay 2744 1832 8 0 0
lay 2744 1848 2 0 0
lay 2728 1832 4 0 0
tree 2776 1848 6 0 0
lay 2760 1848 7 0 0
tree 2968 1848 8 0 0
stand 2984 1832 18 0 0
tree 3032 1832 11 0 0
tree 3048 1832 8 0 0
stand 632 1880 14 0 0
dom 672 1856 1 3 179
dom 736 1856 1 0 179
fre 764 1860 19 0 0
tree 856 1880 8 0 0
dom 928 1856 1 0 0
tree 984 1864 8 0 0
fre 1964 1868 5 0 0
dom 2176 1856 0 0 0
trop 2332 1860 19 0 0
trop 2692 1868 46 0 0
lay 2744 1864 5 0 0
lay 2760 1864 3 0 0
tree 456 1896 13 0 0
stand 568 1912 13 0 0
tree 632 1896 1 0 179
fre 700 1916 18 0 0
dom 704 1888 2 1 179
dom 800 1888 1 0 0
fre 2204 1900 14 0 0
dom 2272 1888 10 0 0
tree 2552 1912 6 0 0
tree 664 1944 19 0 179
fre 644 1948 19 0 0
dom 672 1920 1 2 179
fre 692 1932 19 0 0
dom 736 1920 1 0 179
zabor 1328 1936 105 2 8
fre 1732 1924 15 0 0
dom 1728 1920 7 0 0
dom 1792 1920 16 0 0
tree 1816 1944 5 0 0
dom 1888 1920 5 0 0
fre 1948 1932 16 0 0
dom 1920 1920 6 0 0
fre 2084 1948 16 0 0
dom 2176 1920 15 0 0
fre 2268 1940 16 0 0
dom 2304 1920 17 0 0
fre 2348 1940 14 0 0
dom 2368 1920 3 0 0
tree 2840 1928 9 0 0
dom 512 1952 1 2 0
tree 568 1960 18 0 179
dom 640 1952 37 0 179
dom 672 1952 1 1 0
tree 792 1976 8 0 0
zabor 1328 1968 105 2 8
fre 1644 1956 12 0 0
dom 1696 1952 10 0 0
tree 1784 1960 0 0 0
fre 1788 1964 8 0 0
dom 2144 1952 5 0 0
fre 2180 1980 8 0 0
fre 2188 1972 8 0 0
fre 2188 1980 8 0 0
tree 2184 1976 20 0 0
dom 2304 1952 9 0 0
trop 2692 1980 47 0 0
stand 440 2008 11 0 179
stand 536 2008 12 0 179
stand 696 2008 21 0 179
zabor 1328 2000 104 2 8
lay 1384 1992 11 0 0
fre 1692 1988 13 0 0
fre 1932 2012 7 0 0
trop 2084 2004 48 0 0
fre 2140 1988 16 0 0
fre 2212 1988 16 0 0
fre 2308 2004 15 0 0
lay 2456 1992 11 0 0
lay 2472 1992 13 0 0
lay 2856 1992 9 0 0
stand 664 2024 23 0 179
tree 648 2024 6 0 0
stand 696 2024 22 0 179
fre 764 2044 91 179 179
zabor 1328 2032 105 2 8
zabor 1584 2032 104 2 8
dom 1728 2016 19 0 0
dom 1856 2016 19 0 0
fre 1900 2020 16 0 0
dom 1888 2016 16 0 0
trop 2012 2020 40 0 0
dom 2304 2016 8 0 0
dom 2624 2016 12 0 0
stand 520 2072 12 1 0
fre 716 2076 92 179 179
fre 812 2068 75 179 179
zabor 1328 2064 104 2 8
zabor 1360 2064 104 2 8
zabor 1392 2064 104 2 8
zabor 1424 2064 104 2 8
zabor 1456 2064 104 2 8
zabor 1488 2064 104 2 8
zabor 1520 2064 105 2 8
zabor 1552 2064 105 2 8
zabor 1584 2064 105 2 8
zabor 1616 2064 104 2 8
fre 1724 2052 15 0 0
fre 2108 2076 12 0 0
fre 2204 2076 12 0 0
dom 2208 2048 18 0 0
dom 2240 2048 15 0 0
stand 2744 2056 35 0 0
fre 620 2100 20 179 179
fre 636 2084 20 179 179
fre 716 2100 86 179 179
fre 780 2108 84 179 179
stand 1240 2088 104 0 0
zabor 1328 2096 105 2 8
fre 1740 2100 12 0 0
dom 1728 2080 19 0 0
fre 1788 2084 15 0 0
dom 1760 2080 16 0 0
dom 1824 2080 8 0 0
dom 2080 2080 8 0 0
dom 2144 2080 10 0 0
tree 2568 2104 12 0 0
tree 2600 2104 12 0 0
tree 408 2136 9 0 0
tree 392 2136 9 0 0
fre 748 2132 90 179 179
tree 1064 2136 13 0 0
zabor 1328 2128 105 2 8
stand 1496 2120 66 0 0
fre 1916 2140 12 0 0
dom 1920 2112 10 0 0
dom 1952 2112 3 0 0
tree 2472 2120 9 0 0
tree 2584 2120 12 0 0
zabor 3088 2128 104 2 8
tree 3240 2136 13 0 0
tree 408 2152 9 0 0
fre 588 2148 93 179 179
tree 1336 2168 13 0 0
tree 1384 2168 12 0 0
zabor 1424 2160 104 2 8
zabor 1456 2160 104 2 8
zabor 1488 2160 105 2 8
zabor 1520 2160 105 2 8
zabor 1552 2160 104 2 8
zabor 1584 2160 105 2 8
zabor 1616 2160 104 2 8
zabor 1648 2160 104 2 8
zabor 1680 2160 104 2 8
trop 2012 2164 47 0 0
tree 2456 2168 11 0 0
tree 2472 2152 13 0 0
tree 2472 2168 11 0 0
zabor 3056 2160 105 2 8
tree 3240 2168 12 0 0
tree 3240 2152 12 0 0
zabor 3504 2160 104 2 8
zabor 3536 2160 105 2 8
zabor 3568 2160 105 2 8
zabor 3600 2160 105 2 8
zabor 3632 2160 105 2 8
zabor 3664 2160 105 2 8
zabor 3696 2160 105 2 8
zabor 3728 2160 104 2 8
zabor 3760 2160 104 2 8
zabor 3792 2160 105 2 8
zabor 3824 2160 105 2 8
zabor 3856 2160 104 2 8
zabor 3888 2160 104 2 8
zabor 3920 2160 105 2 8
tree 344 2200 9 0 0
tree 1192 2200 8 0 0
stand 1240 2184 104 0 0
tree 1384 2184 12 0 0
stand 1496 2200 104 0 0
fre 1828 2188 15 0 0
dom 1856 2176 10 0 0
fre 1892 2204 8 0 0
fre 1900 2204 8 0 0
fre 1900 2196 8 0 0
tree 1896 2200 14 0 0
dom 2080 2176 21 0 0
fre 2140 2180 12 0 0
dom 2144 2176 15 0 0
tree 2472 2200 13 0 0
tree 2520 2184 11 0 0
tree 2536 2184 6 0 0
stand 2680 2184 66 0 0
stand 2856 2184 104 0 0
tree 2968 2200 11 0 0
zabor 2992 2192 104 2 8
tree 2984 2200 11 0 0
zabor 3024 2192 105 2 8
zabor 3056 2192 105 2 8
zabor 3920 2192 105 2 8
zabor 3952 2192 105 2 8
stand 1608 2216 65 0 0
dom 1952 2208 9 0 0
trop 2028 2212 46 0 0
trop 2020 2220 46 0 0
fre 2100 2220 12 0 0
tree 2488 2216 11 0 0
zabor 2608 2224 105 2 8
zabor 2640 2224 105 2 8
zabor 2672 2224 104 2 8
zabor 3056 2224 104 2 8
zabor 3088 2224 105 2 8
zabor 3120 2224 104 2 8
zabor 3152 2224 105 2 8
zabor 3184 2224 104 2 8
zabor 3216 2224 105 2 8
zabor 3248 2224 104 2 8
zabor 3280 2224 105 2 8
zabor 3312 2224 104 2 8
stand 3592 2216 104 0 0
stand 3768 2216 104 0 0
stand 3832 2216 104 0 0
zabor 1392 2256 104 2 8
zabor 1424 2256 104 2 8
zabor 1456 2256 104 2 8
zabor 1488 2256 105 2 8
zabor 1584 2256 104 2 8
zabor 1616 2256 105 2 8
zabor 1648 2256 105 2 8
zabor 1712 2256 105 2 8
zabor 1744 2256 105 2 8
zabor 1776 2256 105 2 8
zabor 1808 2256 104 2 8
fre 1868 2252 15 0 0
fre 1956 2260 14 0 0
tree 2392 2264 8 0 0
tree 2392 2248 8 0 0
stand 2552 2248 66 0 0
zabor 2640 2256 105 2 8
zabor 2704 2256 104 2 8
zabor 2736 2256 105 2 8
zabor 2768 2256 104 2 8
zabor 2800 2256 105 2 8
zabor 2864 2256 104 2 8
zabor 2896 2256 104 2 8
zabor 2928 2256 105 2 8
zabor 2960 2256 104 2 8
zabor 2992 2256 105 2 8
zabor 3312 2256 105 2 8
zabor 3344 2256 104 2 8
zabor 3376 2256 105 2 8
zabor 3408 2256 105 2 8
zabor 3440 2256 104 2 8
zabor 3472 2256 104 2 8
zabor 3504 2256 104 2 8
zabor 3536 2256 105 2 8
zabor 3568 2256 104 2 8
zabor 3600 2256 104 2 8
zabor 3632 2256 105 2 8
zabor 3664 2256 104 2 8
zabor 3696 2256 104 2 8
lay 312 2280 12 0 0
tree 296 2280 8 0 0
zabor 1264 2288 105 2 8
zabor 1296 2288 104 2 8
zabor 1328 2288 105 2 8
zabor 1360 2288 104 2 8
zabor 1392 2288 105 2 8
stand 1432 2296 104 0 0
stand 1608 2296 104 0 0
zabor 1648 2288 104 2 8
zabor 1680 2288 104 2 8
zabor 1712 2288 105 2 8
stand 1784 2296 104 0 0
dom 1952 2272 16 0 0
stand 2872 2296 66 0 0
stand 3048 2280 66 0 0
stand 3336 2280 65 0 0
stand 3672 2280 104 0 0
stand 1288 2328 104 0 0
zabor 1872 2320 104 2 8
tree 2264 2328 7 0 0
tree 2264 2312 12 0 0
tree 2280 2312 9 0 0
stand 2360 2328 66 0 0
zabor 2544 2320 104 2 8
zabor 2576 2320 105 2 8
zabor 2608 2320 105 2 8
zabor 2640 2320 105 2 8
zabor 2672 2320 105 2 8
zabor 2704 2320 105 2 8
zabor 2736 2320 104 2 8
zabor 2768 2320 105 2 8
zabor 2800 2320 105 2 8
zabor 2832 2320 104 2 8
zabor 2864 2320 104 2 8
zabor 2896 2320 104 2 8
zabor 2928 2320 104 2 8
zabor 2960 2320 104 2 8
zabor 2992 2320 105 2 8
zabor 3024 2320 104 2 8
zabor 3056 2320 104 2 8
zabor 3088 2320 104 2 8
zabor 3120 2320 105 2 8
zabor 3152 2320 105 2 8
zabor 3184 2320 104 2 8
zabor 3216 2320 104 2 8
stand 3480 2312 65 0 0
zabor 1648 2352 104 2 8
zabor 1680 2352 105 2 8
zabor 1712 2352 104 2 8
zabor 1744 2352 104 2 8
zabor 1776 2352 104 2 8
zabor 1808 2352 104 2 8
zabor 1840 2352 105 2 8
zabor 1872 2352 104 2 8
zabor 1904 2352 104 2 8
zabor 1936 2352 105 2 8
trop 2020 2364 40 0 0
zabor 2256 2352 104 2 8
stand 2712 2360 66 0 0
stand 2824 2360 104 0 0
stand 1944 2376 105 0 0
zabor 2096 2384 104 2 8
zabor 2128 2384 104 2 8
zabor 2160 2384 105 2 8
zabor 2192 2384 104 2 8
zabor 2224 2384 104 2 8
zabor 2256 2384 105 2 8
stand 2968 2376 104 0 0
stand 2296 2424 104 0 0
zabor 2288 2416 105 2 8
stand 2488 2424 17 1 0
tree 3288 2424 9 0 0
tree 3464 2408 8 0 0
lay 776 2440 13 0 0
tree 824 2456 13 0 0
stand 1928 2440 26 0 0
lay 2072 2456 11 0 0
zabor 2096 2448 105 2 8
zabor 2128 2448 105 2 8
zabor 2160 2448 104 2 8
zabor 2192 2448 105 2 8
zabor 2224 2448 104 2 8
zabor 2256 2448 105 2 8
stand 2504 2440 18 0 0
stand 2632 2456 65 0 0
stand 2696 2440 65 0 0
tree 312 2488 8 0 0
tree 344 2488 9 0 0
fre 828 2492 9 0 0
fre 852 2468 7 0 0
tree 840 2488 12 0 0
tree 840 2472 13 0 0
cliff 1472 2464 44 179 179
cliff 1504 2464 44 179 179
cliff 1568 2464 44 179 179
cliff 1632 2464 43 179 179
fre 1908 2492 8 0 0
fre 1916 2468 8 0 0
fre 1916 2476 8 0 0
fre 1916 2484 8 0 0
tree 1912 2472 19 0 0
tree 1912 2488 18 0 0
lay 1960 2472 12 0 0
stand 2152 2488 104 0 0
stand 2232 2472 104 0 0
zabor 2288 2480 105 2 8
zabor 2320 2480 104 2 8
zabor 2352 2480 105 2 8
zabor 2384 2480 105 2 8
zabor 2416 2480 105 2 8
zabor 2448 2480 105 2 8
stand 2472 2488 10 0 0
fre 2508 2492 12 0 0
stand 2568 2472 12 1 0
tree 1576 2504 8 0 0
fre 1916 2500 8 0 0
fre 1908 2500 8 0 0
fre 1908 2508 8 0 0
fre 1916 2524 8 0 0
tree 1912 2504 17 0 0
tree 1912 2520 19 0 0
trop 2020 2516 47 0 0
fre 2124 2524 8 0 0
fre 2116 2516 8 0 0
fre 2116 2524 8 0 0
tree 2120 2520 17 0 0
stand 2360 2520 112 0 0
zabor 2384 2512 105 2 8
stand 2424 2504 112 0 0
cliff 1408 2528 45 179 179
fre 1916 2532 8 0 0
fre 1916 2540 8 0 0
fre 1916 2548 8 0 0
fre 1908 2548 8 0 0
tree 1912 2536 20 0 0
tree 1912 2552 2 0 0
fre 2116 2532 8 0 0
fre 2116 2540 8 0 0
fre 2124 2556 8 0 0
tree 2120 2536 17 0 0
tree 2120 2552 18 0 0
stand 2472 2552 10 0 0
stand 2568 2536 12 1 0
cliff 1760 2560 35 179 179
fre 1916 2564 8 0 0
fre 1916 2588 8 0 0
fre 1916 2572 8 0 0
tree 1912 2568 1 0 0
tree 1912 2584 2 0 0
trop 2020 2572 46 0 0
fre 2124 2564 8 0 0
fre 2116 2572 8 0 0
fre 2124 2580 8 0 0
fre 2124 2588 8 0 0
tree 2120 2568 19 0 0
tree 2120 2584 18 0 0
stand 2504 2568 18 0 0
fre 1916 2620 8 0 0
fre 1908 2612 8 0 0
fre 1916 2596 8 0 0
fre 1916 2604 8 0 0
tree 1912 2600 3 0 0
tree 1912 2616 3 0 0
fre 2124 2596 8 0 0
fre 2124 2604 8 0 0
fre 2124 2620 8 0 0
tree 2120 2600 18 0 0
tree 2120 2616 14 0 0
fre 1916 2652 8 0 0
fre 1916 2636 8 0 0
fre 1916 2644 8 0 0
tree 1912 2632 4 0 0
tree 1912 2648 5 0 0
lay 2104 2648 7 0 0
fre 2116 2636 8 0 0
fre 2124 2628 8 0 0
fre 2124 2652 8 0 0
fre 2116 2652 8 0 0
tree 2120 2632 5 0 0
tree 2120 2648 4 0 0
stand 3080 2648 10 1 0
lay 248 2664 12 0 0
tree 872 2680 11 0 0
cliff 1344 2656 46 179 179
fre 1908 2676 8 0 0
fre 1916 2668 8 0 0
fre 1916 2660 8 0 0
fre 1916 2684 8 0 0
tree 1912 2664 18 0 0
tree 1912 2680 1 0 0
trop 2020 2684 47 0 0
fre 2116 2660 8 0 0
fre 2124 2660 8 0 0
fre 2124 2668 8 0 0
fre 2124 2676 8 0 0
fre 2124 2684 8 0 0
tree 2120 2664 3 0 0
tree 2120 2680 3 0 0
fre 3060 2660 16 0 0
stand 3048 2680 19 0 0
stand 3064 2680 34 0 0
fre 1908 2700 8 0 0
fre 1916 2692 8 0 0
fre 1916 2700 8 0 0
fre 1916 2716 8 0 0
tree 1912 2696 0 0 0
tree 1912 2712 2 0 0
fre 2124 2708 8 0 0
fre 2124 2700 8 0 0
tree 2120 2696 1 0 0
tree 2120 2712 0 0 0
lay 2872 2712 12 0 0
stand 3000 2696 15 0 0
stand 3064 2712 35 0 0
fre 1916 2740 8 0 0
fre 1908 2732 8 0 0
tree 1912 2728 3 0 0
tree 1912 2744 4 0 0
trop 2020 2732 46 0 0
lay 2104 2728 9 0 0
fre 2140 2732 8 0 0
fre 2132 2732 8 0 0
fre 2124 2740 8 0 0
fre 2124 2748 8 0 0
tree 2136 2728 20 0 0
tree 2120 2728 1 0 0
tree 2120 2744 2 0 0
stand 1048 2776 66 0 0
tree 1800 2776 11 0 0
fre 1916 2772 8 0 0
fre 1908 2764 8 0 0
fre 1916 2756 8 0 0
fre 1908 2772 8 0 0
tree 1912 2760 4 0 0
tree 1912 2776 19 0 0
fre 2132 2772 8 0 0
fre 2132 2780 8 0 0
fre 2124 2780 8 0 0
tree 2136 2776 2 0 0
tree 2120 2776 3 0 0
tree 2616 2760 11 0 0
tree 2632 2760 12 0 0
stand 1192 2792 66 0 0
tree 1800 2792 12 0 0
fre 1916 2788 8 0 0
fre 1916 2804 8 0 0
tree 1912 2792 18 0 0
tree 1912 2808 17 0 0
fre 2124 2812 8 0 0
fre 2124 2796 8 0 0
fre 2124 2804 8 0 0
tree 2120 2792 16 0 0
tree 2120 2808 18 0 0
stand 584 2824 19 1 0
zabor 1104 2832 104 2 8
zabor 1136 2832 104 2 8
zabor 1168 2832 105 2 8
zabor 1200 2832 104 2 8
zabor 1232 2832 104 2 8
zabor 1264 2832 105 2 8
zabor 1296 2832 105 2 8
cliff 1344 2816 42 179 179
cliff 1472 2816 23 179 179
cliff 1536 2816 11 179 179
tree 1880 2840 11 0 0
fre 1908 2828 8 0 0
fre 1916 2820 8 0 0
fre 1908 2820 8 0 0
fre 1916 2836 8 0 0
fre 1916 2844 8 0 0
tree 1912 2824 20 0 0
tree 1912 2840 4 0 0
lay 2104 2840 5 0 0
fre 2124 2828 8 0 0
fre 2124 2836 8 0 0
tree 2120 2824 1 0 0
tree 2120 2840 2 0 0
stand 3208 2840 66 0 0
stand 1288 2856 104 0 0
zabor 1328 2864 104 2 8
cliff 1440 2848 34 179 179
tree 1784 2872 9 0 0
tree 1768 2856 8 0 0
fre 1916 2868 8 0 0
fre 1916 2876 8 0 0
tree 1912 2872 3 0 0
trop 2020 2876 40 0 0
fre 2124 2860 8 0 0
fre 2124 2868 8 0 0
fre 2124 2876 8 0 0
tree 2120 2856 3 0 0
tree 2120 2872 4 0 0
stand 2328 2872 104 0 0
tree 2552 2872 13 0 0
tree 2552 2856 9 0 0
stand 3368 2856 104 0 0
stand 520 2904 10 1 0
stand 552 2904 18 1 0
stand 584 2888 12 1 0
zabor 1296 2896 105 2 8
zabor 1328 2896 104 2 8
stand 1368 2904 65 0 0
tree 1528 2904 12 0 0
tree 1512 2888 8 0 0
tree 1544 2888 9 0 0
fre 1916 2908 8 0 0
fre 1908 2900 8 0 0
tree 1912 2904 2 0 0
fre 2124 2884 8 0 0
fre 2116 2892 8 0 0
fre 2124 2908 8 0 0
tree 2120 2904 18 0 0
tree 2120 2888 17 0 0
stand 2248 2888 112 0 0
zabor 2384 2896 105 2 8
zabor 2416 2896 104 2 8
zabor 2448 2896 105 2 8
zabor 2480 2896 104 2 8
stand 2888 2888 104 0 0
zabor 3152 2896 104 2 8
zabor 3184 2896 105 2 8
zabor 3216 2896 104 2 8
zabor 3248 2896 104 2 8
zabor 3280 2896 105 2 8
zabor 3312 2896 105 2 8
zabor 3344 2896 104 2 8
zabor 3376 2896 105 2 8
zabor 3408 2896 104 2 8
zabor 3440 2896 105 2 8
zabor 3472 2896 105 2 8
stand 3496 2904 112 0 0
zabor 3568 2896 105 2 8
zabor 3600 2896 105 2 8
zabor 3632 2896 104 2 8
zabor 3664 2896 104 2 8
lay 424 2936 6 0 0
tree 440 2936 11 0 0
tree 456 2936 11 0 0
stand 1288 2936 66 0 0
zabor 1328 2928 104 2 8
zabor 1360 2928 105 2 8
lay 1576 2920 13 0 0
stand 1640 2936 66 0 0
stand 1720 2920 66 0 0
fre 1916 2916 8 0 0
fre 1908 2924 8 0 0
fre 1908 2932 8 0 0
fre 1916 2940 8 0 0
tree 1912 2920 14 0 0
tree 1912 2936 17 0 0
fre 2124 2916 8 0 0
fre 2124 2932 8 0 0
fre 2124 2940 8 0 0
tree 2120 2936 15 0 0
tree 2120 2920 4 0 0
zabor 2192 2928 105 2 8
zabor 2224 2928 105 2 8
zabor 2256 2928 104 2 8
zabor 2288 2928 104 2 8
zabor 2320 2928 104 2 8
zabor 2352 2928 104 2 8
zabor 2384 2928 104 2 8
stand 2504 2920 112 0 0
zabor 2544 2928 105 2 8
zabor 2896 2928 105 2 8
zabor 2928 2928 105 2 8
zabor 2960 2928 104 2 8
stand 3000 2920 104 0 0
stand 3096 2936 66 0 0
stand 3208 2920 112 0 0
zabor 3376 2928 104 2 8
stand 3704 2920 112 0 0
tree 440 2952 12 0 0
tree 456 2952 9 0 0
lay 1112 2952 14 0 0
zabor 1360 2960 104 2 8
zabor 1392 2960 105 2 8
lay 1384 2968 9 0 0
tree 1464 2968 12 0 0
tree 1480 2968 12 0 0
tree 1512 2952 13 0 0
lay 1576 2952 7 0 0
zabor 1616 2960 104 2 8
zabor 1648 2960 105 2 8
zabor 1680 2960 104 2 8
zabor 1712 2960 105 2 8
zabor 1744 2960 104 2 8
zabor 1776 2960 105 2 8
zabor 1808 2960 105 2 8
tree 1880 2968 13 0 0
tree 1880 2952 12 0 0
fre 1916 2964 8 0 0
fre 1908 2964 8 0 0
fre 1916 2972 8 0 0
tree 1912 2968 1 0 0
lay 2104 2952 7 0 0
fre 2124 2956 8 0 0
fre 2124 2972 8 0 0
fre 2124 2964 8 0 0
tree 2120 2952 3 0 0
tree 2120 2968 3 0 0
tree 2152 2952 11 0 0
stand 2328 2968 66 0 0
zabor 2352 2960 104 2 8
zabor 2416 2960 104 2 8
zabor 2448 2960 105 2 8
zabor 2480 2960 105 2 8
zabor 2512 2960 105 2 8
zabor 2544 2960 105 2 8
zabor 2576 2960 105 2 8
cliff 2688 2944 44 179 179
cliff 2720 2944 44 179 179
cliff 2752 2944 44 179 179
cliff 2816 2944 43 179 179
stand 2920 2952 65 0 0
zabor 2960 2960 104 2 8
zabor 2992 2960 104 2 8
zabor 3024 2960 105 2 8
zabor 3056 2960 104 2 8
stand 3304 2952 65 0 0
zabor 3664 2960 105 2 8
zabor 3696 2960 104 2 8
zabor 3728 2960 105 2 8
stand 3784 2952 66 0 0
stand 3880 2968 65 0 0
stand 1224 3000 66 0 0
tree 1464 2984 12 0 0
fre 1492 2980 11 0 0
lay 1480 2984 11 0 0
tree 1592 3000 7 0 0
tree 1624 3000 13 0 0
tree 1608 2984 11 0 0
tree 1608 3000 7 0 0
stand 1816 3000 66 0 0
fre 2124 2988 8 0 0
fre 2116 2980 8 0 0
fre 2124 3004 8 0 0
fre 2132 3004 8 0 0
tree 2120 2984 19 0 0
tree 2120 3000 2 0 0
tree 2232 3000 16 0 0
zabor 2288 2992 104 2 8
zabor 2320 2992 104 2 8
dom 2752 2976 26 0 0
stand 3032 3000 66 0 0
stand 3016 3000 65 0 0
zabor 3184 2992 104 2 8
zabor 3216 2992 104 2 8
zabor 3248 2992 105 2 8
zabor 3280 2992 104 2 8
zabor 3312 2992 105 2 8
zabor 3344 2992 104 2 8
zabor 3376 2992 104 2 8
cliff 3520 2976 44 179 179
cliff 3616 2976 43 179 179
zabor 3728 2992 105 2 8
zabor 3760 2992 105 2 8
zabor 3792 2992 104 2 8
zabor 3824 2992 104 2 8
zabor 3856 2992 104 2 8
tree 744 3032 13 0 0
stand 1064 3016 112 0 0
tree 1560 3016 12 0 0
tree 1592 3016 6 0 0
tree 1608 3016 9 0 0
stand 1672 3016 65 0 0
lay 1960 3032 10 0 0
fre 2116 3028 8 0 0
fre 2124 3036 8 0 0
tree 2120 3032 17 0 0
tree 2152 3016 12 0 0
tree 2472 3016 7 0 0
cliff 2624 3008 45 179 179
tree 2888 3032 8 0 0
cliff 2912 3008 18 179 179
dom 3104 3008 28 0 0
dom 3552 3008 26 0 0
stand 3816 3032 104 0 0
zabor 3856 3024 105 2 8
zabor 3888 3024 104 2 8
zabor 3920 3024 104 2 8
zabor 3952 3024 104 2 8
lay 744 3048 8 0 0
tree 744 3048 12 0 0
fre 1044 3068 4 0 0
zabor 1360 3056 105 2 8
lay 1528 3064 9 0 0
trop 2012 3052 40 0 0
stand 2088 3048 26 0 0
cliff 3456 3040 45 179 179
cliff 3712 3040 25 179 179
tree 1048 3080 7 0 0
tree 1032 3080 7 0 0
tree 1320 3096 6 0 0
fre 1316 3084 5 0 0
zabor 1360 3088 104 2 8
zabor 1392 3088 104 2 8
zabor 1424 3088 104 2 8
zabor 1456 3088 104 2 8
zabor 1488 3088 105 2 8
tree 1528 3080 7 0 0
stand 1576 3080 66 0 0
stand 1688 3080 104 0 0
tree 2152 3080 5 0 0
dom 2240 3072 10 0 0
dom 2272 3072 7 0 0
zabor 3792 3088 105 2 8
zabor 3824 3088 105 2 8
zabor 3856 3088 105 2 8
zabor 3888 3088 104 2 8
zabor 3920 3088 104 2 8
zabor 3952 3088 104 2 8
fre 1028 3124 4 0 0
zabor 1200 3120 105 2 8
zabor 1232 3120 105 2 8
zabor 1392 3120 105 2 8
zabor 1520 3120 104 2 8
zabor 1552 3120 105 2 8
zabor 1584 3120 105 2 8
zabor 1616 3120 104 2 8
zabor 1648 3120 105 2 8
zabor 1680 3120 105 2 8
zabor 1712 3120 105 2 8
zabor 1744 3120 105 2 8
zabor 1776 3120 104 2 8
zabor 1808 3120 104 2 8
fre 1884 3132 8 0 0
tree 1880 3128 18 0 0
tree 1896 3128 19 0 0
dom 1952 3104 0 0 0
fre 2204 3116 16 0 0
tree 2424 3128 13 0 0
cliff 2944 3104 20 179 179
cliff 3392 3104 45 179 179
cliff 3744 3104 27 179 179
fre 1172 3156 1 0 0
zabor 1232 3152 104 2 8
zabor 1264 3152 105 2 8
zabor 1296 3152 105 2 8
zabor 1328 3152 105 2 8
zabor 1360 3152 104 2 8
zabor 1392 3152 104 2 8
dom 2080 3136 5 0 0
fre 2164 3164 16 0 0
dom 2144 3136 8 0 0
trop 2268 3156 46 0 0
tree 2392 3144 12 0 0
tree 2408 3160 12 0 0
tree 2424 3160 11 0 0
tree 2408 3144 12 0 0
cliff 2592 3136 42 179 179
cliff 2720 3136 8 179 179
cliff 2912 3136 12 179 179
cliff 3712 3136 12 179 179
tree 1176 3176 8 0 0
zabor 1392 3184 105 2 8
fre 1932 3172 12 0 0
trop 2268 3196 46 0 0
cliff 2688 3168 34 179 179
dom 1664 3200 28 0 0
trop 2012 3228 40 0 0
dom 2112 3200 9 0 0
dom 2208 3200 17 0 0
cliff 3360 3200 46 179 179
tree 1816 3256 13 0 0
fre 1932 3252 12 0 0
dom 1920 3232 12 0 0
dom 2080 3232 22 0 0
fre 2148 3236 12 0 0
dom 2240 3232 15 0 0
fre 2364 3260 12 0 0
dom 2336 3232 16 0 0
tree 2424 3256 15 0 0
dom 2400 3232 18 0 0
cliff 3456 3232 8 179 179
cliff 1344 3264 44 179 179
cliff 1376 3264 43 179 179
tree 1448 3288 9 0 0
tree 1784 3272 12 0 0
fre 1836 3284 8 0 0
fre 1836 3276 8 0 0
tree 1832 3272 17 0 0
tree 1832 3288 18 0 0
stand 1960 3288 52 0 179
trop 2276 3276 47 0 0
fre 2332 3292 8 0 0
tree 2328 3288 5 0 0
zabor 944 3312 104 2 8
cliff 1248 3296 45 179 179
tree 1784 3320 5 0 0
fre 1892 3300 16 0 0
fre 1972 3324 8 0 0
fre 1964 3324 8 0 0
tree 1976 3320 12 0 0
tree 1960 3320 16 0 0
dom 2080 3296 21 0 0
trop 2276 3316 47 0 0
zabor 912 3344 104 2 8
zabor 944 3344 105 2 8
cliff 1120 3328 44 179 179
cliff 1152 3328 44 179 179
dom 1856 3328 18 0 0
dom 1888 3328 3 0 0
fre 2132 3340 8 0 0
fre 2140 3340 8 0 0
tree 2136 3336 14 0 0
dom 2208 3328 11 0 0
dom 2304 3328 9 0 0
dom 2432 3328 10 0 0
cliff 3456 3328 36 179 179
zabor 912 3376 104 2 8
cliff 1056 3360 45 179 179
trop 1900 3372 45 0 0
trop 2012 3372 42 0 0
trop 2124 3380 48 0 0
trop 2172 3380 45 0 0
trop 2276 3380 48 0 0
dom 2400 3360 19 0 0
zabor 912 3408 104 2 8
tree 984 3416 8 0 0
dom 1088 3392 28 0 0
cliff 1504 3392 33 179 179
dom 1792 3392 17 0 0
stand 856 3448 65 0 0
zabor 912 3440 105 2 8
trop 1836 3452 46 0 0
dom 1888 3424 19 0 0
fre 2148 3452 12 0 0
trop 2276 3444 46 0 0
dom 2304 3424 14 0 0
zabor 912 3472 105 2 8
cliff 992 3456 46 179 179
cliff 1504 3456 35 179 179
fre 1756 3468 16 0 0
dom 1760 3456 16 0 0
trop 1836 3468 47 0 0
dom 1952 3456 20 0 0
dom 2080 3456 25 0 0
dom 2208 3456 6 0 0
dom 2368 3456 8 0 0
tree 2520 3480 10 0 0
zabor 816 3504 104 2 8
zabor 912 3504 105 2 8
trop 1836 3508 46 0 0
dom 1888 3488 14 0 0
trop 2012 3508 40 0 0
trop 2276 3500 46 0 0
zabor 816 3536 104 2 8
zabor 912 3536 104 2 8
dom 1792 3520 15 0 0
fre 1916 3540 12 0 0
dom 1952 3520 8 0 0
dom 2080 3520 19 0 0
fre 2148 3532 12 0 0
fre 2212 3540 11 0 0
tree 2232 3544 5 0 0
dom 2336 3520 25 0 0
lay 392 3576 9 0 0
zabor 816 3568 105 2 8
zabor 912 3568 104 2 8
trop 1836 3572 47 0 0
fre 2092 3580 15 0 0
dom 2112 3552 17 0 0
trop 2276 3556 47 0 0
zabor 784 3600 105 2 8
zabor 816 3600 105 2 8
zabor 848 3600 104 2 8
zabor 912 3600 104 2 8
tree 968 3608 11 0 0
dom 1760 3584 21 0 0
dom 1920 3584 23 0 0
dom 2080 3584 3 0 0
fre 2236 3596 8 0 0
tree 2232 3592 1 0 0
zabor 784 3632 105 2 8
stand 824 3640 66 0 0
zabor 848 3632 105 2 8
zabor 912 3632 105 2 8
fre 1748 3636 12 0 0
trop 1836 3628 47 0 0
dom 2080 3616 2 0 0
fre 2124 3620 16 0 0
dom 2176 3616 16 0 0
dom 2240 3616 15 0 0
trop 2276 3620 47 0 0
fre 2356 3628 12 0 0
dom 2368 3616 10 0 0
stand 728 3672 65 0 0
zabor 784 3664 105 2 8
zabor 912 3664 105 2 8
cliff 992 3648 41 179 179
cliff 1120 3648 8 179 179
trop 1876 3660 45 0 0
trop 1908 3660 48 0 0
zabor 784 3696 105 2 8
zabor 880 3696 105 2 8
zabor 912 3696 105 2 8
cliff 1088 3680 34 179 179
trop 2012 3684 40 0 0
fre 2076 3692 16 0 0
dom 2080 3680 8 0 0
fre 2132 3692 7 0 0
fre 2204 3708 8 0 0
tree 2200 3704 2 0 0
tree 2200 3688 10 0 0
fre 2228 3700 8 0 0
tree 2216 3704 8 0 0
tree 2216 3688 3 0 0
lay 600 3736 7 0 0
zabor 752 3728 105 2 8
zabor 784 3728 104 2 8
zabor 816 3728 105 2 8
zabor 848 3728 104 2 8
dom 1760 3712 16 0 0
tree 1800 3736 14 0 0
trop 1828 3716 46 0 0
dom 1888 3712 17 0 0
fre 2180 3740 8 0 0
fre 2188 3732 8 0 0
fre 2204 3724 8 0 0
tree 2184 3736 4 0 0
tree 2200 3720 4 0 0
lay 600 3752 5 0 0
zabor 752 3760 104 2 8
trop 1828 3756 47 0 0
dom 1856 3744 7 0 0
lay 568 3800 7 0 0
zabor 752 3792 104 2 8
stand 792 3784 112 0 0
tree 1736 3800 15 0 0
dom 1952 3776 16 0 0
fre 2076 3796 8 0 0
tree 2072 3800 3 0 0
stand 696 3816 66 0 0
zabor 752 3824 104 2 8
tree 1720 3832 15 0 0
tree 1736 3832 19 0 0
tree 1752 3832 17 0 0
tree 1736 3816 16 0 0
tree 2072 3832 2 0 0
tree 2056 3832 16 0 0
tree 2072 3816 13 0 0
tree 2088 3832 9 0 0
zabor 752 3856 105 2 8
stand 792 3848 112 0 0
fre 1740 3844 8 0 0
fre 1732 3852 8 0 0
fre 1732 3860 8 0 0
tree 1736 3864 19 0 0
tree 1736 3848 3 0 0
dom 1920 3840 9 0 0
trop 2012 3860 40 0 0
fre 2092 3852 8 0 0
fre 2092 3868 8 0 0
tree 2088 3864 2 0 0
tree 2088 3848 15 0 0
zabor 752 3888 104 2 8
tree 1784 3896 13 0 0
tree 1832 3896 8 0 0
tree 1848 3880 8 0 0
tree 1880 3896 10 0 0
tree 1864 3880 11 0 0
tree 2088 3896 12 0 0
zabor 752 3920 105 2 8
tree 1816 3912 15 0 0
tree 1800 3912 9 0 0
tree 1848 3928 9 0 0
tree 1848 3912 17 0 0
tree 1880 3928 5 0 0
tree 1864 3928 13 0 0
tree 1864 3912 0 0 0
tree 1912 3928 2 0 0
tree 1896 3912 5 0 0
tree 1896 3928 7 0 0
fre 1932 3932 8 0 0
tree 1928 3928 4 0 0
fre 2076 3932 8 0 0
tree 2072 3928 4 0 0
fre 2092 3908 8 0 0
fre 2084 3916 8 0 0
tree 2088 3912 3 0 0
tree 1784 3944 4 0 0
tree 1768 3944 20 0 0
tree 1800 3944 12 0 0
fre 1924 3948 8 0 0
tree 1928 3944 19 0 0
trop 2012 4012 47 0 0
