vor 3316 124 17 179 179
trop 2532 156 44 179 179
tree 3320 152 39 1 179
trop 212 164 45 179 179
trop 260 172 45 179 179
trop 420 172 45 179 179
trop 580 172 45 179 179
trop 740 172 45 179 179
vor 780 172 0 179 179
trop 900 172 45 179 179
trop 1060 172 45 179 179
vor 1172 172 64 179 179
tree 1480 168 34 0 179
lay 1496 184 10 0 179
tree 1768 168 21 0 179
lay 1784 184 58 0 179
tree 2024 168 8 0 179
vor 2412 188 88 179 179
vor 2508 164 65 179 179
tree 2600 168 20 1 179
dom 3040 160 281 1 179
dom 3200 160 281 2 179
stand 3288 184 167 1 179
stand 3352 184 167 1 179
trop 3572 164 44 179 179
tree 3704 168 36 0 179
tree 3688 184 13 1 179
tree 3768 184 9 1 179
tree 3768 168 40 1 179
tree 3784 184 16 1 179
vor 596 220 0 179 179
trop 1188 204 44 179 179
trop 1284 196 48 179 179
trop 1380 196 48 179 179
tree 1480 216 34 0 179
tree 1656 216 29 0 179
tree 1752 200 6 0 179
tree 1896 216 35 0 179
dom 2272 192 97 2 179
tree 2584 216 3 1 179
dom 2656 192 126 2 179
vor 2748 212 65 179 179
stand 2872 200 167 1 179
dom 2912 192 97 2 179
stand 2984 200 167 1 179
tree 2984 200 41 1 179
stand 3080 216 167 1 179
tree 3160 200 41 1 179
tree 3304 200 9 1 179
stand 3464 200 167 1 179
dom 3456 192 184 2 179
lay 3768 200 11 0 179
vor 3860 220 17 179 179
tree 424 232 27 1 179
tree 632 248 7 1 179
tree 616 248 31 1 179
tree 696 248 14 1 179
tree 680 248 18 1 179
tree 680 232 34 1 179
tree 728 248 3 1 179
tree 712 248 5 1 179
dom 2080 224 197 1 179
tree 2584 232 16 1 179
stand 2968 232 167 1 179
tree 3000 232 25 1 179
stand 3064 232 167 1 179
stand 3096 232 167 1 179
stand 3160 232 167 1 179
tree 3176 232 22 1 179
vor 3372 228 17 179 179
stand 3496 232 167 1 179
tree 3672 232 4 1 179
stand 3720 248 167 1 179
tree 3800 248 35 1 179
tree 3800 232 2 1 179
tree 3864 232 29 0 179
tree 168 264 40 1 179
tree 216 264 16 0 179
tree 248 264 29 1 179
dom 352 256 160 2 179
tree 392 280 12 1 179
tree 472 280 1 1 179
tree 456 280 1 1 179
tree 456 264 16 1 179
dom 544 256 160 3 179
tree 600 264 33 1 179
tree 584 264 34 1 179
tree 648 280 16 0 179
dom 736 256 160 1 179
tree 792 264 2 1 179
tree 776 264 13 1 179
tree 856 264 14 1 179
tree 856 280 25 1 179
tree 840 280 1 1 179
tree 840 264 17 1 179
dom 928 256 160 2 179
tree 968 264 19 1 179
dom 1056 256 281 3 179
vor 1188 276 88 179 179
vor 1364 276 0 179 179
tree 1480 280 9 0 179
tree 1592 280 12 0 179
tree 1880 280 14 0 179
lay 1896 264 10 0 179
tree 1976 280 32 0 179
vor 2180 276 65 179 179
dom 2400 256 271 3 179
tree 2584 280 35 1 179
lay 2792 280 64 0 179
vor 2844 260 88 179 179
vor 2924 276 65 179 179
lay 3016 264 64 0 179
stand 3112 264 167 1 179
tree 3480 264 32 1 179
vor 3508 260 32 179 179
tree 3768 264 6 0 179
tree 3800 264 33 1 179
vor 772 316 0 179 179
vor 956 316 0 179 179
trop 1036 300 44 179 179
trop 1388 292 48 179 179
lay 1912 296 58 0 179
tree 1960 312 41 0 179
vor 2140 316 65 179 179
vor 2244 300 0 179 179
trop 2532 316 44 179 179
vor 2548 316 88 179 179
tree 2584 312 8 1 179
tree 2584 296 31 1 179
vor 2740 292 65 179 179
stand 3128 296 167 1 179
lay 3160 296 64 0 179
vor 3388 300 17 179 179
vor 3548 292 17 179 179
tree 3672 296 24 0 179
lay 3688 312 11 0 179
tree 3736 312 22 1 179
dom 3808 288 255 0 179
trop 212 340 45 179 179
trop 364 340 45 179 179
trop 484 324 44 179 179
vor 548 324 88 179 179
trop 596 340 45 179 179
vor 660 340 0 179 179
trop 756 340 45 179 179
trop 908 340 45 179 179
vor 988 332 88 179 179
tree 1112 344 1 1 179
dom 1248 320 280 3 179
vor 1396 332 0 179 179
lay 1464 328 58 0 179
tree 1480 344 34 0 179
tree 1592 344 4 0 179
tree 1576 344 29 0 179
stand 1704 328 140 0 179
tree 1880 344 13 0 179
vor 2204 340 0 179 179
vor 2252 348 65 179 179
tree 2584 328 16 1 179
dom 2656 320 124 2 179
stand 3144 344 167 1 179
stand 3512 328 167 1 179
vor 3548 324 17 179 179
trop 3572 324 44 179 179
vor 3732 340 32 179 179
dom 3904 320 255 0 179
vor 460 372 16 179 179
vor 644 372 0 179 179
vor 668 356 0 179 179
tree 1112 376 14 0 179
trop 1092 372 48 179 179
vor 1180 356 0 179 179
trop 1188 356 44 179 179
trop 1388 380 48 179 179
vor 1940 356 0 179 179
vor 2004 364 88 179 179
tree 2584 376 41 1 179
tree 2600 376 28 1 179
tree 2600 360 3 1 179
dom 2912 352 123 2 179
dom 3072 352 183 1 179
dom 3264 352 183 2 179
dom 3424 352 182 2 179
stand 3736 360 167 1 179
tree 3800 360 39 0 179
tree 408 408 11 1 179
dom 576 384 268 2 179
tree 648 408 20 1 179
tree 664 408 6 1 179
tree 680 408 37 1 179
dom 864 384 268 1 179
tree 1112 392 12 1 179
vor 1172 404 0 179 179
vor 1428 404 0 179 179
vor 1452 396 64 179 179
tree 1608 392 23 0 179
tree 1832 392 17 0 179
lay 1944 408 58 0 179
vor 2004 404 0 179 179
dom 2400 384 271 1 179
tree 2584 392 0 1 179
tree 2600 408 15 1 179
tree 2760 408 10 1 179
vor 2764 396 65 179 179
stand 2808 392 152 0 179
stand 2872 408 167 1 179
tree 2856 392 2 1 179
tree 2936 392 6 1 179
tree 2920 392 19 1 179
tree 3000 392 32 1 179
tree 2984 392 22 1 179
tree 3016 392 40 1 179
tree 3096 392 8 1 179
tree 3080 392 27 1 179
tree 3128 392 29 1 179
tree 3112 392 13 1 179
vor 3148 412 64 179 179
tree 3192 408 20 1 179
tree 3224 408 20 1 179
tree 3208 408 33 1 179
tree 3256 408 12 1 179
tree 3240 408 6 1 179
tree 3352 408 40 1 179
tree 3368 408 25 1 179
vor 3492 404 32 179 179
stand 3528 408 167 1 179
tree 3688 408 35 0 179
tree 3688 392 1 0 179
dom 160 416 193 2 179
trop 572 436 48 179 179
tree 648 424 7 1 179
trop 652 436 48 179 179
vor 724 428 0 179 179
trop 828 428 48 179 179
trop 908 428 48 179 179
trop 988 428 48 179 179
tree 1480 424 34 0 179
vor 1484 444 0 179 179
tree 1608 424 32 0 179
tree 1752 440 13 0 179
dom 2080 416 196 2 179
vor 2220 420 0 179 179
vor 2572 444 65 179 179
tree 2616 424 32 1 179
tree 2600 424 11 1 179
vor 2676 436 65 179 179
stand 2888 424 167 1 179
tree 3416 424 3 1 179
vor 3420 420 17 179 179
tree 3432 424 17 1 179
vor 3492 436 17 179 179
tree 3656 440 14 1 179
tree 3656 424 16 1 179
tree 3704 440 26 0 179
tree 3736 424 26 0 179
vor 3796 420 17 179 179
trop 180 452 48 179 179
trop 180 468 48 179 179
trop 236 452 48 179 179
trop 300 452 48 179 179
trop 348 460 48 179 179
dom 352 448 186 1 179
vor 476 460 16 179 179
trop 484 476 44 179 179
tree 568 472 41 1 179
tree 632 472 6 1 179
tree 632 456 9 1 179
trop 740 460 44 179 179
tree 856 472 6 1 179
tree 840 472 11 1 179
tree 872 472 30 1 179
tree 952 472 25 1 179
tree 968 472 7 1 179
dom 1056 448 281 1 179
vor 1356 468 88 179 179
trop 1396 468 48 179 179
vor 1524 468 0 179 179
vor 1620 452 64 179 179
tree 1640 456 25 0 179
tree 1848 472 27 0 179
tree 2008 472 11 0 179
vor 2292 452 0 179 179
trop 2532 476 44 179 179
trop 2660 476 45 179 179
trop 2820 476 45 179 179
stand 2904 472 167 1 179
trop 2980 476 45 179 179
trop 3140 476 45 179 179
trop 3300 476 45 179 179
trop 3452 476 45 179 179
tree 3912 472 37 0 179
tree 408 504 2 1 179
tree 424 504 1 1 179
tree 424 488 18 1 179
tree 552 488 0 1 179
tree 568 488 15 1 179
trop 580 492 48 179 179
vor 612 500 16 179 179
trop 644 500 48 179 179
vor 700 484 0 179 179
tree 840 504 17 0 179
tree 920 488 9 1 179
tree 1448 488 20 1 179
tree 1480 488 6 0 179
tree 1592 504 1 0 179
lay 1592 488 58 0 179
tree 1784 488 11 0 179
lay 1816 488 11 0 179
vor 2012 500 0 179 179
vor 2204 492 65 179 179
lay 2264 504 64 0 179
trop 3572 484 44 179 179
tree 3672 488 8 0 179
lay 3672 504 10 0 179
tree 3784 504 6 1 179
trop 180 532 48 179 179
trop 236 516 48 179 179
trop 348 516 48 179 179
tree 408 520 16 1 179
vor 796 532 88 179 179
vor 852 524 64 179 179
vor 948 516 64 179 179
trop 1188 516 44 179 179
tree 1464 520 22 1 179
lay 1672 536 58 0 179
lay 1944 520 58 0 179
tree 1960 536 2 0 179
dom 2400 512 271 2 179
tree 2920 536 28 1 179
tree 2936 520 17 1 179
tree 3784 520 17 1 179
vor 3796 540 17 179 179
tree 664 568 17 0 179
tree 680 552 6 1 179
tree 680 568 9 1 179
vor 940 572 16 179 179
tree 1080 552 3 1 179
trop 1092 564 48 179 179
dom 1248 544 280 2 179
trop 1396 548 48 179 179
tree 1480 568 34 0 179
vor 1844 556 65 179 179
tree 2008 568 22 0 179
tree 2936 552 16 0 179
tree 3176 552 8 1 179
tree 3192 552 12 1 179
tree 3240 552 21 1 179
tree 3304 568 16 1 179
tree 3656 568 27 1 179
dom 352 576 186 2 179
tree 952 600 14 1 179
tree 968 600 22 1 179
tree 1432 584 2 1 179
vor 1452 604 64 179 179
tree 1528 584 14 0 179
tree 1656 600 30 1 179
tree 1720 600 26 1 179
tree 1736 600 24 1 179
tree 1784 600 19 1 179
tree 1800 600 30 0 179
tree 1816 584 16 0 179
tree 1816 600 27 1 179
tree 1832 600 22 1 179
tree 1880 584 7 0 179
tree 1880 600 20 1 179
tree 1944 600 28 0 179
tree 1960 584 5 1 179
tree 1976 584 31 1 179
vor 2108 588 0 179 179
dom 2656 576 85 2 179
dom 2880 576 85 2 179
tree 3000 600 41 1 179
dom 3104 576 85 2 179
tree 3272 584 16 0 179
tree 3336 600 7 1 179
dom 3392 576 195 2 179
tree 3656 584 15 1 179
trop 180 612 48 179 179
trop 236 612 48 179 179
tree 296 632 16 0 179
trop 324 612 48 179 179
tree 408 632 13 1 179
trop 484 636 44 179 179
dom 576 608 283 1 179
tree 696 616 37 1 179
trop 740 620 44 179 179
dom 800 608 283 2 179
tree 968 616 12 1 179
tree 1640 616 30 0 179
tree 1752 616 24 0 179
lay 2104 632 64 0 179
vor 2140 612 88 179 179
stand 2184 632 167 1 179
dom 2240 608 72 2 179
trop 2532 636 44 179 179
tree 2744 616 28 1 179
tree 2760 616 15 1 179
tree 2824 616 14 1 179
tree 2840 616 35 1 179
tree 2872 632 35 1 179
tree 2904 632 4 1 179
tree 2888 632 24 1 179
vor 2988 620 73 179 179
tree 3256 632 14 1 179
tree 3240 632 28 1 179
tree 3288 616 6 1 179
tree 3288 632 18 1 179
tree 3272 632 33 1 179
tree 3368 616 10 1 179
tree 3384 616 2 1 179
stand 3416 632 167 1 179
tree 3464 616 6 1 179
tree 3800 616 8 0 179
tree 408 648 39 1 179
trop 580 644 48 179 179
vor 748 668 65 179 179
tree 952 648 16 0 179
tree 984 664 13 1 179
tree 1000 664 39 1 179
tree 1000 648 11 1 179
dom 1056 640 281 2 179
tree 1336 648 21 1 179
trop 1396 644 48 179 179
vor 1740 668 65 179 179
stand 1880 664 167 1 179
stand 1896 664 167 1 179
stand 2120 648 167 1 179
dom 2400 640 74 2 179
vor 2516 644 65 179 179
tree 2568 648 32 1 179
tree 2648 664 3 1 179
tree 2712 664 34 1 179
tree 2728 648 24 1 179
tree 2728 664 1 1 179
lay 2776 648 64 0 179
vor 2836 652 17 179 179
tree 2872 648 26 1 179
stand 2904 648 167 1 179
stand 2968 664 167 1 179
tree 3096 648 20 1 179
tree 3112 648 23 1 179
stand 3192 648 167 1 179
tree 3192 648 32 1 179
tree 3176 648 23 1 179
vor 3188 652 17 179 179
vor 3236 668 73 179 179
stand 3320 648 167 1 179
tree 3432 664 12 1 179
tree 3448 664 31 1 179
trop 3572 644 44 179 179
tree 3720 664 37 0 179
tree 3832 664 1 1 179
vor 804 684 16 179 179
tree 984 680 9 1 179
vor 980 676 88 179 179
trop 1188 676 44 179 179
stand 1448 696 253 0 179
tree 1464 680 16 0 179
stand 1480 696 253 0 179
stand 1512 696 253 0 179
tree 1560 680 39 1 179
tree 1624 696 36 1 179
lay 1816 696 64 0 179
stand 1992 680 167 1 179
lay 2264 680 64 0 179
tree 2600 680 16 0 179
vor 2684 692 88 179 179
lay 2936 680 64 0 179
vor 3084 676 64 179 179
stand 3112 680 167 1 179
lay 3160 680 64 0 179
lay 3320 680 64 0 179
vor 3500 676 64 179 179
stand 3672 696 167 1 179
vor 3660 676 64 179 179
tree 3848 680 0 1 179
trop 204 732 45 179 179
trop 356 732 45 179 179
vor 572 716 65 179 179
vor 916 716 64 179 179
tree 1336 728 21 1 179
stand 1496 728 253 0 179
trop 1476 732 48 179 179
stand 1528 728 253 0 179
vor 1516 716 64 179 179
trop 1572 732 48 179 179
tree 1656 728 34 1 179
tree 1768 728 27 1 179
tree 1784 728 19 1 179
tree 1800 728 37 1 179
tree 1816 728 32 1 179
vor 1836 716 64 179 179
tree 2040 728 32 1 179
tree 2056 728 27 1 179
tree 2072 728 9 1 179
stand 2104 728 167 1 179
vor 2156 716 88 179 179
vor 2236 716 0 179 179
vor 2836 724 65 179 179
vor 2932 724 64 179 179
vor 3196 724 65 179 179
vor 3372 716 64 179 179
stand 3624 728 17 0 179
stand 3704 728 167 1 179
vor 3724 708 25 179 179
vor 436 748 16 179 179
vor 508 748 88 179 179
trop 604 740 45 179 179
trop 756 740 45 179 179
trop 908 740 45 179 179
trop 1012 740 48 179 179
trop 1092 764 48 179 179
dom 1248 736 280 1 179
tree 1336 760 14 1 179
tree 1336 744 25 1 179
trop 1388 740 48 179 179
vor 1604 740 88 179 179
tree 1656 744 2 1 179
tree 1912 744 10 1 179
tree 1928 744 35 1 179
tree 1944 744 19 1 179
stand 2280 744 167 1 179
vor 3028 748 17 179 179
vor 3436 740 88 179 179
stand 3480 744 167 1 179
tree 3672 760 11 0 179
tree 3704 760 21 1 179
tree 3720 760 34 1 179
dom 3776 736 216 3 179
tree 456 776 23 1 179
trop 484 796 44 179 179
fre 612 788 3 179 179
tree 1080 776 15 1 179
tree 1080 792 12 1 179
tree 1128 792 1 1 179
tree 1336 792 29 1 179
dom 1632 768 282 3 179
dom 1760 768 282 2 179
dom 1888 768 282 1 179
dom 2016 768 282 1 179
tree 2136 776 22 1 179
dom 2208 768 268 3 179
dom 2400 768 73 2 179
trop 2532 796 44 179 179
tree 3384 792 16 0 179
trop 3572 796 44 179 179
tree 3672 776 33 1 179
tree 3720 776 14 1 179
dom 352 800 186 2 179
tree 440 824 33 1 179
vor 492 820 0 179 179
fre 644 828 1 179 179
dom 704 800 283 2 179
dom 864 800 283 1 179
dom 1024 800 283 0 179
vor 1148 812 16 179 179
tree 1336 808 41 1 179
trop 1388 804 48 179 179
trop 1444 804 48 179 179
trop 1508 804 48 179 179
dom 1504 800 178 1 179
trop 1588 804 48 179 179
tree 2008 824 15 1 179
tree 2024 824 18 1 179
tree 2136 824 30 1 179
tree 2152 824 8 1 179
stand 2184 808 167 1 179
dom 2656 800 1 1 179
dom 2752 800 1 1 179
dom 2880 800 1 2 179
dom 2976 800 1 3 179
dom 3072 800 193 0 179
dom 3200 800 193 1 179
dom 3328 800 193 2 179
dom 3456 800 193 3 179
stand 3528 808 167 1 179
tree 3816 808 8 1 179
tree 3912 824 1 1 179
dom 192 832 134 1 179
dom 544 832 212 3 179
tree 680 856 19 1 179
tree 968 856 33 1 179
trop 1188 836 44 179 179
tree 1256 856 17 0 179
tree 1272 856 3 1 179
tree 1288 856 41 1 179
tree 1304 856 2 1 179
tree 1320 856 5 1 179
tree 1320 840 5 1 179
vor 1492 852 17 179 179
tree 1640 840 11 1 179
tree 1656 840 6 1 179
tree 1672 840 31 1 179
tree 1720 840 20 1 179
tree 1736 840 5 1 179
tree 1800 856 21 1 179
tree 2104 840 19 1 179
tree 2088 840 40 1 179
tree 2216 840 23 1 179
tree 2232 840 26 1 179
tree 2248 840 21 1 179
tree 2264 840 11 1 179
tree 2280 840 2 1 179
tree 2296 840 25 1 179
tree 2328 840 28 1 179
tree 2344 840 0 1 179
tree 2552 840 38 1 179
tree 2568 840 34 1 179
tree 2600 840 23 1 179
tree 2600 856 2 1 179
tree 2616 856 34 1 179
tree 2760 840 18 1 179
tree 2776 840 37 1 179
vor 2796 852 65 179 179
tree 2840 840 16 1 179
tree 2856 840 2 1 179
tree 2856 856 25 1 179
tree 2872 856 22 1 179
tree 2952 856 26 1 179
tree 2968 856 34 1 179
tree 3032 856 16 0 179
tree 3032 840 3 1 179
tree 3048 856 8 1 179
tree 3064 856 10 1 179
tree 3112 856 22 1 179
tree 3128 856 8 1 179
tree 3144 856 29 1 179
tree 3176 840 9 1 179
tree 3192 840 2 1 179
tree 3208 840 22 1 179
tree 3272 840 17 1 179
tree 3272 856 28 1 179
tree 3288 856 33 1 179
tree 3320 856 33 1 179
tree 3336 856 25 1 179
tree 3400 840 27 1 179
tree 3640 840 14 1 179
stand 3688 840 167 1 179
fre 628 868 0 179 179
tree 712 872 15 1 179
vor 1388 868 64 179 179
vor 2324 876 88 179 179
vor 2372 876 65 179 179
vor 2508 868 88 179 179
vor 2756 868 17 179 179
vor 2860 868 17 179 179
vor 3156 868 17 179 179
vor 3332 876 17 179 179
trop 196 916 45 179 179
trop 356 916 45 179 179
trop 516 916 45 179 179
vor 540 900 65 179 179
vor 620 900 16 179 179
trop 676 916 45 179 179
vor 692 908 65 179 179
trop 836 916 45 179 179
trop 996 916 45 179 179
trop 1156 916 45 179 179
vor 1204 916 17 179 179
trop 1316 916 45 179 179
vor 1436 900 17 179 179
trop 1468 916 45 179 179
trop 1620 916 45 179 179
trop 1772 916 45 179 179
trop 1932 916 45 179 179
trop 2084 916 45 179 179
trop 2236 916 45 179 179
vor 2260 916 65 179 179
stand 2344 920 167 1 179
trop 2396 916 45 179 179
stand 2408 920 167 1 179
trop 2548 916 45 179 179
vor 2540 924 0 179 179
trop 2708 916 45 179 179
trop 2868 916 45 179 179
vor 2884 916 0 179 179
vor 2964 900 88 179 179
trop 3028 916 45 179 179
trop 3188 916 45 179 179
trop 3348 916 45 179 179
vor 3460 924 17 179 179
trop 3508 916 45 179 179
vor 3492 924 88 179 179
trop 3660 916 45 179 179
trop 3820 916 45 179 179
trop 3932 916 45 179 179
vor 412 940 0 179 179
vor 580 956 0 179 179
vor 652 940 0 179 179
tree 1112 936 31 1 179
vor 1132 932 16 179 179
vor 1556 940 17 179 179
vor 1628 956 17 179 179
vor 1756 940 65 179 179
tree 2632 936 37 1 179
vor 2660 932 17 179 179
vor 2980 956 17 179 179
vor 3420 940 17 179 179
vor 476 964 0 179 179
tree 632 968 11 1 179
tree 920 984 17 1 179
tree 920 968 12 1 179
tree 936 984 29 1 179
tree 1768 968 17 1 179
vor 1836 964 65 179 179
vor 1916 964 88 179 179
vor 2524 980 0 179 179
tree 2584 968 31 1 179
tree 2648 968 12 1 179
tree 2664 968 0 1 179
tree 2712 968 37 1 179
tree 2744 968 5 1 179
tree 2728 968 1 1 179
tree 2872 968 27 1 179
tree 2856 968 8 1 179
tree 2936 984 37 1 179
tree 3432 984 36 1 179
tree 3576 984 35 1 179
tree 184 1016 36 0 179
tree 168 1016 10 0 179
trop 444 1004 48 179 179
vor 444 1012 0 179 179
trop 524 1004 48 179 179
trop 572 996 48 179 179
vor 684 1020 0 179 179
vor 716 1004 88 179 179
tree 792 1016 33 1 179
tree 984 1016 16 0 179
tree 984 1000 3 1 179
dom 1088 992 186 1 179
trop 1188 996 44 179 179
trop 1284 1012 48 179 179
trop 1380 1012 48 179 179
trop 1476 1012 48 179 179
trop 1572 1012 48 179 179
tree 1640 1016 28 1 179
trop 1668 1012 48 179 179
trop 1764 1012 48 179 179
stand 1832 1000 167 1 179
trop 1852 1012 44 179 179
trop 1956 1020 48 179 179
dom 2016 992 234 2 179
dom 2208 992 235 1 179
trop 2284 1020 48 179 179
stand 2360 1000 167 1 179
trop 2356 1020 48 179 179
trop 2428 1020 48 179 179
stand 2440 1000 167 1 179
vor 2444 1020 65 179 179
trop 2532 1012 44 179 179
stand 2616 1016 167 1 179
tree 2936 1000 41 1 179
trop 2988 996 44 179 179
dom 3136 992 159 1 179
dom 3264 992 159 1 179
dom 3392 992 159 2 179
tree 3448 1016 27 1 179
tree 3464 1016 0 1 179
dom 3552 992 159 3 179
tree 3640 1000 23 1 179
vor 3660 996 88 179 179
vor 3756 996 0 179 179
dom 3936 992 199 0 179
dom 288 1024 132 1 179
trop 372 1044 44 179 179
trop 524 1036 48 179 179
trop 572 1036 48 179 179
tree 632 1032 17 1 179
trop 692 1036 44 179 179
tree 792 1048 16 0 179
tree 792 1032 30 1 179
dom 896 1024 160 1 179
dom 1408 1024 160 2 179
dom 1568 1024 160 1 179
tree 1640 1032 25 1 179
tree 1656 1048 5 1 179
dom 1728 1024 160 3 179
trop 1956 1052 48 179 179
trop 2100 1036 48 179 179
trop 2252 1028 48 179 179
trop 2348 1028 48 179 179
trop 2428 1052 48 179 179
trop 2412 1028 48 179 179
stand 2584 1032 167 1 179
tree 2584 1048 41 1 179
tree 2584 1032 5 1 179
dom 2624 1024 134 1 179
vor 2684 1052 88 179 179
dom 2848 1024 194 2 179
vor 2956 1052 0 179 179
vor 3020 1036 88 179 179
vor 3108 1044 17 179 179
tree 3288 1048 7 1 179
vor 3340 1044 73 179 179
tree 3832 1032 6 1 179
tree 3848 1032 17 1 179
trop 868 1068 48 179 179
tree 1112 1064 0 1 179
tree 1128 1080 36 1 179
vor 1180 1068 64 179 179
vor 1348 1076 88 179 179
tree 1656 1064 2 1 179
tree 1672 1064 30 1 179
vor 1772 1068 88 179 179
tree 1800 1064 26 1 179
stand 1944 1064 167 1 179
trop 2028 1068 48 179 179
trop 2060 1076 48 179 179
trop 2140 1060 48 179 179
stand 2360 1064 167 1 179
trop 2420 1060 48 179 179
tree 2584 1064 13 1 179
vor 2644 1076 65 179 179
tree 3112 1080 10 1 179
tree 3144 1064 31 1 179
tree 3160 1080 14 1 179
tree 3240 1080 22 1 179
vor 3276 1060 17 179 179
tree 3320 1064 16 0 179
vor 3332 1068 17 179 179
tree 3368 1064 17 1 179
vor 3476 1060 0 179 179
tree 3528 1080 14 1 179
vor 3620 1060 17 179 179
vor 3732 1068 16 179 179
vor 3812 1084 88 179 179
tree 200 1096 21 0 179
tree 248 1112 34 0 179
trop 524 1100 48 179 179
trop 564 1100 48 179 179
dom 608 1088 161 1 179
tree 776 1112 33 1 179
tree 808 1096 34 1 179
trop 940 1092 48 179 179
vor 948 1092 64 179 179
tree 1128 1096 24 1 179
vor 1164 1092 0 179 179
trop 1284 1108 48 179 179
trop 1380 1108 48 179 179
trop 1476 1108 48 179 179
vor 1516 1100 16 179 179
trop 1572 1108 48 179 179
vor 1636 1116 17 179 179
tree 1672 1096 29 1 179
tree 1688 1096 37 1 179
trop 1668 1108 48 179 179
trop 1764 1108 48 179 179
trop 2252 1092 48 179 179
stand 2296 1096 167 1 179
trop 2348 1100 48 179 179
trop 2412 1092 48 179 179
tree 2584 1112 29 1 179
vor 2564 1092 65 179 179
tree 2600 1112 32 1 179
tree 3192 1096 16 0 179
vor 3452 1108 64 179 179
vor 3580 1100 17 179 179
tree 760 1144 32 1 179
dom 768 1120 161 3 179
vor 892 1132 65 179 179
trop 956 1132 48 179 179
vor 1164 1148 17 179 179
dom 1280 1120 155 2 179
stand 1320 1128 167 1 179
stand 1416 1128 167 1 179
vor 1580 1140 16 179 179
tree 1688 1128 22 1 179
dom 2016 1120 232 2 179
trop 2108 1124 48 179 179
trop 2148 1140 48 179 179
vor 2508 1124 17 179 179
tree 2584 1128 39 1 179
vor 2692 1140 17 179 179
dom 2848 1120 194 1 179
vor 2980 1132 0 179 179
vor 3212 1132 17 179 179
vor 3532 1124 0 179 179
vor 3596 1124 64 179 179
vor 3628 1124 33 179 179
vor 3684 1140 88 179 179
vor 3764 1124 0 179 179
vor 3860 1124 33 179 179
vor 3924 1124 0 179 179
tree 184 1176 14 0 179
dom 448 1152 161 2 179
tree 728 1176 4 1 179
tree 808 1176 0 1 179
vor 852 1164 16 179 179
trop 868 1156 48 179 179
dom 1088 1152 186 1 179
trop 1188 1156 44 179 179
vor 1476 1156 17 179 179
vor 1524 1164 16 179 179
dom 1760 1152 186 3 179
trop 1852 1156 44 179 179
vor 1844 1180 17 179 179
dom 2176 1152 234 2 179
dom 2432 1152 186 2 179
vor 2500 1180 17 179 179
trop 2532 1164 44 179 179
vor 2540 1164 17 179 179
tree 2584 1160 30 1 179
vor 2636 1156 88 179 179
tree 2936 1176 19 1 179
trop 2988 1156 44 179 179
dom 3072 1152 161 3 179
vor 3164 1180 17 179 179
stand 3592 1176 285 0 179
vor 3740 1172 16 179 179
vor 3780 1180 65 179 179
trop 372 1204 44 179 179
trop 532 1196 48 179 179
trop 572 1188 48 179 179
tree 584 1192 14 0 179
tree 616 1192 31 1 179
trop 692 1188 44 179 179
tree 808 1192 17 1 179
tree 808 1208 23 1 179
vor 908 1204 0 179 179
vor 1164 1204 64 179 179
trop 1284 1204 48 179 179
tree 1320 1208 17 0 179
trop 1380 1204 48 179 179
trop 1476 1204 48 179 179
trop 1572 1204 48 179 179
trop 1668 1204 48 179 179
tree 1704 1208 29 1 179
tree 1768 1208 31 1 179
trop 1764 1204 48 179 179
stand 1800 1208 167 1 179
tree 1928 1192 19 1 179
trop 1956 1188 48 179 179
trop 2052 1188 48 179 179
trop 2140 1188 48 179 179
trop 2220 1188 48 179 179
trop 2252 1188 48 179 179
trop 2348 1196 48 179 179
vor 2916 1204 17 179 179
vor 3108 1188 0 179 179
stand 3304 1208 261 0 179
stand 3416 1208 257 0 179
stand 3512 1208 257 0 179
vor 3700 1204 24 179 179
vor 3828 1212 32 179 179
stand 3928 1192 288 0 179
tree 776 1224 16 0 179
tree 808 1224 10 1 179
tree 808 1240 20 1 179
tree 840 1240 32 1 179
trop 956 1228 48 179 179
vor 956 1220 16 179 179
vor 1372 1236 64 179 179
stand 1384 1240 167 1 179
vor 1428 1220 16 179 179
vor 1604 1244 24 179 179
tree 1704 1224 15 1 179
tree 1704 1240 13 1 179
tree 1768 1240 16 0 179
tree 1768 1224 39 1 179
tree 1928 1240 28 1 179
tree 1928 1224 12 1 179
tree 1992 1240 23 0 179
vor 2164 1244 88 179 179
tree 2248 1240 23 0 179
tree 2296 1240 22 0 179
tree 2312 1240 23 0 179
vor 2756 1236 17 179 179
tree 264 1272 7 0 179
trop 868 1252 48 179 179
vor 876 1276 65 179 179
tree 1096 1256 29 1 179
stand 1144 1272 167 1 179
tree 1128 1256 19 1 179
vor 1380 1276 17 179 179
vor 1548 1276 88 179 179
tree 1688 1272 3 1 179
tree 1784 1272 28 1 179
tree 1800 1272 19 1 179
tree 1928 1256 8 1 179
tree 2008 1272 20 0 179
stand 2072 1256 167 1 179
trop 2428 1268 48 179 179
trop 2412 1252 48 179 179
vor 2476 1268 88 179 179
dom 2880 1248 74 2 179
vor 3108 1268 17 179 179
dom 448 1280 161 1 179
trop 532 1284 48 179 179
vor 940 1292 65 179 179
dom 1280 1280 136 2 179
trop 1284 1300 48 179 179
trop 1380 1300 48 179 179
stand 1480 1288 167 1 179
trop 1476 1300 48 179 179
trop 1572 1300 48 179 179
tree 1688 1288 0 1 179
tree 1688 1304 5 1 179
trop 1668 1300 48 179 179
trop 1764 1300 48 179 179
tree 1800 1304 16 1 179
tree 1800 1288 9 1 179
vor 1868 1300 17 179 179
tree 1928 1288 16 0 179
tree 1928 1304 40 1 179
trop 1956 1284 48 179 179
stand 2120 1288 167 1 179
vor 2596 1284 88 179 179
tree 200 1320 30 0 179
dom 608 1312 161 2 179
trop 692 1340 44 179 179
dom 768 1312 161 2 179
vor 852 1340 0 179 179
trop 868 1340 48 179 179
trop 956 1324 48 179 179
dom 1088 1312 186 2 179
vor 1212 1324 88 179 179
trop 1188 1316 44 179 179
vor 1412 1316 16 179 179
stand 1624 1320 167 1 179
vor 1652 1316 17 179 179
trop 1852 1316 44 179 179
tree 1928 1320 18 1 179
tree 2008 1320 21 0 179
tree 2024 1336 21 0 179
vor 2092 1324 65 179 179
tree 2104 1320 19 0 179
tree 2216 1320 21 0 179
tree 2264 1320 22 0 179
trop 2532 1324 44 179 179
vor 2540 1332 17 179 179
dom 2688 1312 75 2 179
trop 2988 1316 44 179 179
dom 3072 1312 161 1 179
trop 372 1364 44 179 179
trop 532 1372 48 179 179
stand 1176 1352 167 1 179
vor 1500 1348 16 179 179
dom 1760 1344 185 1 179
tree 1832 1368 0 1 179
dom 1952 1344 134 1 179
vor 2020 1364 16 179 179
trop 2316 1372 48 179 179
dom 2432 1344 186 2 179
vor 2772 1348 88 179 179
stand 3224 1352 260 0 179
trop 572 1396 48 179 179
tree 632 1384 15 1 179
trop 1284 1396 48 179 179
trop 1380 1396 48 179 179
trop 1476 1396 48 179 179
trop 1572 1396 48 179 179
trop 1668 1396 48 179 179
trop 1764 1396 48 179 179
tree 1816 1400 13 1 179
tree 1832 1384 41 1 179
tree 1944 1400 13 1 179
trop 1956 1380 48 179 179
trop 2044 1380 48 179 179
trop 2132 1380 48 179 179
trop 2220 1380 48 179 179
vor 2260 1388 65 179 179
vor 2340 1380 88 179 179
vor 3108 1380 0 179 179
dom 448 1408 161 1 179
tree 616 1416 14 0 179
tree 808 1416 11 1 179
tree 808 1432 35 1 179
vor 860 1428 0 179 179
trop 868 1428 48 179 179
trop 964 1420 48 179 179
vor 1132 1436 64 179 179
stand 1800 1432 167 1 179
tree 2248 1432 34 1 179
tree 232 1448 7 0 179
trop 540 1460 48 179 179
tree 616 1464 3 1 179
tree 616 1448 35 1 179
tree 808 1448 15 1 179
dom 1312 1440 85 2 179
dom 1504 1440 267 2 179
dom 1696 1440 85 2 179
tree 2248 1448 16 0 179
tree 2264 1464 21 1 179
dom 2880 1440 73 2 179
stand 3192 1448 256 0 179
vor 300 1476 16 179 179
vor 540 1476 88 179 179
trop 692 1500 44 179 179
vor 900 1484 0 179 179
vor 1012 1492 88 179 179
dom 1056 1472 189 2 179
stand 1160 1496 167 1 179
trop 1180 1476 44 179 179
trop 1284 1492 48 179 179
trop 1380 1492 48 179 179
trop 1476 1492 48 179 179
trop 1572 1492 48 179 179
trop 1668 1492 48 179 179
trop 1764 1492 48 179 179
trop 1852 1476 44 179 179
trop 2532 1492 32 179 179
trop 2532 1484 44 179 179
dom 2624 1472 193 1 179
dom 2752 1472 72 2 179
trop 2988 1476 44 179 179
dom 3072 1472 161 2 179
vor 3836 1492 33 179 179
vor 3884 1492 65 179 179
stand 3976 1496 290 0 179
trop 372 1516 44 179 179
vor 364 1508 88 179 179
dom 608 1504 161 3 179
dom 768 1504 161 1 179
trop 868 1524 48 179 179
trop 964 1516 48 179 179
vor 964 1532 0 179 179
tree 1256 1528 17 0 179
tree 1272 1528 32 1 179
vor 1428 1524 16 179 179
tree 1624 1528 17 0 179
tree 1672 1528 39 1 179
tree 1672 1512 9 1 179
vor 1836 1524 16 179 179
tree 1928 1528 21 1 179
tree 1944 1528 24 1 179
dom 1952 1504 160 1 179
tree 1992 1528 21 1 179
tree 2008 1528 4 1 179
tree 2024 1528 17 1 179
tree 2088 1528 3 1 179
dom 2080 1504 160 1 179
tree 2184 1528 9 1 179
dom 2208 1504 160 2 179
tree 2264 1512 18 1 179
tree 2280 1512 24 1 179
tree 2312 1512 21 1 179
dom 2400 1504 182 2 179
tree 2568 1528 13 0 179
tree 2584 1528 18 1 179
tree 2632 1528 37 1 179
vor 3108 1508 0 179 179
lay 3768 1528 16 0 179
vor 3796 1508 33 179 179
vor 3860 1524 16 179 179
vor 3916 1508 33 179 179
vor 3964 1508 33 179 179
vor 4004 1532 0 179 179
tree 200 1544 0 0 179
tree 264 1544 2 0 179
dom 448 1536 161 3 179
trop 540 1540 48 179 179
tree 632 1560 25 1 179
tree 824 1544 13 1 179
tree 856 1544 17 0 179
vor 1148 1548 0 179 179
stand 1304 1560 167 1 179
tree 1304 1544 41 1 179
tree 1320 1544 22 1 179
tree 1400 1560 23 1 179
tree 1416 1560 33 1 179
tree 1512 1544 38 1 179
tree 1528 1544 0 1 179
tree 1592 1544 8 1 179
tree 2008 1544 16 0 179
tree 2088 1544 26 1 179
tree 2104 1544 34 1 179
tree 2184 1544 0 1 179
tree 2584 1544 2 1 179
vor 2588 1564 33 179 179
vor 2732 1564 17 179 179
vor 2916 1564 0 179 179
trop 2988 1556 48 179 179
stand 3192 1544 256 0 179
stand 3656 1544 165 1 179
vor 3684 1564 16 179 179
stand 3688 1544 284 0 179
vor 3764 1556 33 179 179
vor 3820 1564 88 179 179
vor 3932 1564 88 179 179
vor 380 1596 16 179 179
tree 504 1592 2 1 179
tree 632 1576 23 1 179
vor 1204 1572 16 179 179
trop 1284 1596 45 179 179
stand 1368 1592 167 1 179
trop 1444 1596 45 179 179
stand 1480 1576 167 1 179
stand 1560 1576 167 1 179
trop 1604 1596 45 179 179
trop 1764 1596 45 179 179
trop 1924 1596 45 179 179
vor 1980 1596 16 179 179
trop 2084 1596 45 179 179
vor 2148 1596 16 179 179
trop 2244 1596 45 179 179
vor 2324 1580 17 179 179
trop 2404 1596 45 179 179
vor 2420 1588 17 179 179
trop 2484 1596 48 179 179
vor 2540 1588 17 179 179
trop 2652 1596 45 179 179
vor 2700 1596 33 179 179
trop 2812 1596 45 179 179
vor 2836 1580 16 179 179
trop 2956 1596 45 179 179
vor 2964 1588 33 179 179
vor 3028 1588 16 179 179
tree 3064 1576 14 0 179
stand 3720 1576 233 0 179
stand 3864 1576 167 1 179
tree 248 1608 1 0 179
tree 248 1624 26 0 179
tree 536 1608 12 1 179
vor 1516 1620 88 179 179
stand 1640 1624 167 1 179
stand 3592 1624 283 0 179
tree 3672 1624 12 1 179
vor 3708 1628 33 179 179
stand 3800 1624 166 1 179
stand 3832 1624 167 1 179
stand 3864 1624 167 1 179
stand 3928 1608 167 1 179
vor 260 1644 16 179 179
dom 1088 1632 184 1 179
trop 1180 1636 44 179 179
tree 1448 1656 2 1 179
tree 1496 1656 13 1 179
tree 1496 1640 11 1 179
tree 1720 1656 2 1 179
stand 1736 1640 167 1 179
tree 1752 1656 18 1 179
tree 1768 1656 39 1 179
tree 1848 1640 10 1 179
tree 1832 1640 31 1 179
tree 1912 1656 39 1 179
tree 1944 1656 30 1 179
tree 1928 1656 33 1 179
tree 2024 1656 2 1 179
tree 2168 1656 14 1 179
tree 2168 1640 38 1 179
tree 2232 1656 26 1 179
tree 2248 1656 7 1 179
tree 2280 1656 5 1 179
tree 2392 1656 39 1 179
tree 2408 1656 28 1 179
tree 2424 1656 39 1 179
trop 2532 1636 44 179 179
tree 2936 1640 9 1 179
tree 3000 1656 13 0 179
tree 3016 1640 7 1 179
stand 3192 1640 256 0 179
stand 3592 1640 165 0 179
tree 3752 1640 6 1 179
vor 3756 1636 16 179 179
vor 3892 1644 16 179 179
vor 3956 1652 0 179 179
tree 184 1688 2 0 179
trop 380 1668 44 179 179
dom 480 1664 160 3 179
tree 552 1672 24 1 179
tree 552 1688 34 1 179
dom 640 1664 160 1 179
tree 712 1688 8 1 179
dom 800 1664 160 2 179
tree 856 1672 23 1 179
tree 856 1688 0 1 179
tree 840 1688 7 1 179
tree 920 1672 14 1 179
tree 952 1672 6 1 179
tree 936 1672 39 1 179
tree 968 1672 2 1 179
dom 960 1664 160 2 179
tree 1048 1672 22 1 179
tree 1032 1672 27 1 179
tree 1080 1688 7 1 179
tree 1064 1688 5 1 179
tree 1064 1672 17 1 179
tree 1144 1688 28 1 179
tree 1128 1688 18 1 179
stand 1496 1672 152 0 179
tree 2040 1672 40 1 179
tree 2056 1672 8 1 179
tree 2248 1672 33 1 179
tree 2424 1672 13 0 179
tree 2456 1672 41 1 179
trop 2524 1676 32 179 179
vor 2580 1676 88 179 179
dom 2848 1664 232 2 179
vor 3084 1668 16 179 179
vor 3628 1668 0 179 179
stand 3800 1688 167 1 179
vor 548 1708 16 179 179
vor 884 1716 88 179 179
vor 940 1708 16 179 179
tree 1048 1704 17 0 179
vor 1124 1724 16 179 179
dom 1216 1696 283 2 179
dom 1376 1696 283 1 179
trop 1556 1716 44 179 179
dom 1632 1696 282 1 179
dom 1792 1696 282 2 179
dom 1952 1696 282 2 179
dom 2112 1696 282 2 179
dom 2304 1696 283 1 179
dom 2656 1696 183 0 179
vor 3044 1700 0 179 179
vor 3724 1708 0 179 179
trop 3860 1716 44 179 179
trop 412 1748 45 179 179
trop 572 1748 45 179 179
trop 732 1748 45 179 179
trop 884 1748 45 179 179
trop 1036 1748 45 179 179
trop 1148 1748 45 179 179
tree 1480 1752 22 1 179
tree 1768 1752 8 1 179
tree 1864 1752 17 1 179
tree 1928 1752 0 1 179
lay 2472 1736 58 0 179
trop 2532 1732 46 179 179
vor 2772 1732 17 179 179
vor 2972 1732 0 179 179
stand 3576 1752 165 1 179
stand 3624 1752 278 0 179
vor 3660 1740 0 179 179
tree 3784 1752 33 1 179
tree 168 1784 14 0 179
vor 900 1788 33 179 179
vor 1076 1772 16 179 179
vor 1180 1764 88 179 179
vor 1364 1780 16 179 179
tree 1400 1784 41 1 179
tree 1416 1784 15 1 179
tree 1480 1768 14 1 179
tree 1944 1768 15 1 179
tree 1928 1768 26 1 179
tree 1976 1768 9 1 179
tree 1960 1768 30 1 179
tree 2008 1768 17 1 179
tree 1992 1768 41 1 179
tree 2072 1768 28 1 179
tree 2104 1768 20 1 179
tree 2088 1768 3 1 179
stand 2584 1784 165 0 179
stand 2792 1784 152 0 179
vor 2844 1780 17 179 179
vor 2916 1772 0 179 179
vor 2996 1780 16 179 179
stand 3192 1768 259 0 179
trop 292 1796 44 179 179
tree 392 1816 17 0 179
tree 456 1816 14 1 179
tree 552 1800 38 1 179
tree 584 1816 13 0 179
tree 600 1816 30 1 179
tree 616 1800 22 1 179
tree 616 1816 16 1 179
tree 776 1816 13 0 179
vor 876 1804 16 179 179
tree 1000 1816 13 0 179
tree 1672 1816 16 0 179
tree 1832 1816 16 0 179
tree 1992 1816 16 0 179
tree 2152 1816 16 0 179
tree 2312 1816 16 0 179
stand 2456 1800 165 0 179
tree 2632 1800 9 0 179
vor 3612 1820 9 179 179
vor 3828 1804 88 179 179
tree 408 1848 9 1 179
dom 512 1824 160 2 179
stand 3624 1848 278 0 179
vor 252 1884 0 179 179
tree 408 1880 17 1 179
tree 408 1864 11 1 179
vor 452 1876 16 179 179
stand 664 1880 261 0 179
stand 776 1880 257 0 179
stand 872 1880 257 0 179
stand 936 1880 257 0 179
stand 1032 1880 257 0 179
stand 1128 1880 257 0 179
stand 1224 1880 257 0 179
stand 1320 1880 257 0 179
stand 1416 1880 257 0 179
stand 1752 1880 257 0 179
stand 1848 1880 257 0 179
stand 1944 1880 257 0 179
stand 2040 1880 257 0 179
stand 2136 1880 257 0 179
stand 2216 1880 257 0 179
stand 2312 1880 257 0 179
stand 2376 1880 257 0 179
stand 2712 1880 257 0 179
stand 2792 1880 257 0 179
stand 2856 1880 257 0 179
stand 2936 1880 257 0 179
stand 3064 1880 258 0 179
stand 3576 1880 165 0 179
tree 3704 1864 16 0 179
dom 3776 1856 161 3 179
trop 3860 1876 44 179 179
tree 136 1896 6 0 179
vor 196 1908 0 179 179
tree 408 1896 18 1 179
tree 424 1912 20 1 179
vor 444 1908 33 179 179
stand 1480 1896 165 0 179
stand 1624 1896 165 0 179
stand 2440 1896 165 0 179
stand 2584 1896 165 0 179
vor 3868 1908 0 179 179
vor 212 1932 16 179 179
tree 408 1944 2 1 179
tree 408 1928 36 1 179
dom 384 1920 142 2 179
tree 424 1928 8 1 179
vor 468 1932 0 179 179
vor 3580 1948 9 179 179
stand 3624 1944 278 0 179
vor 3620 1924 9 179 179
tree 3768 1928 31 1 179
vor 3852 1932 17 179 179
vor 244 1972 0 179 179
trop 292 1956 44 179 179
tree 408 1976 41 1 179
tree 376 2008 24 1 179
tree 392 1992 40 1 179
stand 3576 2008 165 0 179
vor 3628 1988 24 179 179
vor 3892 1988 17 179 179
tree 376 2024 17 0 179
tree 360 2024 34 1 179
tree 424 2024 6 1 179
vor 476 2044 0 179 179
stand 584 2024 260 0 179
stand 1480 2040 165 0 179
most 1536 2016 34 0 179
stand 1624 2040 165 0 179
stand 2440 2040 165 0 179
most 2496 2016 34 0 179
stand 2584 2040 165 0 179
stand 3624 2040 278 0 179
dom 3776 2016 161 2 179
trop 3860 2028 44 179 179
vor 3948 2028 0 179 179
tree 3656 2056 16 1 179
tree 3720 2072 17 0 179
tree 3752 2072 7 1 179
vor 3892 2060 17 179 179
vor 436 2108 0 179 179
vor 3612 2084 9 179 179
tree 3704 2088 36 1 179
vor 3796 2108 17 179 179
vor 180 2132 0 179 179
vor 268 2116 0 179 179
trop 292 2116 44 179 179
stand 552 2120 256 0 179
vor 3692 2132 88 179 179
tree 216 2168 22 0 179
dom 384 2144 142 1 179
vor 468 2164 16 179 179
stand 3560 2152 165 0 179
stand 3576 2152 282 0 179
vor 3636 2172 17 179 179
vor 3908 2148 17 179 179
stand 1480 2184 165 0 179
stand 1624 2184 165 0 179
stand 2440 2184 165 0 179
stand 2584 2184 165 0 179
vor 3564 2204 17 179 179
dom 3776 2176 161 3 179
trop 3860 2188 44 179 179
vor 212 2236 0 179 179
trop 292 2228 44 179 179
vor 412 2228 0 179 179
stand 552 2216 256 0 179
tree 3656 2216 14 1 179
vor 3828 2212 0 179 179
tree 136 2248 20 0 179
vor 188 2268 16 179 179
vor 364 2252 16 179 179
vor 1548 2260 16 179 179
trop 1564 2244 18 179 179
stand 3480 2248 165 0 179
tree 3640 2264 37 1 179
tree 3672 2264 2 1 179
tree 3768 2248 40 1 179
tree 3768 2264 30 1 179
vor 300 2284 88 179 179
vor 412 2276 0 179 179
tree 1480 2280 13 0 179
stand 1736 2296 165 0 179
stand 1928 2296 165 0 179
stand 2136 2296 165 0 179
stand 2312 2296 165 0 179
stand 2440 2296 207 0 179
stand 2456 2296 165 0 179
stand 2744 2296 165 0 179
stand 2904 2296 165 0 179
stand 3048 2296 165 0 179
stand 3208 2296 165 0 179
stand 3352 2296 165 0 179
stand 3432 2280 281 0 179
vor 3524 2300 88 179 179
vor 3948 2300 0 179 179
vor 204 2316 0 179 179
tree 392 2312 41 1 179
tree 456 2312 41 1 179
stand 1048 2312 284 0 179
dom 1120 2304 283 2 179
dom 1376 2304 283 1 179
trop 1572 2324 22 179 179
vor 1636 2316 16 179 179
vor 1796 2308 16 179 179
vor 1892 2332 16 179 179
stand 2136 2312 206 0 179
stand 2120 2328 206 0 179
stand 2456 2312 207 0 179
stand 2472 2328 207 0 179
vor 2500 2308 17 179 179
trop 2596 2308 46 179 179
stand 2616 2312 165 0 179
tree 2648 2328 9 0 179
tree 2824 2328 9 0 179
stand 3256 2328 167 1 179
vor 3316 2324 17 179 179
tree 3688 2312 16 0 179
vor 3924 2316 9 179 179
stand 264 2344 233 0 179
vor 316 2340 64 179 179
vor 444 2364 88 179 179
stand 552 2344 259 0 179
stand 1176 2344 277 0 179
tree 1272 2344 13 0 179
stand 1272 2344 277 0 179
stand 1368 2344 277 0 179
stand 1464 2344 277 0 179
trop 1540 2364 32 179 179
trop 1580 2364 32 179 179
trop 1612 2348 32 179 179
stand 1784 2344 277 0 179
stand 1880 2344 277 0 179
stand 1976 2344 277 0 179
stand 2072 2344 277 0 179
stand 2088 2344 195 0 179
stand 2168 2344 277 0 179
stand 2216 2360 167 1 179
stand 2264 2344 277 0 179
stand 2360 2344 277 0 179
stand 2424 2344 277 0 179
vor 2420 2356 16 179 179
stand 2488 2344 196 0 179
stand 2744 2344 277 0 179
stand 2808 2344 277 0 179
stand 2888 2344 277 0 179
stand 2984 2344 277 0 179
stand 3080 2344 277 0 179
stand 3176 2344 277 0 179
stand 3224 2344 167 1 179
stand 3272 2344 277 0 179
stand 3352 2344 277 0 179
dom 3776 2336 161 2 179
trop 3860 2340 44 179 179
vor 3900 2356 17 179 179
vor 364 2372 88 179 179
stand 952 2392 283 0 179
tree 1240 2376 19 1 179
tree 1256 2376 20 1 179
tree 1304 2392 4 1 179
tree 1320 2392 41 1 179
stand 1352 2376 167 1 179
tree 1368 2392 36 1 179
stand 1400 2392 167 1 179
tree 1432 2392 22 1 179
tree 1432 2376 8 1 179
vor 1428 2388 16 179 179
stand 1560 2392 167 1 179
tree 1560 2392 26 1 179
tree 1976 2392 23 1 179
stand 2088 2392 193 0 179
tree 2088 2376 20 0 179
tree 2120 2392 4 1 179
lay 2392 2392 64 0 179
stand 2488 2392 194 0 179
vor 2540 2380 17 179 179
vor 2652 2380 64 179 179
tree 3000 2376 8 1 179
tree 2984 2376 3 1 179
tree 3000 2392 28 1 179
tree 3048 2392 17 0 179
tree 3096 2392 11 1 179
tree 3080 2392 8 1 179
tree 3160 2376 7 1 179
tree 3144 2376 15 1 179
stand 3224 2376 167 1 179
tree 3208 2392 17 0 179
tree 3224 2376 4 1 179
tree 3208 2376 17 1 179
stand 3272 2376 167 1 179
stand 3352 2392 167 1 179
tree 3352 2392 14 0 179
tree 3384 2392 23 1 179
vor 3364 2380 17 179 179
dom 3456 2368 139 2 179
tree 3544 2376 29 1 179
dom 3648 2368 160 1 179
tree 3736 2376 5 1 179
stand 280 2424 285 0 179
vor 420 2428 25 179 179
vor 484 2420 24 179 179
lay 520 2424 10 0 179
stand 1080 2408 167 1 179
tree 1096 2424 1 1 179
stand 1208 2424 167 1 179
tree 1528 2424 37 1 179
trop 1588 2428 18 179 179
trop 1644 2420 18 179 179
stand 1688 2408 167 1 179
tree 1928 2408 12 1 179
tree 1976 2424 17 0 179
tree 2024 2408 39 1 179
stand 2104 2424 167 1 179
stand 2120 2424 207 0 179
tree 2264 2408 39 1 179
tree 2392 2424 41 1 179
tree 2424 2408 6 1 179
lay 2408 2408 58 0 179
stand 2472 2424 206 0 179
lay 2648 2408 58 0 179
dom 2784 2400 135 1 179
stand 3160 2408 167 1 179
stand 3192 2408 167 1 179
stand 3336 2424 167 1 179
tree 3336 2424 39 1 179
stand 3480 2408 167 1 179
tree 3464 2408 9 1 179
vor 3548 2404 88 179 179
tree 3640 2408 23 1 179
tree 3656 2408 2 1 179
vor 3740 2420 17 179 179
vor 3828 2428 88 179 179
tree 3912 2408 2 1 179
tree 3944 2408 20 1 179
stand 216 2456 288 0 179
tree 408 2456 40 1 179
lay 520 2440 40 0 179
trop 1180 2460 45 179 179
trop 1332 2460 45 179 179
vor 1452 2436 25 179 179
trop 1492 2452 17 179 179
vor 1516 2460 16 179 179
trop 1516 2452 18 179 179
trop 1652 2452 17 179 179
trop 1812 2460 45 179 179
trop 1900 2460 45 179 179
vor 1948 2436 16 179 179
lay 2040 2440 64 0 179
stand 2056 2456 167 1 179
trop 2060 2460 45 179 179
stand 2136 2440 207 0 179
trop 2220 2460 45 179 179
trop 2372 2460 45 179 179
stand 2456 2440 206 0 179
trop 2532 2460 45 179 179
trop 2692 2460 45 179 179
vor 2708 2452 17 179 179
trop 2852 2460 45 179 179
trop 3012 2460 45 179 179
trop 3172 2460 45 179 179
trop 3332 2460 45 179 179
stand 3432 2456 167 1 179
trop 3492 2460 45 179 179
vor 3492 2444 17 179 179
trop 3644 2460 45 179 179
vor 3676 2452 17 179 179
vor 3764 2460 17 179 179
trop 3796 2460 45 179 179
trop 3924 2460 45 179 179
vor 3924 2460 17 179 179
lay 376 2472 42 0 179
lay 360 2472 10 0 179
lay 520 2472 42 0 179
vor 964 2468 0 179 179
tree 1064 2472 17 0 179
tree 1080 2488 34 1 179
vor 2428 2468 16 179 179
stand 2504 2488 167 1 179
vor 3308 2468 88 179 179
stand 984 2520 278 0 179
stand 1144 2504 167 1 179
trop 1148 2500 48 179 179
tree 1224 2520 10 1 179
tree 1256 2504 14 0 179
tree 1272 2504 3 1 179
tree 1336 2504 21 1 179
tree 1368 2504 34 1 179
tree 1352 2504 22 1 179
tree 1432 2504 18 1 179
tree 1416 2504 10 1 179
tree 1464 2504 27 1 179
tree 1448 2504 2 1 179
tree 1512 2504 30 1 179
dom 1568 2496 268 0 179
dom 1920 2496 232 2 179
stand 2472 2520 73 0 179
stand 2504 2520 73 0 179
stand 2536 2520 73 0 179
stand 2760 2520 167 1 179
tree 2856 2520 8 1 179
tree 2952 2520 18 1 179
tree 3768 2520 14 0 179
tree 3784 2504 37 1 179
tree 3864 2520 22 1 179
tree 3880 2520 26 1 179
tree 3912 2520 10 1 179
vor 956 2532 0 179 179
tree 1080 2552 27 1 179
tree 1080 2536 2 1 179
tree 1096 2536 31 1 179
tree 1224 2536 31 1 179
dom 1440 2528 183 1 179
tree 1672 2552 30 1 179
dom 1760 2528 183 2 179
stand 2008 2536 167 1 179
stand 2168 2536 73 0 179
trop 2164 2556 48 179 179
stand 2200 2536 73 0 179
stand 2232 2536 73 0 179
trop 2260 2556 48 179 179
dom 2336 2528 83 1 179
trop 2348 2556 48 179 179
trop 2436 2556 48 179 179
stand 2456 2552 183 0 179
stand 2456 2536 183 0 179
trop 2524 2556 48 179 179
trop 2612 2556 48 179 179
trop 2708 2556 48 179 179
tree 2936 2536 16 0 179
vor 2932 2532 64 179 179
dom 3264 2528 183 2 179
tree 3416 2536 38 1 179
stand 3832 2536 167 1 179
vor 972 2564 16 179 179
tree 1080 2584 25 1 179
tree 1080 2568 41 1 179
dom 1056 2560 142 2 179
trop 1148 2588 44 179 179
vor 1132 2580 17 179 179
stand 1496 2568 167 1 179
tree 1544 2584 33 1 179
tree 1672 2568 16 0 179
tree 1672 2584 22 1 179
trop 2060 2588 44 179 179
tree 2216 2584 3 1 179
stand 2456 2568 180 0 179
trop 2804 2580 44 179 179
tree 2904 2568 39 1 179
tree 2920 2584 17 0 179
vor 2948 2580 64 179 179
trop 3012 2580 44 179 179
dom 3104 2560 186 2 179
tree 3192 2568 5 1 179
vor 3180 2572 17 179 179
tree 3432 2584 5 1 179
dom 3552 2560 139 1 179
stand 3640 2584 167 1 179
dom 3712 2560 139 2 179
stand 3880 2568 167 1 179
vor 948 2596 0 179 179
stand 984 2616 278 0 179
dom 1248 2592 186 3 179
stand 1464 2600 167 1 179
tree 1448 2616 16 0 179
tree 1464 2600 10 1 179
vor 1636 2620 88 179 179
vor 1700 2620 16 179 179
tree 1752 2600 31 1 179
tree 2008 2616 41 1 179
dom 2144 2592 161 1 179
stand 2248 2616 209 0 179
stand 2264 2600 167 1 179
tree 2280 2600 20 0 179
tree 2392 2616 22 0 179
stand 2424 2600 206 0 179
stand 2408 2616 206 0 179
lay 2568 2600 64 0 179
dom 2656 2592 84 2 179
tree 2936 2600 17 1 179
tree 3320 2600 23 1 179
dom 3392 2592 142 2 179
tree 3432 2600 26 1 179
stand 3640 2616 167 1 179
vor 3716 2612 8 179 179
stand 3880 2616 167 1 179
tree 3928 2600 0 1 179
tree 3944 2616 3 1 179
tree 3944 2600 6 1 179
vor 956 2644 17 179 179
tree 1080 2648 10 1 179
tree 1080 2632 8 1 179
tree 1224 2632 14 1 179
tree 1224 2648 34 1 179
tree 1240 2648 17 1 179
trop 1516 2644 48 179 179
trop 1524 2644 48 179 179
tree 1784 2632 22 0 179
trop 2164 2644 48 179 179
trop 2252 2644 48 179 179
stand 2296 2648 167 1 179
tree 2296 2648 3 1 179
trop 2348 2644 48 179 179
tree 2424 2648 3 1 179
stand 2408 2632 207 0 179
trop 2436 2644 48 179 179
trop 2524 2644 48 179 179
trop 2612 2644 48 179 179
trop 2708 2652 48 179 179
lay 3208 2632 64 0 179
vor 3220 2652 64 179 179
vor 3260 2628 17 179 179
tree 3624 2648 14 1 179
stand 3688 2648 167 1 179
vor 3804 2636 88 179 179
tree 1080 2680 39 1 179
tree 1240 2664 30 1 179
tree 1432 2680 18 1 179
tree 1432 2664 33 1 179
tree 1448 2664 3 1 179
stand 1512 2680 167 1 179
trop 1516 2668 48 179 179
tree 1576 2664 9 0 179
stand 1624 2680 71 0 179
stand 1656 2680 71 0 179
stand 1688 2680 71 0 179
stand 1720 2680 71 0 179
tree 1736 2664 36 1 179
vor 1756 2668 16 179 179
stand 1752 2680 71 0 179
stand 1784 2680 71 0 179
stand 2376 2664 167 1 179
stand 2376 2680 144 0 179
stand 2440 2680 194 0 179
tree 2584 2664 18 0 179
tree 3624 2664 34 1 179
lay 3672 2680 64 0 179
vor 964 2692 0 179 179
tree 1080 2712 17 1 179
tree 1080 2696 6 1 179
tree 1192 2696 26 1 179
tree 1240 2696 41 1 179
tree 1256 2712 15 0 179
tree 1432 2712 33 1 179
dom 1408 2688 186 1 179
dom 1952 2688 235 2 179
stand 2168 2696 167 1 179
tree 2360 2712 39 0 179
tree 2392 2696 12 1 179
stand 2408 2696 195 0 179
lay 2440 2696 64 0 179
stand 2808 2712 167 1 179
tree 2840 2712 35 1 179
tree 2872 2696 18 1 179
dom 2944 2688 161 1 179
vor 3300 2692 17 179 179
tree 3416 2712 29 1 179
tree 3432 2712 2 1 179
tree 3432 2696 41 1 179
dom 3520 2688 281 1 179
vor 3676 2700 9 179 179
vor 3828 2716 8 179 179
stand 936 2728 282 0 179
vor 980 2748 17 179 179
tree 1080 2744 3 1 179
dom 1056 2720 142 1 179
trop 1148 2740 44 179 179
tree 1432 2744 37 1 179
tree 1432 2728 8 1 179
stand 1624 2728 71 0 179
stand 1656 2728 71 0 179
stand 1688 2728 71 0 179
stand 1720 2728 71 0 179
tree 1704 2744 23 1 179
stand 1752 2728 71 0 179
stand 1784 2728 71 0 179
trop 2060 2740 44 179 179
dom 2144 2720 161 1 179
trop 2164 2740 48 179 179
tree 2200 2728 3 1 179
stand 2216 2744 167 1 179
trop 2260 2740 48 179 179
dom 2240 2720 215 3 179
trop 2356 2740 48 179 179
stand 2344 2728 209 0 179
stand 2392 2728 194 0 179
trop 2452 2740 48 179 179
tree 2472 2728 3 1 179
trop 2548 2740 48 179 179
trop 2612 2740 48 179 179
trop 2708 2748 48 179 179
trop 2804 2740 44 179 179
trop 3012 2740 44 179 179
dom 3104 2720 186 2 179
tree 3224 2744 14 1 179
vor 3252 2724 17 179 179
dom 3392 2720 142 2 179
vor 3780 2748 9 179 179
vor 924 2764 16 179 179
tree 1080 2760 30 1 179
tree 1448 2776 20 1 179
stand 1512 2776 167 1 179
trop 1516 2756 48 179 179
tree 1576 2760 9 0 179
tree 2008 2776 11 1 179
tree 2008 2760 0 1 179
tree 1992 2760 22 1 179
stand 2200 2776 167 1 179
tree 2280 2776 3 1 179
vor 2732 2756 17 179 179
tree 2936 2760 40 1 179
tree 3224 2760 0 1 179
tree 3304 2776 7 1 179
tree 3416 2776 2 1 179
vor 3460 2772 17 179 179
tree 3592 2776 37 1 179
tree 3608 2776 36 1 179
tree 3608 2760 27 1 179
vor 3732 2764 88 179 179
lay 456 2808 45 0 179
tree 1064 2792 7 1 179
tree 1080 2792 7 1 179
dom 1248 2784 186 2 179
tree 1432 2808 2 1 179
tree 1432 2792 20 1 179
vor 1492 2812 25 179 179
tree 1784 2808 23 1 179
trop 1860 2796 48 179 179
tree 1992 2808 37 1 179
tree 2232 2792 19 0 179
stand 2344 2792 167 1 179
dom 2432 2784 217 3 179
stand 2520 2792 251 0 179
dom 2656 2784 269 1 179
tree 3400 2808 15 0 179
tree 3416 2792 22 1 179
vor 3676 2788 8 179 179
vor 3844 2804 17 179 179
lay 424 2840 10 0 179
lay 440 2824 8 0 179
lay 456 2840 8 0 179
vor 548 2844 32 179 179
tree 584 2824 41 1 179
lay 632 2840 10 0 179
vor 940 2828 17 179 179
tree 1432 2824 28 1 179
tree 1448 2840 40 1 179
tree 1448 2824 40 1 179
trop 1516 2844 48 179 179
trop 1612 2836 48 179 179
trop 1700 2836 48 179 179
trop 1772 2836 48 179 179
tree 1800 2840 18 0 179
dom 1920 2816 234 2 179
trop 2164 2836 48 179 179
tree 2216 2840 3 1 179
trop 2260 2836 48 179 179
dom 2272 2816 222 2 179
dom 2304 2816 221 3 179
trop 2356 2836 48 179 179
trop 2452 2836 48 179 179
tree 2552 2824 3 1 179
trop 2548 2836 48 179 179
tree 2568 2840 18 0 179
trop 2612 2836 48 179 179
trop 2708 2844 48 179 179
tree 3192 2840 20 1 179
tree 3192 2824 12 1 179
vor 3268 2828 88 179 179
tree 3416 2840 39 1 179
tree 3608 2840 2 1 179
stand 3720 2824 167 1 179
lay 3800 2824 64 0 179
vor 3796 2828 16 179 179
stand 216 2856 290 0 179
vor 500 2852 25 179 179
tree 600 2856 40 1 179
tree 632 2872 40 1 179
stand 648 2856 290 0 179
stand 792 2856 281 0 179
vor 836 2860 17 179 179
dom 1408 2848 185 1 179
tree 1560 2856 16 1 179
dom 1696 2848 191 1 179
dom 2144 2848 161 1 179
tree 2376 2856 3 1 179
tree 2488 2856 3 1 179
tree 2856 2856 17 1 179
dom 2944 2848 161 2 179
tree 3416 2856 15 1 179
tree 3608 2856 24 1 179
vor 260 2900 0 179 179
vor 396 2884 74 179 179
stand 392 2888 292 0 179
vor 460 2900 88 179 179
tree 520 2888 40 1 179
vor 588 2908 88 179 179
tree 632 2888 40 1 179
stand 648 2888 238 0 179
vor 796 2908 65 179 179
dom 1056 2880 136 2 179
trop 1148 2892 44 179 179
tree 1240 2888 17 0 179
tree 1256 2888 23 1 179
tree 1432 2904 15 0 179
tree 1448 2904 12 1 179
trop 1700 2900 48 179 179
trop 1852 2892 48 179 179
trop 2060 2900 44 179 179
lay 2376 2904 64 0 179
vor 2460 2884 88 179 179
tree 2488 2904 3 1 179
stand 2664 2904 167 1 179
trop 2804 2900 44 179 179
tree 2888 2904 15 0 179
trop 3012 2900 44 179 179
dom 3104 2880 186 3 179
tree 3224 2888 31 1 179
tree 3240 2904 31 1 179
tree 3240 2888 30 1 179
lay 3256 2888 64 0 179
tree 3288 2904 16 1 179
dom 3360 2880 155 2 179
dom 3520 2880 281 1 179
stand 3640 2888 167 1 179
tree 3800 2888 5 1 179
dom 224 2912 199 0 179
vor 268 2932 0 179 179
stand 328 2920 277 0 179
dom 320 2912 212 3 179
stand 408 2920 277 0 179
vor 564 2940 0 179 179
stand 696 2920 277 0 179
tree 712 2936 34 1 179
tree 728 2936 39 1 179
tree 760 2936 19 1 179
tree 776 2936 17 0 179
tree 824 2936 6 1 179
vor 836 2932 0 179 179
vor 860 2924 0 179 179
tree 904 2936 38 1 179
tree 920 2936 31 1 179
tree 968 2936 17 0 179
tree 984 2936 13 1 179
vor 972 2916 17 179 179
tree 1032 2920 20 1 179
tree 1448 2936 32 1 179
trop 1516 2932 48 179 179
tree 1576 2936 9 0 179
trop 1612 2932 48 179 179
trop 1772 2932 48 179 179
vor 1892 2916 88 179 179
trop 2164 2932 48 179 179
trop 2236 2932 48 179 179
trop 2332 2932 48 179 179
trop 2428 2932 48 179 179
trop 2516 2932 48 179 179
trop 2612 2932 48 179 179
trop 2708 2940 48 179 179
stand 2792 2920 167 1 179
tree 2952 2920 25 1 179
tree 3416 2936 13 1 179
tree 3416 2920 39 1 179
lay 3672 2936 64 0 179
vor 3724 2924 8 179 179
vor 3812 2940 88 179 179
vor 364 2972 0 179 179
vor 468 2956 64 179 179
vor 460 2972 0 179 179
tree 712 2952 1 1 179
tree 728 2952 21 1 179
tree 744 2952 13 1 179
tree 824 2952 41 1 179
tree 840 2952 4 1 179
vor 1068 2972 64 179 179
tree 1448 2968 4 1 179
tree 1448 2952 6 1 179
vor 1716 2956 65 179 179
tree 1800 2952 17 0 179
tree 1992 2968 34 1 179
vor 3204 2948 88 179 179
tree 3736 2968 25 1 179
vor 3908 2956 16 179 179
vor 692 2988 64 179 179
vor 836 2996 65 179 179
vor 940 2988 17 179 179
vor 996 3004 0 179 179
dom 1248 2976 186 1 179
dom 1408 2976 186 2 179
stand 1656 2984 253 0 179
stand 1688 2984 253 0 179
stand 1720 2984 253 0 179
trop 1700 2988 48 179 179
vor 1836 3004 88 179 179
trop 1852 2980 48 179 179
dom 2144 2976 161 2 179
dom 2336 2976 85 1 179
dom 2656 2976 190 2 179
tree 2856 2984 24 1 179
tree 3416 3000 1 1 179
trop 172 3012 45 179 179
trop 324 3012 45 179 179
vor 396 3012 0 179 179
trop 484 3012 45 179 179
vor 492 3036 0 179 179
vor 540 3028 0 179 179
vor 620 3012 0 179 179
trop 644 3012 45 179 179
trop 804 3012 45 179 179
trop 964 3012 45 179 179
trop 1116 3012 45 179 179
vor 1092 3020 0 179 179
trop 1156 3012 48 179 179
trop 1516 3020 48 179 179
tree 1576 3032 9 0 179
trop 1612 3020 48 179 179
tree 1624 3032 22 0 179
stand 1656 3016 253 0 179
stand 1688 3016 253 0 179
vor 1684 3036 33 179 179
stand 1720 3016 253 0 179
trop 1700 3012 48 179 179
trop 1780 3012 48 179 179
stand 1800 3032 167 1 179
dom 1920 3008 281 3 179
trop 2148 3028 48 179 179
trop 2164 3028 48 179 179
stand 2184 3032 73 0 179
stand 2216 3032 73 0 179
stand 2248 3032 73 0 179
trop 2260 3028 48 179 179
trop 2356 3028 48 179 179
trop 2452 3028 48 179 179
tree 2456 3016 22 0 179
trop 2548 3028 48 179 179
dom 2592 3008 159 1 179
trop 2612 3028 48 179 179
trop 2708 3036 48 179 179
stand 2728 3016 167 1 179
tree 2840 3016 41 1 179
dom 2944 3008 161 2 179
tree 3768 3032 34 1 179
vor 244 3060 0 179 179
vor 740 3068 0 179 179
tree 920 3064 34 1 179
tree 1000 3064 26 1 179
tree 1016 3064 8 1 179
tree 1032 3064 41 1 179
tree 1080 3064 36 1 179
tree 1096 3064 39 1 179
tree 1160 3064 26 1 179
vor 1188 3044 0 179 179
tree 1240 3048 15 1 179
trop 1844 3068 48 179 179
trop 2060 3060 44 179 179
tree 2200 3064 3 1 179
vor 2196 3068 33 179 179
tree 2456 3048 20 0 179
trop 2804 3052 44 179 179
stand 2872 3064 167 1 179
tree 2856 3064 21 1 179
trop 3012 3052 44 179 179
dom 3104 3040 186 2 179
dom 3264 3040 183 2 179
dom 3360 3040 136 2 179
vor 3436 3068 88 179 179
dom 3488 3040 282 2 179
dom 3680 3040 282 1 179
dom 3872 3040 282 3 179
vor 556 3092 88 179 179
vor 716 3084 65 179 179
vor 764 3092 17 179 179
tree 872 3080 25 1 179
vor 892 3092 17 179 179
vor 1244 3076 17 179 179
tree 1288 3096 34 1 179
vor 1476 3092 88 179 179
vor 1628 3092 88 179 179
vor 1756 3084 65 179 179
tree 1816 3080 15 0 179
tree 2168 3080 19 1 179
tree 2232 3096 29 1 179
lay 2264 3080 64 0 179
vor 2316 3100 33 179 179
tree 2392 3080 27 1 179
stand 2440 3096 167 1 179
stand 2472 3096 167 1 179
stand 2536 3096 167 1 179
tree 2568 3096 36 1 179
tree 2712 3096 4 1 179
stand 2760 3080 167 1 179
tree 2856 3080 25 1 179
stand 2888 3080 167 1 179
vor 2932 3100 88 179 179
tree 2952 3096 18 1 179
tree 3160 3096 33 1 179
tree 3256 3096 7 1 179
tree 3272 3096 35 1 179
tree 3384 3080 39 1 179
tree 3400 3096 18 1 179
tree 3416 3096 29 1 179
tree 3640 3096 15 0 179
tree 488 3112 3 1 179
trop 516 3124 48 179 179
trop 580 3124 48 179 179
dom 608 3104 281 3 179
trop 684 3124 48 179 179
trop 796 3124 44 179 179
vor 868 3132 88 179 179
vor 940 3116 65 179 179
tree 1288 3112 36 1 179
vor 1292 3116 0 179 179
stand 1480 3128 167 1 179
trop 1516 3116 48 179 179
trop 1596 3116 48 179 179
trop 1684 3108 48 179 179
trop 1780 3108 48 179 179
trop 1764 3108 48 179 179
tree 1992 3128 12 1 179
vor 2596 3132 88 179 179
tree 2872 3112 24 1 179
tree 2920 3112 20 1 179
stand 3000 3112 167 1 179
stand 3096 3128 167 1 179
tree 3160 3112 27 1 179
stand 3224 3128 167 1 179
tree 3208 3112 37 1 179
stand 3320 3128 167 1 179
tree 3304 3112 0 1 179
dom 160 3136 190 2 179
vor 300 3164 0 179 179
dom 416 3136 281 2 179
vor 540 3156 65 179 179
dom 1376 3136 189 2 179
stand 1448 3144 167 1 179
vor 1492 3148 0 179 179
tree 2232 3160 3 1 179
vor 2276 3156 88 179 179
trop 2308 3148 44 179 179
tree 2360 3160 6 1 179
tree 2536 3144 21 1 179
dom 2656 3136 281 3 179
vor 3564 3148 16 179 179
vor 3652 3164 16 179 179
vor 3812 3148 16 179 179
trop 500 3196 48 179 179
trop 588 3196 48 179 179
trop 652 3196 48 179 179
tree 696 3192 38 1 179
tree 696 3176 25 1 179
trop 684 3196 48 179 179
trop 796 3188 44 179 179
vor 812 3172 17 179 179
dom 1024 3168 159 3 179
dom 1120 3168 159 2 179
dom 1216 3168 159 1 179
dom 1312 3168 159 1 179
trop 1516 3196 48 179 179
dom 1568 3168 282 3 179
dom 1728 3168 282 2 179
dom 1888 3168 282 1 179
stand 2056 3192 167 1 179
dom 2176 3168 71 2 179
dom 2432 3168 283 2 179
trop 2900 3172 45 179 179
stand 2968 3192 167 1 179
trop 2980 3172 45 179 179
trop 3132 3180 45 179 179
trop 3284 3180 45 179 179
trop 3444 3180 45 179 179
vor 3556 3188 16 179 179
trop 3604 3180 45 179 179
trop 3764 3180 45 179 179
trop 3924 3180 45 179 179
vor 380 3212 0 179 179
tree 504 3224 23 1 179
tree 520 3224 22 1 179
tree 552 3208 9 1 179
vor 636 3220 17 179 179
tree 712 3208 5 1 179
vor 732 3204 65 179 179
tree 872 3224 20 1 179
dom 896 3200 160 3 179
vor 1332 3228 17 179 179
vor 1364 3228 65 179 179
tree 1416 3224 33 1 179
vor 1516 3212 65 179 179
tree 1864 3224 15 1 179
trop 2060 3220 44 179 179
tree 2248 3224 12 1 179
trop 2308 3212 44 179 179
tree 2376 3224 39 1 179
trop 2804 3204 44 179 179
tree 3032 3224 30 1 179
tree 3016 3224 25 1 179
tree 3144 3224 31 1 179
vor 268 3260 0 179 179
stand 456 3240 167 1 179
tree 856 3240 17 0 179
tree 936 3256 34 1 179
tree 936 3240 10 1 179
tree 1032 3256 20 1 179
tree 1032 3240 7 1 179
tree 1144 3240 27 1 179
tree 1224 3240 33 1 179
vor 1244 3260 64 179 179
tree 1304 3256 4 1 179
tree 1416 3240 18 0 179
tree 1464 3240 5 1 179
tree 1448 3240 7 1 179
tree 1496 3240 17 1 179
stand 1512 3240 167 1 179
tree 1544 3240 36 1 179
tree 1720 3240 36 1 179
stand 1864 3240 167 1 179
vor 2028 3260 33 179 179
tree 2120 3240 3 1 179
vor 2124 3236 17 179 179
vor 2228 3236 17 179 179
vor 2292 3244 33 179 179
vor 2364 3244 88 179 179
stand 2536 3240 167 1 179
vor 2556 3252 17 179 179
stand 2584 3240 167 1 179
stand 3016 3240 167 1 179
stand 3304 3240 167 1 179
stand 392 3288 167 1 179
vor 628 3268 65 179 179
vor 684 3284 17 179 179
vor 740 3268 0 179 179
vor 1012 3292 25 179 179
vor 1420 3284 0 179 179
vor 1556 3292 8 179 179
vor 1772 3276 0 179 179
vor 1860 3284 0 179 179
stand 2552 3272 167 1 179
stand 3016 3288 167 1 179
trop 3084 3276 32 179 179
stand 3320 3272 167 1 179
vor 3348 3276 1 179 179
trop 3396 3292 32 179 179
dom 3488 3264 283 3 179
dom 3680 3264 283 1 179
dom 3872 3264 283 2 179
trop 148 3308 45 179 179
trop 268 3308 45 179 179
trop 428 3308 45 179 179
vor 540 3308 0 179 179
trop 588 3308 45 179 179
trop 748 3308 45 179 179
vor 828 3300 0 179 179
vor 876 3308 88 179 179
trop 908 3308 45 179 179
trop 1068 3308 45 179 179
trop 1228 3308 45 179 179
trop 1388 3308 45 179 179
trop 1548 3308 45 179 179
stand 1640 3304 167 1 179
trop 1708 3308 45 179 179
vor 1844 3308 33 179 179
trop 1868 3308 45 179 179
vor 1900 3324 0 179 179
trop 2028 3308 45 179 179
trop 2188 3308 45 179 179
dom 2432 3296 283 2 179
vor 2588 3324 17 179 179
dom 2656 3296 281 2 179
dom 2912 3296 241 1 179
trop 3084 3308 32 179 179
vor 3100 3308 1 179 179
vor 276 3356 0 179 179
vor 772 3348 0 179 179
vor 1396 3332 17 179 179
trop 1580 3340 48 179 179
vor 1868 3340 8 179 179
vor 2084 3356 88 179 179
vor 2188 3356 17 179 179
vor 2188 3348 65 179 179
tree 2376 3336 31 1 179
stand 2568 3352 167 1 179
stand 2760 3352 167 1 179
trop 2804 3356 44 179 179
trop 3396 3356 32 179 179
tree 3480 3352 16 0 179
vor 3644 3340 9 179 179
vor 3908 3356 8 179 179
vor 844 3364 17 179 179
vor 956 3364 17 179 179
vor 1268 3372 64 179 179
stand 1480 3384 152 0 179
tree 1512 3368 11 1 179
tree 1656 3384 26 1 179
tree 1848 3368 35 1 179
tree 1912 3368 8 1 179
tree 1992 3368 32 1 179
vor 2228 3372 17 179 179
tree 2248 3368 22 1 179
trop 2308 3372 44 179 179
tree 3032 3368 38 1 179
dom 3264 3360 294 2 179
vor 3652 3388 1 179 179
vor 3780 3364 8 179 179
tree 632 3416 23 1 179
tree 616 3416 37 1 179
vor 700 3412 65 179 179
vor 932 3404 0 179 179
tree 1096 3416 33 0 179
tree 1384 3416 26 0 179
vor 1436 3396 0 179 179
vor 1500 3420 65 179 179
stand 1656 3416 167 1 179
tree 1656 3400 16 0 179
tree 1720 3400 35 1 179
tree 2728 3416 19 1 179
trop 3084 3404 32 179 179
vor 3092 3404 1 179 179
trop 3396 3412 32 179 179
vor 3468 3404 1 179 179
vor 3572 3404 24 179 179
vor 3732 3420 9 179 179
vor 3892 3420 8 179 179
trop 172 3428 48 179 179
trop 268 3428 48 179 179
vor 292 3452 0 179 179
trop 356 3428 48 179 179
tree 440 3448 11 1 179
dom 416 3424 160 2 179
tree 456 3448 13 1 179
trop 460 3428 48 179 179
tree 536 3448 17 1 179
tree 520 3448 9 1 179
trop 548 3428 48 179 179
dom 576 3424 160 3 179
trop 628 3428 48 179 179
tree 664 3432 4 1 179
trop 684 3428 48 179 179
trop 804 3436 44 179 179
tree 920 3448 41 0 179
tree 936 3432 9 1 179
tree 984 3448 26 1 179
tree 1016 3432 29 1 179
vor 1004 3444 64 179 179
tree 1112 3448 21 1 179
lay 1144 3432 58 0 179
tree 1192 3432 19 0 179
tree 1368 3432 20 0 179
tree 1400 3448 1 0 179
tree 1400 3432 0 0 179
tree 1416 3448 21 0 179
tree 1512 3432 40 1 179
trop 1580 3436 44 179 179
tree 1672 3432 36 1 179
vor 1684 3444 65 179 179
vor 1740 3452 17 179 179
dom 1792 3424 285 1 179
tree 2040 3432 25 1 179
dom 2144 3424 286 3 179
tree 2568 3448 7 1 179
stand 440 3464 167 1 179
tree 536 3464 24 1 179
tree 552 3464 9 1 179
tree 600 3464 11 1 179
tree 600 3480 12 1 179
tree 616 3464 16 1 179
vor 900 3460 64 179 179
lay 1320 3464 58 0 179
tree 1432 3480 5 0 179
tree 1656 3480 17 0 179
lay 1720 3464 64 0 179
tree 1768 3464 15 1 179
tree 2376 3464 22 1 179
tree 2376 3480 17 1 179
dom 2688 3456 74 2 179
dom 2912 3456 243 2 179
stand 3000 3464 167 1 179
vor 3084 3484 1 179 179
vor 3236 3484 9 179 179
vor 3796 3468 0 179 179
tree 136 3496 19 1 179
tree 344 3496 23 1 179
stand 568 3512 167 1 179
stand 632 3512 167 1 179
tree 904 3512 33 1 179
vor 1220 3508 17 179 179
vor 1780 3516 88 179 179
vor 1836 3508 72 179 179
vor 1884 3516 17 179 179
tree 1912 3496 13 1 179
tree 1928 3496 16 1 179
tree 1960 3512 10 1 179
vor 2052 3492 88 179 179
vor 2188 3492 17 179 179
tree 2392 3512 21 1 179
dom 2464 3488 75 1 179
tree 2536 3512 23 1 179
tree 2536 3496 17 1 179
tree 2664 3512 26 1 179
trop 2804 3508 44 179 179
stand 3048 3512 167 1 179
trop 3180 3508 33 179 179
vor 3332 3492 1 179 179
trop 3396 3500 32 179 179
vor 3828 3500 8 179 179
vor 3868 3500 24 179 179
tree 200 3544 15 1 179
dom 288 3520 124 1 179
trop 396 3524 48 179 179
trop 436 3524 48 179 179
trop 500 3524 48 179 179
stand 536 3528 167 1 179
vor 572 3540 88 179 179
trop 596 3524 48 179 179
trop 684 3524 48 179 179
dom 704 3520 161 3 179
vor 908 3548 65 179 179
tree 1000 3544 41 0 179
tree 1112 3528 36 0 179
tree 1288 3528 14 0 179
tree 1336 3528 29 0 179
tree 1432 3544 11 0 179
tree 1448 3528 18 0 179
tree 1512 3528 41 1 179
tree 1528 3528 37 1 179
stand 1672 3544 167 1 179
vor 1916 3532 72 179 179
vor 2236 3524 17 179 179
tree 2248 3528 23 1 179
trop 2308 3532 44 179 179
tree 2392 3528 19 1 179
vor 2612 3524 88 179 179
tree 2856 3544 23 1 179
vor 2876 3548 17 179 179
tree 2888 3544 6 1 179
tree 2936 3544 20 1 179
trop 3092 3524 32 179 179
vor 3308 3532 9 179 179
dom 3520 3520 281 1 179
dom 3680 3520 281 2 179
vor 180 3572 88 179 179
tree 520 3576 6 1 179
trop 612 3556 48 179 179
lay 1048 3560 58 0 179
tree 1224 3560 34 0 179
tree 1256 3576 13 1 179
tree 1288 3560 27 1 179
vor 1316 3556 0 179 179
tree 1432 3576 25 1 179
vor 1492 3580 17 179 179
stand 1880 3560 167 1 179
vor 1980 3580 0 179 179
vor 1956 3572 72 179 179
tree 2008 3560 2 1 179
tree 1992 3560 29 1 179
vor 2548 3564 17 179 179
tree 2728 3576 39 1 179
stand 2936 3576 167 1 179
vor 3892 3580 0 179 179
tree 328 3608 39 1 179
trop 396 3612 48 179 179
dom 448 3584 281 1 179
tree 536 3592 9 1 179
trop 516 3612 48 179 179
stand 616 3608 167 1 179
tree 648 3608 25 1 179
trop 804 3596 44 179 179
tree 920 3608 9 0 179
tree 1064 3592 40 1 179
tree 1096 3592 39 0 179
tree 1192 3608 13 0 179
tree 1256 3592 0 1 179
lay 1288 3592 58 0 179
tree 1320 3608 21 1 179
trop 1580 3596 44 179 179
vor 1668 3612 17 179 179
stand 1720 3608 167 1 179
vor 1756 3596 0 179 179
vor 1820 3596 0 179 179
lay 1896 3592 64 0 179
tree 2472 3592 20 1 179
trop 2916 3588 33 179 179
vor 3420 3612 9 179 179
tree 3480 3592 17 0 179
vor 3844 3612 88 179 179
tree 312 3640 21 1 179
stand 376 3640 167 1 179
tree 568 3624 16 1 179
tree 584 3624 13 1 179
trop 612 3644 48 179 179
trop 684 3620 48 179 179
lay 968 3640 58 0 179
tree 1000 3624 6 0 179
vor 1052 3644 64 179 179
tree 1240 3640 29 1 179
tree 1304 3640 35 1 179
vor 1532 3644 17 179 179
dom 1632 3616 250 1 179
vor 1756 3644 73 179 179
vor 1972 3628 17 179 179
dom 2112 3616 287 2 179
vor 2292 3628 88 179 179
tree 2376 3640 9 1 179
tree 2376 3624 11 1 179
vor 2516 3620 17 179 179
stand 2888 3640 154 0 179
stand 2936 3624 158 0 179
stand 2920 3640 157 0 179
vor 3180 3628 9 179 179
dom 3264 3616 284 1 179
vor 3308 3620 9 179 179
tree 1176 3672 19 0 179
tree 1272 3672 4 1 179
tree 1352 3656 16 0 179
tree 1464 3672 17 0 179
tree 1448 3656 6 1 179
tree 1496 3656 14 1 179
vor 1708 3676 0 179 179
vor 1708 3668 88 179 179
vor 1732 3660 73 179 179
vor 1780 3668 17 179 179
vor 1772 3676 73 179 179
vor 1804 3652 73 179 179
vor 1988 3652 73 179 179
stand 2248 3656 183 0 179
stand 2248 3672 183 0 179
vor 2316 3652 0 179 179
tree 2360 3672 18 1 179
dom 2688 3648 73 2 179
trop 2804 3660 44 179 179
stand 2872 3672 159 0 179
stand 2904 3672 161 0 179
dom 3072 3648 77 2 179
vor 3580 3652 1 179 179
vor 3676 3668 9 179 179
vor 3796 3660 0 179 179
vor 3932 3676 16 179 179
stand 408 3688 167 1 179
trop 396 3700 48 179 179
trop 516 3700 48 179 179
trop 684 3700 48 179 179
tree 936 3688 24 0 179
tree 1016 3688 24 1 179
tree 1208 3688 41 1 179
tree 1272 3704 39 1 179
tree 1272 3688 4 1 179
lay 1272 3704 58 0 179
lay 1320 3704 11 0 179
tree 1448 3704 15 1 179
vor 1636 3684 9 179 179
dom 1632 3680 250 1 179
tree 1720 3704 41 1 179
tree 1736 3704 12 1 179
tree 1768 3688 23 1 179
tree 1784 3688 29 1 179
tree 1800 3688 39 1 179
vor 1812 3700 73 179 179
vor 1836 3692 73 179 179
trop 2308 3692 44 179 179
tree 2360 3688 24 1 179
dom 2496 3680 72 1 179
stand 2872 3688 159 0 179
stand 2888 3688 159 0 179
vor 3188 3700 1 179 179
dom 3488 3680 270 0 179
vor 3668 3708 1 179 179
vor 3748 3692 0 179 179
vor 3900 3700 1 179 179
tree 328 3720 21 1 179
trop 436 3724 48 179 179
stand 600 3720 167 1 179
trop 604 3740 48 179 179
dom 704 3712 161 2 179
tree 920 3736 9 1 179
tree 1336 3720 14 1 179
tree 1352 3720 14 1 179
tree 1448 3720 6 1 179
vor 1660 3732 0 179 179
lay 1720 3720 64 0 179
tree 1832 3736 7 1 179
dom 1952 3712 139 1 179
tree 2040 3720 40 1 179
stand 2072 3720 185 0 179
stand 2104 3720 181 0 179
stand 2088 3736 183 0 179
stand 2104 3736 183 0 179
tree 2136 3720 18 1 179
tree 2152 3720 8 1 179
tree 2200 3720 4 1 179
stand 2200 3720 188 0 179
tree 2216 3720 38 1 179
tree 2392 3720 3 1 179
tree 2376 3720 1 1 179
vor 2404 3716 17 179 179
stand 2872 3720 161 0 179
stand 2856 3736 15 0 179
vor 2940 3716 88 179 179
vor 3140 3732 1 179 179
vor 3268 3732 9 179 179
vor 3412 3724 9 179 179
vor 3828 3732 8 179 179
dom 160 3744 126 2 179
dom 288 3744 125 2 179
trop 804 3756 44 179 179
lay 952 3752 58 0 179
vor 1020 3756 64 179 179
tree 1288 3752 28 1 179
tree 1528 3768 20 1 179
tree 1528 3752 37 1 179
tree 1544 3768 13 1 179
trop 1580 3748 44 179 179
vor 1660 3764 17 179 179
dom 1632 3744 250 1 179
stand 1896 3768 212 0 179
trop 1940 3764 113 179 179
trop 1972 3764 113 179 179
trop 2004 3764 113 179 179
trop 2036 3764 113 179 179
trop 2068 3764 113 179 179
trop 2100 3764 113 179 179
trop 2132 3764 113 179 179
trop 2164 3764 113 179 179
trop 2196 3764 113 179 179
trop 2228 3764 113 179 179
trop 2348 3764 113 179 179
trop 2380 3764 113 179 179
trop 2412 3764 113 179 179
trop 2444 3764 113 179 179
trop 2476 3764 113 179 179
trop 2508 3764 113 179 179
trop 2540 3764 113 179 179
trop 2572 3764 113 179 179
trop 2604 3764 113 179 179
trop 2636 3764 113 179 179
stand 2680 3768 225 0 179
trop 2668 3764 113 179 179
trop 2700 3764 113 179 179
trop 2732 3764 113 179 179
trop 2764 3764 113 179 179
trop 2804 3748 59 179 179
trop 2852 3764 113 179 179
trop 2860 3764 113 179 179
trop 2892 3764 113 179 179
trop 2924 3764 113 179 179
trop 2956 3764 113 179 179
trop 2988 3764 113 179 179
trop 3020 3764 113 179 179
stand 3064 3768 221 0 179
trop 3052 3764 113 179 179
trop 3084 3764 113 179 179
trop 3108 3764 113 179 179
trop 3140 3764 113 179 179
trop 3172 3764 113 179 179
trop 3204 3764 113 179 179
trop 3236 3764 113 179 179
stand 3272 3768 220 0 179
trop 3268 3764 113 179 179
trop 3300 3764 113 179 179
trop 3332 3764 113 179 179
trop 3364 3764 113 179 179
trop 3396 3764 113 179 179
stand 3432 3768 238 0 179
trop 3428 3764 113 179 179
trop 3460 3764 113 179 179
trop 3492 3764 113 179 179
trop 3524 3764 113 179 179
trop 3556 3764 113 179 179
trop 3588 3764 113 179 179
stand 3624 3752 229 0 179
trop 3620 3764 113 179 179
trop 3652 3764 113 179 179
trop 3684 3764 113 179 179
trop 3716 3764 113 179 179
trop 3748 3764 113 179 179
stand 3800 3768 236 0 179
trop 3780 3764 113 179 179
trop 3812 3764 113 179 179
trop 3844 3764 113 179 179
trop 3876 3764 113 179 179
trop 3908 3764 113 179 179
trop 3940 3764 113 179 179
tree 216 3800 27 1 179
vor 236 3788 88 179 179
trop 396 3796 48 179 179
trop 508 3788 48 179 179
tree 696 3784 38 1 179
tree 696 3800 18 1 179
trop 684 3796 48 179 179
tree 1144 3784 9 0 179
tree 1368 3800 10 0 179
tree 1448 3800 12 1 179
tree 1448 3784 3 1 179
vor 1508 3796 0 179 179
trop 1900 3780 54 179 179
trop 2300 3780 53 179 179
stand 2360 3800 23 0 179
trop 2804 3780 53 179 179
dom 448 3808 281 2 179
stand 568 3816 167 1 179
trop 604 3828 48 179 179
tree 936 3832 30 0 179
lay 1176 3816 8 0 179
tree 1208 3832 25 0 179
lay 1272 3816 58 0 179
tree 1704 3832 22 1 179
dom 1792 3808 137 2 179
dom 1920 3808 237 0 179
vor 1980 3836 8 179 179
dom 2048 3808 237 0 179
dom 2176 3808 236 0 179
dom 2368 3808 250 1 179
stand 2472 3816 206 0 179
vor 3340 3812 1 179 179
tree 328 3848 35 1 179
trop 428 3844 48 179 179
trop 508 3868 48 179 179
tree 680 3848 40 1 179
lay 952 3864 10 0 179
tree 1032 3864 10 0 179
stand 1128 3848 144 0 179
tree 1240 3864 40 0 179
tree 1320 3864 39 0 179
tree 1368 3864 22 0 179
tree 1464 3848 17 0 179
tree 1448 3864 33 1 179
tree 1512 3864 10 1 179
tree 1704 3848 2 1 179
stand 1784 3864 181 0 179
lay 2248 3848 64 0 179
dom 2368 3840 250 1 179
stand 2456 3864 209 0 179
trop 2812 3844 60 179 179
dom 2912 3840 285 2 179
stand 3304 3848 239 0 179
vor 3636 3868 1 179 179
stand 3704 3848 142 0 179
vor 3804 3844 88 179 179
trop 396 3884 48 179 179
lay 1000 3880 58 0 179
tree 1448 3880 0 1 179
trop 1580 3900 44 179 179
tree 1672 3880 18 1 179
vor 1668 3900 17 179 179
tree 1720 3880 17 0 179
tree 1736 3896 36 1 179
stand 1784 3880 184 0 179
stand 1768 3896 183 0 179
stand 1784 3896 183 0 179
vor 1868 3884 88 179 179
stand 1912 3896 183 0 179
lay 2040 3880 64 0 179
stand 2216 3896 185 0 179
trop 2308 3876 44 179 179
dom 2368 3872 247 1 179
vor 3132 3876 88 179 179
dom 3200 3872 215 3 179
vor 3356 3876 9 179 179
dom 3520 3872 286 1 179
vor 3916 3900 88 179 179
dom 288 3904 123 1 179
trop 396 3924 48 179 179
trop 420 3924 48 179 179
trop 508 3924 48 179 179
trop 604 3924 48 179 179
trop 684 3924 48 179 179
dom 704 3904 161 1 179
trop 804 3916 44 179 179
tree 936 3928 33 0 179
tree 1048 3928 25 0 179
tree 1448 3912 21 1 179
vor 1660 3932 17 179 179
tree 1720 3912 32 1 179
vor 1724 3924 9 179 179
stand 1784 3912 183 0 179
stand 1768 3912 183 0 179
stand 1912 3912 183 0 179
stand 2216 3928 239 0 179
stand 2232 3912 183 0 179
vor 3332 3924 1 179 179
vor 3396 3916 9 179 179
vor 3732 3932 1 179 179
vor 3852 3908 1 179 179
tree 344 3960 39 1 179
tree 1080 3944 1 0 179
vor 2164 3940 0 179 179
trop 2308 3948 46 179 179
stand 3320 3944 240 0 179
vor 3388 3940 1 179 179
vor 3516 3964 1 179 179
trop 2804 3972 59 179 179
