trop 1884 76 81 179 179
trop 1932 76 81 179 179
zabor 784 112 26 0 8
zabor 784 144 25 0 8
zabor 816 144 28 0 8
zabor 848 144 30 0 8
zabor 880 144 30 0 8
zabor 912 144 26 0 8
zabor 944 144 26 0 8
zabor 976 144 31 0 8
zabor 1008 144 25 0 8
zabor 1040 144 27 0 8
zabor 1072 144 32 0 9
zabor 1104 144 25 0 8
zabor 1136 144 29 0 8
zabor 784 176 25 0 8
zabor 1136 176 31 0 8
zabor 1328 176 30 0 8
zabor 1360 176 27 0 8
zabor 1392 176 28 0 8
zabor 1424 176 25 0 8
zabor 1456 176 26 0 8
zabor 1488 176 30 0 8
zabor 1520 176 24 0 8
tree 1528 184 8 0 179
zabor 1552 176 26 0 8
tree 1544 184 10 1 179
tree 1560 184 1 0 179
zabor 1584 176 26 0 8
zabor 1616 176 31 0 8
zabor 1648 176 25 0 8
zabor 1680 176 29 0 8
zabor 1712 176 28 0 8
zabor 1744 176 31 0 8
tree 1736 184 10 1 179
zabor 1776 176 27 0 8
trop 1884 188 81 179 179
trop 1932 188 81 179 179
tree 2072 184 36 0 179
tree 3272 168 17 0 179
tree 3272 184 37 0 179
zabor 784 208 30 0 8
dom 832 192 296 0 179
dom 992 192 317 0 179
zabor 1136 208 25 0 8
zabor 1328 208 27 0 8
trop 1468 212 136 179 179
zabor 1520 208 31 0 8
tree 1560 216 39 0 179
tree 1576 200 10 1 179
tree 1624 200 10 1 179
tree 1672 200 10 1 179
tree 1688 216 10 1 179
tree 1720 200 10 1 179
tree 1752 200 10 1 179
tree 1736 216 10 1 179
tree 1736 200 10 1 179
zabor 1776 208 29 0 8
tree 1768 200 10 1 179
tree 1800 216 39 0 179
tree 2040 216 40 0 179
tree 2056 216 22 0 179
tree 2200 216 33 0 179
tree 2184 216 36 0 179
tree 3112 216 39 0 179
tree 3272 200 35 0 179
tree 3272 216 41 0 179
zabor 784 240 24 0 8
tree 984 232 7 0 179
dom 1056 224 314 0 179
zabor 1136 240 27 0 8
zabor 1328 240 26 0 8
dom 1408 224 310 0 179
tree 1448 248 1 0 179
trop 1468 244 137 179 179
zabor 1520 240 26 0 8
dom 1504 224 66 0 179
tree 1528 232 10 1 179
tree 1544 248 10 1 179
tree 1560 248 10 1 179
tree 1656 248 10 1 179
tree 1688 232 10 1 179
tree 1672 248 10 1 179
tree 1704 248 10 1 179
tree 1752 248 10 1 179
tree 1752 232 10 1 179
zabor 1776 240 30 0 8
stand 1800 248 320 0 179
tree 1800 232 8 0 179
tree 1816 232 10 0 179
tree 2136 232 16 0 179
tree 2216 232 40 0 179
zabor 2320 240 66 1 8
zabor 2352 240 66 1 8
zabor 2384 240 66 1 8
zabor 2416 240 66 1 8
zabor 2448 240 64 1 8
zabor 2480 240 66 1 8
zabor 2512 240 66 1 8
zabor 2544 240 66 1 8
zabor 2576 240 65 1 8
zabor 2608 240 65 1 8
zabor 2640 240 66 1 8
zabor 2672 240 66 1 8
zabor 2704 240 64 1 8
zabor 2736 240 66 1 8
zabor 2768 240 65 1 8
zabor 2800 240 65 1 8
zabor 2832 240 64 1 8
zabor 2864 240 64 1 8
tree 2984 232 4 0 179
tree 3000 248 16 0 179
tree 3272 232 41 0 179
tree 3272 248 5 0 179
zabor 3312 240 36 0 9
zabor 784 272 25 0 8
trop 852 260 246 179 179
trop 884 276 243 179 179
trop 1012 276 136 179 179
zabor 1136 272 25 0 8
tree 1208 280 25 0 179
zabor 1328 272 24 0 8
tree 1368 280 2 0 179
trop 1436 276 138 179 179
zabor 1520 272 27 0 8
tree 1544 280 10 1 179
tree 1576 280 10 1 179
tree 1592 280 10 1 179
tree 1592 264 10 1 179
tree 1624 264 10 1 179
tree 1656 280 10 1 179
tree 1640 264 10 1 179
zabor 1776 272 27 0 8
tree 1800 264 31 0 179
tree 2120 264 26 0 179
tree 2168 264 10 0 179
zabor 2320 272 64 1 8
tree 2344 280 2 0 179
tree 2376 264 2 0 179
tree 2424 264 2 0 179
tree 2472 264 2 0 179
tree 2520 264 2 0 179
tree 2568 264 2 0 179
tree 2616 264 2 0 179
tree 2664 264 2 0 179
tree 2712 264 2 0 179
tree 2760 264 2 0 179
tree 2808 264 2 0 179
zabor 2864 272 66 1 8
tree 3272 280 37 0 179
zabor 3312 272 26 0 8
stand 3368 280 34 1 179
zabor 784 304 27 0 8
trop 804 308 129 179 179
trop 852 292 254 179 179
dom 832 288 66 0 179
trop 884 292 143 179 179
tree 872 296 27 0 179
stand 968 296 176 0 179
trop 1028 300 135 179 179
zabor 1136 304 29 0 8
tree 1208 296 19 0 179
tree 1208 312 41 0 179
zabor 1328 304 27 0 8
trop 1420 292 134 179 179
zabor 1520 304 27 0 8
tree 1544 312 10 1 179
tree 1656 312 10 1 179
tree 1672 312 10 1 179
tree 1688 312 10 1 179
tree 1736 312 10 1 179
zabor 1776 304 24 0 8
trop 1892 300 81 179 179
trop 1932 300 81 179 179
tree 2184 312 26 0 179
zabor 2320 304 64 1 8
tree 2840 312 2 0 179
zabor 2864 304 64 1 8
tree 3000 296 36 0 179
tree 3112 312 4 0 179
tree 3272 296 20 0 179
tree 3272 312 19 0 179
zabor 3312 304 25 0 8
zabor 784 336 26 0 8
trop 804 340 136 179 179
trop 916 324 134 179 179
trop 908 348 130 179 179
trop 1028 332 136 179 179
zabor 1136 336 28 0 8
tree 1192 344 0 0 179
tree 1208 344 1 0 179
zabor 1328 336 29 0 8
stand 1416 344 128 1 179
trop 1452 324 134 179 179
zabor 1520 336 27 0 8
tree 1608 328 10 1 179
tree 1608 344 10 1 179
tree 1624 344 10 1 179
tree 1720 344 10 1 179
zabor 1776 336 27 0 8
tree 2184 344 36 0 179
zabor 2320 336 66 1 8
tree 2344 328 2 0 179
zabor 2864 336 65 1 8
tree 3256 344 15 0 179
zabor 3312 336 33 0 9
stand 504 376 41 1 179
zabor 784 368 24 0 8
trop 804 372 136 179 179
stand 888 376 129 1 179
lay 888 376 58 0 179
stand 904 376 147 0 179
zabor 912 368 38 0 9
stand 904 360 128 1 179
stand 920 376 129 1 179
trop 948 356 141 179 179
trop 980 356 132 179 179
trop 1012 356 132 179 179
trop 1028 364 143 179 179
zabor 1136 368 28 0 8
stand 1176 376 320 0 179
zabor 1328 368 27 0 8
stand 1400 360 129 1 179
stand 1416 376 128 1 179
stand 1432 360 129 1 179
stand 1416 360 147 0 179
trop 1484 356 135 179 179
zabor 1520 368 25 0 8
tree 1544 360 10 1 179
tree 1560 360 10 1 179
tree 1560 376 10 1 179
tree 1544 376 16 0 179
tree 1592 376 10 1 179
zabor 1648 368 27 0 8
zabor 1712 368 29 0 8
tree 1752 360 10 1 179
zabor 1776 368 30 0 8
tree 2072 376 29 0 179
tree 2104 376 39 0 179
zabor 2320 368 65 1 8
tree 2344 376 2 0 179
tree 2840 360 2 0 179
zabor 2864 368 65 1 8
tree 2984 376 9 0 179
tree 3096 360 6 0 179
tree 3256 376 0 0 179
stand 312 392 42 1 179
zabor 784 400 24 0 8
trop 804 404 136 179 179
stand 904 392 128 1 179
trop 1060 396 142 179 179
zabor 1136 400 27 0 8
zabor 1328 400 27 0 8
zabor 1360 400 26 0 8
zabor 1424 400 29 0 8
zabor 1456 400 30 0 8
trop 1492 412 136 179 179
trop 1492 396 136 179 179
zabor 1520 400 29 0 8
zabor 1552 400 28 0 8
tree 1544 392 20 0 179
tree 1560 392 3 0 179
zabor 1584 400 27 0 8
zabor 1616 400 28 0 8
zabor 1648 400 31 0 8
zabor 1712 400 26 0 8
zabor 1744 400 27 0 8
zabor 1776 400 31 0 8
trop 1892 412 81 179 179
trop 1932 412 81 179 179
tree 2184 392 40 0 179
zabor 2320 400 65 1 8
stand 2552 408 144 0 179
dom 2592 384 160 0 179
stand 2600 408 144 0 179
tree 2840 408 2 0 179
zabor 2864 400 65 1 8
tree 3256 392 3 0 179
stand 424 440 24 0 179
tree 440 440 20 0 179
zabor 784 432 30 0 8
trop 804 436 136 179 179
lay 968 440 58 0 179
trop 1092 428 142 179 179
zabor 1136 432 39 0 9
zabor 1328 432 28 0 8
tree 1368 440 5 1 179
tree 1416 440 5 1 179
zabor 1456 432 29 0 8
trop 1492 436 136 179 179
trop 1516 420 131 179 179
trop 1540 420 132 179 179
trop 1572 420 133 179 179
stand 1736 424 150 0 179
zabor 1776 432 28 0 8
tree 2056 440 22 0 179
zabor 2320 432 66 1 8
tree 2344 424 2 0 179
stand 2536 424 165 0 179
stand 2568 440 129 1 179
trop 2596 436 185 179 179
stand 2616 440 129 1 179
stand 2632 424 165 0 179
zabor 2864 432 64 1 8
tree 3080 440 40 0 179
tree 3144 424 25 0 179
tree 3256 424 13 0 179
tree 3240 440 19 0 179
trop 716 476 142 179 179
tree 712 472 8 0 179
zabor 784 464 36 0 9
trop 804 468 137 179 179
trop 1124 460 141 179 179
trop 1156 460 133 179 179
trop 1188 476 133 179 179
zabor 1328 464 30 0 8
zabor 1456 464 26 0 8
trop 1492 468 136 179 179
trop 1492 452 129 179 179
trop 1604 452 142 179 179
zabor 1776 464 30 0 8
tree 2104 456 36 0 179
tree 2184 472 11 0 179
tree 2200 456 27 0 179
zabor 2320 464 65 1 8
tree 2344 472 2 0 179
stand 2440 472 140 0 179
stand 2568 472 129 1 179
trop 2596 452 185 179 179
trop 2596 468 185 179 179
trop 2596 476 185 179 179
stand 2616 472 129 1 179
stand 2712 472 140 0 179
tree 2840 456 2 0 179
zabor 2864 464 66 1 8
tree 3240 456 18 0 179
lay 648 488 58 0 179
trop 740 500 141 179 179
trop 772 500 139 179 179
trop 780 500 133 179 179
zabor 1136 496 39 0 9
trop 1220 508 135 179 179
zabor 1328 496 25 0 8
tree 1368 504 5 1 179
tree 1432 504 5 1 179
zabor 1456 496 24 0 8
trop 1492 500 136 179 179
zabor 1584 496 27 0 8
trop 1636 484 142 179 179
trop 1668 508 142 179 179
dom 1696 480 298 0 179
zabor 1776 496 24 0 8
tree 2056 488 36 0 179
zabor 2320 496 64 1 8
stand 2568 504 129 1 179
trop 2596 492 185 179 179
trop 2596 508 185 179 179
stand 2616 504 129 1 179
tree 2840 504 2 0 179
zabor 2864 496 66 1 8
tree 3096 504 2 0 179
tree 3272 504 34 0 179
trop 804 524 134 179 179
zabor 1136 528 29 0 8
trop 1236 532 135 179 179
zabor 1328 528 27 0 8
zabor 1456 528 28 0 8
trop 1492 532 136 179 179
zabor 1584 528 31 0 8
zabor 1776 528 31 0 8
trop 1892 524 81 179 179
trop 1932 524 81 179 179
zabor 2320 528 65 1 8
tree 2344 520 2 0 179
stand 2552 520 165 0 179
stand 2568 536 129 1 179
trop 2596 516 185 179 179
trop 2596 532 185 179 179
stand 2616 536 129 1 179
stand 2632 520 165 0 179
zabor 2864 528 66 1 8
tree 3032 536 36 0 179
tree 3272 536 41 0 179
zabor 784 560 38 0 9
trop 828 548 135 179 179
lay 856 568 58 0 179
lay 840 568 58 0 179
lay 968 552 58 0 179
lay 1064 568 58 0 179
zabor 1136 560 30 0 8
trop 1244 556 134 179 179
zabor 1328 560 28 0 8
tree 1368 552 5 1 179
tree 1352 552 5 1 179
tree 1352 568 19 0 179
tree 1416 552 5 1 179
zabor 1456 560 31 0 8
trop 1492 564 136 179 179
zabor 1584 560 30 0 8
tree 1752 568 32 0 179
zabor 1776 560 26 0 8
tree 2072 552 18 0 179
zabor 2320 560 65 1 8
tree 2344 568 2 0 179
stand 2568 568 129 1 179
trop 2596 548 185 179 179
trop 2596 564 185 179 179
stand 2616 568 129 1 179
tree 2840 552 2 0 179
zabor 2864 560 64 1 8
tree 3288 568 36 0 179
zabor 784 592 29 0 8
trop 828 580 136 179 179
zabor 1136 592 28 0 8
tree 1176 600 36 0 179
trop 1268 580 134 179 179
zabor 1328 592 24 0 8
zabor 1360 592 29 0 8
zabor 1392 592 31 0 8
zabor 1424 592 25 0 8
zabor 1456 592 29 0 8
trop 1492 596 136 179 179
zabor 1552 592 25 0 8
zabor 1584 592 25 0 8
zabor 1616 592 30 0 8
zabor 1648 592 30 0 8
zabor 1680 592 31 0 8
zabor 1712 592 25 0 8
zabor 1744 592 25 0 8
zabor 1776 592 27 0 8
tree 2184 584 39 0 179
tree 2216 584 40 0 179
zabor 2320 592 66 1 8
stand 2568 600 129 1 179
trop 2596 580 185 179 179
trop 2596 588 185 179 179
trop 2596 596 185 179 179
trop 2596 604 185 179 179
stand 2616 600 129 1 179
tree 2840 600 2 0 179
zabor 2864 592 66 1 8
tree 3192 584 19 0 179
tree 3176 584 20 0 179
tree 3288 600 11 0 179
stand 3544 584 33 1 179
zabor 784 624 27 0 8
trop 828 612 136 179 179
zabor 1136 624 29 0 8
tree 1176 616 24 0 179
tree 1176 632 41 0 179
trop 1300 612 134 179 179
trop 1492 628 137 179 179
trop 1892 636 81 179 179
trop 1932 636 81 179 179
tree 2056 632 35 0 179
zabor 2320 624 65 1 8
tree 2344 616 2 0 179
stand 2520 616 165 0 179
stand 2568 632 129 1 179
trop 2596 620 185 179 179
trop 2596 636 185 179 179
stand 2616 632 129 1 179
stand 2664 616 165 0 179
zabor 2864 624 66 1 8
tree 3288 632 3 0 179
zabor 784 656 27 0 8
zabor 816 656 26 0 8
trop 828 644 136 179 179
zabor 848 656 28 0 8
zabor 880 656 32 0 9
zabor 912 656 32 0 9
zabor 944 656 37 0 9
zabor 976 656 30 0 8
zabor 1008 656 31 0 8
zabor 1040 656 28 0 8
zabor 1072 656 24 0 8
zabor 1104 656 27 0 8
zabor 1136 656 27 0 8
lay 1128 648 58 0 179
tree 1176 648 22 0 179
trop 1220 660 131 179 179
trop 1252 660 132 179 179
trop 1284 660 133 179 179
trop 1332 644 134 179 179
trop 1372 668 133 179 179
trop 1348 660 134 179 179
trop 1476 660 137 179 179
tree 2072 648 32 0 179
tree 2152 664 0 0 179
tree 2232 648 1 0 179
zabor 2320 656 64 1 8
tree 2344 664 2 0 179
tree 2392 664 2 0 179
tree 2440 664 2 0 179
tree 2488 664 2 0 179
zabor 2544 656 64 1 8
stand 2568 664 129 1 179
trop 2596 652 185 179 179
trop 2596 660 185 179 179
stand 2616 664 129 1 179
zabor 2640 656 66 1 8
tree 2664 664 2 0 179
tree 2712 664 2 0 179
tree 2760 664 2 0 179
tree 2808 664 2 0 179
tree 2840 648 2 0 179
zabor 2864 656 64 1 8
tree 3016 664 34 0 179
tree 3112 648 24 0 179
tree 3112 664 26 0 179
tree 3288 648 31 0 179
stand 3400 648 28 1 179
zabor 784 688 28 0 8
trop 828 676 136 179 179
tree 808 680 33 0 179
trop 1204 692 136 179 179
trop 1308 684 141 179 179
trop 1340 684 139 179 179
trop 1404 684 133 179 179
fre 1420 676 20 179 179
trop 1460 692 137 179 179
trop 1452 700 137 179 179
tree 1608 680 12 0 179
tree 1608 696 34 0 179
zabor 2320 688 66 1 8
zabor 2352 688 66 1 8
zabor 2384 688 66 1 8
zabor 2416 688 66 1 8
zabor 2448 688 65 1 8
zabor 2480 688 64 1 8
zabor 2512 688 65 1 8
zabor 2544 688 66 1 8
stand 2568 696 129 1 179
trop 2588 692 126 179 179
trop 2596 676 185 179 179
stand 2616 696 129 1 179
trop 2596 684 126 179 179
zabor 2640 688 65 1 8
zabor 2672 688 64 1 8
zabor 2704 688 64 1 8
zabor 2736 688 65 1 8
zabor 2768 688 66 1 8
zabor 2800 688 66 1 8
zabor 2832 688 66 1 8
zabor 2864 688 64 1 8
tree 3272 680 23 0 179
tree 3272 696 31 0 179
stand 552 712 40 1 179
zabor 784 720 24 0 8
trop 828 708 136 179 179
tree 824 712 22 0 179
tree 824 728 25 0 179
trop 1188 724 138 179 179
trop 1428 708 134 179 179
fre 1556 732 1 179 179
tree 1608 728 36 0 179
tree 1768 728 17 0 179
tree 1784 712 14 0 179
trop 1852 716 138 179 179
stand 1976 712 63 0 179
stand 1992 728 128 1 179
trop 2036 724 181 179 179
stand 2024 728 128 1 179
stand 2056 728 128 1 179
stand 2056 712 63 0 179
trop 2084 724 181 179 179
stand 2088 728 128 1 179
trop 2132 724 181 179 179
stand 2120 728 128 1 179
stand 2136 712 63 0 179
stand 2152 728 128 1 179
trop 2180 724 181 179 179
stand 2184 728 128 1 179
trop 2228 724 181 179 179
stand 2216 728 128 1 179
stand 2216 712 63 0 179
stand 2248 728 128 1 179
trop 2276 724 181 179 179
stand 2280 728 128 1 179
stand 2296 712 63 0 179
trop 2324 724 181 179 179
stand 2312 728 128 1 179
stand 2344 728 128 1 179
stand 2376 728 128 1 179
stand 2376 712 63 0 179
stand 2408 728 128 1 179
stand 2440 728 128 1 179
stand 2456 712 63 0 179
stand 2472 728 128 1 179
stand 2504 728 128 1 179
stand 2520 728 128 1 179
stand 2536 728 128 1 179
stand 2552 728 128 1 179
stand 2536 712 63 0 179
stand 2568 712 129 1 179
trop 2588 732 126 179 179
trop 2588 724 126 179 179
stand 2616 728 129 1 179
stand 2632 712 63 0 179
tree 3032 712 14 0 179
tree 3064 728 5 0 179
tree 3272 712 24 0 179
tree 3272 728 23 0 179
zabor 784 752 25 0 8
trop 828 740 136 179 179
tree 824 744 10 0 179
tree 808 760 2 0 179
lay 904 744 58 0 179
trop 1172 756 137 179 179
trop 1460 740 141 179 179
trop 1492 740 133 179 179
tree 1624 744 25 0 179
tree 1640 744 31 0 179
fre 1676 740 12 179 179
trop 1820 748 138 179 179
trop 1892 748 81 179 179
trop 1940 748 81 179 179
trop 1996 764 189 179 179
trop 2332 748 127 179 179
trop 2372 748 127 179 179
trop 2396 756 127 179 179
trop 2396 748 127 179 179
trop 2420 756 127 179 179
trop 2444 740 127 179 179
trop 2452 748 127 179 179
trop 2468 748 127 179 179
trop 2484 748 127 179 179
trop 2508 748 127 179 179
trop 2540 748 127 179 179
trop 2556 748 127 179 179
trop 2580 748 127 179 179
stand 2616 760 129 1 179
tree 2952 760 25 0 179
tree 3272 744 21 0 179
tree 3272 760 13 0 179
zabor 784 784 30 0 8
trop 828 772 136 179 179
tree 808 776 24 0 179
tree 808 792 1 0 179
trop 1140 788 130 179 179
lay 1128 792 58 0 179
trop 1524 772 141 179 179
trop 1556 772 132 179 179
trop 1588 772 133 179 179
trop 1788 780 138 179 179
stand 1976 792 63 0 179
trop 2012 772 189 179 179
stand 1992 776 128 1 179
stand 2024 776 128 1 179
trop 2060 772 189 179 179
stand 2056 776 128 1 179
stand 2056 792 63 0 179
trop 2108 772 189 179 179
stand 2088 776 128 1 179
stand 2120 776 128 1 179
stand 2136 792 63 0 179
trop 2164 772 189 179 179
stand 2152 776 128 1 179
trop 2204 772 189 179 179
stand 2184 776 128 1 179
stand 2216 776 128 1 179
stand 2232 792 63 0 179
trop 2260 772 189 179 179
stand 2248 776 128 1 179
stand 2280 776 128 1 179
trop 2308 772 189 179 179
stand 2312 776 128 1 179
stand 2312 792 63 0 179
stand 2344 776 128 1 179
stand 2376 776 128 1 179
stand 2376 792 63 0 179
stand 2408 776 128 1 179
stand 2440 776 128 1 179
stand 2472 776 128 1 179
stand 2472 792 63 0 179
stand 2520 776 128 1 179
stand 2504 776 128 1 179
stand 2552 776 128 1 179
stand 2552 792 63 0 179
stand 2584 776 128 1 179
stand 2600 776 128 1 179
stand 2632 792 63 0 179
tree 2776 792 36 0 179
tree 2952 776 16 0 179
tree 3272 776 14 0 179
zabor 3600 784 24 0 8
zabor 3664 784 31 0 8
zabor 3696 784 29 0 8
zabor 3728 784 30 0 8
zabor 3760 784 27 0 8
zabor 3792 784 27 0 8
zabor 3824 784 27 0 8
zabor 3856 784 38 0 9
zabor 784 816 34 0 9
trop 828 804 136 179 179
tree 808 808 21 0 179
tree 808 824 9 0 179
trop 908 820 139 179 179
lay 952 824 58 0 179
trop 940 804 132 179 179
trop 964 820 134 179 179
stand 1096 824 20 1 179
trop 1108 820 130 179 179
fre 1420 812 63 179 179
trop 1620 804 141 179 179
trop 1652 804 132 179 179
trop 1684 804 133 179 179
trop 1708 828 141 179 179
trop 1732 828 139 179 179
trop 1756 812 139 179 179
tree 2664 824 30 0 179
tree 2712 808 1 0 179
tree 2744 808 4 0 179
fre 2940 820 30 179 179
tree 2952 808 40 0 179
fre 2956 820 9 179 179
tree 2984 824 27 0 179
tree 3128 824 8 0 179
tree 3144 824 27 0 179
tree 3176 808 22 0 179
tree 3192 808 2 0 179
zabor 784 848 30 0 8
trop 828 836 136 179 179
tree 808 840 17 0 179
tree 808 856 7 0 179
trop 844 836 141 179 179
trop 876 836 139 179 179
trop 988 844 141 179 179
lay 1016 840 58 0 179
trop 1020 844 132 179 179
trop 1060 844 132 179 179
dom 1088 832 188 0 179
fre 1284 844 64 179 179
tree 1432 856 36 0 179
tree 1448 856 7 0 179
tree 1512 856 18 0 179
trop 1892 860 81 179 179
trop 1940 860 81 179 179
fre 2068 860 37 179 179
trop 2812 860 131 179 179
trop 2844 860 132 179 179
trop 2876 860 133 179 179
tree 3576 840 32 0 179
zabor 144 880 37 0 9
zabor 176 880 26 0 8
tree 168 888 41 0 179
zabor 208 880 27 0 8
zabor 240 880 30 0 8
zabor 272 880 27 0 8
zabor 304 880 31 0 8
tree 312 888 0 0 179
tree 296 888 5 0 179
zabor 336 880 30 0 8
tree 344 888 21 0 179
zabor 368 880 37 0 9
tree 360 888 36 0 179
zabor 400 880 38 0 9
tree 392 888 2 0 179
zabor 432 880 33 0 9
zabor 464 880 29 0 8
zabor 496 880 29 0 8
tree 504 888 9 0 179
tree 488 888 28 0 179
zabor 528 880 25 0 8
tree 520 888 12 0 179
zabor 560 880 27 0 8
zabor 592 880 31 0 8
zabor 624 880 26 0 8
zabor 656 880 30 0 8
zabor 688 880 25 0 8
zabor 720 880 27 0 8
zabor 752 880 29 0 8
zabor 784 880 33 0 9
trop 828 868 136 179 179
tree 808 872 40 0 179
tree 808 888 10 0 179
fre 1308 868 7 179 179
fre 1324 884 15 179 179
tree 1560 872 23 0 179
tree 1656 888 4 0 179
tree 1640 888 26 0 179
tree 2440 872 30 0 179
tree 2568 872 31 0 179
trop 2780 892 130 179 179
trop 2900 868 133 179 179
trop 2924 876 133 179 179
trop 2948 884 133 179 179
trop 2972 892 133 179 179
tree 3544 872 7 0 179
tree 216 904 14 0 179
tree 200 904 29 0 179
tree 232 904 15 0 179
tree 280 904 3 0 179
tree 408 904 29 0 179
tree 440 904 34 0 179
tree 536 904 36 0 179
tree 520 904 9 0 179
tree 568 904 32 0 179
tree 600 920 22 0 179
tree 616 904 16 0 179
tree 680 920 39 0 179
tree 728 920 13 0 179
tree 760 920 35 0 179
tree 744 920 39 0 179
tree 776 920 31 0 179
trop 828 900 136 179 179
cliff 976 912 27 179 179
cliff 992 912 63 179 179
fre 1324 924 1 179 179
tree 1592 904 39 0 179
tree 1656 920 21 0 179
fre 1780 900 35 179 179
tree 1880 920 30 0 179
tree 2136 920 17 0 179
tree 2168 920 4 0 179
fre 2148 900 31 179 179
tree 2568 904 6 0 179
tree 2584 920 27 0 179
tree 2680 904 1 0 179
fre 2660 900 9 179 179
trop 2748 924 130 179 179
trop 2996 900 133 179 179
trop 3020 908 133 179 179
trop 3044 916 133 179 179
trop 3068 924 133 179 179
tree 3400 920 31 0 179
tree 3512 920 30 0 179
tree 3688 904 41 0 179
trop 828 932 136 179 179
tree 808 936 27 0 179
cliff 992 928 22 179 179
cliff 1008 928 16 179 179
cliff 1040 944 26 179 179
cliff 1200 944 59 179 179
fre 1284 940 37 179 179
tree 1752 936 24 0 179
tree 1800 936 16 0 179
fre 1828 932 28 179 179
trop 1980 956 132 179 179
trop 1988 956 132 179 179
trop 2020 956 132 179 179
trop 2044 956 132 179 179
trop 2076 956 132 179 179
trop 2108 956 133 179 179
tree 2168 936 32 0 179
tree 2312 952 39 0 179
fre 2332 948 3 179 179
tree 2408 952 40 0 179
trop 2716 956 130 179 179
trop 3100 940 133 179 179
tree 3208 952 20 0 179
tree 3720 936 22 0 179
trop 724 964 131 179 179
trop 756 964 132 179 179
trop 788 964 132 179 179
trop 812 964 139 179 179
fre 948 988 7 179 179
cliff 1056 960 23 179 179
cliff 1072 960 17 179 179
cliff 1104 960 16 179 179
cliff 1136 960 17 179 179
cliff 1184 976 5 179 179
fre 1300 980 26 179 179
zabor 1360 976 64 1 8
zabor 1392 976 64 1 8
zabor 1424 976 65 1 8
zabor 1456 976 64 1 8
zabor 1488 976 66 1 8
zabor 1520 976 64 1 8
zabor 1552 976 64 1 8
zabor 1584 976 64 1 8
zabor 1616 976 64 1 8
zabor 1648 976 64 1 8
zabor 1680 976 64 1 8
zabor 1712 976 66 1 8
stand 1720 984 241 0 179
trop 1892 972 81 179 179
trop 1940 972 81 179 179
trop 2140 988 134 179 179
fre 2492 964 28 179 179
fre 2556 972 63 179 179
trop 2684 988 130 179 179
trop 3132 972 134 179 179
tree 3208 968 13 0 179
fre 3476 980 65 179 179
tree 3752 984 8 0 179
tree 3784 968 24 0 179
tree 184 1000 21 0 179
tree 200 1016 38 0 179
tree 392 1016 11 0 179
tree 408 1016 17 0 179
tree 456 1000 0 0 179
trop 692 996 129 179 179
fre 1020 1004 20 179 179
fre 1012 1020 21 179 179
fre 1260 1004 67 179 179
fre 1284 1020 8 179 179
fre 1292 1004 13 179 179
zabor 1360 1008 66 1 8
zabor 1712 1008 65 1 8
trop 2164 1012 134 179 179
fre 2332 996 7 179 179
tree 2408 1016 2 0 179
fre 2500 1004 67 179 179
trop 2652 1020 130 179 179
zabor 2928 1008 35 0 9
fre 2916 1020 64 179 179
zabor 2960 1008 31 0 8
zabor 2992 1008 24 0 8
zabor 3024 1008 27 0 8
zabor 3056 1008 31 0 8
zabor 3088 1008 24 0 8
zabor 3120 1008 33 0 9
trop 3164 1004 134 179 179
tree 3240 1000 1 0 179
tree 3272 1016 27 0 179
tree 3336 1016 35 0 179
tree 3752 1000 32 0 179
tree 3848 1016 9 0 179
tree 232 1032 3 0 179
tree 360 1048 35 0 179
trop 676 1028 130 179 179
fre 1068 1028 34 179 179
fre 1084 1044 14 179 179
fre 1132 1044 64 179 179
fre 1188 1052 16 179 179
fre 1204 1028 2 179 179
fre 1244 1036 10 179 179
fre 1260 1044 1 179 179
zabor 1360 1040 64 1 8
zabor 1712 1040 66 1 8
fre 1772 1036 69 179 179
stand 2040 1048 320 0 179
trop 2188 1036 134 179 179
tree 2488 1048 23 0 179
trop 2620 1052 130 179 179
tree 2872 1032 10 0 179
trop 3196 1036 134 179 179
fre 3300 1028 19 179 179
tree 312 1064 31 0 179
tree 536 1064 24 0 179
trop 644 1060 130 179 179
fre 1108 1068 29 179 179
fre 1124 1060 8 179 179
fre 1156 1060 10 179 179
fre 1172 1084 65 179 179
fre 1236 1076 27 179 179
zabor 1360 1072 64 1 8
dom 1472 1056 177 0 179
tree 1560 1064 32 0 179
tree 1640 1064 18 0 179
zabor 1712 1072 65 1 8
tree 1832 1064 15 0 179
fre 1828 1076 27 179 179
fre 1828 1084 35 179 179
trop 1892 1084 81 179 179
trop 1940 1084 81 179 179
fre 2100 1076 1 179 179
trop 2220 1068 134 179 179
tree 2312 1080 35 0 179
tree 2344 1080 39 0 179
trop 2564 1084 131 179 179
trop 2588 1084 139 179 179
tree 2808 1064 0 0 179
trop 3228 1068 134 179 179
tree 3464 1080 7 0 179
fre 3572 1060 31 179 179
tree 3896 1064 16 0 179
tree 3912 1080 10 0 179
tree 3928 1080 18 0 179
trop 612 1092 130 179 179
fre 1212 1092 28 179 179
zabor 1360 1104 65 1 8
stand 1432 1096 63 0 179
stand 1432 1112 129 1 179
stand 1480 1096 63 0 179
stand 1480 1112 129 1 179
tree 1560 1096 27 0 179
tree 1576 1096 16 0 179
tree 1656 1096 8 0 179
tree 1640 1112 29 0 179
zabor 1712 1104 66 1 8
tree 2056 1112 5 0 179
trop 2252 1100 134 179 179
trop 2540 1100 131 179 179
tree 2776 1096 24 0 179
fre 2820 1100 65 179 179
tree 3176 1112 4 0 179
trop 3252 1092 134 179 179
fre 3444 1116 6 179 179
tree 3480 1096 10 0 179
fre 3524 1116 17 179 179
tree 3704 1096 38 0 179
trop 580 1124 130 179 179
fre 1140 1148 5 179 179
zabor 1360 1136 65 1 8
stand 1432 1128 63 0 179
stand 1432 1144 129 1 179
stand 1480 1128 63 0 179
stand 1480 1144 129 1 179
zabor 1712 1136 65 1 8
stand 1720 1144 241 0 179
zabor 1744 1136 65 1 8
zabor 1776 1136 64 1 8
zabor 1808 1136 64 1 8
zabor 1840 1136 64 1 8
stand 1880 1144 241 0 179
zabor 1872 1136 64 1 8
tree 2200 1144 2 0 179
fre 2196 1132 36 179 179
trop 2284 1132 134 179 179
tree 2440 1144 30 0 179
tree 2456 1128 4 0 179
trop 2508 1132 130 179 179
trop 2540 1140 134 179 179
tree 2728 1144 41 0 179
fre 2924 1140 69 179 179
tree 3128 1144 12 0 179
tree 3144 1128 5 0 179
trop 3284 1124 134 179 179
trop 3308 1148 134 179 179
tree 3352 1128 0 0 179
tree 3368 1144 19 0 179
tree 3560 1144 26 0 179
tree 3576 1144 6 0 179
tree 3656 1144 30 0 179
dom 224 1152 302 0 179
stand 248 1176 128 0 179
stand 280 1176 128 0 179
stand 312 1176 128 0 179
dom 320 1152 260 0 179
stand 328 1176 128 0 179
dom 416 1152 304 0 179
trop 548 1156 129 179 179
tree 808 1176 6 0 179
zabor 1360 1168 64 1 8
stand 1432 1160 63 0 179
stand 1432 1176 129 1 179
stand 1480 1160 63 0 179
stand 1496 1160 128 1 179
stand 1512 1160 128 1 179
stand 1528 1160 63 0 179
stand 1544 1160 128 1 179
stand 1560 1160 128 1 179
stand 1576 1160 63 0 179
stand 1592 1160 128 1 179
stand 1608 1160 128 1 179
stand 1624 1160 63 0 179
stand 1640 1160 128 1 179
stand 1656 1160 128 1 179
stand 1672 1160 128 1 179
stand 1688 1160 63 0 179
stand 1704 1160 128 1 179
stand 1720 1160 128 1 179
stand 1736 1160 128 1 179
stand 1752 1160 63 0 179
stand 1768 1160 128 1 179
stand 1784 1160 128 1 179
stand 1800 1160 128 1 179
stand 1816 1160 63 0 179
stand 1832 1160 128 1 179
stand 1848 1160 128 1 179
stand 1880 1160 63 0 179
stand 1864 1160 128 1 179
tree 2200 1160 29 0 179
fre 2244 1172 8 179 179
trop 2316 1164 134 179 179
trop 2316 1172 131 179 179
tree 2392 1176 31 0 179
trop 2476 1164 130 179 179
trop 2572 1172 134 179 179
stand 2600 1160 320 0 179
tree 2696 1176 41 0 179
tree 2712 1160 17 0 179
tree 3112 1160 29 0 179
trop 3340 1180 134 179 179
tree 3416 1176 37 0 179
tree 3400 1160 41 0 179
fre 3508 1180 15 179 179
stand 344 1192 129 0 179
trop 548 1188 143 179 179
trop 572 1212 135 179 179
tree 680 1192 18 0 179
tree 696 1192 32 0 179
tree 888 1192 30 0 179
zabor 1360 1200 66 1 8
stand 1432 1192 129 1 179
stand 1464 1208 63 0 179
stand 1448 1208 128 1 179
stand 1480 1208 128 1 179
stand 1496 1208 128 1 179
stand 1512 1208 128 1 179
stand 1528 1208 63 0 179
stand 1544 1208 128 1 179
stand 1560 1208 128 1 179
stand 1576 1208 128 1 179
stand 1592 1208 63 0 179
stand 1608 1208 128 1 179
stand 1624 1208 128 1 179
stand 1640 1208 128 1 179
stand 1656 1208 63 0 179
stand 1672 1208 128 1 179
stand 1688 1208 128 1 179
stand 1704 1208 63 0 179
stand 1720 1208 128 1 179
stand 1752 1208 128 1 179
stand 1768 1208 63 0 179
stand 1784 1208 128 1 179
stand 1816 1208 128 1 179
stand 1832 1208 63 0 179
stand 1848 1208 128 1 179
stand 1880 1208 63 0 179
stand 1864 1208 128 1 179
trop 1892 1196 81 179 179
trop 1940 1196 81 179 179
tree 2136 1192 4 0 179
trop 2284 1204 138 179 179
trop 2348 1196 134 179 179
trop 2444 1196 130 179 179
trop 2604 1204 134 179 179
tree 2712 1208 0 0 179
fre 2772 1196 10 179 179
tree 2952 1208 29 0 179
tree 3000 1192 5 0 179
tree 3064 1192 25 0 179
fre 3116 1212 10 179 179
fre 3164 1204 17 179 179
tree 3272 1208 8 0 179
tree 3288 1208 6 0 179
tree 3288 1192 37 0 179
tree 3272 1192 17 0 179
trop 3364 1204 134 179 179
tree 3832 1208 40 0 179
dom 160 1216 264 0 179
dom 224 1216 179 0 179
stand 344 1224 129 0 179
trop 572 1244 136 179 179
tree 920 1240 15 0 179
tree 936 1224 21 0 179
zabor 1360 1232 65 1 8
tree 1400 1240 24 0 179
zabor 1712 1232 65 1 8
stand 1720 1240 241 0 179
zabor 1744 1232 66 1 8
zabor 1776 1232 66 1 8
stand 1784 1224 128 1 179
zabor 1808 1232 64 1 8
zabor 1840 1232 65 1 8
stand 1880 1240 241 0 179
zabor 1872 1232 65 1 8
trop 2252 1236 138 179 179
trop 2380 1228 141 179 179
trop 2412 1228 139 179 179
trop 2636 1236 135 179 179
tree 2744 1240 38 0 179
tree 2952 1224 13 0 179
tree 3160 1240 18 0 179
fre 3260 1228 34 179 179
trop 3396 1236 134 179 179
tree 3608 1240 10 0 179
tree 3944 1240 9 0 179
stand 216 1256 129 0 179
stand 344 1256 129 0 179
trop 556 1276 138 179 179
fre 1100 1268 23 179 179
zabor 1360 1264 66 1 8
tree 1400 1256 13 0 179
zabor 1712 1264 66 1 8
tree 2120 1272 18 0 179
dom 2144 1248 296 0 179
trop 2220 1268 139 179 179
tree 2216 1256 31 0 179
trop 2636 1268 136 179 179
tree 3144 1256 36 0 179
trop 3420 1260 134 179 179
stand 216 1288 129 0 179
dom 320 1280 264 0 179
stand 344 1288 129 0 179
dom 448 1280 261 0 179
trop 524 1308 138 179 179
tree 968 1288 20 0 179
zabor 1360 1296 65 1 8
tree 1416 1304 22 0 179
zabor 1712 1296 64 1 8
trop 1892 1300 81 179 179
trop 1940 1308 81 179 179
zabor 2064 1296 24 0 8
zabor 2096 1296 24 0 8
zabor 2128 1296 25 0 8
zabor 2288 1296 24 0 8
zabor 2320 1296 25 0 8
zabor 2352 1296 30 0 8
zabor 2384 1296 29 0 8
fre 2556 1308 22 179 179
fre 2540 1300 66 179 179
fre 2532 1292 67 179 179
fre 2564 1308 27 179 179
fre 2580 1300 67 179 179
fre 2564 1300 25 179 179
trop 2636 1300 136 179 179
trop 3452 1292 135 179 179
tree 3560 1288 34 0 179
tree 3912 1304 5 0 179
stand 216 1320 129 0 179
stand 344 1320 129 0 179
trop 492 1340 139 179 179
tree 872 1336 12 0 179
fre 1260 1340 68 179 179
zabor 1360 1328 64 1 8
tree 1416 1320 10 0 179
tree 1528 1336 29 0 179
tree 1560 1336 11 0 179
tree 1608 1336 7 0 179
zabor 1712 1328 65 1 8
zabor 2064 1328 27 0 8
zabor 2384 1328 24 0 8
fre 2564 1324 63 179 179
fre 2580 1316 2 179 179
trop 2636 1332 136 179 179
dom 2720 1312 86 0 179
tree 3112 1336 36 0 179
trop 3452 1324 136 179 179
tree 3512 1320 17 0 179
tree 3928 1320 39 0 179
tree 184 1368 26 0 179
stand 216 1352 129 0 179
stand 344 1352 129 0 179
trop 468 1356 138 179 179
tree 872 1368 30 0 179
tree 936 1352 38 0 179
tree 1032 1368 19 0 179
tree 1048 1368 24 0 179
tree 1208 1352 15 0 179
zabor 1360 1360 65 1 8
zabor 1392 1360 66 1 8
zabor 1424 1360 64 1 8
zabor 1456 1360 66 1 8
zabor 1488 1360 66 1 8
zabor 1520 1360 66 1 8
zabor 1552 1360 66 1 8
zabor 1584 1360 66 1 8
zabor 1616 1360 64 1 8
zabor 1648 1360 64 1 8
zabor 1680 1360 65 1 8
stand 1720 1368 241 0 179
zabor 1712 1360 66 1 8
zabor 2064 1360 27 0 8
trop 2148 1356 201 179 179
zabor 2384 1360 31 0 8
trop 2636 1364 136 179 179
trop 2716 1356 136 179 179
tree 3912 1352 26 0 179
stand 3976 1352 67 0 179
tree 184 1384 5 0 179
tree 184 1400 11 0 179
stand 216 1384 129 0 179
stand 344 1384 129 0 179
trop 436 1388 138 179 179
tree 648 1384 2 0 179
tree 648 1400 12 0 179
tree 712 1384 33 0 179
tree 888 1384 10 0 179
tree 1064 1384 28 0 179
tree 1160 1400 41 0 179
tree 1336 1384 10 0 179
tree 1384 1400 28 0 179
zabor 2064 1392 28 0 8
trop 2172 1396 201 179 179
trop 2316 1396 201 179 179
zabor 2384 1392 29 0 8
trop 2636 1396 137 179 179
trop 2636 1388 143 179 179
trop 2716 1388 137 179 179
tree 2856 1400 24 0 179
tree 3032 1384 40 0 179
tree 3048 1384 14 0 179
stand 3496 1384 67 0 179
tree 152 1416 1 0 179
tree 168 1416 5 0 179
stand 216 1416 129 0 179
stand 232 1432 128 0 179
stand 264 1432 128 0 179
stand 296 1432 128 0 179
stand 344 1416 129 0 179
trop 420 1420 137 179 179
tree 824 1416 18 0 179
tree 840 1416 37 0 179
tree 920 1416 39 0 179
tree 1144 1416 37 0 179
tree 1272 1416 24 0 179
tree 1304 1432 27 0 179
tree 1384 1416 1 0 179
tree 1464 1432 12 0 179
tree 1464 1416 30 0 179
fre 1764 1420 3 179 179
trop 1892 1412 81 179 179
trop 1940 1420 81 179 179
zabor 2064 1424 28 0 8
zabor 2384 1424 25 0 8
trop 2604 1428 130 179 179
trop 2660 1412 141 179 179
trop 2692 1412 139 179 179
tree 2856 1416 24 0 179
tree 2968 1432 10 0 179
most 3456 1408 61 0 179
stand 312 1448 129 0 179
stand 344 1448 129 0 179
tree 824 1448 6 0 179
tree 1016 1464 20 0 179
tree 1224 1448 2 0 179
tree 1384 1464 18 0 179
tree 1448 1448 17 0 179
zabor 2064 1456 24 0 8
zabor 2384 1456 24 0 8
trop 2572 1460 129 179 179
tree 2856 1464 8 0 179
trop 3460 1460 136 179 179
tree 600 1480 6 0 179
tree 632 1496 22 0 179
tree 616 1496 38 0 179
tree 744 1480 25 0 179
tree 920 1496 14 0 179
tree 1048 1480 34 0 179
tree 1096 1496 36 0 179
tree 1224 1496 31 0 179
tree 1272 1480 18 0 179
fre 1828 1492 11 179 179
zabor 2064 1488 31 0 8
zabor 2384 1488 27 0 8
tree 2456 1480 40 0 179
dom 2560 1472 188 0 179
tree 2856 1496 28 0 179
tree 3000 1496 8 0 179
trop 3476 1484 135 179 179
tree 3800 1480 41 0 179
tree 3928 1496 32 0 179
most 416 1504 61 0 179
tree 648 1512 16 0 179
tree 984 1528 5 0 179
trop 1116 1516 203 179 179
lay 1224 1512 68 0 179
lay 1256 1512 68 0 179
lay 1288 1528 68 0 179
trop 1892 1524 81 179 179
trop 1940 1532 81 179 179
zabor 2064 1520 31 0 8
trop 2180 1524 201 179 179
trop 2308 1532 201 179 179
zabor 2384 1520 30 0 8
tree 2472 1528 41 0 179
trop 3476 1516 136 179 179
tree 3944 1512 4 0 179
tree 200 1560 36 0 179
tree 776 1560 29 0 179
tree 984 1544 18 0 179
tree 968 1560 36 0 179
trop 988 1556 216 179 179
lay 1000 1560 68 0 179
lay 1016 1560 68 0 179
lay 1048 1544 68 0 179
lay 1064 1544 68 0 179
trop 1164 1548 203 179 179
lay 1320 1544 68 0 179
tree 1368 1544 0 0 179
lay 1352 1544 68 0 179
tree 1384 1544 16 0 179
fre 1692 1556 2 179 179
zabor 2064 1552 31 0 8
trop 2172 1548 201 179 179
zabor 2384 1552 28 0 8
stand 2488 1544 20 1 179
cliff 2768 1552 62 179 179
tree 3032 1544 36 0 179
trop 3476 1548 136 179 179
tree 184 1592 29 0 179
tree 216 1576 26 0 179
tree 200 1576 5 0 179
trop 420 1588 137 179 179
stand 472 1576 67 0 179
tree 776 1592 8 0 179
tree 888 1592 1 0 179
tree 904 1592 7 0 179
lay 1080 1576 68 0 179
trop 1228 1596 203 179 179
trop 1236 1580 203 179 179
lay 1320 1576 68 0 179
tree 1496 1576 5 0 179
tree 1512 1592 4 0 179
fre 1668 1596 22 179 179
zabor 2064 1584 26 0 8
zabor 2384 1584 31 0 8
cliff 2480 1584 19 179 179
cliff 2464 1568 25 179 179
cliff 2768 1584 4 179 179
trop 3476 1580 136 179 179
tree 3752 1576 34 0 179
tree 152 1608 30 0 179
tree 184 1608 28 0 179
tree 168 1608 18 0 179
trop 388 1620 138 179 179
lay 1080 1624 68 0 179
trop 1084 1604 203 179 179
trop 1148 1612 203 179 179
trop 1132 1628 203 179 179
trop 1156 1628 203 179 179
trop 1276 1620 203 179 179
trop 1348 1612 192 179 179
stand 1464 1608 320 0 179
fre 1652 1604 23 179 179
fre 1780 1604 12 179 179
zabor 2064 1616 30 0 8
zabor 2384 1616 27 0 8
cliff 2512 1616 19 179 179
cliff 2496 1600 25 179 179
cliff 2704 1600 18 179 179
cliff 2752 1616 5 179 179
trop 3476 1612 136 179 179
tree 3672 1624 36 0 179
tree 3752 1608 5 0 179
tree 3752 1624 25 0 179
trop 356 1652 138 179 179
tree 488 1656 30 0 179
trop 1140 1652 203 179 179
lay 1288 1640 9 0 179
fre 1572 1644 31 179 179
tree 1608 1640 32 0 179
trop 1892 1636 81 179 179
trop 1940 1644 81 179 179
zabor 2064 1648 28 0 8
zabor 2096 1648 25 0 8
zabor 2128 1648 26 0 8
zabor 2160 1648 25 0 8
zabor 2192 1648 27 0 8
zabor 2224 1648 26 0 8
zabor 2256 1648 29 0 8
zabor 2288 1648 28 0 8
zabor 2320 1648 25 0 8
zabor 2352 1648 25 0 8
zabor 2384 1648 27 0 8
fre 2452 1636 26 179 179
cliff 2544 1648 19 179 179
cliff 2528 1632 27 179 179
cliff 2560 1648 18 179 179
cliff 2592 1648 16 179 179
cliff 2624 1648 54 179 179
cliff 2688 1632 1 179 179
fre 2828 1644 35 179 179
fre 2900 1660 12 179 179
tree 3064 1656 5 0 179
tree 3048 1656 18 0 179
tree 3416 1640 6 0 179
tree 3432 1640 30 0 179
trop 3476 1644 136 179 179
tree 3544 1656 34 0 179
tree 3800 1640 26 0 179
tree 184 1672 18 0 179
trop 324 1668 131 179 179
tree 488 1672 10 0 179
tree 792 1688 36 0 179
stand 872 1672 320 0 179
trop 1132 1692 203 179 179
lay 1272 1672 8 0 179
zabor 1872 1680 37 0 9
zabor 1968 1680 36 0 9
fre 2516 1684 6 179 179
fre 2556 1692 68 179 179
cliff 2672 1664 10 179 179
fre 2780 1692 66 179 179
fre 2844 1668 69 179 179
fre 2828 1668 36 179 179
fre 2828 1684 23 179 179
tree 2952 1688 7 0 179
trop 3476 1676 143 179 179
tree 3576 1688 19 0 179
tree 3592 1688 26 0 179
tree 3672 1672 18 0 179
tree 3896 1672 27 0 179
tree 3928 1688 6 0 179
trop 260 1716 131 179 179
trop 292 1700 130 179 179
tree 792 1704 20 0 179
tree 824 1720 23 0 179
tree 808 1704 0 0 179
tree 840 1720 8 0 179
zabor 1008 1712 31 0 8
trop 1252 1724 203 179 179
tree 1640 1704 22 0 179
tree 1640 1720 9 0 179
fre 1676 1724 2 179 179
zabor 1872 1712 30 0 8
zabor 1968 1712 28 0 8
fre 2492 1716 19 179 179
fre 2564 1716 62 179 179
tree 2840 1704 22 0 179
fre 2836 1724 2 179 179
tree 3016 1704 10 0 179
trop 3508 1708 134 179 179
tree 3672 1704 18 0 179
tree 3672 1720 20 0 179
dom 3776 1696 315 0 179
tree 3880 1720 1 0 179
trop 228 1748 129 179 179
tree 840 1736 33 0 179
trop 1028 1756 161 179 179
lay 1112 1736 10 0 179
trop 1172 1732 203 179 179
fre 1572 1748 13 179 179
fre 1740 1748 1 179 179
zabor 1872 1744 31 0 8
trop 1892 1748 81 179 179
trop 1940 1756 81 179 179
zabor 1968 1744 27 0 8
fre 2580 1756 21 179 179
fre 2572 1756 23 179 179
fre 2644 1740 1 179 179
fre 2692 1756 26 179 179
fre 2708 1732 14 179 179
fre 2724 1740 10 179 179
tree 2840 1752 21 0 179
fre 2852 1756 11 179 179
tree 3000 1736 0 0 179
tree 2984 1736 8 0 179
tree 3096 1752 30 0 179
trop 3540 1740 134 179 179
trop 3700 1748 138 179 179
trop 3732 1732 139 179 179
tree 3912 1736 9 0 179
tree 3944 1736 5 0 179
tree 200 1768 4 0 179
tree 200 1784 34 0 179
trop 228 1780 143 179 179
tree 392 1784 29 0 179
zabor 1072 1776 26 0 8
trop 1212 1788 203 179 179
stand 1368 1768 320 0 179
zabor 1872 1776 25 0 8
zabor 1968 1776 24 0 8
trop 3572 1772 134 179 179
trop 3668 1780 138 179 179
zabor 3728 1776 30 0 8
zabor 3760 1776 24 0 8
zabor 3792 1776 27 0 8
zabor 3824 1776 29 0 8
zabor 3856 1776 27 0 8
zabor 3888 1776 26 0 8
trop 260 1812 142 179 179
trop 1268 1812 203 179 179
tree 1640 1800 22 0 179
tree 1640 1816 17 0 179
cliff 1712 1808 63 179 179
cliff 1696 1808 25 179 179
zabor 1872 1808 25 0 8
zabor 1968 1808 28 0 8
fre 2276 1812 7 179 179
fre 2620 1796 11 179 179
fre 2668 1796 35 179 179
fre 2700 1796 24 179 179
fre 2740 1812 63 179 179
fre 2756 1804 0 179 179
tree 2856 1816 6 0 179
tree 3432 1816 7 0 179
trop 3604 1804 134 179 179
trop 3636 1812 138 179 179
zabor 3728 1808 27 0 8
zabor 3888 1808 25 0 8
trop 292 1844 135 179 179
tree 360 1848 15 0 179
fre 1212 1852 14 179 179
trop 1252 1852 203 179 179
trop 1276 1828 203 179 179
trop 1300 1828 203 179 179
fre 1292 1852 36 179 179
tree 1624 1848 40 0 179
tree 1624 1832 34 0 179
cliff 1712 1824 22 179 179
cliff 1728 1840 26 179 179
zabor 1872 1840 25 0 8
trop 1892 1852 81 179 179
zabor 1968 1840 27 0 8
lay 2168 1848 64 0 179
tree 3016 1848 32 0 179
tree 3432 1832 34 0 179
trop 3636 1836 135 179 179
zabor 3728 1840 32 0 9
trop 3820 1852 201 179 179
zabor 3888 1840 28 0 8
tree 200 1864 25 0 179
tree 248 1880 26 0 179
trop 292 1876 136 179 179
trop 1252 1884 203 179 179
trop 1292 1868 203 179 179
fre 1604 1868 64 179 179
fre 1652 1868 16 179 179
cliff 1744 1856 47 179 179
zabor 1872 1872 28 0 8
trop 1884 1884 81 179 179
trop 1940 1868 81 179 179
zabor 1968 1872 24 0 8
tree 2152 1864 16 0 179
tree 2216 1864 15 0 179
tree 3544 1880 8 0 179
tree 3528 1864 23 0 179
trop 3636 1868 143 179 179
zabor 3728 1872 32 0 9
zabor 3888 1872 28 0 8
tree 232 1896 11 0 179
trop 292 1908 137 179 179
tree 376 1912 30 0 179
trop 1348 1892 203 179 179
fre 1644 1892 2 179 179
cliff 1744 1888 22 179 179
cliff 1760 1904 25 179 179
zabor 1872 1904 29 0 8
zabor 1968 1904 28 0 8
dom 2208 1888 199 0 179
fre 2460 1892 19 179 179
tree 2904 1896 15 0 179
tree 3000 1896 20 0 179
tree 3384 1912 8 0 179
tree 3544 1896 34 0 179
trop 3668 1900 142 179 179
zabor 3728 1904 30 0 8
zabor 3888 1904 28 0 8
tree 184 1928 34 0 179
tree 168 1928 10 0 179
trop 276 1940 137 179 179
tree 504 1944 32 0 179
tree 488 1944 25 0 179
fre 1724 1924 4 179 179
cliff 1776 1920 20 179 179
cliff 1792 1936 27 179 179
zabor 1872 1936 33 0 9
zabor 1968 1936 37 0 9
tree 2184 1928 0 0 179
tree 2952 1944 12 0 179
tree 3560 1928 32 0 179
trop 3692 1924 142 179 179
zabor 3728 1936 25 0 8
trop 3716 1948 142 179 179
zabor 3760 1936 31 0 8
zabor 3792 1936 26 0 8
zabor 3824 1936 29 0 8
zabor 3856 1936 25 0 8
zabor 3888 1936 26 0 8
trop 260 1972 143 179 179
tree 520 1960 12 0 179
tree 1320 1960 7 0 179
fre 1372 1980 2 179 179
lay 1688 1976 11 0 179
fre 1748 1972 33 179 179
cliff 1808 1952 20 179 179
cliff 1824 1952 18 179 179
trop 1940 1980 81 179 179
cliff 2048 1968 26 179 179
tree 3016 1960 25 0 179
trop 3748 1980 142 179 179
tree 3928 1976 16 0 179
tree 3928 1960 31 0 179
tree 168 2008 32 0 179
trop 292 2004 142 179 179
tree 1304 1992 3 0 179
fre 1284 2012 0 179 179
tree 1320 1992 19 0 179
tree 1352 1992 27 0 179
tree 1496 1992 18 0 179
tree 1528 1992 6 0 179
tree 1512 2008 25 0 179
tree 1544 1992 1 0 179
lay 1736 1992 1 0 179
cliff 2064 1984 20 179 179
cliff 2080 1984 18 179 179
cliff 2112 2000 25 179 179
tree 2632 1992 20 0 179
tree 2952 2008 6 0 179
tree 3496 2008 38 0 179
tree 3576 2008 13 0 179
tree 3576 1992 20 0 179
tree 3672 2008 34 0 179
tree 3704 1992 14 0 179
tree 3688 2008 23 0 179
trop 3772 2004 134 179 179
tree 3800 1992 28 0 179
tree 3816 1992 30 0 179
tree 3912 1992 32 0 179
tree 168 2024 5 0 179
tree 280 2040 7 0 179
trop 324 2036 142 179 179
tree 408 2024 30 0 179
tree 520 2024 27 0 179
tree 616 2024 0 0 179
fre 1212 2028 3 179 179
tree 1240 2024 17 0 179
tree 1416 2024 36 0 179
fre 1412 2020 26 179 179
tree 1512 2024 4 0 179
cliff 1568 2032 49 179 179
cliff 1600 2032 35 179 179
fre 1844 2044 32 179 179
cliff 2128 2016 20 179 179
cliff 2144 2016 18 179 179
cliff 2176 2016 18 179 179
cliff 2208 2016 17 179 179
cliff 2240 2016 62 179 179
tree 2344 2040 5 0 179
tree 2632 2024 13 0 179
tree 3032 2024 7 0 179
tree 3432 2024 20 0 179
trop 3804 2036 135 179 179
tree 3880 2024 40 0 179
trop 356 2068 135 179 179
tree 440 2056 26 0 179
tree 456 2056 32 0 179
cliff 1616 2048 52 179 179
cliff 1648 2048 35 179 179
cliff 1664 2064 32 179 179
fre 1836 2068 3 179 179
most 1952 2048 3 0 179
fre 2036 2052 31 179 179
fre 2076 2060 15 179 179
fre 2116 2076 32 179 179
tree 2344 2072 8 0 179
tree 2360 2056 31 0 179
tree 2472 2056 0 0 179
tree 2952 2056 31 0 179
tree 3288 2072 27 0 179
tree 3304 2072 5 0 179
trop 3804 2068 136 179 179
dom 256 2080 315 0 179
trop 300 2100 133 179 179
trop 356 2100 136 179 179
tree 584 2088 13 0 179
fre 1380 2092 1 179 179
cliff 1664 2080 13 179 179
fre 2156 2100 11 179 179
fre 2268 2092 19 179 179
fre 2332 2100 14 179 179
tree 2344 2088 6 0 179
tree 2488 2088 1 0 179
tree 2504 2104 17 0 179
tree 2728 2104 29 0 179
tree 2824 2104 34 0 179
tree 2824 2088 23 0 179
tree 2968 2104 23 0 179
stand 3112 2104 67 0 179
tree 3400 2088 39 0 179
tree 184 2136 9 0 179
tree 168 2120 28 0 179
trop 332 2132 134 179 179
trop 356 2132 137 179 179
tree 520 2136 30 0 179
tree 536 2136 4 0 179
tree 1304 2136 26 0 179
tree 1320 2120 5 0 179
cliff 1680 2112 35 179 179
cliff 1696 2128 28 179 179
fre 1732 2116 25 179 179
lay 1800 2120 10 0 179
fre 2172 2116 21 179 179
fre 2188 2124 34 179 179
fre 2220 2116 26 179 179
fre 2292 2124 34 179 179
fre 2332 2132 10 179 179
fre 2388 2132 68 179 179
fre 2396 2116 34 179 179
tree 2616 2136 5 0 179
tree 3416 2120 8 0 179
trop 332 2156 129 179 179
fre 1188 2148 63 179 179
fre 1252 2164 12 179 179
tree 1320 2168 15 0 179
tree 1512 2168 30 0 179
tree 1592 2168 25 0 179
cliff 1696 2144 13 179 179
cliff 1696 2160 32 179 179
fre 1796 2148 21 179 179
fre 2108 2164 35 179 179
fre 2164 2172 28 179 179
fre 2156 2148 16 179 179
fre 2220 2172 37 179 179
fre 2252 2164 22 179 179
fre 2444 2156 10 179 179
tree 2984 2152 38 0 179
most 3808 2144 61 0 179
zabor 176 2192 28 0 8
zabor 208 2192 27 0 8
zabor 240 2192 36 0 9
zabor 272 2192 38 0 9
zabor 304 2192 26 0 8
zabor 336 2192 30 0 8
trop 332 2188 143 179 179
tree 456 2184 33 0 179
tree 1176 2200 30 0 179
fre 1172 2204 20 179 179
cliff 1712 2176 33 179 179
cliff 1728 2192 28 179 179
fre 1812 2196 18 179 179
tree 2616 2200 11 0 179
tree 2776 2184 29 0 179
tree 3048 2200 21 0 179
zabor 176 2224 24 0 8
zabor 336 2224 26 0 8
trop 364 2220 142 179 179
tree 456 2216 23 0 179
fre 1412 2228 11 179 179
dom 1600 2208 199 0 179
cliff 1744 2208 35 179 179
cliff 1760 2224 31 179 179
tree 2584 2232 8 0 179
trop 3812 2220 136 179 179
tree 3928 2232 31 0 179
zabor 176 2256 28 0 8
lay 264 2264 59 0 179
zabor 336 2256 31 0 8
trop 388 2244 134 179 179
tree 1128 2248 32 0 179
fre 1132 2268 10 179 179
dom 1312 2240 292 0 179
tree 1368 2264 35 0 179
tree 1384 2264 29 0 179
cliff 1760 2240 12 179 179
fre 1820 2244 7 179 179
fre 1844 2260 0 179 179
tree 2616 2248 14 0 179
tree 3048 2248 40 0 179
tree 3368 2248 6 0 179
trop 3812 2252 137 179 179
tree 3896 2248 32 0 179
dom 3904 2240 314 0 179
zabor 176 2288 30 0 8
zabor 336 2288 24 0 8
trop 420 2276 135 179 179
tree 952 2280 34 0 179
tree 952 2296 6 0 179
tree 936 2280 29 0 179
tree 936 2296 28 0 179
tree 968 2280 25 0 179
tree 968 2296 39 0 179
tree 1128 2296 3 0 179
fre 1188 2292 21 179 179
tree 1304 2296 27 0 179
fre 1476 2300 0 179 179
tree 1560 2280 9 0 179
fre 1548 2284 37 179 179
tree 1576 2280 11 0 179
cliff 1776 2272 34 179 179
cliff 1792 2288 31 179 179
trop 1892 2292 81 179 179
most 1920 2272 2 0 179
lay 2024 2280 8 0 179
tree 2744 2296 20 0 179
tree 2728 2280 26 0 179
tree 3048 2296 22 0 179
trop 3780 2284 138 179 179
zabor 176 2320 31 0 8
zabor 208 2320 30 0 8
zabor 240 2320 26 0 8
zabor 272 2320 30 0 8
zabor 304 2320 24 0 8
zabor 336 2320 26 0 8
trop 436 2308 135 179 179
tree 712 2328 33 0 179
tree 744 2312 3 0 179
dom 960 2304 310 0 179
tree 1096 2328 1 0 179
tree 1128 2328 7 0 179
tree 1304 2312 41 0 179
tree 1432 2312 7 0 179
fre 1564 2308 24 179 179
cliff 1808 2304 33 179 179
cliff 1824 2320 29 179 179
fre 2020 2316 20 179 179
fre 2076 2324 6 179 179
lay 2072 2312 7 0 179
fre 2084 2308 20 179 179
tree 2808 2328 7 0 179
tree 2792 2328 20 0 179
tree 2792 2312 41 0 179
tree 2936 2328 18 0 179
tree 2936 2312 34 0 179
tree 3048 2312 0 0 179
trop 3748 2316 138 179 179
trop 452 2340 142 179 179
trop 484 2364 141 179 179
most 512 2336 60 0 179
stand 600 2344 67 0 179
trop 604 2348 133 179 179
tree 696 2360 15 0 179
tree 920 2360 25 0 179
tree 1048 2344 39 0 179
tree 1064 2344 34 0 179
tree 1224 2360 11 0 179
tree 1256 2360 11 0 179
trop 1324 2348 143 179 179
fre 1380 2364 37 179 179
fre 1476 2364 37 179 179
cliff 1840 2336 34 179 179
zabor 1872 2352 37 0 9
zabor 1968 2352 35 0 9
cliff 2032 2352 36 179 179
fre 2052 2364 16 179 179
tree 3640 2344 31 0 179
trop 3732 2348 137 179 179
tree 3928 2344 41 0 179
tree 200 2376 14 0 179
tree 280 2376 23 0 179
tree 328 2392 18 0 179
tree 424 2392 33 0 179
trop 636 2380 134 179 179
tree 792 2376 8 0 179
trop 932 2380 138 179 179
trop 1364 2388 132 179 179
trop 1348 2372 135 179 179
trop 1396 2388 133 179 179
tree 1496 2376 3 0 179
tree 1528 2376 7 0 179
zabor 1872 2384 28 0 8
trop 1924 2396 81 179 179
zabor 1968 2384 28 0 8
cliff 2048 2368 28 179 179
cliff 2064 2384 34 179 179
fre 2124 2372 36 179 179
fre 2124 2388 23 179 179
fre 2148 2396 22 179 179
tree 3016 2392 8 0 179
trop 3716 2380 137 179 179
tree 3880 2392 39 0 179
tree 3896 2376 29 0 179
tree 200 2424 34 0 179
tree 360 2408 3 0 179
trop 668 2412 134 179 179
tree 840 2408 34 0 179
trop 900 2412 138 179 179
dom 1248 2400 298 0 179
trop 1348 2404 136 179 179
trop 1428 2420 134 179 179
tree 1480 2424 6 0 179
tree 1480 2408 35 0 179
dom 1504 2400 295 0 179
tree 1592 2424 10 0 179
tree 1576 2424 17 0 179
tree 1576 2408 38 0 179
zabor 1872 2416 26 0 8
trop 1892 2404 81 179 179
trop 1940 2420 81 179 179
zabor 1968 2416 29 0 8
cliff 2064 2400 50 179 179
cliff 2096 2400 28 179 179
cliff 2112 2416 51 179 179
cliff 2144 2416 49 179 179
cliff 2176 2416 31 179 179
fre 2180 2404 32 179 179
fre 2204 2404 11 179 179
tree 3016 2408 37 0 179
zabor 3344 2416 30 0 8
trop 3684 2412 130 179 179
tree 232 2456 39 0 179
trop 700 2444 134 179 179
trop 788 2452 132 179 179
trop 820 2452 133 179 179
trop 852 2460 138 179 179
trop 868 2444 138 179 179
fre 1076 2452 16 179 179
fre 1124 2436 4 179 179
trop 1332 2436 130 179 179
stand 1384 2440 166 0 179
trop 1452 2444 134 179 179
tree 1576 2440 38 0 179
zabor 1872 2448 27 0 8
zabor 1968 2448 25 0 8
cliff 2192 2432 34 179 179
cliff 2208 2448 30 179 179
tree 3112 2440 40 0 179
trop 3308 2460 162 179 179
trop 3652 2444 129 179 179
tree 3848 2440 18 0 179
tree 664 2488 4 0 179
tree 680 2472 25 0 179
trop 724 2468 141 179 179
trop 756 2468 139 179 179
trop 852 2484 142 179 179
tree 1048 2472 31 0 179
tree 1032 2472 20 0 179
tree 1064 2488 19 0 179
fre 1060 2484 65 179 179
trop 1300 2468 130 179 179
trop 1284 2492 136 179 179
trop 1284 2468 135 179 179
trop 1476 2468 141 179 179
trop 1508 2468 139 179 179
zabor 1872 2480 28 0 8
zabor 1968 2480 31 0 8
cliff 2224 2464 34 179 179
cliff 2240 2480 51 179 179
trop 3156 2492 197 179 179
zabor 3248 2480 31 0 8
trop 3652 2476 137 179 179
tree 200 2504 30 0 179
tree 200 2520 39 0 179
tree 264 2504 32 0 179
tree 328 2504 18 0 179
tree 376 2504 27 0 179
tree 360 2504 27 0 179
tree 392 2504 21 0 179
trop 884 2516 134 179 179
stand 904 2504 320 0 179
tree 1080 2504 10 0 179
trop 1284 2524 136 179 179
zabor 1872 2512 26 0 8
trop 1892 2516 81 179 179
zabor 1968 2512 25 0 8
cliff 2272 2512 60 179 179
tree 3064 2520 33 0 179
tree 3144 2504 11 0 179
trop 3172 2500 197 179 179
trop 3620 2508 138 179 179
tree 3848 2520 4 0 179
tree 216 2536 21 0 179
trop 916 2548 134 179 179
trop 1004 2556 133 179 179
fre 1068 2556 27 179 179
fre 1140 2540 2 179 179
trop 1284 2556 137 179 179
zabor 1488 2544 29 0 8
zabor 1520 2544 28 0 8
zabor 1552 2544 31 0 8
tree 1544 2552 7 0 179
zabor 1584 2544 29 0 8
zabor 1616 2544 30 0 8
zabor 1648 2544 29 0 8
zabor 1680 2544 30 0 8
zabor 1712 2544 25 0 8
zabor 1744 2544 30 0 8
zabor 1776 2544 31 0 8
zabor 1872 2544 31 0 8
trop 1940 2532 81 179 179
zabor 1968 2544 30 0 8
trop 3124 2556 197 179 179
trop 3604 2540 137 179 179
trop 940 2572 141 179 179
trop 972 2572 139 179 179
trop 1036 2588 134 179 179
tree 1112 2584 12 0 179
tree 1096 2584 15 0 179
trop 1260 2580 130 179 179
zabor 1488 2576 31 0 8
dom 1504 2560 298 0 179
stand 1704 2584 164 0 179
zabor 1776 2576 31 0 8
zabor 1872 2576 24 0 8
zabor 1968 2576 30 0 8
tree 3192 2568 14 0 179
tree 3192 2584 22 0 179
trop 3172 2580 197 179 179
trop 3260 2588 197 179 179
trop 3588 2572 137 179 179
tree 3848 2568 5 0 179
tree 184 2616 27 0 179
tree 184 2600 17 0 179
tree 200 2600 38 0 179
tree 744 2600 4 0 179
trop 1068 2620 134 179 179
tree 1112 2600 10 0 179
trop 1228 2612 130 179 179
zabor 1488 2608 27 0 8
trop 1596 2620 127 179 179
trop 1580 2620 127 179 179
tree 1704 2600 32 0 179
zabor 1776 2608 31 0 8
zabor 1872 2608 38 0 9
trop 1892 2620 81 179 179
zabor 1968 2608 34 0 9
tree 2568 2616 26 0 179
trop 3132 2620 197 179 179
trop 3228 2620 200 179 179
trop 3252 2604 197 179 179
trop 3276 2620 197 179 179
trop 3564 2596 129 179 179
tree 3720 2616 17 0 179
tree 3848 2616 11 0 179
tree 616 2648 35 0 179
trop 1100 2652 134 179 179
tree 1144 2648 16 0 179
trop 1196 2644 130 179 179
zabor 1488 2640 30 0 8
tree 1512 2648 6 0 179
trop 1612 2644 119 179 179
trop 1604 2644 120 179 179
trop 1644 2628 127 179 179
trop 1684 2652 127 179 179
zabor 1712 2640 37 0 9
zabor 1744 2640 30 0 8
zabor 1776 2640 30 0 8
trop 1940 2644 81 179 179
tree 2504 2648 25 0 179
trop 3348 2644 197 179 179
trop 3564 2628 136 179 179
tree 3720 2632 2 0 179
tree 152 2680 5 0 179
tree 168 2680 5 0 179
tree 504 2680 14 0 179
tree 488 2680 16 0 179
tree 600 2664 12 0 179
tree 600 2680 16 0 179
fre 620 2660 9 179 179
tree 1096 2680 0 0 179
trop 1124 2676 200 179 179
trop 1132 2684 142 179 179
trop 1164 2676 130 179 179
zabor 1488 2672 25 0 8
trop 1628 2660 120 179 179
trop 1620 2660 120 179 179
trop 1620 2668 120 179 179
trop 1620 2684 120 179 179
trop 1740 2668 127 179 179
trop 1812 2684 127 179 179
trop 1844 2676 127 179 179
stand 2184 2664 320 0 179
tree 2456 2680 29 0 179
tree 2488 2664 13 0 179
trop 3180 2668 197 179 179
trop 3228 2660 200 179 179
trop 3268 2660 200 179 179
trop 3380 2660 197 179 179
trop 3484 2684 197 179 179
trop 3564 2660 136 179 179
tree 3720 2664 38 0 179
tree 3864 2664 23 0 179
tree 152 2696 9 0 179
tree 488 2696 33 0 179
tree 616 2712 10 0 179
tree 632 2712 10 0 179
tree 728 2712 33 0 179
fre 988 2692 19 179 179
tree 1096 2696 10 0 179
trop 1156 2708 141 179 179
trop 1188 2708 133 179 179
zabor 1488 2704 24 0 8
zabor 1520 2704 31 0 8
zabor 1552 2704 27 0 8
zabor 1584 2704 27 0 8
trop 1620 2700 120 179 179
trop 1620 2716 120 179 179
zabor 1648 2704 26 0 8
stand 1656 2696 19 1 179
zabor 1712 2704 29 0 8
zabor 1744 2704 29 0 8
zabor 1776 2704 26 0 8
tree 2296 2696 34 0 179
dom 2592 2688 292 0 179
tree 2648 2712 28 0 179
trop 3212 2700 197 179 179
trop 3412 2708 200 179 179
trop 3428 2700 197 179 179
trop 3564 2692 136 179 179
tree 3736 2696 17 0 179
tree 728 2728 0 0 179
tree 1160 2744 10 0 179
trop 1220 2740 134 179 179
zabor 1488 2736 28 0 8
trop 1524 2732 196 179 179
zabor 1584 2736 25 0 8
stand 1624 2744 150 0 179
zabor 1648 2736 26 0 8
zabor 1712 2736 29 0 8
trop 1748 2740 196 179 179
zabor 1776 2736 28 0 8
trop 1892 2732 81 179 179
tree 2312 2728 21 0 179
tree 2616 2744 29 0 179
tree 2632 2744 18 0 179
trop 3340 2740 200 179 179
trop 3540 2740 197 179 179
trop 3564 2724 143 179 179
trop 3572 2724 197 179 179
stand 3608 2728 320 0 179
trop 3588 2748 135 179 179
tree 3752 2728 5 0 179
tree 3896 2744 16 0 179
tree 424 2776 16 0 179
tree 552 2776 14 0 179
fre 908 2772 2 179 179
trop 1252 2772 134 179 179
tree 1336 2760 12 0 179
zabor 1488 2768 29 0 8
trop 1524 2780 196 179 179
zabor 1584 2768 24 0 8
zabor 1616 2768 31 0 8
zabor 1648 2768 27 0 8
zabor 1712 2768 26 0 8
trop 1740 2764 196 179 179
zabor 1776 2768 25 0 8
trop 1940 2756 81 179 179
stand 2744 2760 67 0 179
trop 3476 2756 197 179 179
trop 3548 2772 200 179 179
trop 3588 2780 136 179 179
tree 3864 2760 10 0 179
tree 3864 2776 32 0 179
tree 152 2808 12 0 179
tree 440 2792 39 0 179
tree 584 2792 40 0 179
fre 1068 2788 67 179 179
trop 1260 2788 200 179 179
trop 1284 2804 134 179 179
zabor 1488 2800 31 0 8
trop 1588 2796 196 179 179
trop 1644 2796 196 179 179
zabor 1776 2800 28 0 8
tree 2456 2808 10 0 179
tree 2488 2792 16 0 179
trop 2620 2804 138 179 179
trop 3284 2788 197 179 179
trop 3420 2812 200 179 179
trop 3588 2812 137 179 179
tree 3912 2808 23 0 179
tree 3928 2808 23 0 179
tree 168 2824 1 0 179
tree 200 2824 7 0 179
tree 232 2840 10 0 179
tree 392 2840 2 0 179
tree 440 2824 40 0 179
tree 632 2824 11 0 179
tree 664 2824 2 0 179
fre 1180 2844 11 179 179
tree 1240 2824 12 0 179
tree 1256 2840 16 0 179
trop 1316 2836 134 179 179
zabor 1488 2832 31 0 8
trop 1532 2828 196 179 179
tree 1512 2840 37 1 179
tree 1512 2824 0 1 179
trop 1588 2820 196 179 179
trop 1652 2828 196 179 179
trop 1724 2820 196 179 179
zabor 1776 2832 25 0 8
trop 1892 2836 81 179 179
zabor 2032 2832 25 0 8
zabor 2064 2832 28 0 8
zabor 2096 2832 29 0 8
zabor 2128 2832 31 0 8
zabor 2160 2832 27 0 8
zabor 2192 2832 29 0 8
zabor 2224 2832 25 0 8
zabor 2256 2832 30 0 8
zabor 2288 2832 25 0 8
zabor 2320 2832 25 0 8
dom 2432 2816 291 0 179
trop 2508 2836 133 179 179
trop 2588 2836 138 179 179
trop 2628 2828 134 179 179
trop 3388 2828 197 179 179
trop 3556 2844 138 179 179
tree 536 2872 16 0 179
tree 536 2856 6 0 179
tree 568 2856 0 0 179
fre 940 2852 32 179 179
tree 1176 2872 17 0 179
tree 1272 2856 10 0 179
trop 1348 2868 134 179 179
zabor 1488 2864 31 0 8
zabor 1520 2864 29 0 8
zabor 1552 2864 25 0 8
zabor 1584 2864 27 0 8
zabor 1616 2864 25 0 8
zabor 1648 2864 24 0 8
zabor 1680 2864 28 0 8
zabor 1712 2864 24 0 8
zabor 1744 2864 30 0 8
zabor 1776 2864 27 0 8
trop 1940 2868 81 179 179
zabor 2032 2864 28 0 8
zabor 2320 2864 26 0 8
trop 2556 2868 138 179 179
trop 2540 2868 135 179 179
trop 2652 2852 134 179 179
trop 2668 2876 134 179 179
trop 3380 2860 197 179 179
tree 3464 2856 31 0 179
trop 3460 2876 200 179 179
trop 3524 2876 130 179 179
tree 3736 2872 17 0 179
tree 3784 2856 29 0 179
tree 3896 2872 26 0 179
tree 456 2888 21 0 179
cliff 864 2880 12 179 179
cliff 864 2896 65 179 179
trop 1380 2900 135 179 179
zabor 2032 2896 26 0 8
zabor 2320 2896 30 0 8
trop 2540 2900 137 179 179
trop 2708 2908 134 179 179
tree 2744 2904 12 0 179
tree 2824 2904 14 0 179
trop 3492 2908 130 179 179
tree 3640 2904 39 0 179
cliff 864 2912 14 179 179
fre 948 2916 66 179 179
fre 988 2924 10 179 179
fre 1204 2932 8 179 179
trop 1388 2924 135 179 179
trop 1892 2940 81 179 179
zabor 2032 2928 25 0 8
dom 2208 2912 177 0 179
zabor 2320 2928 29 0 8
tree 2360 2936 4 0 179
tree 2360 2920 30 0 179
trop 2508 2932 130 179 179
dom 2720 2912 288 0 179
trop 3420 2924 197 179 179
trop 3460 2940 138 179 179
tree 3736 2936 5 0 179
tree 3896 2936 27 0 179
tree 280 2952 14 0 179
tree 440 2968 37 0 179
fre 716 2972 14 179 179
cliff 864 2944 13 179 179
fre 964 2956 0 179 179
trop 1396 2948 135 179 179
trop 1404 2964 135 179 179
zabor 2032 2960 31 0 8
trop 2196 2972 11 179 179
zabor 2320 2960 24 0 8
trop 2476 2964 130 179 179
tree 2648 2952 30 0 179
tree 2664 2952 15 0 179
trop 3420 2972 197 179 179
trop 3428 2972 129 179 179
tree 3608 2968 14 0 179
tree 3736 2952 1 0 179
tree 328 2984 11 0 179
tree 376 3000 28 0 179
tree 600 3000 8 0 179
tree 600 2984 7 0 179
fre 884 2980 65 179 179
cliff 864 2976 11 179 179
tree 936 3000 8 0 179
tree 952 3000 5 0 179
fre 932 2988 63 179 179
fre 996 2996 23 179 179
fre 1236 2996 18 179 179
fre 1228 2988 69 179 179
fre 1308 2996 14 179 179
trop 1412 2988 135 179 179
tree 1688 3000 28 0 179
trop 1940 2980 81 179 179
zabor 2032 2992 31 0 8
zabor 2320 2992 24 0 8
tree 2360 3000 39 0 179
trop 2444 2996 129 179 179
tree 2648 3000 37 0 179
tree 2824 3000 40 0 179
tree 3032 3000 36 0 179
trop 3412 3004 130 179 179
tree 3896 2984 4 0 179
fre 556 3012 1 179 179
tree 616 3032 32 0 179
tree 616 3016 12 0 179
tree 776 3016 10 0 179
cliff 880 3008 35 179 179
cliff 896 3024 31 179 179
tree 952 3016 3 0 179
tree 952 3032 28 0 179
fre 1012 3036 15 179 179
fre 1052 3036 22 179 179
fre 1036 3012 7 179 179
trop 1412 3020 136 179 179
zabor 2032 3024 31 0 8
trop 2196 3012 11 179 179
zabor 2320 3024 24 0 8
trop 2444 3028 143 179 179
tree 2648 3016 24 0 179
tree 2792 3016 27 0 179
trop 3380 3036 130 179 179
tree 3896 3032 38 0 179
fre 812 3044 27 179 179
cliff 912 3040 36 179 179
cliff 928 3056 29 179 179
fre 980 3052 21 179 179
fre 1084 3052 62 179 179
fre 1148 3060 21 179 179
fre 1124 3060 3 179 179
fre 1332 3052 16 179 179
trop 1412 3052 136 179 179
tree 1672 3064 36 0 179
tree 1800 3048 17 0 179
trop 1892 3052 81 179 179
zabor 2032 3056 26 0 8
zabor 2096 3056 35 0 9
trop 2196 3060 11 179 179
zabor 2256 3056 39 0 9
zabor 2320 3056 27 0 8
trop 2476 3060 142 179 179
tree 2584 3048 2 0 179
trop 3348 3068 130 179 179
cliff 944 3072 35 179 179
cliff 960 3088 28 179 179
tree 1016 3096 2 0 179
fre 1012 3084 21 179 179
fre 1020 3092 37 179 179
fre 1004 3084 69 179 179
trop 1412 3084 136 179 179
tree 1576 3080 26 0 179
trop 1940 3092 81 179 179
trop 1980 3076 83 179 179
zabor 2032 3088 24 0 8
zabor 2096 3088 26 0 8
zabor 2256 3088 29 0 8
zabor 2320 3088 28 0 8
tree 2424 3096 24 0 179
tree 2440 3096 38 0 179
trop 2508 3092 142 179 179
tree 2584 3080 31 0 179
tree 2584 3096 40 0 179
trop 3316 3100 130 179 179
tree 3528 3096 36 0 179
tree 3608 3080 39 0 179
tree 3656 3080 23 0 179
stand 3752 3080 320 0 179
tree 3752 3080 15 0 179
tree 3800 3096 29 0 179
cliff 976 3104 33 179 179
cliff 992 3120 52 179 179
cliff 1024 3120 49 179 179
cliff 1056 3120 52 179 179
cliff 1088 3120 50 179 179
cliff 1120 3120 52 179 179
cliff 1152 3120 28 179 179
fre 1228 3124 64 179 179
fre 1300 3132 2 179 179
trop 1412 3116 143 179 179
zabor 2032 3120 28 0 8
zabor 2064 3120 26 0 8
zabor 2096 3120 25 0 8
trop 2196 3132 11 179 179
zabor 2256 3120 29 0 8
zabor 2288 3120 31 0 8
zabor 2320 3120 28 0 8
tree 2440 3112 3 0 179
trop 2540 3124 142 179 179
tree 2968 3112 33 0 179
tree 2984 3112 10 0 179
tree 3048 3112 4 0 179
trop 3284 3132 130 179 179
tree 3480 3128 21 0 179
tree 3768 3112 14 0 179
tree 3768 3128 8 0 179
tree 3816 3112 3 0 179
zabor 336 3152 36 0 9
zabor 368 3152 30 0 8
zabor 400 3152 29 0 8
zabor 432 3152 24 0 8
zabor 464 3152 31 0 8
zabor 496 3152 25 0 8
zabor 528 3152 28 0 8
zabor 560 3152 28 0 8
zabor 592 3152 27 0 8
zabor 624 3152 26 0 8
zabor 656 3152 28 0 8
zabor 688 3152 24 0 8
zabor 720 3152 34 0 9
zabor 752 3152 33 0 9
zabor 784 3152 38 0 9
zabor 816 3152 35 0 9
zabor 848 3152 30 0 8
zabor 880 3152 29 0 8
zabor 912 3152 39 0 9
zabor 944 3152 24 0 8
cliff 1168 3136 36 179 179
cliff 1184 3152 31 179 179
cliff 1216 3136 64 179 179
lay 1304 3160 29 0 179
fre 1332 3156 17 179 179
trop 1444 3148 142 179 179
tree 1656 3144 40 0 179
tree 1784 3144 18 0 179
tree 1768 3144 12 0 179
trop 1892 3156 81 179 179
trop 2204 3148 11 179 179
trop 2572 3156 142 179 179
trop 3252 3164 130 179 179
zabor 3376 3152 38 0 9
zabor 3408 3152 37 0 9
zabor 3440 3152 25 0 8
zabor 3472 3152 31 0 8
zabor 3504 3152 28 0 8
zabor 3536 3152 30 0 8
zabor 3568 3152 27 0 8
zabor 3600 3152 27 0 8
zabor 3632 3152 25 0 8
zabor 3664 3152 29 0 8
zabor 3696 3152 24 0 8
zabor 3728 3152 34 0 9
zabor 3760 3152 39 0 9
tree 3864 3160 36 0 179
zabor 944 3184 39 0 9
trop 1164 3172 200 179 179
trop 1156 3180 200 179 179
cliff 1200 3168 35 179 179
cliff 1216 3184 29 179 179
trop 1468 3172 135 179 179
fre 1628 3196 69 179 179
trop 1876 3172 138 179 179
trop 2068 3172 82 179 179
trop 2180 3180 80 179 179
trop 2292 3180 80 179 179
trop 2404 3188 80 179 179
trop 2516 3188 80 179 179
trop 2628 3188 80 179 179
trop 2740 3188 80 179 179
trop 2844 3188 80 179 179
trop 2956 3188 80 179 179
trop 3068 3188 80 179 179
trop 3180 3188 80 179 179
trop 3292 3188 80 179 179
trop 3420 3188 93 179 179
tree 3896 3192 16 0 179
zabor 944 3216 36 0 9
trop 1468 3204 136 179 179
trop 1860 3204 137 179 179
trop 1940 3204 81 179 179
trop 3564 3220 95 179 179
trop 3700 3220 101 179 179
tree 424 3240 0 1 179
tree 440 3240 2 1 179
zabor 944 3248 28 0 8
stand 1016 3240 253 0 179
stand 1016 3256 71 0 179
stand 1032 3240 253 0 179
stand 1048 3240 253 0 179
stand 1032 3256 71 0 179
stand 1048 3256 71 0 179
dom 1120 3232 70 0 179
trop 1468 3236 143 179 179
trop 1828 3236 138 179 179
trop 2052 3252 85 179 179
trop 2172 3244 80 179 179
trop 2284 3244 80 179 179
trop 2396 3252 80 179 179
trop 2508 3252 80 179 179
trop 2620 3252 80 179 179
trop 2732 3252 80 179 179
trop 2844 3252 80 179 179
trop 2956 3252 80 179 179
trop 3068 3252 80 179 179
trop 3180 3252 80 179 179
trop 3292 3252 80 179 179
trop 3404 3252 80 179 179
trop 3516 3252 80 179 179
trop 3628 3252 80 179 179
trop 3740 3252 80 179 179
trop 3852 3252 80 179 179
trop 3964 3252 80 179 179
zabor 944 3280 29 0 8
lay 1096 3272 62 0 179
lay 1352 3272 40 0 179
trop 1500 3268 141 179 179
trop 1524 3284 142 179 179
fre 1660 3268 7 179 179
tree 1720 3288 17 0 179
trop 1796 3268 138 179 179
trop 1892 3268 81 179 179
zabor 3024 3280 26 0 8
trop 3060 3292 126 179 179
zabor 3088 3280 29 0 8
zabor 944 3312 29 0 8
zabor 1168 3312 32 0 9
lay 1336 3320 20 0 179
trop 1540 3300 134 179 179
tree 1656 3304 34 0 179
tree 1672 3304 26 0 179
tree 1688 3304 21 0 179
tree 1704 3304 15 0 179
trop 1764 3300 138 179 179
trop 1940 3316 81 179 179
tree 2184 3320 11 0 179
tree 2568 3320 36 0 179
zabor 3024 3312 28 0 8
trop 3060 3316 126 179 179
zabor 3088 3312 27 0 8
zabor 944 3344 24 0 8
trop 1572 3332 134 179 179
trop 1732 3332 138 179 179
tree 2136 3352 40 0 179
zabor 3024 3344 25 0 8
trop 3060 3340 126 179 179
trop 3052 3356 126 179 179
zabor 3088 3344 26 0 8
trop 3836 3356 200 179 179
zabor 944 3376 25 0 8
fre 1308 3388 34 179 179
trop 1604 3364 134 179 179
trop 1700 3364 138 179 179
trop 1892 3372 81 179 179
trop 1980 3372 84 179 179
tree 2408 3368 12 0 179
tree 2456 3384 14 0 179
tree 2488 3384 33 0 179
tree 2744 3368 39 0 179
zabor 2800 3376 30 0 8
zabor 2832 3376 31 0 8
zabor 2864 3376 29 0 8
zabor 2896 3376 28 0 8
zabor 2928 3376 24 0 8
zabor 2960 3376 30 0 8
zabor 2992 3376 24 0 8
zabor 3024 3376 30 0 8
trop 3036 3380 126 179 179
trop 3044 3364 126 179 179
zabor 3088 3376 25 0 8
trop 3500 3372 200 179 179
trop 3908 3380 200 179 179
tree 616 3416 0 1 179
zabor 944 3408 26 0 8
fre 1356 3396 20 179 179
trop 1636 3396 141 179 179
trop 1668 3396 139 179 179
tree 2088 3400 5 0 179
tree 2088 3416 19 0 179
tree 2312 3400 31 0 179
tree 2360 3416 17 0 179
tree 2552 3416 12 0 179
tree 2632 3416 28 0 179
tree 2760 3400 28 0 179
zabor 2800 3408 25 0 8
dom 2912 3392 298 0 179
zabor 3024 3408 26 0 8
trop 3044 3396 126 179 179
zabor 3088 3408 27 0 8
zabor 3120 3408 27 0 8
zabor 3152 3408 31 0 8
zabor 3184 3408 31 0 8
zabor 3216 3408 29 0 8
zabor 3248 3408 27 0 8
zabor 3280 3408 24 0 8
zabor 3312 3408 25 0 8
tree 3304 3416 22 1 179
zabor 3344 3408 30 0 8
zabor 3376 3408 31 0 8
zabor 3408 3408 31 0 8
tree 3640 3416 29 0 179
trop 3628 3404 200 179 179
trop 3820 3420 200 179 179
zabor 944 3440 34 0 9
fre 1260 3452 34 179 179
fre 1292 3444 22 179 179
fre 1388 3428 24 179 179
trop 1940 3428 81 179 179
tree 2200 3432 4 0 179
tree 2680 3432 27 0 179
tree 2696 3432 21 0 179
zabor 2800 3440 31 0 8
dom 2848 3424 66 0 179
tree 2904 3432 7 0 179
tree 2952 3432 6 0 179
zabor 3024 3440 24 0 8
trop 3060 3428 126 179 179
trop 3068 3436 126 179 179
trop 3076 3452 126 179 179
lay 3208 3432 4 0 179
stand 3208 3432 147 0 179
zabor 3248 3440 26 0 8
trop 3292 3444 196 179 179
tree 3288 3432 24 1 179
tree 3272 3448 12 1 179
trop 3324 3428 196 179 179
tree 3320 3432 10 1 179
tree 3304 3432 4 1 179
tree 3336 3448 28 1 179
tree 3336 3432 41 1 179
trop 3364 3452 196 179 179
tree 3384 3448 12 1 179
zabor 3408 3440 29 0 8
trop 3516 3428 200 179 179
tree 3592 3448 6 0 179
tree 3688 3432 32 0 179
tree 3864 3448 16 0 179
tree 3848 3448 7 0 179
zabor 944 3472 31 0 8
lay 1288 3480 39 0 179
lay 1368 3464 42 0 179
trop 1892 3476 81 179 179
tree 2296 3464 3 0 179
zabor 2640 3472 31 0 8
zabor 2672 3472 24 0 8
zabor 2704 3472 24 0 8
zabor 2736 3472 28 0 8
zabor 2768 3472 31 0 8
zabor 2800 3472 24 0 8
trop 2932 3484 120 179 179
zabor 3024 3472 29 0 8
trop 3060 3484 126 179 179
trop 3076 3476 126 179 179
zabor 3248 3472 29 0 8
tree 3272 3464 32 1 179
tree 3304 3464 25 1 179
tree 3368 3480 24 1 179
tree 3384 3480 10 1 179
tree 3384 3464 30 1 179
zabor 3408 3472 31 0 8
tree 3592 3464 41 0 179
tree 3608 3480 35 0 179
trop 3636 3460 200 179 179
tree 3752 3464 39 0 179
trop 3764 3460 200 179 179
tree 3784 3480 5 0 179
tree 3848 3464 36 0 179
trop 3860 3468 200 179 179
zabor 944 3504 30 0 8
lay 1112 3512 31 0 179
fre 1276 3500 3 179 179
fre 1260 3492 31 179 179
fre 1316 3492 1 179 179
zabor 2640 3504 30 0 8
zabor 2800 3504 24 0 8
tree 2824 3512 2 0 179
lay 2840 3496 4 0 179
stand 2840 3496 147 0 179
trop 2932 3508 120 179 179
trop 2924 3516 120 179 179
trop 2924 3508 120 179 179
trop 2924 3500 120 179 179
trop 2924 3492 120 179 179
zabor 3024 3504 31 0 8
zabor 3248 3504 37 0 9
tree 3288 3496 10 1 179
tree 3320 3512 35 1 179
tree 3320 3496 21 1 179
trop 3356 3500 196 179 179
trop 3364 3508 196 179 179
tree 3368 3512 39 1 179
tree 3368 3496 17 1 179
zabor 3408 3504 27 0 8
trop 3572 3516 200 179 179
tree 3640 3496 0 0 179
trop 3740 3516 203 179 179
trop 3972 3492 200 179 179
zabor 944 3536 39 0 9
lay 1160 3528 37 0 179
fre 1356 3540 35 179 179
tree 1832 3544 24 0 179
trop 1940 3540 81 179 179
dom 2112 3520 248 2 179
stand 2168 3544 320 0 179
tree 2472 3544 37 0 179
tree 2472 3528 20 0 179
trop 2612 3524 196 179 179
zabor 2640 3536 37 0 9
trop 2684 3524 196 179 179
trop 2676 3532 196 179 179
trop 2748 3540 196 179 179
trop 2732 3524 196 179 179
zabor 2800 3536 28 0 8
zabor 2832 3536 30 0 8
zabor 2864 3536 30 0 8
zabor 2896 3536 28 0 8
trop 2932 3548 120 179 179
trop 2932 3540 120 179 179
trop 2924 3524 120 179 179
zabor 2960 3536 31 0 8
zabor 2992 3536 29 0 8
zabor 3024 3536 25 0 8
trop 3060 3532 126 179 179
trop 3060 3524 126 179 179
tree 3288 3544 14 1 179
tree 3336 3528 7 1 179
trop 3364 3532 196 179 179
tree 3368 3528 6 1 179
zabor 3408 3536 37 0 9
trop 3436 3548 196 179 179
trop 3572 3532 200 179 179
trop 3820 3548 200 179 179
zabor 304 3568 33 0 9
zabor 944 3568 38 0 9
fre 1260 3564 15 179 179
stand 2344 3576 320 0 179
trop 2620 3556 196 179 179
zabor 2640 3568 36 0 9
trop 2676 3580 196 179 179
trop 2756 3572 196 179 179
trop 2804 3556 196 179 179
zabor 2896 3568 32 0 9
trop 2940 3564 120 179 179
trop 2940 3572 120 179 179
trop 2956 3580 120 179 179
trop 2948 3572 120 179 179
zabor 2960 3568 33 0 9
trop 3052 3580 126 179 179
zabor 3248 3568 36 0 9
trop 3300 3580 196 179 179
tree 3320 3560 3 1 179
tree 3320 3576 21 1 179
trop 3364 3564 196 179 179
tree 3368 3576 23 1 179
zabor 3408 3568 39 0 9
trop 3852 3564 200 179 179
zabor 304 3600 33 0 9
zabor 944 3600 34 0 9
fre 1020 3588 29 179 179
tree 1160 3608 39 0 179
fre 1548 3596 9 179 179
tree 1640 3608 31 0 179
tree 1720 3592 22 0 179
tree 1736 3592 28 0 179
tree 1816 3608 15 0 179
fre 1876 3588 35 179 179
trop 1892 3588 81 179 179
stand 2392 3608 2 1 179
zabor 2640 3600 24 0 8
trop 2676 3604 196 179 179
trop 2708 3596 196 179 179
trop 2828 3596 196 179 179
trop 2948 3604 120 179 179
trop 2956 3596 120 179 179
trop 2948 3596 120 179 179
trop 2948 3612 120 179 179
trop 2972 3588 119 179 179
trop 3004 3588 119 179 179
trop 2988 3596 119 179 179
trop 3020 3596 119 179 179
trop 3060 3596 126 179 179
trop 3060 3588 126 179 179
zabor 3248 3600 29 0 8
tree 3288 3592 35 1 179
tree 3288 3608 18 1 179
trop 3356 3612 196 179 179
trop 3340 3612 196 179 179
tree 3384 3608 13 1 179
tree 3368 3592 2 1 179
tree 3400 3608 13 1 179
zabor 3408 3600 30 0 8
trop 3444 3596 196 179 179
trop 3476 3612 196 179 179
trop 3724 3612 200 179 179
trop 3812 3604 200 179 179
zabor 944 3632 32 0 9
fre 1188 3644 69 179 179
fre 1332 3620 14 179 179
tree 1560 3624 15 0 179
dom 2112 3616 196 1 179
dom 2272 3616 195 2 179
tree 2536 3640 19 0 179
zabor 2640 3632 27 0 8
zabor 2672 3632 30 0 8
trop 2692 3620 196 179 179
trop 2772 3620 196 179 179
trop 2804 3628 196 179 179
trop 2828 3644 196 179 179
trop 2860 3636 196 179 179
zabor 2896 3632 36 0 9
trop 2940 3620 120 179 179
trop 2932 3628 120 179 179
trop 2924 3644 120 179 179
zabor 2960 3632 34 0 9
trop 3060 3644 126 179 179
trop 3052 3636 126 179 179
trop 3052 3628 126 179 179
trop 3084 3644 120 179 179
zabor 3152 3632 27 0 8
zabor 3184 3632 24 0 8
zabor 3216 3632 29 0 8
zabor 3248 3632 31 0 8
trop 3292 3620 196 179 179
tree 3272 3624 30 1 179
trop 3316 3620 196 179 179
tree 3320 3624 9 1 179
tree 3352 3624 37 1 179
tree 3336 3624 34 1 179
tree 3384 3624 30 1 179
tree 3368 3624 20 1 179
zabor 3408 3632 30 0 8
trop 3868 3620 200 179 179
zabor 944 3664 27 0 8
tree 1400 3672 2 0 179
fre 1596 3676 11 179 179
trop 1940 3652 81 179 179
stand 2248 3656 320 0 179
tree 2536 3672 24 0 179
zabor 2672 3664 27 0 8
trop 2740 3660 196 179 179
trop 2772 3676 196 179 179
zabor 2800 3664 24 0 8
zabor 2832 3664 26 0 8
zabor 2864 3664 25 0 8
zabor 2896 3664 25 0 8
trop 2916 3660 120 179 179
zabor 2960 3664 26 0 8
zabor 2992 3664 25 0 8
zabor 3024 3664 28 0 8
trop 3068 3676 126 179 179
trop 3060 3668 126 179 179
trop 3060 3660 126 179 179
trop 3100 3652 119 179 179
trop 3092 3676 119 179 179
trop 3092 3660 119 179 179
trop 3084 3668 119 179 179
trop 3132 3676 119 179 179
trop 3132 3668 119 179 179
trop 3124 3668 119 179 179
trop 3116 3668 119 179 179
trop 3108 3668 119 179 179
trop 3140 3676 119 179 179
zabor 3152 3664 39 0 9
tree 3224 3656 2 0 179
dom 3200 3648 299 0 179
zabor 3248 3664 24 0 8
zabor 3280 3664 27 0 8
zabor 3312 3664 37 0 9
zabor 3344 3664 38 0 9
zabor 3376 3664 27 0 8
zabor 3408 3664 27 0 8
trop 3580 3652 200 179 179
trop 3580 3660 200 179 179
zabor 944 3696 31 0 8
fre 1156 3708 2 179 179
tree 1160 3688 31 0 179
trop 1252 3708 200 179 179
tree 1256 3704 32 0 179
lay 1320 3688 31 0 179
tree 1496 3688 2 0 179
tree 1496 3704 28 0 179
trop 1556 3692 200 179 179
tree 1784 3704 37 0 179
trop 1892 3700 81 179 179
stand 2200 3704 320 0 179
stand 2232 3704 10 1 179
stand 2312 3688 10 1 179
stand 2344 3688 145 1 179
stand 2360 3704 320 0 179
stand 2376 3688 2 1 179
tree 2536 3704 27 0 179
zabor 2672 3696 26 0 8
trop 2700 3684 196 179 179
trop 2740 3684 196 179 179
trop 2732 3692 196 179 179
zabor 2800 3696 25 0 8
tree 2824 3688 4 0 179
lay 2840 3704 4 0 179
stand 2840 3704 147 0 179
trop 2916 3684 120 179 179
trop 2916 3708 120 179 179
zabor 3024 3696 28 0 8
trop 3068 3700 126 179 179
trop 3068 3684 126 179 179
trop 3076 3708 126 179 179
trop 3156 3684 119 179 179
trop 3180 3700 119 179 179
trop 3172 3692 119 179 179
zabor 3248 3696 26 0 8
trop 3276 3692 196 179 179
trop 3292 3700 196 179 179
trop 3340 3708 196 179 179
trop 3372 3708 196 179 179
zabor 3408 3696 27 0 8
trop 3820 3684 200 179 179
zabor 944 3728 31 0 8
tree 984 3736 2 0 179
tree 984 3720 20 0 179
tree 1096 3736 27 0 179
tree 1128 3720 40 0 179
tree 1352 3736 36 0 179
tree 1368 3736 26 0 179
tree 1384 3736 38 0 179
trop 1548 3740 200 179 179
tree 1576 3736 4 0 179
trop 1628 3724 200 179 179
trop 1716 3732 200 179 179
fre 1708 3716 21 179 179
dom 2176 3712 80 1 179
stand 2296 3736 320 0 179
zabor 2672 3728 31 0 8
trop 2716 3724 196 179 179
zabor 2800 3728 30 0 8
trop 2916 3724 120 179 179
zabor 3024 3728 29 0 8
dom 3008 3712 66 0 179
zabor 3152 3728 35 0 9
tree 3224 3736 4 0 179
zabor 3248 3728 29 0 8
zabor 3280 3728 29 0 8
zabor 3312 3728 38 0 9
zabor 3344 3728 36 0 9
zabor 3376 3728 26 0 8
zabor 3408 3728 31 0 8
zabor 944 3760 30 0 8
tree 984 3768 5 0 179
fre 1028 3756 28 179 179
tree 1096 3752 24 0 179
vor 1148 3764 40 179 179
trop 1156 3764 200 179 179
vor 1180 3748 40 179 179
tree 1208 3768 15 1 179
tree 1192 3752 5 1 179
vor 1196 3764 40 179 179
vor 1212 3748 40 179 179
tree 1224 3752 20 1 179
vor 1244 3764 40 179 179
vor 1236 3772 40 179 179
vor 1220 3748 40 179 179
vor 1268 3764 41 179 179
vor 1252 3772 41 179 179
lay 1256 3768 10 0 179
vor 1300 3756 41 179 179
tree 1336 3768 20 1 179
vor 1324 3772 40 179 179
vor 1332 3764 40 179 179
vor 1356 3756 40 179 179
vor 1348 3772 40 179 179
vor 1420 3764 40 179 179
tree 1464 3752 31 1 179
lay 1464 3768 11 0 179
tree 1544 3752 17 0 179
tree 1560 3752 30 0 179
tree 1608 3752 17 0 179
tree 1784 3768 19 0 179
tree 1768 3768 13 0 179
trop 1940 3764 81 179 179
trop 2644 3748 196 179 179
zabor 2672 3760 37 0 9
trop 2756 3748 196 179 179
trop 2764 3748 196 179 179
trop 2780 3764 196 179 179
zabor 2800 3760 24 0 8
trop 2916 3756 120 179 179
zabor 3024 3760 29 0 8
trop 3076 3748 126 179 179
trop 3076 3764 126 179 179
zabor 3152 3760 27 0 8
zabor 3184 3760 24 0 8
zabor 3216 3760 29 0 8
zabor 3248 3760 29 0 8
trop 3284 3772 196 179 179
tree 3288 3752 12 1 179
tree 3272 3752 37 1 179
tree 3272 3768 35 1 179
tree 3320 3768 1 1 179
tree 3304 3752 7 1 179
tree 3352 3768 14 1 179
tree 3368 3768 10 1 179
tree 3384 3768 17 1 179
zabor 3408 3760 28 0 8
trop 3532 3748 200 179 179
trop 3580 3772 200 179 179
zabor 944 3792 34 0 9
tree 1176 3784 23 1 179
tree 1176 3800 32 1 179
vor 1172 3780 40 179 179
vor 1180 3804 40 179 179
trop 1188 3788 200 179 179
tree 1192 3784 13 1 179
vor 1204 3796 40 179 179
vor 1212 3780 40 179 179
vor 1188 3780 40 179 179
vor 1196 3788 40 179 179
lay 1208 3800 8 0 179
trop 1220 3796 200 179 179
vor 1236 3788 40 179 179
vor 1236 3804 40 179 179
vor 1220 3804 40 179 179
trop 1260 3804 200 179 179
vor 1268 3796 41 179 179
vor 1276 3788 41 179 179
vor 1268 3780 40 179 179
trop 1292 3788 200 179 179
vor 1300 3796 41 179 179
vor 1300 3780 41 179 179
vor 1292 3804 41 179 179
vor 1292 3780 40 179 179
tree 1320 3800 6 1 179
vor 1316 3804 41 179 179
vor 1324 3780 41 179 179
vor 1332 3804 41 179 179
vor 1332 3780 41 179 179
vor 1332 3804 40 179 179
vor 1356 3796 41 179 179
vor 1356 3804 41 179 179
vor 1364 3796 41 179 179
vor 1364 3780 41 179 179
vor 1348 3796 40 179 179
vor 1396 3780 41 179 179
vor 1380 3780 41 179 179
vor 1388 3796 41 179 179
vor 1404 3804 40 179 179
trop 1420 3796 200 179 179
vor 1420 3796 40 179 179
vor 1428 3780 40 179 179
vor 1444 3804 40 179 179
vor 1452 3788 40 179 179
vor 1452 3780 40 179 179
trop 1500 3804 200 179 179
tree 1496 3800 13 1 179
tree 1496 3784 7 1 179
tree 1768 3784 41 0 179
tree 1768 3800 15 0 179
tree 1848 3784 4 0 179
tree 2088 3800 8 0 179
tree 2200 3784 41 0 179
tree 2200 3800 18 0 179
tree 2216 3800 18 0 179
tree 2344 3784 16 0 179
trop 2660 3788 196 179 179
zabor 2672 3792 34 0 9
trop 2716 3780 196 179 179
trop 2748 3780 196 179 179
zabor 2800 3792 27 0 8
dom 2880 3776 297 0 179
tree 2888 3784 2 0 179
zabor 3024 3792 29 0 8
trop 3068 3796 126 179 179
trop 3076 3780 126 179 179
tree 3288 3800 20 1 179
tree 3272 3800 28 1 179
trop 3324 3804 196 179 179
tree 3320 3800 13 1 179
trop 3348 3796 196 179 179
tree 3368 3784 5 1 179
tree 3368 3800 25 1 179
zabor 3408 3792 25 0 8
tree 3496 3800 3 0 179
trop 3572 3804 200 179 179
trop 3788 3804 200 179 179
trop 3948 3780 200 179 179
zabor 944 3824 38 0 9
tree 1096 3816 18 0 179
tree 1144 3832 19 0 179
tree 1144 3816 25 0 179
trop 1188 3820 200 179 179
trop 1204 3836 200 179 179
tree 1240 3832 22 1 179
tree 1240 3816 0 1 179
tree 1272 3832 29 1 179
vor 1260 3812 40 179 179
trop 1316 3812 200 179 179
tree 1336 3816 38 1 179
trop 1348 3820 200 179 179
vor 1372 3812 41 179 179
lay 1352 3816 9 0 179
trop 1380 3820 200 179 179
vor 1396 3812 41 179 179
vor 1396 3820 40 179 179
trop 1412 3836 200 179 179
vor 1420 3828 40 179 179
vor 1428 3812 40 179 179
vor 1428 3828 40 179 179
vor 1452 3828 40 179 179
vor 1468 3828 40 179 179
trop 1500 3812 200 179 179
tree 1480 3816 17 1 179
trop 1612 3836 200 179 179
tree 1720 3816 35 0 179
tree 1752 3832 21 0 179
trop 1892 3812 81 179 179
tree 2104 3832 25 0 179
tree 2088 3832 2 0 179
tree 2216 3816 38 0 179
tree 2504 3832 18 0 179
zabor 2672 3824 31 0 8
trop 2708 3820 196 179 179
trop 2748 3828 196 179 179
zabor 2800 3824 31 0 8
zabor 3024 3824 24 0 8
trop 3060 3812 126 179 179
trop 3068 3828 126 179 179
zabor 3216 3824 34 0 9
trop 3252 3828 196 179 179
tree 3240 3816 33 1 179
tree 3256 3816 28 1 179
tree 3288 3832 32 1 179
tree 3288 3816 7 1 179
tree 3320 3832 34 1 179
tree 3352 3816 39 1 179
tree 3384 3832 4 1 179
tree 3368 3816 3 1 179
tree 3368 3832 14 1 179
zabor 3408 3824 30 0 8
tree 3512 3816 30 0 179
tree 3496 3816 26 0 179
trop 3532 3828 200 179 179
trop 3716 3820 200 179 179
zabor 944 3856 27 0 8
tree 1048 3864 34 0 179
tree 1064 3848 27 0 179
tree 1144 3848 11 0 179
trop 1252 3860 200 179 179
trop 1396 3844 200 179 179
trop 1444 3860 200 179 179
trop 1540 3860 200 179 179
trop 1580 3868 200 179 179
tree 1624 3848 23 0 179
tree 1608 3848 10 0 179
trop 1756 3844 200 179 179
trop 1764 3844 200 179 179
fre 1780 3852 33 179 179
tree 2120 3864 16 0 179
tree 2504 3864 41 0 179
tree 2504 3848 1 0 179
zabor 2672 3856 31 0 8
trop 2708 3868 196 179 179
trop 2748 3860 196 179 179
trop 2756 3844 196 179 179
zabor 2800 3856 31 0 8
zabor 3024 3856 25 0 8
trop 3076 3852 126 179 179
zabor 3216 3856 24 0 8
trop 3260 3868 196 179 179
tree 3256 3848 23 1 179
tree 3272 3864 41 1 179
trop 3308 3852 196 179 179
tree 3320 3848 28 1 179
tree 3336 3864 27 1 179
trop 3380 3844 196 179 179
tree 3368 3864 5 1 179
tree 3368 3848 15 1 179
tree 3384 3848 9 1 179
zabor 3408 3856 29 0 8
trop 3564 3852 200 179 179
tree 3624 3864 14 0 179
trop 3652 3844 200 179 179
trop 3836 3852 200 179 179
zabor 304 3888 30 0 8
zabor 336 3888 27 0 8
zabor 368 3888 26 0 8
zabor 400 3888 26 0 8
zabor 432 3888 25 0 8
zabor 464 3888 38 0 9
zabor 496 3888 36 0 9
zabor 528 3888 39 0 9
zabor 560 3888 35 0 9
zabor 592 3888 37 0 9
zabor 624 3888 25 0 8
zabor 656 3888 30 0 8
zabor 688 3888 30 0 8
zabor 720 3888 26 0 8
zabor 752 3888 25 0 8
zabor 784 3888 24 0 8
zabor 816 3888 34 0 9
zabor 848 3888 35 0 9
zabor 880 3888 37 0 9
zabor 912 3888 24 0 8
zabor 944 3888 32 0 9
tree 1032 3896 30 0 179
tree 1048 3880 1 0 179
tree 1560 3880 21 0 179
tree 1592 3896 29 0 179
tree 1576 3880 35 0 179
fre 1708 3892 16 179 179
trop 1940 3876 81 179 179
tree 2392 3896 15 0 179
tree 2424 3880 17 0 179
zabor 2672 3888 30 0 8
trop 2748 3892 196 179 179
trop 2764 3892 196 179 179
zabor 2800 3888 25 0 8
zabor 3024 3888 30 0 8
trop 3084 3884 126 179 179
trop 3092 3900 126 179 179
lay 3176 3880 4 0 179
stand 3176 3880 147 0 179
zabor 3216 3888 28 0 8
tree 3256 3896 16 1 179
tree 3272 3896 17 1 179
tree 3288 3896 39 1 179
tree 3288 3880 12 1 179
tree 3320 3880 13 1 179
tree 3320 3896 25 1 179
trop 3356 3876 196 179 179
trop 3332 3884 196 179 179
tree 3352 3896 40 1 179
tree 3336 3896 35 1 179
tree 3368 3896 13 1 179
tree 3384 3880 40 1 179
zabor 3408 3888 25 0 8
trop 3596 3876 200 179 179
tree 3736 3896 19 0 179
tree 1016 3912 41 0 179
tree 1208 3912 22 0 179
tree 1192 3912 35 0 179
tree 1256 3912 18 0 179
tree 1304 3928 25 0 179
tree 1352 3912 31 0 179
tree 1384 3912 1 0 179
tree 1464 3912 7 0 179
tree 1496 3912 9 0 179
tree 1528 3928 2 0 179
tree 1576 3928 29 0 179
tree 1608 3912 2 0 179
tree 1672 3912 30 0 179
tree 1704 3912 19 0 179
tree 1784 3928 12 0 179
tree 1848 3928 23 0 179
trop 1892 3924 81 179 179
tree 2168 3928 37 0 179
zabor 2672 3920 24 0 8
zabor 2704 3920 30 0 8
zabor 2736 3920 31 0 8
zabor 2768 3920 30 0 8
zabor 2800 3920 31 0 8
zabor 2832 3920 30 0 8
zabor 2864 3920 35 0 9
zabor 2896 3920 28 0 8
zabor 2928 3920 31 0 8
zabor 2960 3920 30 0 8
zabor 2992 3920 24 0 8
zabor 3024 3920 29 0 8
zabor 3056 3920 29 0 8
trop 3100 3932 126 179 179
trop 3108 3932 126 179 179
zabor 3120 3920 29 0 8
zabor 3152 3920 33 0 9
zabor 3184 3920 29 0 8
zabor 3216 3920 31 0 8
zabor 3248 3920 28 0 8
zabor 3280 3920 27 0 8
zabor 3312 3920 30 0 8
zabor 3344 3920 27 0 8
zabor 3376 3920 26 0 8
zabor 3408 3920 30 0 8
tree 3544 3912 35 0 179
tree 3576 3928 37 0 179
tree 3704 3912 40 0 179
trop 3772 3916 200 179 179
tree 3816 3928 37 0 179
trop 3916 3916 200 179 179
trop 3980 3924 200 179 179
tree 1160 3944 26 0 179
tree 1192 3944 18 0 179
tree 1304 3944 40 0 179
tree 1816 3944 3 0 179
tree 2200 3944 24 0 179
zabor 3056 3952 28 0 8
trop 3092 3940 126 179 179
trop 3092 3948 126 179 179
zabor 3120 3952 30 0 8
trop 3556 3948 200 179 179
tree 3656 3944 36 0 179
tree 3672 3944 30 0 179
trop 3652 3948 200 179 179
tree 3704 3944 41 0 179
trop 3732 3948 200 179 179
tree 3816 3944 13 0 179
trop 1940 3988 81 179 179
zabor 3056 3984 37 0 9
zabor 3120 3984 36 0 9
trop 1892 4036 81 179 179
