tree 1368 152 22 0 179
tree 1432 152 20 0 179
tree 1624 152 25 0 179
tree 2682 140 17 0 179
tree 2698 156 16 0 179
tree 392 184 4 0 179
tree 552 168 17 0 179
tree 616 184 34 0 179
tree 792 184 39 0 179
tree 1000 184 27 0 179
tree 1032 184 28 0 179
tree 1128 168 13 0 179
tree 1256 168 21 0 179
tree 1400 184 25 0 179
tree 1384 184 25 0 179
tree 1432 184 26 0 179
tree 1416 184 26 0 179
tree 1448 168 26 0 179
tree 1448 184 39 0 179
tree 1480 168 21 0 179
tree 1496 184 25 0 179
tree 1528 184 20 0 179
tree 1512 184 20 0 179
tree 1560 168 22 0 179
tree 1560 184 24 0 179
tree 1544 184 26 0 179
tree 1592 168 21 0 179
tree 1592 184 23 0 179
tree 1576 184 39 0 179
tree 1608 168 24 0 179
tree 1624 184 39 0 179
tree 1608 184 39 0 179
tree 1640 168 23 0 179
tree 1656 184 21 0 179
tree 1640 184 25 0 179
tree 1704 168 20 0 179
tree 1864 168 29 0 179
trop 1932 180 193 179 179
tree 2296 184 33 0 179
tree 2296 168 9 0 179
tree 2456 184 32 0 179
tree 2504 184 33 0 179
tree 2504 168 6 0 179
tree 2552 184 9 0 179
tree 2616 184 20 0 179
tree 2632 184 21 0 179
tree 2698 172 14 0 179
tree 2904 168 8 0 179
tree 2904 184 32 0 179
tree 3016 184 33 0 179
tree 3512 168 9 0 179
tree 440 200 27 0 179
tree 488 216 28 0 179
tree 760 200 22 0 179
tree 856 200 20 0 179
tree 872 200 25 0 179
tree 888 200 39 0 179
tree 920 216 24 0 179
tree 920 200 22 0 179
tree 952 216 21 0 179
tree 1000 200 23 0 179
tree 1144 200 17 0 179
tree 1368 216 25 0 179
tree 1352 216 25 0 179
tree 1368 200 21 0 179
tree 1352 200 21 0 179
tree 1400 200 22 0 179
tree 1384 200 21 0 179
tree 1528 216 23 0 179
tree 1624 200 25 0 179
trop 1948 204 193 179 179
trop 1996 204 18 179 179
trop 2036 212 16 179 179
trop 2068 196 18 179 179
tree 2248 200 29 0 179
tree 2392 200 24 0 179
tree 2392 216 24 0 179
tree 2456 216 23 0 179
tree 2440 200 32 0 179
tree 2456 200 30 0 179
cliff 2482 212 38 179 179
stand 2682 220 180 0 179
stand 2714 204 181 0 179
lay 2792 216 28 0 179
tree 3384 200 14 0 179
tree 3416 216 26 0 179
tree 3400 216 6 0 179
tree 3640 216 4 0 179
tree 3688 216 14 0 179
tree 152 248 21 0 179
tree 152 232 11 0 179
tree 168 232 18 0 179
tree 200 248 4 0 179
tree 216 248 8 0 179
tree 280 232 5 0 179
trop 340 236 204 179 179
dom 516 250 175 0 179
dom 612 250 175 0 179
trop 620 236 204 179 179
tree 904 232 26 0 179
tree 904 248 21 0 179
tree 1016 232 22 0 179
tree 1368 248 24 0 179
tree 1624 232 24 0 179
trop 1884 252 193 179 179
trop 1980 236 18 179 179
tree 2136 232 27 0 179
tree 2266 236 8 0 179
tree 2360 248 22 0 179
cliff 2354 228 44 179 179
cliff 2370 228 50 179 179
cliff 2402 228 49 179 179
cliff 2434 228 50 179 179
stand 2682 252 183 0 179
stand 2714 236 179 0 179
tree 3400 248 23 0 179
tree 3624 232 39 0 179
tree 3624 248 10 0 179
tree 3704 248 8 0 179
tree 520 264 13 0 179
tree 856 264 24 0 179
tree 840 280 21 0 179
tree 920 264 23 0 179
tree 984 280 21 0 179
tree 1016 264 39 0 179
tree 1560 280 20 0 179
tree 1832 280 25 0 179
trop 1916 276 193 179 179
trop 2076 260 18 179 179
tree 2248 264 28 0 179
cliff 2306 276 44 179 179
cliff 2338 260 39 179 179
tree 2600 280 22 0 179
tree 2648 280 29 0 179
trop 2734 280 96 179 179
trop 2742 264 103 179 179
tree 2888 264 8 0 179
tree 3192 264 29 0 179
tree 3384 264 34 0 179
trop 536 318 65 179 179
trop 552 318 10 179 179
tree 824 296 39 0 179
cliff 1168 304 49 179 179
cliff 1152 304 45 179 179
cliff 1200 304 52 179 179
cliff 1232 304 52 179 179
cliff 1264 304 52 179 179
cliff 1296 304 28 179 179
tree 1544 296 20 0 179
tree 1784 296 21 0 179
trop 1868 308 193 179 179
trop 1868 316 193 179 179
trop 1860 316 193 179 179
trop 1932 300 193 179 179
trop 2004 292 18 179 179
trop 2036 308 16 179 179
tree 2152 312 5 0 179
tree 2264 296 30 0 179
cliff 2306 292 53 179 179
trop 2542 304 65 179 179
tree 2648 296 26 0 179
trop 3108 316 14 179 179
tree 3816 312 4 0 179
stand 284 322 157 0 179
stand 284 338 162 0 179
dom 420 346 176 0 179
trop 472 326 7 179 179
trop 796 324 204 179 179
tree 952 328 23 0 179
tree 1016 328 23 0 179
tree 1000 344 20 0 179
cliff 1152 320 53 179 179
tree 1256 328 32 0 179
cliff 1328 336 49 179 179
cliff 1312 320 35 179 179
cliff 1360 336 50 179 179
cliff 1392 336 51 179 179
tree 1416 328 25 0 179
tree 1544 344 20 0 179
lay 1800 344 11 0 179
lay 1848 328 28 0 179
lay 1864 328 34 0 179
lay 1880 344 20 0 179
trop 1884 340 192 179 179
trop 1876 332 193 179 179
trop 2060 324 18 179 179
tree 2184 344 19 0 179
cliff 2322 340 27 179 179
cliff 2306 324 19 179 179
dom 2482 340 215 0 179
trop 2478 336 65 179 179
trop 2582 320 97 179 179
tree 2600 328 13 0 179
trop 2670 328 104 179 179
tree 3864 328 15 0 179
tree 216 360 32 0 179
stand 252 354 160 0 179
trop 488 358 65 179 179
stand 684 354 153 0 179
tree 840 376 23 0 179
cliff 1136 368 41 179 179
tree 1176 376 29 0 179
tree 1192 360 10 0 179
lay 1256 376 49 0 179
tree 1320 376 23 0 179
trop 1412 356 200 179 179
trop 1852 372 192 179 179
trop 1892 364 193 179 179
trop 1900 356 192 179 179
trop 1964 380 18 179 179
trop 2004 380 18 179 179
cliff 2338 356 47 179 179
tree 2440 376 21 0 179
lay 2586 380 3 0 179
tree 2664 360 4 0 179
lay 2792 360 28 0 179
tree 2920 360 32 0 179
trop 3052 364 14 179 179
trop 3164 372 14 179 179
trop 3612 380 125 179 179
stand 268 386 157 0 179
stand 268 402 156 0 179
trop 316 388 204 179 179
tree 328 392 17 0 179
trop 416 406 9 179 179
trop 536 398 99 179 179
trop 528 398 100 179 179
trop 552 398 100 179 179
trop 956 388 207 179 179
tree 1016 408 39 0 179
lay 1112 408 49 0 179
lay 1176 408 49 0 179
lay 1544 408 49 0 179
trop 1868 396 192 179 179
trop 1892 412 192 179 179
trop 1900 396 193 179 179
cliff 2338 388 48 179 179
trop 3700 404 125 179 179
tree 472 424 26 0 179
tree 596 421 8 0 0
trop 596 428 15 179 179
tree 612 421 0 0 0
tree 1000 424 41 0 179
lay 1336 440 49 0 179
trop 1388 428 200 179 179
lay 1400 424 49 0 179
tree 1416 424 18 0 179
tree 1432 440 17 0 179
tree 1448 440 6 0 179
lay 1464 440 49 0 179
trop 2076 420 18 179 179
trop 2172 420 204 179 179
cliff 2338 420 46 179 179
cliff 2498 436 54 179 179
cliff 2530 436 126 179 179
lay 2696 440 28 0 179
tree 3320 424 31 0 179
tree 3384 440 5 0 179
tree 3368 440 7 0 179
tree 3432 440 19 0 179
tree 3448 424 32 0 179
lay 380 466 0 0 179
trop 472 462 91 179 179
trop 556 460 15 179 179
lay 668 466 3 0 179
lay 808 456 28 0 179
lay 856 472 28 0 179
tree 1016 456 23 0 179
lay 1224 456 49 0 179
lay 1368 456 49 0 179
lay 1512 472 49 0 179
lay 1720 456 49 0 179
tree 1832 456 20 0 179
tree 1864 456 24 0 179
trop 2004 476 18 179 179
trop 2036 468 16 179 179
tree 2152 472 9 0 179
cliff 2338 452 48 179 179
tree 2408 456 26 0 179
tree 2440 472 23 0 179
cliff 2482 468 2 179 179
cliff 2578 468 48 179 179
cliff 2562 452 25 179 179
tree 184 488 31 0 179
tree 216 504 29 0 179
tree 252 498 5 0 179
tree 296 488 25 0 179
trop 620 484 204 179 179
trop 644 484 15 179 179
dom 928 480 162 0 179
tree 1192 504 4 0 179
lay 1208 504 49 0 179
tree 1592 488 25 0 179
tree 1576 488 23 0 179
tree 1592 504 24 0 179
tree 1624 504 23 0 179
tree 1720 504 22 0 179
tree 1768 504 26 0 179
tree 1864 504 26 0 179
tree 2344 488 20 0 179
cliff 2354 484 54 179 179
cliff 2338 484 19 179 179
cliff 2386 484 16 179 179
cliff 2418 484 17 179 179
cliff 2466 500 6 179 179
cliff 2578 500 22 179 179
tree 3048 504 19 0 179
trop 3668 484 125 179 179
trop 3708 484 125 179 179
dom 288 512 177 0 179
trop 588 540 15 179 179
tree 756 533 8 0 0
tree 1288 536 32 0 179
tree 1304 536 20 0 179
lay 1288 520 49 0 179
tree 1336 520 5 0 179
tree 1624 536 21 0 179
tree 1608 520 25 0 179
tree 1752 536 21 0 179
trop 2076 524 18 179 179
lay 2072 536 49 0 179
tree 2344 520 39 0 179
tree 2552 536 39 0 179
cliff 2610 532 23 179 179
cliff 2594 516 27 179 179
tree 2696 520 21 0 179
lay 2776 536 28 0 179
tree 2936 536 19 0 179
tree 3112 520 19 0 179
trop 464 566 103 179 179
trop 804 548 15 179 179
lay 856 552 28 0 179
tree 1128 552 25 0 179
tree 1128 568 26 0 179
cliff 1136 544 61 179 179
cliff 1152 544 17 179 179
cliff 1184 560 26 179 179
cliff 1376 544 12 179 179
cliff 1408 544 59 179 179
tree 1624 552 21 0 179
tree 2424 552 26 0 179
tree 2424 568 23 0 179
tree 2472 552 22 0 179
cliff 2626 548 25 179 179
tree 2664 552 32 0 179
tree 2936 552 7 0 179
tree 3048 568 15 0 179
tree 3112 552 25 0 179
trop 268 596 204 179 179
tree 328 600 23 0 179
trop 472 582 92 179 179
tree 584 600 5 0 179
tree 696 584 0 0 179
tree 760 600 25 0 179
lay 936 584 28 0 179
trop 948 596 15 179 179
tree 1064 584 31 0 179
tree 1096 584 21 0 179
cliff 1200 576 21 179 179
cliff 1216 576 54 179 179
cliff 1248 576 54 179 179
cliff 1280 576 17 179 179
cliff 1312 576 54 179 179
cliff 1344 576 16 179 179
cliff 1392 592 6 179 179
trop 1996 596 18 179 179
stand 2216 600 285 0 179
tree 2392 584 22 0 179
tree 2456 584 21 0 179
tree 3032 584 35 0 179
trop 3732 588 125 179 179
trop 3764 580 125 179 179
tree 312 616 35 0 179
trop 316 620 207 179 179
tree 424 632 24 0 179
tree 580 622 0 0 0
tree 680 616 31 0 179
trop 900 620 15 179 179
tree 1624 632 22 0 179
stand 1848 632 288 0 179
trop 2036 628 16 179 179
tree 2424 616 20 0 179
tree 2456 616 21 0 179
tree 2472 616 26 0 179
tree 184 648 24 0 179
vor 448 641 16 0 0
trop 528 662 98 179 179
tree 548 654 8 0 0
tree 680 648 18 0 179
tree 712 648 30 0 179
tree 1528 664 27 0 179
trop 2020 660 18 179 179
tree 2648 648 21 0 179
tree 2680 664 5 0 179
trop 3796 668 125 179 179
tree 168 696 8 0 179
tree 200 680 17 0 179
tree 216 680 21 0 179
trop 408 694 99 179 179
tree 632 696 14 0 179
trop 668 692 207 179 179
tree 1544 680 23 0 179
tree 1576 696 25 0 179
lay 1624 680 49 0 179
tree 2616 696 14 0 179
tree 2648 680 4 0 179
tree 2680 680 12 0 179
tree 2664 680 29 0 179
lay 2792 680 49 0 179
trop 3764 684 125 179 179
trop 480 734 101 179 179
tree 616 712 26 0 179
tree 2568 712 29 0 179
trop 2772 724 124 179 179
trop 2844 708 124 179 179
trop 3828 732 125 179 179
tree 408 744 33 0 179
tree 904 760 6 0 179
tree 1128 744 27 0 179
tree 1304 744 5 0 179
trop 2796 748 124 179 179
trop 2844 764 124 179 179
trop 2836 756 124 179 179
trop 3788 764 125 179 179
tree 184 792 13 0 179
tree 232 776 30 0 179
tree 360 792 20 0 179
tree 376 792 11 0 179
trop 408 774 100 179 179
tree 536 792 39 0 179
tree 680 776 29 0 179
tree 744 792 6 0 179
tree 824 776 10 0 179
tree 1144 776 40 0 179
most 2016 768 34 0 179
trop 2788 772 125 179 179
trop 2804 788 125 179 179
trop 2828 780 125 179 179
tree 184 808 28 0 179
tree 232 808 22 0 179
tree 408 824 14 0 179
tree 392 808 7 0 179
tree 616 824 27 0 179
tree 648 808 15 0 179
tree 696 824 15 0 179
tree 792 808 4 0 179
tree 1128 808 6 0 179
tree 1160 808 33 0 179
trop 1484 828 125 179 179
trop 2772 828 124 179 179
trop 2756 812 124 179 179
trop 2812 828 125 179 179
tree 488 840 24 0 179
tree 584 840 5 0 179
trop 1468 860 125 179 179
trop 2772 852 124 179 179
trop 1420 868 125 179 179
trop 2820 876 124 179 179
tree 3768 888 5 0 179
tree 3752 872 29 0 179
trop 2756 924 125 179 179
trop 2788 900 124 179 179
tree 3592 920 7 0 179
tree 3624 904 4 0 179
tree 3864 920 19 0 179
tree 3848 904 4 0 179
trop 1484 948 125 179 179
trop 2796 948 124 179 179
tree 3464 936 29 0 179
tree 3592 952 22 0 179
tree 3880 952 27 0 179
trop 276 988 124 179 179
trop 1444 964 125 179 179
trop 1500 988 125 179 179
tree 3640 984 25 0 179
tree 3816 984 9 0 179
tree 3864 984 8 0 179
trop 316 1004 124 179 179
trop 2780 996 124 179 179
tree 3384 1016 33 0 179
tree 3448 1000 33 0 179
tree 3656 1016 24 0 179
tree 3704 1016 22 0 179
tree 3848 1016 27 0 179
trop 284 1052 124 179 179
trop 316 1036 124 179 179
trop 1484 1044 125 179 179
trop 2012 1052 18 179 179
trop 1996 1044 18 179 179
tree 2344 1048 20 0 179
trop 2756 1052 124 179 179
trop 2844 1044 124 179 179
tree 3288 1032 5 0 179
tree 3304 1032 28 0 179
tree 3528 1048 9 0 179
tree 3592 1032 39 0 179
tree 3608 1048 21 0 179
tree 3640 1032 26 0 179
trop 1476 1068 124 179 179
tree 1832 1080 20 0 179
tree 1848 1080 26 0 179
lay 1960 1080 49 0 179
lay 1992 1080 49 0 179
lay 2152 1064 49 0 179
tree 2248 1064 32 0 179
tree 3096 1064 27 0 179
tree 3512 1064 29 0 179
trop 300 1108 124 179 179
tree 1816 1112 23 0 179
tree 1832 1096 39 0 179
dom 1920 1088 157 0 179
trop 2036 1108 16 179 179
lay 2040 1112 49 0 179
lay 2104 1096 49 0 179
lay 2136 1096 49 0 179
dom 2176 1088 157 0 179
tree 2232 1096 33 0 179
tree 2232 1112 29 0 179
tree 2360 1112 22 0 179
tree 2536 1112 28 0 179
tree 2584 1112 21 0 179
trop 2724 1108 107 179 179
tree 3112 1096 19 0 179
tree 3144 1112 32 0 179
tree 3144 1096 4 0 179
tree 3416 1112 32 0 179
tree 3736 1096 33 0 179
tree 3752 1112 5 0 179
tree 3896 1096 5 0 179
trop 364 1140 124 179 179
tree 1688 1144 39 0 179
tree 1752 1144 21 0 179
lay 2120 1144 49 0 179
trop 2636 1132 198 179 179
trop 2724 1148 107 179 179
trop 2796 1132 18 179 179
trop 2788 1140 62 179 179
tree 2872 1128 23 0 179
tree 3368 1128 9 0 179
tree 3432 1128 30 0 179
tree 3608 1144 39 0 179
tree 3672 1144 24 0 179
trop 300 1156 124 179 179
tree 1608 1176 22 0 179
tree 1704 1160 21 0 179
dom 1888 1152 171 1 179
dom 2144 1152 171 0 179
tree 2200 1176 33 0 179
tree 2488 1176 19 0 179
trop 2716 1156 107 179 179
trop 2772 1164 94 179 179
tree 2904 1160 24 0 179
tree 3096 1160 32 0 179
tree 3208 1176 30 0 179
tree 3224 1176 6 0 179
tree 3672 1160 23 0 179
tree 3752 1160 30 0 179
tree 1048 1208 9 0 179
tree 1592 1208 25 0 179
tree 1656 1208 25 0 179
tree 1800 1208 20 0 179
trop 1980 1188 18 179 179
tree 2328 1208 26 0 179
tree 2360 1208 6 0 179
tree 2456 1208 18 0 179
trop 2628 1196 197 179 179
trop 2780 1212 18 179 179
tree 3000 1208 33 0 179
tree 3352 1192 31 0 179
tree 3384 1208 7 0 179
tree 3368 1192 32 0 179
tree 3880 1192 18 0 179
tree 696 1240 31 0 179
tree 1048 1224 18 0 179
tree 1064 1240 8 0 179
tree 1400 1224 21 0 179
tree 1608 1240 23 0 179
tree 1752 1224 23 0 179
trop 2108 1220 18 179 179
tree 2312 1224 10 0 179
tree 2440 1240 6 0 179
trop 2636 1220 197 179 179
trop 2732 1220 103 179 179
tree 3576 1240 19 0 179
tree 3592 1240 27 0 179
tree 3752 1224 22 0 179
tree 3752 1240 21 0 179
tree 3928 1240 9 0 179
tree 456 1272 32 0 179
tree 616 1272 34 0 179
tree 888 1256 7 0 179
tree 1080 1256 7 0 179
tree 1336 1272 22 0 179
tree 1400 1256 21 0 179
tree 1384 1272 23 0 179
trop 1484 1260 103 179 179
trop 1484 1276 88 179 179
trop 1524 1276 18 179 179
trop 1516 1276 18 179 179
trop 1524 1260 18 179 179
trop 1524 1276 66 179 179
tree 1688 1272 21 0 179
tree 1784 1256 21 0 179
tree 1784 1272 25 0 179
dom 1888 1248 158 0 179
trop 2036 1268 16 179 179
trop 2116 1260 107 179 179
trop 2172 1268 98 179 179
dom 2176 1248 158 0 179
tree 2216 1256 5 0 179
tree 2248 1256 32 0 179
tree 2296 1272 25 0 179
tree 2296 1256 19 0 179
tree 2440 1272 25 0 179
trop 2548 1252 198 179 179
stand 2632 1256 165 0 179
trop 2708 1252 103 179 179
trop 2756 1252 88 179 179
trop 2852 1268 98 179 179
lay 2904 1256 62 0 179
tree 2952 1272 6 0 179
tree 3400 1272 9 0 179
tree 3672 1272 25 0 179
tree 3672 1256 26 0 179
tree 3736 1256 24 0 179
tree 3720 1272 23 0 179
tree 600 1288 29 0 179
tree 648 1304 15 0 179
tree 840 1288 26 0 179
tree 904 1288 12 0 179
tree 1064 1288 32 0 179
tree 1240 1288 22 0 179
trop 1292 1300 65 179 179
trop 1396 1300 65 179 179
trop 1492 1308 18 179 179
tree 1624 1288 25 0 179
tree 1624 1304 26 0 179
tree 1688 1288 23 0 179
tree 1832 1304 26 0 179
trop 1900 1292 107 179 179
trop 1924 1308 103 179 179
trop 2108 1308 107 179 179
trop 2172 1292 98 179 179
tree 2344 1304 18 0 179
tree 2392 1304 28 0 179
tree 2408 1304 25 0 179
trop 2756 1308 18 179 179
trop 2788 1300 66 179 179
trop 2860 1292 98 179 179
tree 2872 1304 28 0 179
dom 3104 1280 186 0 179
tree 3192 1288 33 0 179
dom 3264 1280 184 0 179
tree 3368 1304 27 0 179
tree 3384 1288 19 0 179
tree 3400 1288 27 0 179
dom 3488 1280 183 0 179
tree 3608 1304 22 0 179
tree 3624 1304 23 0 179
tree 3640 1304 22 0 179
tree 3656 1288 39 0 179
tree 3704 1288 21 0 179
trop 252 1340 65 179 179
tree 328 1336 4 0 179
tree 712 1320 9 0 179
tree 968 1336 23 0 179
tree 1000 1320 20 0 179
tree 1048 1336 25 0 179
trop 1420 1324 104 179 179
trop 1436 1316 103 179 179
trop 1516 1332 18 179 179
trop 1548 1332 18 179 179
dom 1632 1312 157 0 179
tree 1720 1320 20 0 179
tree 1768 1336 24 0 179
tree 1784 1320 20 0 179
trop 1868 1340 106 179 179
trop 1916 1316 106 179 179
trop 1908 1316 107 179 179
trop 1892 1332 104 179 179
trop 1980 1324 18 179 179
trop 2076 1316 18 179 179
trop 2124 1332 106 179 179
trop 2124 1340 106 179 179
trop 2156 1340 106 179 179
trop 2188 1340 105 179 179
trop 2196 1340 106 179 179
tree 2264 1320 5 0 179
tree 2328 1320 14 0 179
tree 2376 1320 21 0 179
trop 2476 1340 106 179 179
trop 2500 1332 106 179 179
trop 2532 1324 106 179 179
trop 2620 1340 104 179 179
trop 2644 1316 104 179 179
trop 2788 1316 18 179 179
trop 2796 1340 18 179 179
trop 2836 1324 18 179 179
tree 2888 1320 9 0 179
tree 2936 1336 32 0 179
tree 3000 1336 25 0 179
tree 3608 1320 22 0 179
tree 3880 1320 33 0 179
tree 552 1352 17 0 179
trop 1356 1348 104 179 179
trop 1404 1372 19 179 179
trop 1396 1356 89 179 179
trop 1436 1364 19 179 179
trop 1468 1364 18 179 179
trop 1524 1372 18 179 179
trop 1828 1356 106 179 179
trop 1852 1356 104 179 179
trop 1884 1348 106 179 179
trop 1860 1356 107 179 179
trop 2444 1348 106 179 179
trop 2636 1348 89 179 179
trop 2708 1364 19 179 179
trop 2716 1364 18 179 179
trop 2756 1372 18 179 179
trop 2932 1372 105 179 179
tree 2936 1352 19 0 179
lay 3208 1352 28 0 179
tree 3384 1352 30 0 179
tree 3640 1352 20 0 179
dom 224 1376 184 0 179
stand 696 1384 165 0 179
trop 892 1388 105 179 179
trop 916 1396 105 179 179
trop 1132 1404 19 179 179
trop 1220 1404 19 179 179
trop 1284 1380 19 179 179
trop 1452 1404 19 179 179
trop 1564 1404 19 179 179
trop 1588 1388 19 179 179
trop 1780 1404 19 179 179
trop 1900 1404 19 179 179
trop 1940 1396 19 179 179
trop 1980 1380 19 179 179
trop 1964 1380 18 179 179
trop 2116 1380 19 179 179
trop 2156 1396 19 179 179
trop 2220 1388 19 179 179
trop 2292 1404 19 179 179
trop 2364 1396 19 179 179
trop 2476 1404 19 179 179
trop 2548 1396 19 179 179
trop 2588 1380 95 179 179
trop 2644 1380 19 179 179
trop 2644 1404 19 179 179
trop 2716 1404 19 179 179
trop 2860 1396 19 179 179
trop 2892 1388 19 179 179
trop 2932 1388 105 179 179
trop 3036 1404 19 179 179
trop 3100 1388 19 179 179
trop 3228 1404 19 179 179
trop 3300 1396 19 179 179
trop 3420 1396 19 179 179
trop 3580 1396 19 179 179
trop 3708 1404 19 179 179
trop 3828 1396 19 179 179
trop 500 1420 19 179 179
trop 612 1420 19 179 179
trop 644 1420 19 179 179
trop 692 1428 19 179 179
trop 756 1412 19 179 179
trop 796 1420 19 179 179
trop 908 1420 19 179 179
trop 1020 1412 19 179 179
trop 1084 1436 17 179 179
trop 1244 1428 17 179 179
trop 1404 1428 17 179 179
trop 1564 1428 17 179 179
trop 1668 1412 19 179 179
trop 1724 1436 19 179 179
trop 1724 1428 17 179 179
trop 1884 1428 17 179 179
trop 2044 1428 17 179 179
trop 2036 1428 16 179 179
trop 2204 1428 17 179 179
trop 2364 1428 17 179 179
trop 2524 1428 17 179 179
trop 2684 1428 17 179 179
trop 2756 1428 25 179 179
trop 2884 1428 17 179 179
trop 3044 1428 17 179 179
trop 3204 1428 17 179 179
trop 3364 1428 17 179 179
trop 3540 1412 19 179 179
trop 3524 1428 17 179 179
trop 3684 1428 17 179 179
trop 3844 1428 17 179 179
trop 3892 1428 17 179 179
tree 344 1448 30 0 179
tree 328 1464 8 0 179
trop 444 1452 65 179 179
trop 564 1468 28 179 179
trop 628 1444 19 179 179
trop 684 1444 19 179 179
trop 692 1460 17 179 179
trop 820 1452 17 179 179
trop 924 1444 17 179 179
trop 932 1468 19 179 179
trop 1036 1460 19 179 179
trop 1156 1444 19 179 179
trop 1332 1468 19 179 179
trop 1540 1444 19 179 179
trop 1964 1460 19 179 179
trop 2620 1468 19 179 179
trop 3300 1468 19 179 179
trop 3396 1452 19 179 179
trop 3452 1468 19 179 179
trop 3556 1468 19 179 179
trop 3772 1468 19 179 179
trop 3884 1460 19 179 179
trop 228 1476 65 179 179
dom 448 1472 131 0 179
trop 532 1476 18 179 179
trop 676 1484 19 179 179
trop 796 1484 19 179 179
trop 1284 1484 101 179 179
trop 1372 1500 18 179 179
trop 1412 1484 16 179 179
tree 1640 1496 6 0 179
trop 1884 1492 101 179 179
trop 1988 1484 18 179 179
trop 2588 1492 101 179 179
trop 2636 1500 101 179 179
trop 2884 1492 100 179 179
trop 3676 1500 19 179 179
trop 540 1516 18 179 179
tree 1176 1512 22 0 179
tree 1208 1512 25 0 179
tree 1592 1528 30 0 179
tree 1576 1528 9 0 179
tree 1624 1512 27 0 179
tree 1640 1512 28 0 179
tree 1736 1512 19 0 179
tree 1800 1512 19 0 179
dom 1888 1504 163 3 179
dom 2240 1504 169 1 179
tree 2296 1512 30 0 179
tree 2344 1528 15 0 179
tree 2472 1512 32 0 179
tree 2520 1512 8 0 179
stand 2664 1512 165 0 179
trop 2756 1508 16 179 179
trop 2892 1508 100 179 179
tree 3464 1528 28 0 179
tree 456 1544 32 0 179
tree 648 1560 24 0 179
tree 728 1544 22 0 179
tree 712 1544 22 0 179
tree 760 1544 25 0 179
tree 744 1544 24 0 179
tree 872 1560 32 0 179
tree 920 1560 28 0 179
dom 1056 1536 234 0 179
tree 1208 1560 22 0 179
trop 1388 1540 18 179 179
tree 1480 1544 29 0 179
dom 1888 1536 171 2 179
trop 2004 1540 18 179 179
dom 2144 1536 171 0 179
trop 2332 1556 65 179 179
tree 2552 1560 10 0 179
trop 2540 1564 65 179 179
tree 2648 1544 22 0 179
trop 2716 1540 18 179 179
trop 2844 1548 99 179 179
trop 2852 1556 99 179 179
tree 3064 1560 32 0 179
tree 3128 1544 7 0 179
tree 3192 1544 28 0 179
tree 3176 1544 8 0 179
tree 3256 1544 6 0 179
tree 3432 1560 8 0 179
tree 3848 1560 22 0 179
tree 3848 1544 23 0 179
tree 3864 1544 25 0 179
tree 3880 1544 22 0 179
trop 204 1596 65 179 179
trop 316 1596 65 179 179
tree 472 1576 5 0 179
trop 580 1588 18 179 179
tree 856 1576 21 0 179
dom 1280 1568 154 0 179
trop 1348 1580 102 179 179
trop 1428 1572 18 179 179
tree 1576 1576 31 0 179
tree 1832 1576 18 0 179
trop 1980 1580 102 179 179
trop 2036 1588 16 179 179
trop 2700 1596 102 179 179
trop 2708 1580 102 179 179
trop 2764 1588 18 179 179
tree 2840 1592 12 0 179
tree 3096 1576 8 0 179
tree 3128 1576 5 0 179
tree 3352 1592 32 0 179
tree 3416 1576 18 0 179
tree 3736 1592 25 0 179
cliff 3744 1568 44 179 179
cliff 3744 1584 48 179 179
tree 3912 1592 21 0 179
dom 288 1600 185 0 179
tree 408 1608 32 0 179
tree 440 1608 9 0 179
trop 516 1604 103 179 179
trop 548 1620 18 179 179
trop 564 1628 16 179 179
tree 840 1608 21 0 179
trop 1972 1604 102 179 179
dom 2592 1600 136 0 179
trop 2732 1620 18 179 179
tree 3144 1608 29 0 179
tree 3240 1624 17 0 179
tree 3384 1608 19 0 179
tree 3560 1608 33 0 179
cliff 3744 1616 46 179 179
stand 376 1640 165 0 179
trop 484 1644 65 179 179
trop 588 1652 18 179 179
tree 744 1640 21 0 179
trop 1076 1660 65 179 179
trop 1412 1644 16 179 179
dom 1888 1632 171 0 179
trop 2004 1636 18 179 179
trop 2076 1636 18 179 179
dom 2144 1632 171 1 179
tree 2216 1640 10 0 179
dom 2336 1632 186 0 179
tree 2440 1656 7 0 179
trop 2468 1660 65 179 179
trop 2612 1652 65 179 179
tree 3080 1640 22 0 179
tree 3160 1656 19 0 179
tree 3224 1640 11 0 179
tree 3256 1656 25 0 179
tree 3320 1656 14 0 179
tree 3304 1640 20 0 179
tree 3560 1656 32 0 179
tree 3752 1640 23 0 179
cliff 3744 1648 48 179 179
trop 412 1692 19 179 179
trop 452 1668 104 179 179
dom 896 1664 185 0 179
trop 988 1668 65 179 179
tree 1096 1672 12 0 179
tree 1128 1688 35 0 179
trop 1188 1692 65 179 179
dom 1280 1664 124 0 179
dom 1536 1664 139 0 179
dom 1760 1664 156 0 179
tree 2456 1672 4 0 179
tree 2616 1688 23 0 179
trop 2756 1668 16 179 179
tree 2856 1672 9 0 179
lay 2936 1688 62 0 179
tree 3016 1688 15 0 179
tree 3064 1672 14 0 179
tree 3320 1688 24 0 179
tree 3464 1672 26 0 179
cliff 3744 1680 53 179 179
tree 3880 1672 24 0 179
trop 220 1708 19 179 179
trop 252 1724 17 179 179
trop 404 1716 17 179 179
trop 516 1724 19 179 179
trop 564 1708 27 179 179
dom 672 1696 189 0 179
trop 1388 1724 18 179 179
trop 2068 1724 18 179 179
tree 2232 1704 21 0 179
trop 2780 1724 18 179 179
tree 3176 1720 23 0 179
tree 3288 1704 22 0 179
tree 3368 1704 26 0 179
tree 3448 1704 25 0 179
tree 3880 1720 20 0 179
tree 3880 1704 24 0 179
trop 212 1732 17 179 179
trop 228 1756 19 179 179
trop 468 1732 19 179 179
tree 648 1736 20 0 179
trop 724 1756 65 179 179
trop 1660 1756 65 179 179
trop 1932 1756 198 179 179
trop 2004 1756 18 179 179
trop 2036 1748 16 179 179
dom 2144 1728 171 2 179
trop 2732 1732 18 179 179
tree 3032 1752 39 0 179
tree 3048 1752 8 0 179
tree 3256 1752 25 0 179
tree 3320 1752 22 0 179
tree 3432 1736 20 0 179
tree 3672 1752 12 0 179
cliff 3664 1744 44 179 179
cliff 3680 1744 51 179 179
cliff 3728 1728 39 179 179
tree 888 1784 20 0 179
trop 868 1764 65 179 179
tree 904 1784 9 0 179
trop 1004 1772 65 179 179
trop 1204 1788 65 179 179
dom 1280 1760 193 0 179
trop 1540 1772 65 179 179
trop 1812 1764 65 179 179
tree 2200 1768 28 0 179
tree 2216 1768 32 0 179
trop 2620 1772 65 179 179
dom 2592 1760 185 0 179
tree 2984 1784 30 0 179
tree 3032 1768 5 0 179
tree 3256 1768 20 0 179
cliff 3648 1776 40 179 179
tree 3848 1784 21 0 179
tree 136 1816 33 0 179
tree 184 1816 28 0 179
lay 376 1816 51 0 179
tree 536 1816 22 0 179
tree 552 1816 22 0 179
tree 760 1800 7 0 179
tree 808 1816 19 0 179
tree 952 1816 10 0 179
tree 1032 1816 15 0 179
trop 1412 1804 16 179 179
dom 1760 1792 232 0 179
tree 1864 1816 26 0 179
trop 2068 1804 18 179 179
dom 2368 1792 198 0 179
lay 2424 1816 65 0 179
tree 2600 1816 21 0 179
tree 2888 1800 19 0 179
tree 3112 1800 24 0 179
tree 3432 1800 26 0 179
tree 3432 1816 26 0 179
cliff 3616 1792 44 179 179
cliff 3616 1808 48 179 179
tree 3720 1816 26 0 179
tree 3848 1800 39 0 179
tree 216 1832 9 0 179
tree 248 1848 23 0 179
tree 280 1848 26 0 179
tree 312 1832 23 0 179
tree 584 1848 39 0 179
dom 640 1824 178 0 179
tree 920 1848 20 0 179
tree 984 1848 29 0 179
tree 968 1848 39 0 179
tree 1048 1832 16 0 179
tree 1304 1832 24 0 179
trop 1436 1836 18 179 179
trop 1572 1844 65 179 179
dom 1632 1824 194 0 179
dom 1888 1824 171 2 179
dom 2144 1824 171 3 179
trop 2292 1828 65 179 179
tree 2600 1848 22 0 179
trop 2756 1828 16 179 179
trop 2788 1836 18 179 179
tree 3096 1848 26 0 179
tree 3112 1848 26 0 179
tree 3144 1848 23 0 179
tree 3384 1832 25 0 179
tree 3416 1832 26 0 179
cliff 3616 1840 47 179 179
tree 312 1880 23 0 179
tree 328 1864 23 0 179
dom 384 1856 193 0 179
tree 456 1864 25 0 179
dom 512 1856 186 0 179
tree 568 1880 21 0 179
trop 700 1876 65 179 179
tree 776 1880 33 0 179
trop 828 1868 65 179 179
trop 972 1876 65 179 179
trop 2012 1860 18 179 179
trop 2060 1884 18 179 179
dom 2592 1856 235 0 179
trop 2732 1868 18 179 179
tree 2856 1880 32 0 179
tree 3288 1880 30 0 179
tree 3464 1864 25 0 179
cliff 3616 1872 47 179 179
tree 3736 1864 23 0 179
tree 3720 1880 24 0 179
lay 3816 1864 28 0 179
trop 556 1916 65 179 179
tree 600 1896 12 0 179
tree 584 1912 23 0 179
tree 664 1912 0 0 179
tree 680 1912 5 0 179
trop 1116 1900 65 179 179
dom 1280 1888 186 0 179
trop 1404 1892 18 179 179
trop 2036 1908 16 179 179
trop 2796 1916 18 179 179
tree 2920 1912 23 0 179
tree 3192 1912 23 0 179
tree 3288 1912 8 0 179
tree 3384 1896 26 0 179
cliff 3616 1904 53 179 179
tree 3704 1912 25 0 179
tree 3752 1912 26 0 179
tree 168 1944 7 0 179
dom 224 1920 189 0 179
tree 1112 1944 30 0 179
tree 1096 1944 7 0 179
trop 1556 1924 65 179 179
trop 1700 1940 65 179 179
dom 1888 1920 171 2 179
trop 2172 1932 198 179 179
trop 2284 1932 65 179 179
dom 2336 1920 183 0 179
tree 2488 1944 32 0 179
tree 2520 1928 30 0 179
tree 2920 1944 24 0 179
dom 3040 1920 139 0 179
tree 3272 1928 19 0 179
tree 3304 1928 33 0 179
tree 3512 1928 24 0 179
tree 3528 1944 21 0 179
cliff 3616 1936 48 179 179
tree 3912 1944 20 0 179
trop 268 1956 65 179 179
trop 420 1956 65 179 179
tree 1112 1960 18 0 179
trop 1412 1964 16 179 179
trop 1820 1956 65 179 179
trop 2068 1964 18 179 179
tree 2856 1976 18 0 179
tree 2872 1960 4 0 179
tree 2952 1960 25 0 179
tree 3000 1976 25 0 179
lay 3080 1976 65 0 179
lay 3112 1976 62 0 179
tree 3160 1960 20 0 179
tree 3416 1976 24 0 179
tree 3416 1960 21 0 179
tree 3480 1960 25 0 179
cliff 3616 1968 19 179 179
lay 3752 1976 28 0 179
tree 376 2008 32 0 179
tree 472 2008 9 0 179
trop 676 1988 65 179 179
trop 820 1996 65 179 179
dom 928 1984 224 0 179
trop 1076 2012 65 179 179
tree 1112 1992 12 0 179
tree 1128 2008 19 0 179
trop 1228 2004 65 179 179
tree 1480 1992 8 0 179
tree 1912 2008 21 0 179
trop 2012 1988 18 179 179
tree 2456 1992 10 0 179
trop 2724 2012 18 179 179
trop 2756 1988 16 179 179
tree 2984 1992 22 0 179
tree 3000 2008 25 0 179
tree 3016 1992 26 0 179
tree 3288 2008 39 0 179
cliff 3632 1984 27 179 179
cliff 3648 2000 23 179 179
tree 3832 2008 22 0 179
tree 3816 1992 26 0 179
trop 580 2044 65 179 179
dom 1280 2016 185 0 179
trop 1396 2020 18 179 179
trop 1436 2036 18 179 179
dom 1600 2016 224 0 179
dom 1792 2016 193 0 179
tree 1912 2024 25 0 179
tree 1960 2024 21 0 179
dom 2144 2016 171 3 179
trop 2284 2044 65 179 179
trop 2412 2036 65 179 179
tree 2456 2040 6 0 179
trop 2612 2020 65 179 179
tree 3016 2040 25 0 179
tree 3304 2024 24 0 179
tree 3352 2024 26 0 179
tree 3336 2024 22 0 179
tree 3512 2040 20 0 179
tree 3544 2024 24 0 179
cliff 3664 2016 24 179 179
cliff 3680 2032 19 179 179
trop 300 2052 65 179 179
tree 440 2072 12 0 179
tree 456 2056 18 0 179
dom 704 2048 154 0 179
tree 840 2072 15 0 179
tree 1144 2072 24 0 179
trop 1756 2060 65 179 179
trop 2036 2068 16 179 179
trop 2076 2060 18 179 179
tree 2248 2056 31 0 179
trop 2508 2076 65 179 179
stand 2648 2056 165 0 179
trop 2788 2068 18 179 179
dom 2912 2048 136 0 179
trop 2932 2052 65 179 179
tree 3016 2056 23 0 179
tree 3032 2072 26 0 179
tree 3192 2056 13 0 179
tree 3176 2056 5 0 179
tree 3480 2056 26 0 179
tree 3464 2056 20 0 179
cliff 3696 2048 25 179 179
cliff 3712 2064 46 179 179
lay 3864 2056 28 0 179
dom 256 2080 198 0 179
tree 392 2104 21 0 179
tree 584 2104 22 0 179
stand 632 2104 165 0 179
stand 744 2104 165 0 179
trop 1556 2100 65 179 179
trop 1996 2092 18 179 179
tree 3000 2104 22 0 179
tree 3016 2088 21 0 179
tree 3656 2088 25 0 179
cliff 3712 2096 19 179 179
tree 168 2136 18 0 179
tree 472 2120 28 0 179
trop 732 2116 65 179 179
trop 876 2116 65 179 179
tree 952 2120 22 0 179
trop 1020 2124 65 179 179
tree 1080 2136 31 0 179
tree 1064 2136 26 0 179
trop 1180 2124 65 179 179
dom 1280 2112 136 0 179
trop 1388 2124 18 179 179
trop 1412 2124 16 179 179
tree 1512 2120 5 0 179
tree 1512 2136 32 0 179
tree 1528 2136 29 0 179
dom 1888 2112 171 0 179
dom 2144 2112 171 2 179
dom 2464 2112 123 0 179
trop 2724 2140 18 179 179
tree 2840 2136 7 0 179
tree 3256 2120 32 0 179
tree 3304 2136 19 0 179
tree 3416 2136 4 0 179
tree 3432 2120 8 0 179
tree 3624 2136 22 0 179
cliff 3728 2112 24 179 179
cliff 3744 2128 47 179 179
tree 3848 2136 22 0 179
trop 292 2172 65 179 179
trop 388 2156 65 179 179
tree 856 2152 18 0 179
tree 1000 2152 6 0 179
tree 1112 2152 9 0 179
tree 1096 2152 12 0 179
trop 1692 2172 65 179 179
trop 2076 2172 18 179 179
trop 2316 2148 65 179 179
trop 2620 2156 65 179 179
dom 2624 2144 185 0 179
trop 2756 2148 16 179 179
trop 2916 2172 65 179 179
tree 3112 2168 31 0 179
tree 3384 2152 28 0 179
tree 3400 2168 6 0 179
tree 3608 2152 26 0 179
cliff 3744 2160 46 179 179
trop 516 2204 65 179 179
trop 580 2180 65 179 179
tree 1272 2184 24 0 179
tree 1464 2184 8 0 179
tree 1528 2184 16 0 179
tree 1512 2184 35 0 179
dom 1792 2176 183 0 179
tree 2648 2200 26 0 179
tree 2856 2200 29 0 179
tree 3144 2200 15 0 179
tree 3240 2184 32 0 179
tree 3256 2200 28 0 179
tree 3480 2184 11 0 179
tree 3464 2184 14 0 179
cliff 3744 2192 20 179 179
trop 796 2236 65 179 179
trop 1612 2220 65 179 179
tree 1720 2232 39 0 179
trop 1836 2220 65 179 179
tree 1880 2232 39 0 179
dom 1920 2208 157 0 179
trop 2036 2228 16 179 179
trop 2148 2228 98 179 179
dom 2176 2208 157 0 179
dom 2272 2208 189 0 179
trop 2836 2220 98 179 179
trop 2852 2220 98 179 179
tree 2856 2232 33 0 179
tree 3160 2232 32 0 179
tree 3464 2216 29 0 179
tree 3496 2232 30 0 179
tree 3528 2232 7 0 179
tree 3528 2216 32 0 179
tree 3608 2232 19 0 179
cliff 3760 2208 25 179 179
cliff 3776 2224 48 179 179
dom 224 2240 161 0 179
trop 268 2244 65 179 179
trop 404 2252 65 179 179
dom 384 2240 159 0 179
dom 1152 2240 159 0 179
dom 1216 2240 190 0 179
trop 1484 2244 98 179 179
trop 1508 2244 98 179 179
trop 1508 2260 98 179 179
tree 1528 2264 33 0 179
tree 1592 2248 11 0 179
tree 1624 2264 24 0 179
tree 1656 2264 24 0 179
tree 1672 2248 39 0 179
tree 1720 2264 30 0 179
trop 1972 2268 103 179 179
trop 2012 2260 18 179 179
trop 2148 2252 98 179 179
stand 2216 2264 153 0 179
trop 2292 2268 65 179 179
tree 2360 2248 20 0 179
tree 2376 2264 39 0 179
trop 2428 2268 65 179 179
tree 2504 2248 26 0 179
trop 2532 2268 65 179 179
dom 2592 2240 190 0 179
trop 2628 2268 65 179 179
trop 2676 2244 103 179 179
trop 2860 2260 98 179 179
trop 2948 2268 65 179 179
dom 3040 2240 186 0 179
trop 3100 2268 65 179 179
tree 3208 2264 28 0 179
tree 3272 2264 27 0 179
tree 3576 2248 33 0 179
tree 3560 2264 22 0 179
tree 3864 2248 20 0 179
tree 152 2280 9 0 179
tree 168 2296 18 0 179
tree 264 2296 22 0 179
stand 296 2296 165 0 179
tree 440 2296 19 0 179
tree 472 2296 22 0 179
dom 544 2272 182 0 179
trop 580 2300 198 179 179
dom 704 2272 156 0 179
tree 984 2280 24 0 179
tree 1016 2296 24 0 179
trop 1148 2300 198 179 179
trop 1364 2300 103 179 179
trop 1356 2284 103 179 179
trop 1380 2276 18 179 179
trop 1436 2284 18 179 179
trop 1412 2284 16 179 179
trop 1468 2300 18 179 179
tree 1544 2296 19 0 179
tree 1688 2296 25 0 179
trop 1924 2300 198 179 179
trop 2060 2276 18 179 179
trop 2092 2284 18 179 179
trop 2140 2284 98 179 179
trop 2156 2292 198 179 179
tree 2520 2296 21 0 179
tree 2552 2296 23 0 179
trop 2740 2300 18 179 179
trop 2788 2276 18 179 179
trop 2820 2292 18 179 179
dom 2912 2272 184 0 179
tree 3208 2280 33 0 179
tree 3240 2296 8 0 179
trop 3380 2276 65 179 179
tree 3640 2280 30 0 179
tree 3832 2280 39 0 179
tree 3896 2296 21 0 179
tree 3912 2296 22 0 179
tree 3928 2296 24 0 179
stand 168 2328 165 0 179
trop 1292 2308 198 179 179
stand 1320 2328 165 0 179
trop 1372 2308 18 179 179
stand 1944 2312 165 0 179
trop 1964 2308 103 179 179
trop 2004 2308 18 179 179
trop 2076 2308 18 179 179
stand 2104 2312 165 0 179
trop 2196 2332 105 179 179
trop 2212 2332 105 179 179
trop 2708 2316 18 179 179
trop 2708 2316 103 179 179
trop 2724 2316 103 179 179
trop 2756 2308 16 179 179
stand 2840 2328 165 0 179
tree 3240 2312 30 0 179
tree 3880 2312 39 0 179
trop 1300 2348 104 179 179
trop 1324 2364 104 179 179
trop 1524 2356 19 179 179
trop 1556 2356 105 179 179
trop 1572 2356 105 179 179
trop 1596 2356 105 179 179
trop 1876 2348 104 179 179
trop 1916 2340 104 179 179
trop 1964 2348 19 179 179
trop 1980 2340 18 179 179
trop 2148 2364 19 179 179
trop 2156 2356 105 179 179
trop 2188 2340 19 179 179
trop 2212 2356 105 179 179
trop 2244 2348 105 179 179
trop 2652 2348 104 179 179
trop 2636 2340 104 179 179
trop 2692 2364 19 179 179
trop 2884 2348 19 179 179
trop 2924 2356 105 179 179
trop 2916 2356 105 179 179
trop 2940 2348 105 179 179
trop 3004 2364 19 179 179
trop 3124 2364 19 179 179
trop 236 2380 19 179 179
trop 340 2372 19 179 179
trop 444 2372 19 179 179
trop 540 2380 19 179 179
trop 644 2372 19 179 179
trop 764 2380 19 179 179
trop 924 2372 19 179 179
trop 1044 2380 19 179 179
trop 1188 2372 19 179 179
trop 1308 2380 19 179 179
trop 1332 2372 19 179 179
trop 1556 2380 19 179 179
trop 1692 2380 19 179 179
trop 1796 2372 19 179 179
trop 1940 2372 19 179 179
trop 2036 2388 16 179 179
trop 2140 2388 19 179 179
trop 2204 2388 19 179 179
trop 2276 2380 19 179 179
trop 2332 2380 19 179 179
trop 2460 2380 19 179 179
trop 2588 2380 19 179 179
trop 2652 2372 19 179 179
trop 2828 2372 19 179 179
trop 2940 2380 19 179 179
trop 2964 2396 17 179 179
trop 3116 2380 19 179 179
trop 3124 2396 17 179 179
trop 3220 2380 19 179 179
trop 3284 2396 17 179 179
trop 3308 2372 19 179 179
trop 3420 2380 19 179 179
trop 3444 2396 17 179 179
trop 3508 2380 19 179 179
trop 3604 2396 17 179 179
trop 3628 2372 19 179 179
trop 3724 2372 19 179 179
trop 3772 2380 19 179 179
trop 3764 2396 17 179 179
trop 3876 2372 19 179 179
trop 3892 2396 17 179 179
trop 212 2404 17 179 179
trop 308 2404 17 179 179
trop 324 2428 19 179 179
trop 420 2420 19 179 179
trop 468 2404 17 179 179
trop 532 2420 19 179 179
trop 628 2404 17 179 179
trop 684 2412 19 179 179
trop 732 2420 19 179 179
trop 788 2404 17 179 179
trop 884 2420 19 179 179
trop 948 2404 17 179 179
trop 1004 2412 19 179 179
trop 1108 2404 17 179 179
trop 1180 2428 19 179 179
trop 1268 2404 17 179 179
trop 1324 2420 19 179 179
trop 1420 2420 19 179 179
trop 1428 2404 17 179 179
trop 1580 2420 19 179 179
trop 1588 2404 17 179 179
trop 1708 2420 19 179 179
trop 1748 2404 17 179 179
trop 1868 2428 19 179 179
trop 1908 2404 17 179 179
trop 2164 2412 17 179 179
trop 2324 2412 17 179 179
trop 2484 2404 17 179 179
trop 2644 2404 17 179 179
trop 2804 2404 17 179 179
trop 2804 2428 19 179 179
trop 2956 2420 19 179 179
trop 3108 2428 19 179 179
trop 3252 2420 19 179 179
trop 3436 2420 19 179 179
trop 3564 2428 19 179 179
trop 3748 2420 19 179 179
trop 3876 2420 19 179 179
trop 236 2436 19 179 179
trop 1924 2460 101 179 179
trop 2052 2460 18 179 179
trop 2148 2452 19 179 179
trop 2244 2436 19 179 179
trop 2292 2436 19 179 179
trop 2420 2436 19 179 179
trop 2532 2436 19 179 179
trop 2660 2436 19 179 179
tree 552 2488 27 0 179
tree 600 2472 29 0 179
trop 756 2492 198 179 179
tree 936 2488 6 0 179
tree 1080 2488 19 0 179
trop 1564 2476 198 179 179
trop 1924 2476 101 179 179
trop 2140 2484 100 179 179
tree 408 2520 7 0 179
tree 712 2504 25 0 179
tree 744 2520 20 0 179
tree 760 2520 24 0 179
tree 904 2520 30 0 179
tree 1128 2520 30 0 179
tree 1288 2504 19 0 179
tree 1496 2520 7 0 179
trop 1660 2500 198 179 179
trop 1756 2508 198 179 179
tree 1736 2520 9 0 179
trop 2004 2508 18 179 179
trop 2188 2500 100 179 179
dom 2176 2496 158 0 179
zabor 2512 2512 65 1 8
zabor 2544 2512 66 1 8
zabor 2576 2512 65 1 8
zabor 2608 2512 66 1 8
zabor 2640 2512 65 1 8
zabor 2672 2512 66 1 8
tree 2712 2520 21 0 179
tree 2712 2504 25 0 179
zabor 2704 2512 66 1 8
tree 2840 2520 23 0 179
tree 2872 2520 22 0 179
tree 2904 2520 26 0 179
tree 2888 2520 22 0 179
dom 224 2528 157 0 179
tree 824 2536 24 0 179
tree 1224 2536 29 0 179
tree 1288 2552 28 0 179
tree 1304 2536 6 0 179
tree 1448 2536 19 0 179
tree 1512 2536 5 0 179
tree 1608 2552 6 0 179
tree 1752 2536 32 0 179
dom 1920 2528 158 0 179
trop 1980 2532 102 179 179
trop 1972 2532 102 179 179
trop 1972 2548 102 179 179
trop 2036 2548 16 179 179
trop 2076 2540 18 179 179
trop 2140 2548 99 179 179
zabor 2480 2544 66 1 8
zabor 2512 2544 65 1 8
zabor 2704 2544 65 1 8
zabor 2736 2544 66 1 8
tree 2776 2536 22 0 179
tree 2776 2552 25 0 179
tree 2952 2552 26 0 179
tree 2984 2536 24 0 179
tree 3016 2536 19 0 179
tree 3048 2552 8 0 179
tree 3112 2536 22 0 179
tree 3160 2552 39 0 179
trop 3508 2556 99 179 179
trop 3508 2540 99 179 179
tree 3896 2552 18 0 179
tree 152 2568 6 0 179
tree 536 2568 21 0 179
tree 584 2568 20 0 179
tree 600 2584 21 0 179
tree 632 2584 25 0 179
tree 648 2584 26 0 179
tree 792 2584 39 0 179
tree 840 2568 22 0 179
tree 888 2568 25 0 179
tree 904 2568 21 0 179
tree 1000 2584 20 0 179
tree 1176 2584 20 0 179
tree 1624 2568 9 0 179
tree 1640 2568 5 0 179
tree 1656 2568 6 0 179
tree 1736 2584 9 0 179
trop 2140 2564 99 179 179
tree 2456 2584 23 0 179
zabor 2480 2576 66 1 8
tree 2504 2584 21 0 179
zabor 2800 2576 64 1 8
zabor 2832 2576 65 1 8
tree 2904 2584 26 0 179
tree 3128 2584 21 0 179
tree 3288 2584 28 0 179
tree 3416 2568 19 0 179
tree 3704 2584 18 0 179
tree 3736 2568 29 0 179
tree 3736 2584 18 0 179
tree 3848 2568 33 0 179
tree 3848 2584 4 0 179
tree 3880 2568 33 0 179
tree 3896 2584 18 0 179
tree 648 2600 26 0 179
tree 664 2616 20 0 179
tree 696 2616 26 0 179
tree 680 2600 24 0 179
tree 712 2616 25 0 179
tree 760 2616 25 0 179
tree 808 2600 22 0 179
tree 1000 2616 25 0 179
tree 1192 2600 23 0 179
tree 1208 2616 23 0 179
lay 1560 2600 51 0 179
dom 2144 2592 171 0 179
tree 2296 2616 23 0 179
tree 2392 2616 23 0 179
tree 2424 2600 23 0 179
zabor 2480 2608 66 1 8
tree 2488 2616 39 0 179
tree 2520 2600 22 0 179
tree 2504 2616 24 0 179
tree 2536 2600 39 0 179
tree 2776 2616 22 0 179
zabor 2832 2608 66 1 8
tree 3000 2600 25 0 179
tree 2984 2600 22 0 179
tree 3016 2616 10 0 179
tree 3096 2616 22 0 179
tree 3608 2600 32 0 179
tree 3800 2600 29 0 179
tree 3800 2616 27 0 179
trop 300 2644 124 179 179
tree 760 2632 39 0 179
tree 744 2648 21 0 179
tree 808 2648 22 0 179
tree 824 2648 39 0 179
tree 920 2632 26 0 179
tree 920 2648 24 0 179
tree 936 2648 21 0 179
tree 952 2648 23 0 179
tree 952 2632 21 0 179
tree 968 2648 23 0 179
tree 1048 2648 23 0 179
dom 1888 2624 171 0 179
tree 2264 2648 23 0 179
tree 2408 2632 21 0 179
tree 2472 2632 20 0 179
tree 2504 2632 24 0 179
zabor 2832 2640 64 1 8
tree 3272 2632 28 0 179
tree 3336 2648 24 0 179
tree 3672 2648 28 0 179
tree 3704 2632 20 0 179
tree 3912 2632 18 0 179
tree 840 2680 25 0 179
tree 888 2664 24 0 179
tree 1048 2664 21 0 179
tree 1064 2664 23 0 179
lay 1608 2664 51 0 179
lay 1672 2680 51 0 179
lay 1752 2664 51 0 179
tree 1816 2680 22 0 179
tree 2296 2680 25 0 179
tree 2392 2680 26 0 179
zabor 2480 2672 65 1 8
zabor 2544 2672 66 1 8
dom 2688 2656 198 0 179
tree 2760 2680 31 0 179
zabor 2800 2672 65 1 8
zabor 2832 2672 65 1 8
tree 2904 2680 24 0 179
tree 3128 2680 35 0 179
tree 3240 2664 29 0 179
stand 3400 2680 154 0 179
trop 3508 2668 98 179 179
tree 3912 2664 30 0 179
trop 268 2700 124 179 179
trop 300 2692 124 179 179
trop 1180 2716 124 179 179
cliff 1632 2688 92 179 179
lay 1720 2712 51 0 179
lay 1704 2712 51 0 179
lay 1848 2712 49 0 179
lay 1848 2696 49 0 179
dom 1920 2688 157 0 179
trop 2036 2692 22 179 179
dom 2176 2688 157 0 179
lay 2264 2696 51 0 179
lay 2248 2712 51 0 179
lay 2312 2712 51 0 179
tree 2376 2696 26 0 179
tree 2408 2696 23 0 179
zabor 2480 2704 66 1 8
zabor 2800 2704 65 1 8
tree 2856 2696 26 0 179
tree 2856 2712 26 0 179
trop 3436 2716 15 179 179
trop 3508 2692 98 179 179
tree 3544 2696 20 0 179
trop 308 2748 124 179 179
trop 1164 2740 124 179 179
cliff 1664 2720 94 179 179
lay 1768 2728 51 0 179
tree 2424 2744 22 0 179
tree 2440 2744 20 0 179
zabor 2480 2736 66 1 8
zabor 2512 2736 66 1 8
zabor 2544 2736 65 1 8
tree 2568 2728 31 0 179
zabor 2576 2736 66 1 8
tree 2616 2744 30 0 179
tree 2728 2728 27 0 179
zabor 2768 2736 66 1 8
zabor 2800 2736 65 1 8
tree 2840 2728 24 0 179
tree 2968 2744 17 0 179
tree 3128 2744 9 0 179
tree 3240 2728 29 0 179
dom 3328 2720 246 2 179
tree 3400 2744 25 0 179
tree 3672 2728 25 0 179
tree 3800 2728 24 0 179
trop 276 2780 124 179 179
trop 1164 2756 124 179 179
cliff 1696 2752 22 179 179
stand 2232 2776 285 0 179
lay 2344 2760 51 0 179
zabor 2576 2768 65 1 8
zabor 2608 2768 65 1 8
zabor 2640 2768 64 1 8
zabor 2672 2768 64 1 8
zabor 2704 2768 65 1 8
zabor 2736 2768 64 1 8
zabor 2768 2768 66 1 8
tree 2984 2760 17 0 179
tree 3064 2760 19 0 179
tree 3080 2760 18 0 179
lay 3336 2760 26 0 179
tree 3384 2776 22 0 179
trop 3492 2772 102 179 179
trop 3556 2780 107 179 179
trop 3604 2756 15 179 179
dom 3616 2752 226 1 179
tree 3688 2760 25 0 179
tree 3736 2776 25 0 179
trop 308 2796 124 179 179
trop 1228 2804 124 179 179
stand 1848 2808 288 0 179
tree 2760 2792 22 0 179
tree 2936 2808 26 0 179
tree 3032 2792 35 0 179
tree 3080 2792 8 0 179
tree 3272 2808 33 0 179
tree 3432 2792 26 0 179
tree 3432 2808 22 0 179
trop 3564 2804 107 179 179
trop 3556 2788 103 179 179
trop 1204 2828 124 179 179
trop 1220 2828 124 179 179
tree 2744 2824 20 0 179
tree 2792 2840 7 0 179
tree 2856 2824 4 0 179
tree 2952 2824 18 0 179
tree 3048 2824 10 0 179
tree 3256 2824 29 0 179
tree 3304 2824 9 0 179
trop 3548 2836 102 179 179
trop 3524 2828 106 179 179
trop 3540 2828 106 179 179
trop 3612 2820 105 179 179
trop 3596 2836 106 179 179
trop 3628 2836 105 179 179
trop 3636 2836 105 179 179
trop 3628 2844 106 179 179
tree 3896 2840 4 0 179
trop 292 2852 124 179 179
trop 1268 2876 124 179 179
tree 2824 2872 21 0 179
tree 2872 2872 22 0 179
tree 2936 2856 32 0 179
tree 2968 2856 19 0 179
tree 3192 2872 19 0 179
tree 3224 2856 4 0 179
lay 3384 2856 26 0 179
trop 3468 2876 104 179 179
trop 3492 2852 106 179 179
trop 3572 2860 102 179 179
trop 3676 2852 15 179 179
trop 276 2900 124 179 179
tree 2808 2904 25 0 179
tree 2856 2904 23 0 179
lay 3000 2904 51 0 179
lay 3064 2904 51 0 179
tree 3112 2904 32 0 179
trop 3468 2892 15 179 179
trop 3508 2892 107 179 179
trop 3516 2892 106 179 179
trop 3556 2892 107 179 179
tree 3816 2904 18 0 179
tree 3944 2904 30 0 179
trop 340 2940 124 179 179
trop 1236 2916 124 179 179
tree 2872 2920 25 0 179
tree 2872 2936 24 0 179
tree 2888 2936 24 0 179
lay 2984 2920 51 0 179
tree 3128 2936 16 0 179
tree 3144 2920 5 0 179
trop 3492 2924 101 179 179
trop 3556 2916 107 179 179
trop 3564 2916 107 179 179
tree 3816 2936 33 0 179
tree 3816 2920 19 0 179
tree 3832 2920 28 0 179
tree 3832 2936 8 0 179
tree 3928 2920 19 0 179
trop 276 2972 124 179 179
trop 1300 2956 124 179 179
most 2016 2944 34 0 179
tree 2920 2968 26 0 179
tree 2968 2968 23 0 179
tree 2984 2968 39 0 179
lay 3064 2968 51 0 179
tree 3304 2968 8 0 179
dom 3456 2944 238 1 179
trop 3548 2972 107 179 179
trop 3556 2964 107 179 179
trop 1300 3004 124 179 179
trop 1324 3004 124 179 179
tree 2952 2984 39 0 179
lay 3192 2984 26 0 179
tree 3304 2984 6 0 179
lay 3352 3000 26 0 179
trop 3556 2996 102 179 179
lay 3688 2984 26 0 179
tree 3800 3000 7 0 179
trop 1276 3012 124 179 179
trop 2940 3036 124 179 179
lay 3064 3016 51 0 179
tree 3304 3016 18 0 179
tree 3864 3032 33 0 179
tree 3880 3032 29 0 179
tree 358 3068 6 0 179
tree 510 3060 11 0 179
trop 1292 3044 124 179 179
tree 3112 3048 39 0 179
tree 3176 3064 22 0 179
lay 3224 3064 49 0 179
tree 3256 3064 22 0 179
tree 3272 3064 23 0 179
lay 3656 3064 26 0 179
tree 3864 3048 29 0 179
lay 542 3076 3 0 179
lay 574 3092 1 0 179
tree 638 3092 12 0 179
tree 670 3076 13 0 179
tree 728 3080 31 0 179
tree 792 3096 14 0 179
tree 1496 3096 5 0 179
trop 2956 3100 124 179 179
trop 3036 3100 124 179 179
lay 3128 3080 51 0 179
lay 3176 3080 49 0 179
lay 3272 3096 49 0 179
lay 3384 3096 26 0 179
tree 376 3128 21 0 179
lay 638 3124 3 0 179
tree 792 3112 33 0 179
tree 1416 3112 41 0 179
tree 1416 3128 6 0 179
tree 1432 3128 10 0 179
trop 2988 3116 124 179 179
trop 3012 3124 124 179 179
lay 3528 3112 26 0 179
tree 358 3164 5 0 179
tree 358 3148 14 0 179
trop 538 3144 65 179 179
tree 600 3160 30 0 179
stand 678 3164 163 0 179
tree 776 3144 7 0 179
tree 824 3144 19 0 179
tree 1448 3160 10 0 179
tree 1448 3144 22 0 179
tree 1480 3144 17 0 179
trop 2972 3156 124 179 179
tree 3384 3144 24 0 179
lay 3400 3160 49 0 179
tree 3480 3160 24 0 179
tree 3736 3144 9 0 179
tree 3768 3160 33 0 179
tree 3832 3144 31 0 179
tree 3848 3144 5 0 179
tree 3848 3160 31 0 179
tree 232 3192 10 0 179
tree 248 3192 23 0 179
tree 264 3176 19 0 179
tree 344 3192 24 0 179
dom 502 3196 177 0 179
tree 520 3192 32 0 179
tree 552 3176 12 0 179
stand 630 3180 160 0 179
stand 646 3196 160 0 179
stand 662 3180 163 0 179
tree 1160 3176 23 0 179
tree 1224 3192 24 0 179
tree 1464 3176 14 0 179
tree 1608 3192 10 0 179
tree 1624 3192 35 0 179
tree 1688 3192 8 0 179
tree 1688 3176 38 0 179
trop 2980 3188 124 179 179
tree 3416 3176 21 0 179
tree 3448 3176 23 0 179
lay 3464 3192 49 0 179
lay 3720 3192 26 0 179
tree 3832 3176 29 0 179
tree 3928 3176 29 0 179
stand 414 3220 178 0 179
trop 506 3216 65 179 179
stand 606 3220 166 0 179
tree 1048 3224 30 0 179
tree 1240 3208 33 0 179
tree 1368 3224 5 0 179
tree 1608 3224 33 0 179
tree 1624 3224 7 0 179
tree 1640 3208 10 0 179
tree 1656 3208 37 0 179
tree 1704 3224 8 0 179
tree 1720 3224 37 0 179
tree 1752 3208 12 0 179
stand 1896 3208 290 0 179
trop 2956 3228 124 179 179
trop 3004 3228 124 179 179
lay 3480 3208 49 0 179
lay 3544 3224 49 0 179
tree 3624 3224 25 0 179
tree 3704 3224 19 0 179
tree 3800 3224 30 0 179
tree 1272 3240 4 0 179
tree 1288 3256 40 0 179
tree 1304 3256 13 0 179
tree 1432 3256 16 0 179
tree 1544 3240 39 0 179
tree 1656 3256 21 0 179
tree 1672 3240 39 0 179
lay 1848 3256 49 0 179
lay 1912 3240 51 0 179
stand 1944 3256 150 0 179
lay 1976 3256 51 0 179
tree 2184 3256 24 0 179
stand 2232 3240 292 0 179
lay 2296 3256 49 0 179
tree 2328 3256 22 0 179
tree 3624 3240 26 0 179
tree 3752 3256 33 0 179
lay 462 3284 4 0 179
trop 522 3280 65 179 179
trop 554 3272 90 179 179
trop 804 3292 100 179 179
tree 856 3272 22 0 179
tree 936 3272 8 0 179
tree 952 3288 21 0 179
tree 1096 3288 30 0 179
tree 1128 3272 29 0 179
tree 1208 3288 24 0 179
tree 1400 3288 25 0 179
tree 1416 3272 0 0 179
tree 1544 3288 29 0 179
lay 1944 3288 51 0 179
trop 2060 3276 18 179 179
tree 2184 3272 21 0 179
tree 2200 3272 20 0 179
lay 2232 3288 49 0 179
tree 2296 3288 21 0 179
cliff 2352 3264 60 179 179
tree 2344 3288 25 0 179
tree 2360 3288 26 0 179
tree 2552 3288 24 0 179
trop 2956 3292 124 179 179
tree 184 3320 20 0 179
trop 554 3296 101 179 179
tree 664 3320 6 0 179
trop 772 3308 100 179 179
tree 808 3320 24 0 179
tree 824 3304 25 0 179
tree 1160 3304 23 0 179
tree 1176 3304 26 0 179
tree 1352 3320 39 0 179
tree 1352 3304 24 0 179
tree 1400 3304 15 0 179
tree 1384 3304 16 0 179
tree 1640 3304 4 0 179
tree 1640 3320 27 0 179
lay 2008 3320 49 0 179
trop 2036 3300 18 179 179
trop 2084 3316 18 179 179
tree 2168 3304 26 0 179
tree 2184 3320 23 0 179
tree 2296 3320 24 0 179
tree 2312 3304 21 0 179
tree 2648 3304 23 0 179
trop 3004 3300 124 179 179
tree 3784 3304 20 0 179
tree 3800 3304 20 0 179
tree 264 3336 35 0 179
dom 334 3348 196 0 179
trop 402 3352 65 179 179
tree 456 3352 16 0 179
tree 792 3352 39 0 179
tree 1256 3352 9 0 179
tree 1272 3352 10 0 179
stand 1912 3352 249 1 179
lay 1912 3352 49 0 179
trop 2044 3332 18 179 179
tree 2136 3336 25 0 179
tree 2440 3336 21 0 179
tree 2456 3336 24 0 179
tree 2744 3352 39 0 179
tree 2760 3352 25 0 179
trop 2964 3348 124 179 179
tree 280 3384 8 0 179
trop 514 3376 99 179 179
trop 724 3372 99 179 179
trop 2020 3372 18 179 179
trop 2060 3364 18 179 179
tree 2136 3368 24 0 179
tree 2168 3384 26 0 179
tree 2216 3384 22 0 179
tree 2392 3384 22 0 179
lay 2408 3384 49 0 179
tree 2584 3384 26 0 179
tree 2568 3384 23 0 179
tree 2600 3368 25 0 179
tree 2776 3368 39 0 179
tree 2792 3384 25 0 179
tree 3880 3384 26 0 179
tree 3928 3384 21 0 179
tree 3912 3368 24 0 179
tree 200 3416 26 0 179
tree 216 3416 34 0 179
tree 232 3416 29 0 179
trop 362 3416 15 179 179
tree 392 3416 14 0 179
tree 392 3400 18 0 179
stand 534 3404 154 0 179
stand 614 3404 154 0 179
trop 674 3416 92 179 179
trop 724 3396 99 179 179
trop 732 3404 99 179 179
tree 952 3400 4 0 179
tree 984 3416 0 0 179
tree 968 3416 26 0 179
tree 1000 3400 33 0 179
tree 1144 3400 28 0 179
tree 1784 3400 10 0 179
lay 1912 3416 49 0 179
trop 2044 3412 21 179 179
tree 2568 3400 22 0 179
tree 2680 3400 23 0 179
tree 2696 3400 25 0 179
tree 2728 3416 20 0 179
tree 3896 3400 24 0 179
tree 3944 3416 20 0 179
tree 184 3448 32 0 179
tree 184 3432 34 0 179
tree 216 3432 28 0 179
tree 392 3432 41 0 179
trop 402 3424 65 179 179
trop 474 3424 94 179 179
tree 582 3452 15 0 179
trop 674 3432 102 179 179
tree 1064 3432 14 0 179
tree 1176 3432 24 0 179
tree 1240 3448 9 0 179
tree 1512 3448 18 0 179
tree 1560 3448 20 0 179
tree 1640 3448 7 0 179
tree 1752 3448 13 0 179
tree 1752 3432 24 0 179
tree 1864 3432 29 0 179
trop 1980 3452 103 179 179
trop 2004 3436 103 179 179
tree 2424 3448 21 0 179
tree 2424 3432 26 0 179
tree 2440 3432 23 0 179
tree 2584 3448 39 0 179
tree 2744 3432 23 0 179
tree 152 3464 25 0 179
tree 184 3464 15 0 179
tree 408 3464 33 0 179
tree 424 3480 39 0 179
tree 518 3468 11 0 179
tree 568 3464 28 0 179
tree 566 3484 15 0 179
tree 598 3468 9 0 179
trop 700 3460 14 179 179
trop 706 3472 94 179 179
trop 812 3484 14 179 179
tree 1064 3480 6 0 179
tree 1096 3480 22 0 179
trop 1364 3460 15 179 179
dom 1408 3456 195 0 179
trop 2060 3468 18 179 179
lay 2088 3480 50 0 179
tree 2360 3464 20 0 179
tree 2376 3480 21 0 179
tree 2440 3464 23 0 179
tree 2440 3480 21 0 179
tree 2600 3480 25 0 179
tree 2776 3464 25 0 179
tree 2808 3464 21 0 179
tree 2840 3464 24 0 179
tree 3032 3480 22 0 179
tree 214 3500 15 0 179
tree 248 3512 39 0 179
stand 318 3508 180 0 179
stand 302 3508 180 0 179
tree 472 3512 8 0 179
tree 520 3496 29 0 179
stand 598 3516 155 0 179
trop 644 3492 14 179 179
tree 870 3516 8 0 179
tree 952 3512 11 0 179
tree 1064 3496 4 0 179
tree 1096 3496 11 0 179
tree 1240 3512 10 0 179
trop 1586 3510 97 179 179
trop 1730 3510 97 179 179
trop 2012 3492 18 179 179
tree 2216 3512 25 0 179
tree 2648 3512 23 0 179
tree 2696 3496 22 0 179
tree 2824 3496 24 0 179
tree 2920 3496 39 0 179
tree 3032 3512 25 0 179
tree 3064 3512 23 0 179
trop 3884 3508 124 179 179
trop 370 3536 103 179 179
tree 488 3544 41 0 179
stand 598 3548 155 0 179
trop 676 3524 14 179 179
trop 836 3532 14 179 179
tree 952 3528 22 0 179
tree 1048 3544 11 0 179
tree 1064 3528 40 0 179
lay 1736 3528 50 0 179
trop 1834 3550 95 179 179
trop 1868 3548 101 179 179
trop 1884 3532 19 179 179
trop 1916 3524 104 179 179
trop 1892 3524 104 179 179
lay 1992 3544 50 0 179
trop 1988 3524 19 179 179
tree 2200 3544 20 0 179
tree 2248 3544 24 0 179
tree 2248 3528 20 0 179
tree 2616 3528 25 0 179
tree 2776 3528 39 0 179
tree 2936 3544 21 0 179
tree 2968 3544 22 0 179
tree 2952 3544 21 0 179
tree 3032 3544 23 0 179
tree 3032 3528 20 0 179
trop 3884 3548 124 179 179
trop 3908 3532 124 179 179
tree 168 3576 14 0 179
tree 184 3560 23 0 179
tree 262 3580 8 0 179
trop 442 3576 101 179 179
tree 478 3572 12 0 179
trop 474 3552 94 179 179
tree 488 3560 29 0 179
tree 494 3572 13 0 179
tree 510 3556 17 0 179
tree 494 3556 16 0 179
tree 600 3576 13 0 179
trop 780 3580 14 179 179
tree 936 3560 5 0 179
tree 934 3580 7 0 179
tree 1208 3576 25 0 179
trop 1530 3582 100 179 179
trop 1522 3558 95 179 179
stand 1614 3562 165 0 179
trop 1690 3558 95 179 179
trop 1908 3556 101 179 179
trop 1980 3556 19 179 179
trop 2044 3556 16 179 179
trop 2052 3556 18 179 179
trop 2084 3580 18 179 179
tree 2264 3560 22 0 179
tree 2248 3576 26 0 179
tree 2248 3560 25 0 179
tree 2552 3560 39 0 179
tree 2536 3576 26 0 179
tree 2568 3560 39 0 179
tree 2600 3576 22 0 179
tree 2904 3560 26 0 179
tree 2968 3576 21 0 179
tree 3128 3576 26 0 179
tree 152 3608 4 0 179
tree 246 3596 6 0 179
tree 264 3592 13 0 179
trop 354 3608 100 179 179
tree 488 3592 33 0 179
tree 584 3592 29 0 179
trop 666 3608 103 179 179
trop 738 3592 98 179 179
tree 904 3592 8 0 179
tree 952 3608 0 0 179
tree 1144 3608 21 0 179
tree 1208 3592 9 0 179
tree 1192 3608 21 0 179
tree 1192 3592 39 0 179
tree 1208 3608 30 0 179
trop 1402 3606 99 179 179
trop 1426 3590 98 179 179
tree 1566 3594 12 0 179
trop 2012 3612 18 179 179
trop 2004 3588 19 179 179
trop 2060 3604 18 179 179
tree 2376 3608 20 0 179
tree 2376 3592 26 0 179
tree 2536 3608 22 0 179
tree 2648 3592 24 0 179
tree 3064 3592 21 0 179
tree 3080 3608 22 0 179
tree 3080 3592 21 0 179
tree 3160 3608 24 0 179
tree 3176 3608 22 0 179
trop 3900 3588 124 179 179
tree 264 3624 16 0 179
tree 280 3624 12 0 179
tree 296 3624 28 0 179
cliff 366 3636 46 179 179
tree 504 3624 19 0 179
tree 520 3640 12 0 179
tree 616 3640 12 0 179
tree 648 3624 12 0 179
tree 792 3640 39 0 179
tree 776 3624 16 0 179
tree 790 3644 7 0 179
tree 840 3640 10 0 179
tree 936 3624 6 0 179
tree 1144 3624 0 0 179
tree 1160 3624 9 0 179
tree 1192 3624 4 0 179
tree 1208 3624 30 0 179
trop 1364 3628 15 179 179
trop 1442 3638 102 179 179
trop 1506 3622 99 179 179
stand 1646 3642 146 0 179
tree 1742 3642 8 0 179
tree 1864 3624 30 0 179
trop 2020 3628 18 179 179
lay 2120 3640 49 0 179
zabor 2128 3632 65 1 8
zabor 2160 3632 66 1 8
zabor 2192 3632 66 1 8
zabor 2224 3632 66 1 8
zabor 2256 3632 65 1 8
zabor 2288 3632 66 1 8
zabor 2320 3632 64 1 8
zabor 2352 3632 66 1 8
tree 2536 3624 21 0 179
tree 2584 3624 25 0 179
tree 2568 3640 26 0 179
tree 2824 3624 21 0 179
tree 2856 3640 24 0 179
tree 3064 3624 20 0 179
tree 3208 3624 39 0 179
tree 3240 3640 20 0 179
tree 3272 3624 22 0 179
tree 3304 3640 39 0 179
tree 312 3656 21 0 179
tree 296 3656 10 0 179
tree 406 3676 5 0 179
trop 506 3664 65 179 179
tree 648 3672 0 0 179
trop 706 3656 94 179 179
tree 808 3672 8 0 179
stand 854 3660 163 0 179
tree 872 3672 4 0 179
stand 886 3676 162 0 179
stand 870 3676 162 0 179
stand 902 3676 162 0 179
tree 1550 3658 16 0 179
tree 1582 3658 15 0 179
trop 1666 3678 65 179 179
tree 1742 3658 13 0 179
lay 2056 3656 49 0 179
trop 2092 3668 18 179 179
zabor 2128 3664 64 1 8
lay 2248 3656 49 0 179
tree 2360 3656 23 0 179
tree 2360 3672 21 0 179
tree 2536 3672 24 0 179
tree 2840 3656 20 0 179
tree 2840 3672 23 0 179
tree 2936 3656 24 0 179
tree 3000 3672 22 0 179
tree 3320 3672 25 0 179
tree 3384 3672 25 0 179
tree 3432 3672 20 0 179
trop 3860 3676 124 179 179
trop 3908 3660 124 179 179
lay 518 3708 4 0 179
trop 642 3696 103 179 179
trop 674 3696 103 179 179
tree 824 3688 23 0 179
tree 1144 3688 26 0 179
trop 2004 3692 102 179 179
trop 2004 3684 18 179 179
trop 2060 3684 18 179 179
zabor 2128 3696 64 1 8
lay 2152 3688 49 0 179
tree 2392 3704 39 0 179
tree 2376 3688 20 0 179
tree 2552 3688 22 0 179
tree 2712 3704 23 0 179
dom 2752 3680 210 0 179
tree 2824 3704 25 0 179
tree 3128 3704 39 0 179
tree 3112 3704 24 0 179
tree 3336 3688 21 0 179
tree 3448 3704 21 0 179
tree 3480 3704 22 0 179
tree 3464 3704 20 0 179
tree 3496 3704 26 0 179
trop 3908 3692 124 179 179
tree 184 3720 4 0 179
tree 376 3736 16 0 179
tree 392 3720 28 0 179
tree 440 3736 35 0 179
dom 494 3732 211 0 179
trop 546 3712 65 179 179
trop 586 3720 104 179 179
tree 664 3720 39 0 179
trop 778 3712 105 179 179
tree 856 3736 8 0 179
trop 850 3728 105 179 179
tree 1080 3720 13 0 179
tree 1064 3736 33 0 179
tree 1096 3720 35 0 179
trop 1506 3726 98 179 179
trop 1596 3716 15 179 179
tree 1784 3720 0 0 179
trop 2020 3740 18 179 179
trop 2044 3716 16 179 179
lay 2216 3736 49 0 179
dom 2240 3712 254 0 179
zabor 2384 3728 64 1 8
tree 2408 3720 25 0 179
tree 2856 3720 24 0 179
tree 2872 3736 22 0 179
tree 3048 3720 21 0 179
tree 3384 3720 26 0 179
tree 3400 3736 26 0 179
tree 3480 3736 24 0 179
tree 3512 3736 23 0 179
trop 3852 3724 124 179 179
trop 3924 3732 124 179 179
tree 184 3752 34 0 179
tree 200 3768 6 0 179
tree 376 3752 32 0 179
tree 440 3768 19 0 179
lay 502 3756 5 0 179
trop 594 3768 95 179 179
trop 578 3760 101 179 179
tree 696 3768 14 0 179
trop 690 3760 101 179 179
trop 682 3760 95 179 179
trop 842 3760 95 179 179
tree 920 3752 10 0 179
tree 1016 3768 16 0 179
trop 1018 3752 95 179 179
tree 1192 3768 34 0 179
tree 1208 3752 8 0 179
trop 1364 3748 15 179 179
tree 1630 3770 12 0 179
tree 1768 3768 30 0 179
tree 1896 3768 10 0 179
trop 1996 3756 18 179 179
lay 2136 3752 49 0 179
lay 2344 3768 49 0 179
zabor 2384 3760 66 1 8
tree 2424 3752 24 0 179
tree 2440 3752 23 0 179
tree 2648 3752 21 0 179
tree 2664 3752 23 0 179
tree 2712 3752 20 0 179
tree 2744 3752 39 0 179
tree 2952 3768 23 0 179
tree 3464 3752 25 0 179
tree 3464 3768 39 0 179
tree 3560 3752 22 0 179
tree 3608 3768 39 0 179
tree 3656 3768 21 0 179
tree 3672 3768 24 0 179
tree 3688 3752 23 0 179
tree 456 3800 15 0 179
tree 536 3800 23 0 179
trop 690 3776 101 179 179
tree 712 3784 39 0 179
trop 706 3800 100 179 179
tree 744 3784 20 0 179
stand 1014 3804 163 0 179
stand 998 3804 162 0 179
tree 1160 3800 19 0 179
dom 1312 3776 196 0 179
stand 1534 3786 165 0 179
trop 1506 3790 94 179 179
tree 1614 3786 10 0 179
tree 1662 3786 10 0 179
tree 1720 3784 8 0 179
trop 2060 3804 18 179 179
trop 2084 3780 18 179 179
lay 2264 3784 49 0 179
zabor 2384 3792 64 1 8
tree 2424 3800 20 0 179
tree 2616 3800 26 0 179
tree 2632 3784 22 0 179
tree 2760 3784 20 0 179
tree 2968 3784 21 0 179
tree 2952 3800 20 0 179
tree 3400 3800 21 0 179
tree 3672 3784 25 0 179
tree 472 3816 12 0 179
tree 504 3832 5 0 179
tree 536 3816 39 0 179
trop 698 3808 99 179 179
tree 824 3832 32 0 179
trop 826 3808 105 179 179
stand 998 3820 163 0 179
tree 1160 3816 40 0 179
tree 1208 3816 16 0 179
tree 1192 3832 35 0 179
trop 1468 3828 96 179 179
lay 2184 3832 49 0 179
stand 2184 3816 239 1 179
zabor 2384 3824 64 1 8
tree 2424 3832 25 0 179
tree 2424 3816 23 0 179
tree 2728 3832 25 0 179
tree 2856 3832 24 0 179
tree 2952 3832 23 0 179
tree 2952 3816 22 0 179
tree 3400 3816 39 0 179
tree 3400 3832 39 0 179
tree 3464 3816 24 0 179
tree 3544 3832 23 0 179
tree 3800 3816 20 0 179
tree 3816 3816 22 0 179
tree 664 3848 12 0 179
tree 648 3848 21 0 179
trop 666 3840 65 179 179
dom 782 3860 204 0 179
tree 824 3864 32 0 179
tree 840 3848 28 0 179
tree 904 3864 39 0 179
tree 1144 3864 11 0 179
tree 1128 3864 30 0 179
tree 1144 3848 7 0 179
tree 1160 3848 38 0 179
tree 1192 3864 10 0 179
tree 1640 3864 29 0 179
tree 1864 3864 24 0 179
tree 1864 3848 15 0 179
zabor 2128 3856 64 1 8
stand 2280 3864 240 1 179
lay 2344 3864 49 0 179
zabor 2384 3856 65 1 8
tree 2456 3864 25 0 179
tree 2440 3864 24 0 179
tree 2440 3848 24 0 179
tree 2808 3848 25 0 179
tree 2824 3864 24 0 179
tree 3048 3864 20 0 179
tree 3096 3848 20 0 179
tree 3080 3864 22 0 179
tree 3144 3864 24 0 179
tree 3160 3864 20 0 179
tree 3208 3864 22 0 179
tree 3384 3864 20 0 179
tree 3544 3864 24 0 179
tree 3528 3848 25 0 179
tree 3928 3864 20 0 179
lay 790 3900 6 0 179
trop 794 3872 65 179 179
tree 856 3880 24 0 179
tree 856 3896 15 0 179
tree 918 3900 12 0 179
tree 934 3900 7 0 179
tree 1224 3896 31 0 179
trop 1364 3884 15 179 179
trop 1476 3876 96 179 179
tree 1576 3896 27 0 179
tree 1864 3880 18 0 179
tree 1912 3896 18 0 179
trop 2012 3884 18 179 179
trop 2044 3876 16 179 179
trop 2068 3876 18 179 179
trop 2084 3900 18 179 179
zabor 2128 3888 66 1 8
lay 2232 3880 49 0 179
lay 2392 3896 49 0 179
zabor 2384 3888 64 1 8
tree 2488 3896 23 0 179
tree 2504 3896 23 0 179
tree 2552 3896 23 0 179
tree 2536 3880 25 0 179
tree 2568 3896 39 0 179
tree 2776 3896 26 0 179
tree 2808 3880 22 0 179
tree 2872 3880 26 0 179
tree 2936 3880 24 0 179
tree 3224 3880 26 0 179
tree 3352 3880 21 0 179
tree 3368 3880 39 0 179
tree 3416 3880 39 0 179
tree 3496 3880 22 0 179
tree 3528 3896 21 0 179
tree 3544 3896 21 0 179
tree 3752 3896 39 0 179
tree 3800 3896 25 0 179
tree 3784 3896 39 0 179
tree 3832 3880 26 0 179
tree 3864 3896 26 0 179
tree 3880 3880 22 0 179
tree 3912 3896 39 0 179
tree 280 3928 32 0 179
tree 568 3912 11 0 179
tree 646 3932 5 0 179
tree 646 3916 15 0 179
tree 918 3916 10 0 179
tree 1048 3928 4 0 179
tree 1080 3928 16 0 179
tree 1256 3912 16 0 179
tree 1576 3912 21 0 179
lay 2168 3912 49 0 179
lay 2296 3928 49 0 179
zabor 2384 3920 64 1 8
tree 2504 3912 26 0 179
tree 2584 3928 26 0 179
tree 2584 3912 26 0 179
tree 2568 3928 26 0 179
tree 2600 3928 23 0 179
tree 3192 3912 24 0 179
tree 3304 3912 23 0 179
tree 3928 3912 20 0 179
tree 3944 3912 26 0 179
tree 280 3944 25 0 179
tree 312 3944 33 0 179
zabor 2384 3952 65 1 8
tree 2600 3944 39 0 179
trop 2044 4020 16 179 179
