lay 3672 8 51 0 179
lay 3720 24 51 0 179
tree 3720 24 27 0 179
lay 3752 8 51 0 179
tree 3784 24 15 0 179
tree 232 40 13 0 179
tree 280 40 34 0 179
tree 552 40 10 0 179
tree 2152 40 22 0 179
tree 2216 40 9 0 179
trop 2324 60 195 179 179
tree 2504 56 8 0 179
trop 3524 52 96 179 179
tree 3640 40 34 0 179
tree 3720 56 19 0 179
tree 3752 40 8 0 179
tree 3768 40 25 0 179
lay 3800 56 51 0 179
tree 3784 40 22 0 179
lay 184 72 51 0 179
lay 232 88 51 0 179
tree 232 88 27 0 179
lay 264 72 51 0 179
tree 280 72 26 0 179
tree 296 88 15 0 179
tree 584 72 11 0 179
tree 872 88 24 0 179
tree 2200 72 15 0 179
trop 2404 76 36 179 179
tree 2504 88 4 0 179
tree 2504 72 4 0 179
trop 2644 92 195 179 179
trop 3436 68 195 179 179
tree 3704 72 1 0 179
tree 3736 88 27 0 179
tree 3768 88 9 0 179
tree 3784 88 25 0 179
tree 3800 72 23 0 179
tree 3784 72 25 0 179
trop 3964 92 96 179 179
tree 152 104 34 0 179
tree 216 120 17 0 179
tree 232 120 19 0 179
tree 264 104 8 0 179
lay 312 120 51 0 179
tree 392 104 9 0 179
tree 600 104 24 0 179
trop 748 124 200 179 179
trop 788 124 200 179 179
tree 1080 120 27 0 179
tree 1096 104 7 0 179
tree 1128 120 19 0 179
tree 2120 120 5 0 179
trop 2316 100 195 179 179
tree 2488 120 9 0 179
tree 3480 120 23 0 179
tree 3480 104 24 0 179
tree 3464 104 24 0 179
tree 3640 104 18 0 179
tree 3656 104 27 0 179
tree 3672 104 4 0 179
lay 3704 120 51 0 179
tree 3704 120 19 0 179
tree 3688 104 5 0 179
lay 3752 104 51 0 179
tree 3768 120 23 0 179
tree 4056 104 25 0 179
tree 184 136 22 0 179
tree 216 136 1 0 179
tree 248 152 27 0 179
tree 280 152 9 0 179
tree 264 152 24 0 179
tree 296 152 25 0 179
tree 392 136 12 0 179
tree 616 136 18 0 179
tree 1944 152 10 0 179
trop 2580 156 207 179 179
trop 3588 156 98 179 179
tree 3656 152 25 0 179
tree 3704 136 8 0 179
tree 3688 152 4 0 179
tree 3736 152 17 0 179
lay 3800 152 51 0 179
tree 152 168 18 0 179
tree 168 168 27 0 179
lay 216 184 51 0 179
lay 264 168 51 0 179
tree 280 184 23 0 179
tree 440 184 20 0 179
tree 424 184 20 0 179
dom 832 160 8 0 179
tree 1528 168 8 0 179
tree 1544 184 17 0 179
tree 1608 168 6 0 179
tree 2504 184 7 0 179
tree 2504 168 4 0 179
tree 3640 184 18 0 179
lay 3688 184 51 0 179
tree 3688 168 17 0 179
tree 3688 184 8 0 179
tree 3768 168 34 0 179
trop 3986 188 94 179 179
tree 168 216 25 0 179
tree 216 200 8 0 179
tree 200 216 4 0 179
tree 216 216 4 0 179
tree 248 216 17 0 179
tree 264 216 22 0 179
lay 312 216 51 0 179
tree 1336 216 35 0 179
tree 1464 200 4 0 179
tree 1480 216 7 0 179
tree 1560 200 11 0 179
trop 2308 204 195 179 179
trop 2404 220 30 179 179
tree 3688 200 22 0 179
tree 3784 200 8 0 179
tree 3894 208 15 0 179
tree 3926 208 12 0 179
tree 152 248 18 0 179
tree 168 232 25 0 179
lay 200 248 51 0 179
tree 200 232 17 0 179
tree 216 232 0 0 179
tree 280 232 34 0 179
stand 792 248 253 0 179
stand 824 248 253 0 179
stand 856 248 253 0 179
stand 888 248 253 0 179
stand 920 248 253 0 179
tree 1064 248 6 0 179
tree 1336 232 21 0 179
tree 2136 248 24 0 179
tree 2232 248 23 0 179
tree 2488 232 19 0 179
tree 3862 240 10 0 179
tree 3894 224 10 0 179
tree 3910 224 5 0 179
trop 4042 236 100 179 179
tree 200 264 22 0 179
tree 296 264 8 0 179
stand 792 280 253 0 179
stand 824 280 253 0 179
trop 828 260 200 179 179
stand 856 280 253 0 179
stand 888 280 253 0 179
stand 920 280 253 0 179
tree 1896 264 7 0 179
tree 1912 264 18 0 179
tree 2136 264 9 0 179
tree 2248 280 19 0 179
tree 2488 280 4 0 179
trop 2588 260 207 179 179
tree 3528 264 4 0 179
trop 3676 276 105 179 179
tree 3814 272 9 0 179
tree 3830 272 7 0 179
tree 3862 256 15 0 179
lay 3846 272 6 0 179
tree 3846 272 16 0 179
trop 3954 276 103 179 179
trop 3986 284 94 179 179
trop 4026 268 99 179 179
tree 4056 280 25 0 179
lay 184 296 51 0 179
tree 168 296 8 0 179
tree 216 312 10 0 179
lay 232 312 51 0 179
tree 232 312 27 0 179
lay 264 296 51 0 179
tree 296 312 15 0 179
dom 704 288 7 0 179
stand 792 312 253 0 179
stand 824 312 253 0 179
stand 856 312 253 0 179
stand 888 312 253 0 179
stand 920 312 253 0 179
dom 992 288 5 0 179
tree 1640 296 16 0 179
tree 2104 296 27 0 179
tree 2088 296 0 0 179
tree 2088 312 19 0 179
trop 2324 308 195 179 179
tree 2488 296 5 0 179
trop 3762 308 101 179 179
trop 3882 316 104 179 179
tree 4056 296 24 0 179
tree 152 328 34 0 179
tree 232 344 19 0 179
tree 248 328 16 0 179
tree 264 328 8 0 179
lay 312 344 51 0 179
stand 840 344 253 0 179
stand 872 344 253 0 179
tree 1848 328 19 0 179
tree 2024 344 13 0 179
tree 2104 328 25 0 179
tree 2520 344 19 0 179
trop 3850 340 101 179 179
trop 3922 324 104 179 179
lay 3926 336 3 0 179
tree 4040 344 25 0 179
tree 4056 344 26 0 179
tree 216 360 1 0 179
tree 248 376 27 0 179
tree 280 376 9 0 179
tree 296 376 25 0 179
tree 520 360 18 0 179
tree 632 376 23 0 179
trop 940 364 200 179 179
tree 1752 376 27 0 179
tree 1976 376 35 0 179
tree 2008 376 9 0 179
tree 2136 360 21 0 179
tree 2184 376 20 0 179
trop 2404 380 30 179 179
trop 2596 364 195 179 179
tree 3560 360 18 0 179
tree 4040 376 20 0 179
tree 4040 360 20 0 179
tree 4056 360 26 0 179
tree 152 392 18 0 179
tree 168 392 27 0 179
lay 216 408 51 0 179
lay 264 392 51 0 179
tree 280 408 23 0 179
tree 472 392 11 0 179
tree 1256 408 4 0 179
tree 1576 408 24 0 179
tree 1608 392 23 0 179
tree 2008 408 22 0 179
tree 2024 392 5 0 179
tree 2184 408 21 0 179
trop 2316 412 195 179 179
trop 2628 412 195 179 179
tree 3640 408 5 0 179
tree 3830 400 7 0 179
tree 4024 408 25 0 179
tree 168 440 25 0 179
tree 216 424 8 0 179
tree 200 440 4 0 179
tree 248 440 17 0 179
lay 312 440 51 0 179
tree 424 424 9 0 179
tree 472 424 35 0 179
tree 472 440 20 0 179
tree 1560 424 6 0 179
tree 2184 424 26 0 179
trop 3316 420 195 179 179
trop 3388 436 195 179 179
tree 3544 440 18 0 179
tree 3862 416 15 0 179
tree 4024 440 24 0 179
tree 4008 424 25 0 179
tree 4056 440 25 0 179
tree 152 472 18 0 179
tree 168 456 13 0 179
lay 200 472 51 0 179
tree 200 456 17 0 179
tree 280 456 34 0 179
tree 296 472 34 0 179
tree 328 456 24 0 179
dom 864 448 0 0 179
tree 2200 456 12 0 179
tree 2200 472 24 0 179
trop 2412 460 195 179 179
tree 2520 456 19 0 179
trop 3436 468 195 179 179
tree 4056 456 22 0 179
lay 184 488 51 0 179
tree 200 488 22 0 179
lay 232 504 51 0 179
tree 232 504 27 0 179
lay 264 488 51 0 179
tree 296 504 15 0 179
tree 296 488 8 0 179
tree 360 488 34 0 179
tree 376 504 23 0 179
tree 392 488 0 0 179
tree 440 488 6 0 179
tree 504 488 27 0 179
tree 808 488 27 0 179
tree 808 504 6 0 179
tree 1848 488 19 0 179
tree 2232 504 17 0 179
trop 2348 484 195 179 179
tree 3800 504 19 0 179
tree 3910 480 8 0 179
trop 3962 508 102 179 179
tree 152 520 34 0 179
tree 232 536 19 0 179
tree 248 536 7 0 179
tree 264 520 8 0 179
lay 312 536 51 0 179
tree 328 536 22 0 179
tree 456 536 19 0 179
tree 552 520 26 0 179
tree 1688 536 26 0 179
tree 2248 520 10 0 179
trop 2404 532 30 179 179
dom 2560 512 5 0 179
trop 2980 532 195 179 179
trop 3324 532 195 179 179
trop 3452 524 195 179 179
tree 3736 536 18 0 179
tree 3768 520 4 0 179
tree 3864 536 21 0 179
tree 3848 536 22 0 179
tree 3848 520 24 0 179
trop 3994 532 94 179 179
tree 136 568 15 0 179
tree 216 552 1 0 179
tree 216 568 20 0 179
tree 248 568 27 0 179
tree 280 568 9 0 179
tree 296 568 25 0 179
tree 408 552 18 0 179
tree 1736 552 0 0 179
tree 1752 568 5 0 179
tree 2008 568 7 0 179
tree 2232 568 27 0 179
trop 2908 564 195 179 179
tree 3880 552 21 0 179
tree 3912 568 23 0 179
tree 152 584 18 0 179
tree 136 600 8 0 179
tree 168 584 27 0 179
lay 216 600 51 0 179
tree 248 600 19 0 179
lay 264 584 51 0 179
tree 280 600 23 0 179
tree 392 584 18 0 179
tree 408 600 34 0 179
tree 472 584 34 0 179
tree 456 584 24 0 179
tree 520 584 8 0 179
tree 984 584 24 0 179
tree 1416 584 6 0 179
tree 1816 584 13 0 179
tree 2184 600 10 0 179
tree 2216 600 0 0 179
tree 2520 600 27 0 179
trop 2972 604 195 179 179
trop 3364 596 195 179 179
tree 3560 600 8 0 179
tree 3688 600 18 0 179
tree 3688 584 5 0 179
tree 168 632 25 0 179
tree 216 616 8 0 179
tree 200 632 4 0 179
tree 200 616 6 0 179
tree 248 632 17 0 179
lay 312 632 51 0 179
tree 296 616 17 0 179
tree 328 632 19 0 179
tree 440 616 6 0 179
tree 424 616 4 0 179
tree 488 632 11 0 179
tree 664 616 23 0 179
tree 648 616 25 0 179
tree 1176 616 35 0 179
tree 2152 632 22 0 179
tree 2168 616 13 0 179
tree 2216 616 6 0 179
dom 3264 608 6 0 179
trop 3420 620 195 179 179
tree 3704 632 9 0 179
tree 152 664 18 0 179
tree 184 664 34 0 179
lay 200 664 51 0 179
tree 200 648 17 0 179
tree 280 648 34 0 179
tree 552 664 10 0 179
tree 584 664 22 0 179
tree 616 648 17 0 179
tree 2040 648 26 0 179
tree 2232 664 21 0 179
tree 3176 664 18 0 179
tree 200 680 22 0 179
tree 216 696 22 0 179
tree 296 680 8 0 179
tree 584 696 27 0 179
tree 680 696 17 0 179
tree 1432 680 11 0 179
tree 1640 680 24 0 179
trop 2404 692 30 179 179
tree 2504 680 27 0 179
tree 2888 696 5 0 179
tree 3016 680 19 0 179
tree 3064 696 4 0 179
tree 3064 680 18 0 179
tree 3144 680 8 0 179
tree 3192 680 6 0 179
dom 3872 672 7 0 179
trop 3988 692 94 179 179
tree 136 728 12 0 179
lay 184 712 51 0 179
tree 168 712 16 0 179
lay 232 728 51 0 179
tree 232 728 27 0 179
lay 264 712 51 0 179
tree 280 712 16 0 179
tree 296 728 15 0 179
tree 312 728 20 0 179
tree 328 728 24 0 179
tree 504 712 5 0 179
tree 568 712 5 0 179
tree 568 728 12 0 179
tree 648 712 23 0 179
tree 1544 712 12 0 179
tree 1672 712 19 0 179
tree 1672 728 17 0 179
tree 2200 728 9 0 179
tree 2536 728 8 0 179
tree 2616 728 7 0 179
tree 2904 728 5 0 179
tree 2888 712 9 0 179
tree 3016 728 8 0 179
tree 3256 712 9 0 179
tree 3416 712 4 0 179
tree 3496 728 19 0 179
tree 3656 728 9 0 179
tree 3768 712 25 0 179
tree 3752 712 22 0 179
tree 152 744 34 0 179
tree 136 744 25 0 179
tree 232 760 19 0 179
tree 264 744 8 0 179
lay 312 760 51 0 179
tree 328 744 34 0 179
tree 392 744 0 0 179
tree 872 760 13 0 179
tree 888 760 24 0 179
tree 2184 760 34 0 179
tree 2728 744 6 0 179
tree 2792 760 5 0 179
tree 2984 744 6 0 179
tree 3304 760 5 0 179
tree 216 776 1 0 179
tree 200 792 8 0 179
tree 248 792 27 0 179
tree 280 792 9 0 179
tree 296 792 25 0 179
tree 360 792 26 0 179
tree 424 776 5 0 179
tree 424 792 24 0 179
tree 664 792 6 0 179
tree 936 792 4 0 179
tree 984 776 12 0 179
tree 1848 776 15 0 179
tree 1848 792 4 0 179
tree 1976 776 4 0 179
tree 1992 776 22 0 179
trop 2276 796 195 179 179
tree 2680 776 9 0 179
tree 2712 792 6 0 179
tree 2904 792 5 0 179
tree 3384 792 9 0 179
tree 3640 792 4 0 179
trop 3964 772 96 179 179
tree 152 808 18 0 179
tree 168 808 27 0 179
lay 216 824 51 0 179
tree 216 824 26 0 179
lay 264 808 51 0 179
tree 280 824 23 0 179
tree 280 808 18 0 179
tree 360 824 18 0 179
tree 376 808 19 0 179
tree 488 824 22 0 179
tree 584 824 25 0 179
tree 904 808 18 0 179
tree 1400 824 18 0 179
tree 1848 808 12 0 179
tree 2040 808 20 0 179
tree 2536 824 7 0 179
tree 2744 808 18 0 179
tree 2872 824 18 0 179
tree 3832 824 24 0 179
tree 3896 808 21 0 179
trop 3956 804 96 179 179
tree 168 856 25 0 179
tree 216 840 8 0 179
tree 200 856 4 0 179
tree 248 856 17 0 179
lay 312 856 51 0 179
tree 440 856 17 0 179
tree 440 840 21 0 179
tree 488 856 18 0 179
trop 2404 852 30 179 179
tree 2520 856 7 0 179
tree 2744 856 20 0 179
tree 2760 856 20 0 179
tree 2872 840 6 0 179
tree 3128 856 23 0 179
tree 3128 840 20 0 179
tree 3784 856 27 0 179
tree 3880 856 24 0 179
tree 152 888 18 0 179
tree 184 888 8 0 179
lay 200 888 51 0 179
tree 200 872 17 0 179
tree 232 872 0 0 179
tree 280 872 34 0 179
tree 424 872 16 0 179
tree 472 872 5 0 179
tree 456 872 25 0 179
tree 456 888 13 0 179
tree 472 888 27 0 179
tree 504 872 27 0 179
tree 1752 888 7 0 179
tree 2056 888 18 0 179
tree 2152 888 35 0 179
tree 2552 888 19 0 179
tree 3464 872 8 0 179
tree 3784 872 8 0 179
tree 3880 872 20 0 179
trop 3956 868 96 179 179
tree 168 904 16 0 179
tree 200 904 22 0 179
tree 280 904 21 0 179
tree 296 904 8 0 179
tree 376 920 10 0 179
tree 392 904 16 0 179
tree 488 904 26 0 179
tree 552 920 27 0 179
tree 1256 904 17 0 179
tree 1752 904 12 0 179
tree 2168 904 12 0 179
tree 3176 904 23 0 179
tree 3304 904 16 0 179
tree 3448 904 27 0 179
lay 216 936 51 0 179
tree 232 952 9 0 179
lay 264 952 51 0 179
tree 264 952 27 0 179
tree 280 952 10 0 179
lay 296 936 51 0 179
tree 296 952 27 0 179
tree 328 952 15 0 179
tree 1080 936 18 0 179
tree 1720 936 6 0 179
tree 1896 936 9 0 179
tree 1912 936 24 0 179
tree 2136 936 27 0 179
trop 2444 932 195 179 179
tree 3272 952 10 0 179
tree 3288 952 9 0 179
tree 4040 952 11 0 179
tree 184 968 34 0 179
tree 264 984 19 0 179
tree 296 968 8 0 179
lay 344 984 51 0 179
tree 504 968 35 0 179
tree 744 968 24 0 179
tree 2104 968 22 0 179
tree 2088 968 25 0 179
tree 2136 984 13 0 179
tree 2152 984 9 0 179
tree 2168 984 13 0 179
tree 2584 984 5 0 179
tree 3272 968 13 0 179
tree 3304 984 10 0 179
tree 3704 984 8 0 179
tree 3832 984 19 0 179
tree 3816 984 27 0 179
tree 3896 984 5 0 179
trop 3948 980 96 179 179
tree 168 1016 11 0 179
tree 248 1000 1 0 179
tree 280 1016 27 0 179
tree 312 1016 9 0 179
tree 328 1016 25 0 179
tree 616 1016 27 0 179
tree 696 1016 12 0 179
tree 2024 1016 12 0 179
tree 2040 1016 10 0 179
tree 2056 1000 34 0 179
tree 2200 1000 35 0 179
tree 2200 1016 17 0 179
tree 2232 1016 4 0 179
tree 2216 1016 15 0 179
tree 2248 1016 4 0 179
trop 2404 1004 30 179 179
lay 2728 1016 33 0 179
tree 3064 1000 12 0 179
tree 3320 1000 11 0 179
tree 3416 1000 7 0 179
tree 3432 1000 12 0 179
tree 3448 1016 13 0 179
tree 3752 1016 4 0 179
tree 3784 1016 9 0 179
tree 4040 1016 16 0 179
tree 184 1032 18 0 179
tree 200 1032 27 0 179
lay 248 1048 51 0 179
tree 248 1048 16 0 179
lay 296 1032 51 0 179
tree 312 1048 23 0 179
tree 536 1032 26 0 179
tree 520 1032 12 0 179
tree 536 1048 15 0 179
tree 584 1048 27 0 179
tree 632 1032 4 0 179
tree 1080 1032 13 0 179
tree 1768 1048 26 0 179
tree 1784 1032 25 0 179
tree 2120 1032 5 0 179
tree 2184 1048 21 0 179
lay 2744 1048 45 0 179
tree 2744 1048 12 0 179
tree 2792 1032 15 0 179
tree 3032 1048 6 0 179
tree 3048 1032 4 0 179
tree 3064 1032 9 0 179
tree 3128 1032 9 0 179
tree 3112 1048 16 0 179
tree 3480 1048 6 0 179
tree 3768 1032 19 0 179
trop 3956 1036 96 179 179
tree 4040 1032 10 0 179
tree 168 1064 15 0 179
tree 200 1080 25 0 179
tree 216 1080 7 0 179
tree 248 1064 8 0 179
tree 232 1080 4 0 179
tree 280 1080 17 0 179
tree 296 1080 20 0 179
lay 344 1080 51 0 179
tree 584 1080 18 0 179
tree 680 1064 24 0 179
tree 744 1064 4 0 179
tree 1096 1064 35 0 179
tree 1272 1080 23 0 179
tree 1288 1080 34 0 179
tree 1336 1064 22 0 179
tree 1560 1080 5 0 179
tree 1720 1080 34 0 179
tree 1736 1064 5 0 179
tree 2104 1080 11 0 179
tree 2088 1080 21 0 179
tree 2168 1064 18 0 179
tree 2152 1080 24 0 179
tree 2216 1064 9 0 179
tree 2552 1080 18 0 179
lay 2632 1080 39 0 179
lay 2632 1064 44 0 179
tree 3000 1064 7 0 179
tree 3016 1064 12 0 179
tree 3096 1080 13 0 179
tree 3448 1080 16 0 179
tree 3480 1064 13 0 179
tree 3656 1064 4 0 179
tree 184 1112 18 0 179
lay 232 1112 51 0 179
tree 232 1096 17 0 179
tree 248 1112 13 0 179
tree 312 1096 34 0 179
tree 456 1112 18 0 179
tree 536 1096 26 0 179
tree 664 1112 22 0 179
tree 1192 1096 18 0 179
tree 1240 1096 16 0 179
tree 1720 1096 12 0 179
tree 1944 1096 8 0 179
tree 2104 1112 26 0 179
lay 2680 1096 33 0 179
tree 3112 1112 13 0 179
tree 3448 1096 16 0 179
tree 3672 1096 11 0 179
tree 4024 1112 12 0 179
tree 232 1128 22 0 179
tree 328 1128 8 0 179
tree 440 1144 5 0 179
tree 536 1128 19 0 179
tree 568 1144 8 0 179
tree 616 1128 19 0 179
tree 664 1144 24 0 179
tree 1016 1144 9 0 179
tree 1560 1128 21 0 179
tree 2008 1128 24 0 179
tree 2264 1128 6 0 179
tree 2776 1144 26 0 179
tree 2840 1128 35 0 179
tree 3128 1128 9 0 179
tree 3112 1144 11 0 179
tree 3336 1128 12 0 179
tree 3688 1144 16 0 179
tree 3864 1128 9 0 179
tree 4024 1128 15 0 179
tree 1752 1160 24 0 179
tree 2200 1160 26 0 179
trop 2404 1164 30 179 179
lay 2600 1160 38 0 179
tree 2616 1160 7 0 179
tree 2632 1176 19 0 179
tree 3048 1176 12 0 179
tree 3096 1160 9 0 179
tree 3272 1176 5 0 179
tree 3480 1160 13 0 179
tree 3480 1176 15 0 179
tree 3496 1176 7 0 179
tree 3528 1176 6 0 179
tree 3544 1176 12 0 179
tree 3560 1176 15 0 179
tree 3640 1176 8 0 179
tree 3704 1160 12 0 179
tree 3688 1176 13 0 179
tree 3704 1176 16 0 179
tree 3736 1160 15 0 179
tree 3736 1176 15 0 179
tree 3752 1176 12 0 179
tree 3800 1160 7 0 179
tree 3816 1160 7 0 179
tree 3848 1176 4 0 179
trop 3956 1164 96 179 179
tree 184 1192 11 0 179
tree 264 1208 19 0 179
tree 424 1208 35 0 179
tree 440 1208 15 0 179
tree 552 1208 9 0 179
tree 584 1192 8 0 179
tree 680 1208 21 0 179
tree 1064 1208 35 0 179
tree 1736 1192 12 0 179
tree 1944 1208 24 0 179
tree 1928 1208 12 0 179
tree 2008 1192 11 0 179
tree 2056 1192 34 0 179
tree 2104 1192 0 0 179
lay 2296 1208 40 0 179
lay 2328 1192 45 0 179
tree 3064 1208 9 0 179
tree 3048 1208 9 0 179
tree 3048 1192 10 0 179
tree 3416 1208 9 0 179
tree 3544 1192 10 0 179
tree 3624 1192 6 0 179
lay 3768 1208 44 0 179
lay 3864 1208 40 0 179
trop 3988 1196 94 179 179
tree 168 1224 11 0 179
tree 200 1240 6 0 179
tree 1080 1240 17 0 179
tree 1912 1224 11 0 179
tree 1912 1240 18 0 179
tree 1928 1224 9 0 179
tree 2024 1224 8 0 179
tree 2136 1240 11 0 179
tree 2152 1240 7 0 179
lay 2296 1224 33 0 179
lay 2296 1240 43 0 179
lay 2328 1224 40 0 179
tree 2616 1224 4 0 179
tree 2856 1224 26 0 179
tree 3304 1224 9 0 179
lay 3704 1224 43 0 179
lay 3736 1240 32 0 179
lay 3784 1240 40 0 179
trop 3956 1220 96 179 179
tree 152 1256 6 0 179
tree 440 1272 0 0 179
tree 616 1256 0 0 179
tree 952 1256 20 0 179
tree 936 1272 13 0 179
tree 1400 1256 4 0 179
trop 1604 1260 200 179 179
tree 1752 1256 24 0 179
tree 1880 1272 22 0 179
lay 2280 1256 32 0 179
lay 2472 1272 44 0 179
tree 2568 1256 4 0 179
tree 2584 1256 19 0 179
tree 2600 1272 27 0 179
tree 2648 1256 27 0 179
tree 2840 1256 24 0 179
tree 2840 1272 24 0 179
tree 3064 1272 26 0 179
tree 3080 1256 21 0 179
tree 216 1288 27 0 179
tree 552 1288 18 0 179
tree 760 1304 6 0 179
tree 920 1288 27 0 179
tree 1208 1288 21 0 179
tree 1224 1304 8 0 179
tree 1464 1288 24 0 179
tree 1448 1288 22 0 179
tree 1848 1304 25 0 179
lay 2280 1304 39 0 179
lay 2456 1304 40 0 179
tree 2552 1288 5 0 179
tree 2584 1304 5 0 179
tree 2616 1304 27 0 179
tree 2664 1288 5 0 179
tree 2840 1304 26 0 179
tree 2824 1304 25 0 179
tree 3464 1304 10 0 179
dom 3616 1280 15 0 179
trop 3640 1294 147 179 179
trop 3756 1284 33 179 179
trop 3828 1284 33 179 179
tree 488 1336 34 0 179
tree 536 1320 24 0 179
tree 1256 1320 22 0 179
tree 1432 1320 27 0 179
tree 1880 1320 0 0 179
tree 1896 1336 21 0 179
tree 1912 1320 24 0 179
lay 2296 1320 43 0 179
trop 2404 1316 30 179 179
lay 2472 1336 41 0 179
tree 2584 1320 5 0 179
tree 2888 1320 20 0 179
tree 2952 1320 20 0 179
tree 3048 1320 21 0 179
tree 3224 1336 9 0 179
tree 3448 1320 10 0 179
tree 3448 1336 4 0 179
trop 3764 1340 32 179 179
trop 3812 1332 32 179 179
trop 3868 1340 33 179 179
tree 3884 1322 7 0 179
tree 4056 1336 13 0 179
tree 152 1368 27 0 179
tree 232 1352 0 0 179
tree 520 1352 0 0 179
lay 2296 1352 41 0 179
trop 2300 1348 195 179 179
lay 2456 1368 40 0 179
lay 2488 1352 29 0 179
trop 2468 1348 195 179 179
lay 2520 1352 33 0 179
lay 2520 1368 33 0 179
tree 3432 1368 16 0 179
trop 3648 1358 65 179 179
trop 3892 1348 32 179 179
tree 3884 1370 4 0 179
tree 4040 1352 4 0 179
tree 200 1384 17 0 179
tree 216 1384 19 0 179
tree 328 1400 7 0 179
tree 1512 1384 9 0 179
tree 1736 1400 27 0 179
lay 2456 1400 44 0 179
trop 2476 1388 195 179 179
lay 2504 1400 32 0 179
tree 3432 1400 7 0 179
tree 3448 1400 6 0 179
lay 3544 1400 33 0 179
trop 3736 1382 65 179 179
tree 3884 1386 9 0 179
tree 248 1416 21 0 179
tree 1928 1416 21 0 179
tree 1944 1416 5 0 179
tree 1928 1432 0 0 179
tree 1960 1416 20 0 179
lay 2488 1416 30 0 179
tree 2872 1432 20 0 179
lay 3544 1416 38 0 179
trop 3680 1430 14 179 179
stand 3772 1434 147 0 179
trop 3872 1430 65 179 179
trop 3988 1428 94 179 179
tree 184 1464 16 0 179
tree 344 1448 4 0 179
tree 1752 1448 22 0 179
tree 1912 1448 6 0 179
tree 2264 1464 26 0 179
tree 2248 1464 9 0 179
lay 2456 1464 40 0 179
trop 2460 1452 195 179 179
tree 2600 1464 27 0 179
tree 2632 1464 19 0 179
lay 3544 1448 43 0 179
trop 3656 1454 98 179 179
trop 3760 1470 14 179 179
trop 3856 1462 65 179 179
tree 232 1496 10 0 179
tree 1080 1480 25 0 179
tree 1432 1496 17 0 179
tree 1512 1480 11 0 179
tree 1720 1480 23 0 179
tree 2264 1496 12 0 179
tree 2248 1480 8 0 179
trop 2404 1476 30 179 179
tree 2600 1480 18 0 179
tree 2616 1496 5 0 179
tree 2632 1480 8 0 179
tree 2696 1480 18 0 179
tree 3208 1496 16 0 179
trop 3956 1492 96 179 179
tree 216 1512 12 0 179
tree 360 1512 34 0 179
tree 392 1528 7 0 179
tree 1160 1528 26 0 179
tree 2232 1528 8 0 179
tree 2232 1512 34 0 179
tree 2248 1528 12 0 179
tree 2616 1512 7 0 179
tree 3160 1512 7 0 179
tree 3144 1528 4 0 179
tree 3208 1528 7 0 179
lay 3544 1512 46 0 179
tree 3544 1528 7 0 179
tree 3528 1528 6 0 179
lay 3608 1528 44 0 179
lay 3752 1528 38 0 179
lay 3832 1528 46 0 179
trop 3956 1532 103 179 179
trop 3964 1524 96 179 179
tree 200 1544 18 0 179
tree 856 1560 12 0 179
tree 952 1544 21 0 179
tree 968 1560 13 0 179
tree 1064 1544 20 0 179
tree 1320 1560 18 0 179
tree 2232 1560 17 0 179
tree 2504 1544 0 0 179
tree 2520 1560 9 0 179
lay 3096 1560 30 0 179
tree 3128 1544 4 0 179
tree 3208 1544 15 0 179
tree 3208 1560 9 0 179
tree 3336 1560 4 0 179
tree 3512 1544 11 0 179
tree 3512 1560 15 0 179
tree 3528 1544 10 0 179
lay 3640 1560 31 0 179
lay 3624 1560 30 0 179
lay 3800 1544 32 0 179
lay 3816 1560 33 0 179
tree 344 1592 16 0 179
tree 392 1576 24 0 179
tree 808 1592 15 0 179
tree 888 1592 5 0 179
tree 904 1592 20 0 179
tree 1432 1592 16 0 179
tree 1592 1592 27 0 179
tree 2120 1576 16 0 179
tree 2216 1592 12 0 179
tree 2504 1576 5 0 179
tree 2968 1592 13 0 179
lay 3128 1592 32 0 179
tree 3352 1576 11 0 179
tree 3336 1576 16 0 179
tree 3336 1592 4 0 179
tree 3432 1592 20 0 179
tree 3528 1592 10 0 179
trop 3776 1598 105 179 179
trop 3884 1596 104 179 179
trop 3988 1580 202 179 179
trop 4028 1588 98 179 179
tree 1528 1608 9 0 179
tree 1880 1624 25 0 179
tree 1880 1608 23 0 179
tree 1896 1608 6 0 179
tree 2200 1608 7 0 179
trop 2404 1628 30 179 179
tree 2952 1608 4 0 179
lay 3128 1624 41 0 179
tree 3192 1624 6 0 179
tree 3336 1608 7 0 179
tree 3528 1608 11 0 179
lay 3720 1624 30 0 179
tree 120 1640 13 0 179
tree 136 1640 9 0 179
tree 200 1656 15 0 179
tree 280 1656 13 0 179
tree 328 1656 7 0 179
tree 792 1656 22 0 179
tree 840 1640 22 0 179
tree 1144 1656 22 0 179
tree 1128 1656 7 0 179
tree 1720 1656 25 0 179
trop 1748 1660 200 179 179
tree 2136 1656 21 0 179
tree 2264 1640 7 0 179
tree 2600 1656 19 0 179
trop 3188 1660 207 179 179
tree 3320 1640 16 0 179
trop 3356 1660 207 179 179
tree 3544 1640 12 0 179
tree 3544 1656 12 0 179
tree 3608 1656 12 0 179
tree 3624 1656 10 0 179
tree 792 1688 4 0 179
tree 1544 1672 9 0 179
tree 2056 1688 18 0 179
tree 2184 1688 19 0 179
tree 2200 1688 11 0 179
tree 2584 1672 8 0 179
tree 2616 1672 7 0 179
tree 2776 1688 21 0 179
tree 2760 1688 23 0 179
tree 2760 1672 24 0 179
tree 3560 1672 15 0 179
tree 3576 1688 11 0 179
tree 3624 1672 7 0 179
tree 3736 1688 11 0 179
dom 3872 1664 0 0 179
tree 152 1704 35 0 179
tree 248 1720 35 0 179
tree 520 1720 0 0 179
tree 872 1704 21 0 179
tree 1208 1720 35 0 179
tree 1400 1704 20 0 179
tree 1448 1720 21 0 179
trop 1812 1700 200 179 179
tree 1976 1720 11 0 179
tree 2152 1704 11 0 179
tree 2232 1704 9 0 179
tree 2520 1704 11 0 179
tree 2536 1720 0 0 179
tree 3032 1704 9 0 179
trop 3516 1716 207 179 179
tree 3608 1720 6 0 179
lay 3736 1720 33 0 179
lay 3784 1720 29 0 179
tree 3960 1720 9 0 179
tree 3944 1720 6 0 179
tree 104 1736 35 0 179
tree 264 1752 13 0 179
tree 792 1736 6 0 179
tree 776 1736 16 0 179
tree 1352 1752 26 0 179
tree 1416 1736 16 0 179
tree 1480 1736 8 0 179
tree 2616 1752 5 0 179
tree 2792 1752 25 0 179
trop 3196 1748 203 179 179
trop 3364 1740 203 179 179
tree 3640 1736 10 0 179
lay 3688 1736 36 0 179
lay 3704 1752 45 0 179
lay 3736 1752 36 0 179
tree 3880 1752 16 0 179
tree 3896 1752 12 0 179
tree 3928 1736 9 0 179
tree 248 1784 9 0 179
tree 392 1768 0 0 179
tree 456 1784 0 0 179
tree 568 1768 22 0 179
tree 552 1768 23 0 179
tree 584 1784 21 0 179
tree 680 1768 6 0 179
tree 1176 1784 34 0 179
tree 1192 1784 0 0 179
tree 1224 1784 6 0 179
tree 1336 1768 21 0 179
trop 2404 1780 30 179 179
tree 2584 1784 8 0 179
tree 2680 1784 24 0 179
tree 2696 1784 23 0 179
tree 2792 1784 23 0 179
tree 3080 1784 10 0 179
tree 3800 1784 12 0 179
tree 3816 1784 15 0 179
tree 3832 1784 16 0 179
tree 3832 1768 13 0 179
lay 3960 1784 43 0 179
tree 3944 1768 25 0 179
tree 3944 1784 4 0 179
tree 216 1816 8 0 179
tree 328 1800 17 0 179
tree 424 1816 20 0 179
tree 472 1800 12 0 179
tree 504 1800 17 0 179
tree 600 1800 25 0 179
tree 648 1816 25 0 179
tree 1128 1800 7 0 179
tree 1176 1816 0 0 179
tree 1224 1800 10 0 179
tree 1400 1800 34 0 179
tree 2520 1800 23 0 179
tree 2520 1816 8 0 179
tree 2792 1800 21 0 179
tree 2968 1800 15 0 179
tree 3080 1816 12 0 179
tree 3080 1800 9 0 179
trop 3524 1804 203 179 179
lay 3768 1800 46 0 179
tree 152 1848 20 0 179
tree 216 1832 4 0 179
tree 376 1848 5 0 179
tree 1176 1832 9 0 179
tree 1256 1848 16 0 179
tree 1400 1832 21 0 179
tree 1736 1848 6 0 179
tree 1864 1848 35 0 179
tree 2168 1848 17 0 179
tree 2520 1832 7 0 179
tree 2520 1848 19 0 179
tree 2792 1832 25 0 179
tree 2952 1832 9 0 179
trop 3188 1844 208 179 179
trop 3364 1844 208 179 179
trop 3596 1828 207 179 179
tree 152 1864 20 0 179
tree 168 1880 23 0 179
tree 344 1880 35 0 179
tree 600 1880 13 0 179
tree 1576 1864 20 0 179
tree 1784 1864 4 0 179
tree 1880 1880 15 0 179
tree 1912 1864 22 0 179
tree 1960 1880 25 0 179
tree 2088 1880 21 0 179
tree 2120 1880 35 0 179
tree 2168 1880 26 0 179
tree 2216 1880 7 0 179
tree 2792 1880 23 0 179
tree 3048 1880 25 0 179
lay 3944 1880 43 0 179
tree 264 1896 23 0 179
tree 728 1912 25 0 179
tree 728 1896 20 0 179
tree 1176 1912 6 0 179
tree 1192 1896 4 0 179
tree 1240 1896 21 0 179
tree 1368 1896 0 0 179
tree 1448 1912 22 0 179
tree 1608 1896 4 0 179
tree 1672 1896 26 0 179
tree 2232 1912 9 0 179
tree 2248 1912 17 0 179
trop 2404 1916 35 179 179
tree 3016 1896 12 0 179
tree 3016 1912 24 0 179
tree 3032 1896 15 0 179
tree 3048 1896 11 0 179
trop 3524 1900 208 179 179
trop 3604 1908 203 179 179
trop 3828 1900 207 179 179
trop 4012 1900 104 179 179
trop 4036 1892 104 179 179
tree 248 1928 17 0 179
tree 408 1944 26 0 179
tree 392 1944 12 0 179
tree 600 1928 24 0 179
tree 584 1944 24 0 179
tree 744 1928 22 0 179
tree 1128 1944 25 0 179
lay 1400 1944 29 0 179
lay 1416 1944 43 0 179
lay 1432 1944 41 0 179
tree 1496 1944 15 0 179
tree 1480 1944 6 0 179
tree 1512 1928 16 0 179
tree 1896 1944 5 0 179
tree 2008 1944 23 0 179
tree 2136 1944 22 0 179
tree 2152 1944 19 0 179
tree 2200 1944 10 0 179
tree 2216 1944 35 0 179
tree 2232 1928 9 0 179
tree 2280 1944 16 0 179
tree 3960 1928 18 0 179
tree 3960 1944 25 0 179
tree 376 1960 16 0 179
tree 440 1960 10 0 179
tree 488 1976 7 0 179
tree 1288 1976 13 0 179
tree 1288 1960 23 0 179
tree 1336 1960 15 0 179
lay 1400 1976 45 0 179
tree 2104 1976 15 0 179
tree 2120 1976 15 0 179
tree 2120 1960 11 0 179
tree 2184 1960 26 0 179
tree 2200 1960 35 0 179
tree 2296 1960 35 0 179
trop 2404 1972 36 179 179
tree 2584 1960 4 0 179
tree 2728 1960 20 0 179
tree 3016 1976 25 0 179
tree 3928 1976 16 0 179
tree 3944 1960 24 0 179
tree 3944 1976 34 0 179
tree 152 1992 25 0 179
tree 168 2008 24 0 179
tree 232 2008 25 0 179
tree 424 2008 12 0 179
tree 664 1992 23 0 179
dom 1056 1984 3 0 179
tree 1304 2008 10 0 179
tree 2568 1992 9 0 179
tree 2632 1992 5 0 179
trop 3596 2012 208 179 179
trop 3836 1996 203 179 179
tree 3960 1992 5 0 179
tree 4024 2008 6 0 179
tree 280 2024 22 0 179
tree 264 2024 24 0 179
tree 776 2040 6 0 179
trop 1612 2044 198 179 179
trop 2276 2036 198 179 179
tree 2568 2040 8 0 179
tree 2920 2040 4 0 179
tree 4008 2024 7 0 179
tree 184 2072 25 0 179
tree 200 2056 23 0 179
tree 440 2072 18 0 179
tree 424 2056 35 0 179
tree 1272 2072 21 0 179
trop 1564 2068 195 179 179
trop 1660 2068 195 179 179
trop 2028 2068 198 179 179
tree 2744 2056 25 0 179
tree 2984 2056 10 0 179
tree 4008 2072 34 0 179
tree 504 2104 23 0 179
tree 520 2104 26 0 179
tree 792 2088 13 0 179
tree 1240 2104 0 0 179
tree 1272 2104 15 0 179
tree 1336 2088 8 0 179
trop 1476 2100 198 179 179
trop 1628 2100 34 179 179
trop 1772 2100 31 179 179
trop 1924 2092 31 179 179
trop 2076 2092 31 179 179
trop 2212 2092 37 179 179
trop 2268 2092 34 179 179
trop 2404 2092 39 179 179
trop 2420 2084 195 179 179
trop 3828 2092 208 179 179
tree 4008 2088 27 0 179
tree 456 2136 26 0 179
tree 1352 2120 8 0 179
tree 1368 2136 9 0 179
trop 1508 2140 195 179 179
trop 1596 2132 40 179 179
trop 2404 2132 198 179 179
tree 2664 2136 18 0 179
tree 3000 2136 15 0 179
tree 3144 2120 12 0 179
tree 3160 2120 6 0 179
tree 3976 2120 15 0 179
stand 136 2152 67 0 179
tree 168 2152 24 0 179
tree 328 2168 21 0 179
tree 1016 2168 20 0 179
tree 1016 2152 23 0 179
tree 1336 2168 13 0 179
tree 1320 2168 34 0 179
tree 1352 2152 18 0 179
trop 1660 2172 198 179 179
tree 2584 2152 5 0 179
tree 2680 2168 6 0 179
tree 2984 2152 9 0 179
tree 3272 2168 11 0 179
tree 3272 2152 9 0 179
tree 3384 2168 4 0 179
stand 136 2184 67 0 179
stand 168 2184 67 0 179
tree 424 2200 26 0 179
tree 424 2184 25 0 179
tree 552 2200 24 0 179
tree 568 2184 21 0 179
tree 584 2200 20 0 179
tree 1288 2200 34 0 179
tree 1368 2200 25 0 179
lay 2152 2184 46 0 179
trop 2180 2180 192 179 179
trop 2196 2188 195 179 179
trop 2212 2204 192 179 179
lay 2216 2200 40 0 179
lay 2216 2184 39 0 179
trop 2228 2196 204 179 179
trop 2284 2180 192 179 179
lay 2456 2200 39 0 179
lay 2472 2200 31 0 179
dom 2816 2176 3 0 179
tree 2856 2200 21 0 179
tree 2872 2200 35 0 179
tree 2888 2200 8 0 179
tree 3000 2184 10 0 179
tree 120 2216 24 0 179
tree 136 2216 22 0 179
tree 312 2232 26 0 179
tree 456 2232 20 0 179
tree 456 2216 25 0 179
tree 616 2232 20 0 179
tree 696 2232 24 0 179
tree 1288 2216 27 0 179
tree 1400 2232 8 0 179
trop 1564 2236 35 179 179
lay 2232 2216 33 0 179
lay 2264 2232 44 0 179
trop 2260 2228 195 179 179
lay 2424 2232 33 0 179
lay 2456 2232 33 0 179
lay 2456 2216 36 0 179
tree 2536 2216 19 0 179
tree 2664 2232 7 0 179
tree 2984 2232 10 0 179
tree 280 2264 26 0 179
tree 264 2248 24 0 179
tree 296 2248 25 0 179
tree 680 2264 23 0 179
tree 888 2248 26 0 179
tree 1256 2248 9 0 179
tree 1272 2248 26 0 179
tree 1384 2264 5 0 179
trop 1564 2260 36 179 179
tree 1976 2264 19 0 179
lay 2248 2248 31 0 179
lay 2280 2248 36 0 179
tree 3928 2264 4 0 179
tree 3912 2264 4 0 179
tree 4008 2264 21 0 179
tree 664 2280 21 0 179
tree 1224 2280 15 0 179
tree 1784 2280 19 0 179
tree 1832 2296 6 0 179
tree 1880 2296 27 0 179
tree 1912 2280 6 0 179
tree 2008 2280 6 0 179
lay 2408 2280 41 0 179
trop 3404 2292 207 179 179
tree 3944 2280 22 0 179
tree 4008 2296 0 0 179
tree 504 2328 24 0 179
tree 504 2312 24 0 179
tree 760 2328 23 0 179
tree 1208 2312 26 0 179
tree 1336 2312 9 0 179
tree 1336 2328 16 0 179
tree 1384 2328 21 0 179
tree 1448 2312 25 0 179
tree 1704 2328 9 0 179
tree 1880 2312 19 0 179
tree 2520 2328 27 0 179
tree 2616 2312 18 0 179
trop 3532 2324 207 179 179
tree 4024 2328 0 0 179
tree 4008 2328 13 0 179
tree 136 2360 20 0 179
tree 216 2360 22 0 179
tree 360 2360 20 0 179
tree 536 2344 24 0 179
stand 552 2344 67 0 179
tree 616 2360 25 0 179
tree 744 2344 22 0 179
tree 1336 2344 26 0 179
tree 1704 2344 6 0 179
tree 2264 2344 7 0 179
tree 2376 2360 19 0 179
tree 2424 2360 4 0 179
tree 2472 2360 5 0 179
tree 2504 2360 9 0 179
tree 2584 2344 9 0 179
trop 3308 2348 207 179 179
tree 3992 2344 35 0 179
tree 3992 2360 25 0 179
tree 136 2376 23 0 179
tree 216 2376 20 0 179
stand 536 2376 67 0 179
tree 600 2376 20 0 179
tree 584 2392 24 0 179
tree 696 2392 20 0 179
tree 1752 2392 5 0 179
tree 1736 2376 9 0 179
tree 2312 2376 8 0 179
tree 2488 2376 19 0 179
tree 2536 2392 6 0 179
trop 3412 2372 203 179 179
tree 3976 2376 27 0 179
tree 216 2424 20 0 179
tree 328 2408 22 0 179
stand 376 2408 67 0 179
tree 424 2424 24 0 179
tree 424 2408 20 0 179
tree 680 2408 21 0 179
tree 792 2424 22 0 179
tree 1272 2424 19 0 179
tree 1272 2408 22 0 179
tree 1416 2408 27 0 179
trop 1564 2404 30 179 179
tree 1656 2424 7 0 179
tree 1656 2408 11 0 179
trop 1980 2412 200 179 179
tree 2856 2424 9 0 179
tree 2856 2408 19 0 179
trop 3540 2420 203 179 179
tree 232 2456 24 0 179
tree 376 2456 24 0 179
tree 696 2456 23 0 179
tree 760 2440 24 0 179
tree 760 2456 26 0 179
tree 984 2440 20 0 179
tree 1096 2440 18 0 179
tree 1640 2456 6 0 179
tree 1640 2440 9 0 179
tree 1768 2440 27 0 179
tree 2840 2440 9 0 179
tree 2824 2440 6 0 179
tree 2872 2440 5 0 179
trop 3316 2452 203 179 179
trop 3644 2436 207 179 179
tree 248 2488 22 0 179
tree 552 2472 24 0 179
tree 744 2472 26 0 179
tree 808 2472 20 0 179
tree 1112 2488 17 0 179
tree 1128 2488 35 0 179
tree 1336 2472 12 0 179
tree 1400 2488 22 0 179
tree 2664 2488 21 0 179
trop 3380 2476 207 179 179
trop 3404 2476 208 179 179
tree 3960 2488 7 0 179
tree 4008 2488 21 0 179
tree 296 2520 23 0 179
tree 472 2520 20 0 179
tree 504 2504 23 0 179
tree 520 2520 26 0 179
tree 584 2520 25 0 179
tree 792 2520 24 0 179
tree 792 2504 24 0 179
tree 1016 2504 25 0 179
tree 1016 2520 23 0 179
tree 1192 2520 0 0 179
tree 1240 2520 17 0 179
tree 1256 2504 15 0 179
tree 1320 2520 16 0 179
tree 1336 2520 25 0 179
tree 1656 2520 22 0 179
tree 2808 2520 21 0 179
tree 2824 2520 20 0 179
tree 3480 2504 16 0 179
trop 3540 2516 208 179 179
tree 3960 2504 11 0 179
tree 3976 2504 6 0 179
tree 4024 2504 10 0 179
tree 152 2536 21 0 179
tree 168 2552 21 0 179
tree 312 2536 20 0 179
tree 344 2536 25 0 179
tree 328 2552 23 0 179
tree 696 2552 22 0 179
tree 1000 2536 21 0 179
tree 1032 2552 21 0 179
tree 1416 2552 0 0 179
tree 1656 2536 16 0 179
tree 1656 2552 5 0 179
tree 2584 2536 9 0 179
tree 2856 2536 26 0 179
tree 2920 2552 21 0 179
trop 3308 2548 208 179 179
trop 3524 2556 207 179 179
trop 3652 2540 203 179 179
tree 3880 2536 7 0 179
tree 3880 2552 19 0 179
tree 3928 2552 6 0 179
tree 136 2568 25 0 179
tree 312 2568 23 0 179
tree 696 2568 23 0 179
tree 824 2584 24 0 179
tree 1240 2568 25 0 179
tree 1272 2568 24 0 179
trop 1564 2564 30 179 179
tree 2024 2584 20 0 179
tree 2040 2568 4 0 179
tree 2264 2568 6 0 179
tree 2936 2568 21 0 179
trop 3388 2572 203 179 179
tree 3880 2568 20 0 179
tree 3896 2584 16 0 179
tree 3880 2584 12 0 179
tree 3928 2568 10 0 179
tree 3944 2584 19 0 179
tree 4024 2584 35 0 179
tree 264 2616 20 0 179
tree 312 2616 21 0 179
tree 312 2600 26 0 179
tree 536 2616 20 0 179
tree 568 2616 21 0 179
tree 552 2616 20 0 179
tree 648 2600 24 0 179
tree 760 2600 25 0 179
tree 1048 2600 22 0 179
tree 1048 2616 35 0 179
tree 1208 2600 9 0 179
tree 1208 2616 5 0 179
tree 1224 2600 18 0 179
trop 1492 2596 203 179 179
tree 2040 2600 19 0 179
tree 2024 2600 16 0 179
tree 392 2648 22 0 179
tree 504 2648 26 0 179
tree 488 2648 24 0 179
tree 1304 2632 25 0 179
tree 1656 2632 23 0 179
tree 1960 2648 6 0 179
tree 1992 2632 7 0 179
tree 2072 2632 6 0 179
tree 2152 2632 23 0 179
tree 3208 2648 6 0 179
trop 3532 2652 203 179 179
trop 3644 2644 208 179 179
tree 120 2680 23 0 179
tree 136 2664 22 0 179
tree 472 2664 24 0 179
tree 488 2680 21 0 179
tree 648 2664 21 0 179
tree 856 2664 21 0 179
tree 888 2664 26 0 179
tree 872 2664 25 0 179
tree 1272 2664 15 0 179
tree 1352 2664 6 0 179
tree 1816 2664 7 0 179
tree 1800 2680 9 0 179
tree 2760 2664 12 0 179
tree 3208 2664 8 0 179
tree 3304 2664 4 0 179
trop 3388 2668 208 179 179
tree 3944 2680 4 0 179
tree 3960 2680 0 0 179
tree 296 2712 20 0 179
tree 344 2712 20 0 179
tree 328 2696 26 0 179
stand 488 2712 69 0 179
tree 632 2696 20 0 179
tree 632 2712 25 0 179
tree 856 2712 26 0 179
tree 1144 2712 5 0 179
tree 2344 2712 4 0 179
tree 2392 2712 34 0 179
tree 2936 2712 8 0 179
tree 2952 2696 23 0 179
tree 3752 2712 10 0 179
tree 3928 2712 21 0 179
tree 3928 2696 10 0 179
tree 3976 2696 27 0 179
tree 136 2744 22 0 179
tree 136 2728 20 0 179
tree 296 2728 23 0 179
tree 488 2744 22 0 179
tree 616 2728 25 0 179
tree 648 2728 25 0 179
tree 840 2744 24 0 179
tree 1112 2728 15 0 179
tree 1352 2728 25 0 179
trop 1564 2724 30 179 179
tree 1656 2744 23 0 179
tree 1976 2728 26 0 179
tree 2184 2744 10 0 179
tree 2200 2744 13 0 179
tree 2232 2744 19 0 179
tree 2264 2728 21 0 179
tree 2328 2728 8 0 179
tree 2408 2744 26 0 179
tree 2584 2728 4 0 179
tree 2632 2744 27 0 179
tree 2680 2728 17 0 179
tree 2696 2728 5 0 179
tree 2728 2728 13 0 179
tree 2808 2744 7 0 179
tree 2840 2728 5 0 179
tree 2824 2744 21 0 179
tree 2872 2728 15 0 179
tree 2904 2744 19 0 179
tree 3672 2728 4 0 179
tree 3704 2728 34 0 179
tree 3720 2728 34 0 179
tree 3784 2728 25 0 179
tree 3800 2728 16 0 179
tree 3832 2744 18 0 179
tree 3848 2728 13 0 179
tree 3864 2728 15 0 179
tree 3880 2728 22 0 179
tree 3912 2728 26 0 179
tree 488 2760 24 0 179
tree 504 2760 25 0 179
tree 520 2760 20 0 179
tree 632 2776 24 0 179
tree 712 2760 23 0 179
tree 1000 2776 21 0 179
tree 1032 2776 24 0 179
tree 1352 2760 6 0 179
tree 1656 2760 15 0 179
tree 2008 2776 17 0 179
tree 2216 2760 12 0 179
tree 2360 2760 22 0 179
tree 2376 2776 4 0 179
tree 2728 2760 35 0 179
tree 2792 2760 17 0 179
tree 3224 2776 18 0 179
trop 3524 2756 208 179 179
trop 4044 2772 202 179 179
tree 232 2808 25 0 179
tree 248 2808 20 0 179
tree 376 2808 25 0 179
tree 376 2792 25 0 179
tree 1016 2792 21 0 179
tree 1144 2808 21 0 179
trop 1780 2812 200 179 179
tree 2360 2808 6 0 179
tree 2776 2792 18 0 179
tree 2760 2808 6 0 179
tree 3032 2808 23 0 179
tree 3176 2808 8 0 179
stand 136 2840 91 0 179
tree 424 2840 23 0 179
tree 952 2824 21 0 179
tree 1208 2840 26 0 179
tree 1224 2840 24 0 179
tree 2008 2840 25 0 179
tree 2984 2824 24 0 179
tree 3800 2840 23 0 179
tree 3816 2840 24 0 179
trop 4020 2836 100 179 179
tree 168 2872 23 0 179
tree 296 2872 26 0 179
tree 312 2856 21 0 179
tree 328 2856 25 0 179
stand 328 2872 68 0 179
tree 424 2856 20 0 179
tree 456 2856 26 0 179
tree 472 2872 24 0 179
tree 680 2856 23 0 179
tree 808 2872 23 0 179
tree 904 2872 26 0 179
tree 1192 2856 22 0 179
tree 1352 2872 27 0 179
tree 1384 2872 16 0 179
trop 1564 2876 30 179 179
tree 1672 2856 13 0 179
tree 1688 2872 10 0 179
tree 1928 2872 19 0 179
tree 1976 2872 21 0 179
tree 2008 2856 13 0 179
tree 2616 2872 4 0 179
tree 2744 2872 6 0 179
tree 3832 2856 27 0 179
tree 3864 2872 7 0 179
stand 152 2888 89 0 179
stand 136 2904 90 0 179
tree 280 2888 26 0 179
stand 312 2904 68 0 179
stand 296 2888 68 0 179
tree 696 2888 24 0 179
tree 1112 2904 22 0 179
tree 1336 2904 5 0 179
tree 1336 2888 13 0 179
tree 1352 2904 18 0 179
tree 1976 2904 26 0 179
tree 2056 2904 19 0 179
tree 2392 2888 27 0 179
tree 3112 2888 21 0 179
tree 3768 2888 25 0 179
tree 3752 2904 7 0 179
trop 3972 2900 99 179 179
tree 3992 2904 35 0 179
tree 3976 2904 21 0 179
tree 4024 2888 27 0 179
tree 4008 2888 11 0 179
stand 152 2920 88 0 179
tree 200 2920 26 0 179
tree 344 2920 21 0 179
tree 1672 2936 27 0 179
tree 1928 2920 4 0 179
tree 2200 2920 15 0 179
tree 2392 2936 0 0 179
tree 2424 2936 6 0 179
tree 2440 2936 17 0 179
tree 3176 2936 35 0 179
tree 3192 2936 0 0 179
dom 3680 2912 0 0 179
tree 3992 2936 19 0 179
tree 136 2952 23 0 179
tree 472 2968 25 0 179
tree 616 2952 20 0 179
tree 632 2968 26 0 179
tree 664 2968 24 0 179
tree 840 2968 25 0 179
tree 1080 2968 24 0 179
tree 1096 2952 26 0 179
tree 1112 2952 22 0 179
tree 1352 2968 22 0 179
tree 1672 2952 20 0 179
tree 1912 2952 0 0 179
tree 2392 2968 5 0 179
tree 2440 2952 17 0 179
tree 3192 2968 12 0 179
trop 3844 2964 104 179 179
trop 3892 2956 103 179 179
trop 3908 2948 103 179 179
tree 424 3000 25 0 179
tree 568 3000 24 0 179
tree 568 2984 24 0 179
tree 744 2984 20 0 179
tree 808 3000 23 0 179
tree 904 2984 21 0 179
tree 1320 2984 19 0 179
tree 1336 2984 16 0 179
tree 1368 2984 4 0 179
tree 1672 3000 8 0 179
tree 2392 2984 25 0 179
tree 2600 3000 6 0 179
tree 2824 3000 21 0 179
tree 3048 3000 5 0 179
tree 3160 3000 5 0 179
tree 3224 3000 18 0 179
tree 3496 3000 11 0 179
tree 3544 3000 19 0 179
tree 3672 2984 26 0 179
tree 3656 2984 9 0 179
lay 3768 3000 42 0 179
tree 136 3032 26 0 179
tree 424 3016 22 0 179
tree 504 3032 25 0 179
tree 536 3032 20 0 179
tree 600 3032 25 0 179
tree 728 3032 24 0 179
tree 728 3016 26 0 179
tree 984 3016 26 0 179
tree 1016 3032 26 0 179
tree 1272 3032 34 0 179
trop 1460 3036 203 179 179
trop 1564 3028 30 179 179
tree 2632 3016 8 0 179
tree 2712 3032 20 0 179
tree 2760 3032 20 0 179
tree 3000 3016 18 0 179
tree 3144 3016 12 0 179
tree 3240 3032 8 0 179
tree 3256 3016 26 0 179
tree 3544 3016 15 0 179
lay 3736 3016 42 0 179
trop 3724 3028 100 179 179
lay 3752 3016 44 0 179
trop 3796 3036 104 179 179
trop 3820 3036 104 179 179
tree 4040 3032 26 0 179
tree 120 3064 20 0 179
stand 856 3048 69 0 179
tree 1336 3064 16 0 179
tree 1864 3048 17 0 179
tree 1928 3064 22 0 179
tree 1960 3048 24 0 179
tree 2712 3048 7 0 179
tree 2712 3064 13 0 179
tree 3048 3048 7 0 179
tree 3192 3048 10 0 179
tree 3480 3064 5 0 179
tree 3464 3048 27 0 179
trop 3788 3044 202 179 179
tree 3912 3064 23 0 179
tree 4024 3064 9 0 179
tree 4040 3048 15 0 179
stand 104 3096 83 0 179
tree 136 3080 20 0 179
tree 136 3096 21 0 179
stand 728 3080 69 0 179
tree 824 3096 22 0 179
tree 888 3080 22 0 179
tree 1160 3080 23 0 179
tree 1272 3080 24 0 179
tree 1384 3096 4 0 179
trop 1620 3092 203 179 179
tree 1848 3080 11 0 179
tree 1880 3096 26 0 179
tree 1928 3080 10 0 179
tree 2616 3080 21 0 179
tree 2760 3096 4 0 179
tree 3080 3096 18 0 179
tree 3080 3080 6 0 179
tree 3240 3096 11 0 179
tree 3256 3080 26 0 179
trop 3652 3100 103 179 179
trop 3692 3100 100 179 179
tree 3912 3096 22 0 179
tree 4024 3080 22 0 179
stand 104 3128 82 0 179
stand 136 3128 77 0 179
tree 248 3112 25 0 179
tree 584 3128 21 0 179
tree 712 3112 22 0 179
tree 824 3128 25 0 179
tree 1048 3112 21 0 179
tree 1032 3112 25 0 179
tree 1064 3112 24 0 179
tree 1224 3128 21 0 179
tree 1400 3128 17 0 179
tree 1688 3112 9 0 179
tree 1896 3112 34 0 179
tree 1944 3128 4 0 179
dom 2464 3104 252 1 179
tree 2856 3128 34 0 179
tree 2968 3128 11 0 179
trop 3300 3124 202 179 179
tree 3432 3112 19 0 179
trop 3612 3132 202 179 179
tree 3896 3128 9 0 179
tree 3912 3112 24 0 179
tree 3928 3128 12 0 179
tree 88 3160 24 0 179
stand 120 3160 81 0 179
tree 152 3160 23 0 179
tree 232 3160 25 0 179
tree 280 3160 24 0 179
tree 344 3144 26 0 179
stand 376 3160 85 0 179
tree 792 3144 24 0 179
stand 824 3160 68 0 179
stand 1016 3144 67 0 179
tree 1048 3144 26 0 179
tree 1240 3144 20 0 179
tree 1336 3144 21 0 179
tree 1640 3160 26 0 179
tree 1912 3160 21 0 179
tree 1928 3144 25 0 179
tree 2024 3144 5 0 179
tree 2920 3160 12 0 179
tree 2952 3144 21 0 179
tree 3080 3160 20 0 179
lay 3368 3160 46 0 179
tree 3384 3144 6 0 179
trop 3588 3156 104 179 179
tree 3864 3160 24 0 179
tree 264 3176 25 0 179
stand 360 3176 86 0 179
tree 504 3192 21 0 179
tree 584 3176 26 0 179
tree 952 3192 26 0 179
tree 1016 3176 22 0 179
stand 1064 3176 67 0 179
tree 1368 3192 22 0 179
trop 1564 3180 30 179 179
tree 1640 3192 5 0 179
trop 1796 3196 200 179 179
tree 2216 3176 10 0 179
trop 2372 3188 202 179 179
trop 2588 3172 202 179 179
tree 3080 3192 22 0 179
tree 3080 3176 25 0 179
tree 392 3224 24 0 179
tree 504 3224 20 0 179
stand 552 3208 68 0 179
tree 600 3208 24 0 179
tree 824 3224 25 0 179
tree 808 3208 22 0 179
tree 1096 3224 24 0 179
tree 1192 3224 23 0 179
tree 1352 3208 9 0 179
tree 1368 3224 18 0 179
tree 1656 3224 35 0 179
trop 1796 3212 200 179 179
tree 2216 3224 11 0 179
dom 2720 3200 276 1 179
tree 2904 3224 27 0 179
tree 3288 3224 9 0 179
trop 3340 3220 102 179 179
trop 3444 3228 100 179 179
trop 3468 3220 100 179 179
tree 3816 3224 20 0 179
tree 520 3240 24 0 179
tree 552 3256 23 0 179
tree 632 3240 26 0 179
tree 1128 3256 25 0 179
tree 1160 3256 25 0 179
tree 1176 3240 24 0 179
tree 1352 3240 21 0 179
tree 2200 3256 6 0 179
tree 2232 3240 6 0 179
tree 2264 3240 34 0 179
stand 2520 3256 181 0 179
stand 2504 3256 180 0 179
stand 2520 3240 181 0 179
trop 2540 3252 15 179 179
stand 2568 3240 184 0 179
trop 2620 3244 102 179 179
tree 3112 3256 21 0 179
tree 3640 3256 27 0 179
tree 3816 3256 18 0 179
tree 232 3272 21 0 179
tree 264 3288 21 0 179
tree 568 3288 24 0 179
tree 712 3288 25 0 179
tree 1320 3288 12 0 179
tree 1368 3272 7 0 179
dom 2432 3264 6 0 179
tree 2888 3272 5 0 179
tree 3208 3272 19 0 179
trop 3412 3284 202 179 179
tree 3512 3288 21 0 179
tree 3528 3288 26 0 179
tree 3768 3288 34 0 179
tree 3752 3288 8 0 179
tree 3768 3272 27 0 179
tree 3880 3288 11 0 179
trop 4044 3292 200 179 179
stand 296 3320 90 0 179
tree 728 3320 24 0 179
tree 1160 3304 24 0 179
tree 1320 3304 17 0 179
trop 1564 3324 35 179 179
tree 1656 3304 10 0 179
tree 1672 3304 24 0 179
trop 2068 3308 197 179 179
trop 2708 3324 15 179 179
trop 2740 3316 101 179 179
trop 2764 3316 101 179 179
tree 3288 3304 9 0 179
tree 3288 3320 8 0 179
tree 3272 3320 25 0 179
trop 3396 3308 99 179 179
tree 3512 3304 0 0 179
tree 232 3352 22 0 179
tree 328 3336 22 0 179
tree 568 3352 20 0 179
tree 648 3336 24 0 179
tree 680 3352 26 0 179
tree 808 3336 23 0 179
tree 968 3352 21 0 179
tree 1160 3336 20 0 179
tree 1176 3336 26 0 179
tree 1384 3336 0 0 179
tree 1640 3352 20 0 179
tree 1688 3336 15 0 179
trop 2268 3332 202 179 179
trop 2620 3356 103 179 179
trop 2676 3348 100 179 179
tree 3256 3352 16 0 179
tree 3272 3336 7 0 179
tree 3512 3336 19 0 179
tree 3672 3352 22 0 179
tree 3672 3336 21 0 179
tree 3832 3352 12 0 179
tree 3928 3352 34 0 179
tree 136 3384 24 0 179
tree 504 3384 23 0 179
tree 600 3368 21 0 179
tree 664 3384 25 0 179
tree 840 3368 22 0 179
tree 872 3368 21 0 179
tree 1080 3368 19 0 179
tree 1304 3384 12 0 179
tree 1368 3368 8 0 179
tree 1992 3368 6 0 179
trop 2084 3380 197 179 179
trop 2596 3372 15 179 179
tree 3000 3368 19 0 179
tree 3064 3368 34 0 179
tree 3080 3384 9 0 179
tree 3192 3384 22 0 179
tree 3592 3384 20 0 179
tree 3800 3384 13 0 179
tree 232 3416 21 0 179
tree 328 3416 20 0 179
tree 632 3416 22 0 179
tree 648 3400 23 0 179
tree 760 3416 24 0 179
tree 744 3416 26 0 179
tree 1192 3400 34 0 179
trop 1516 3420 203 179 179
trop 1564 3420 32 179 179
tree 1768 3416 26 0 179
tree 1816 3416 9 0 179
tree 1848 3416 5 0 179
tree 1864 3416 22 0 179
tree 1912 3416 35 0 179
trop 2540 3420 102 179 179
trop 2636 3412 99 179 179
stand 2664 3416 185 0 179
stand 2680 3416 185 0 179
tree 2856 3400 34 0 179
tree 2936 3400 27 0 179
tree 3032 3416 5 0 179
tree 3064 3400 12 0 179
trop 3332 3404 103 179 179
tree 3560 3400 34 0 179
tree 3704 3400 25 0 179
tree 3912 3400 11 0 179
tree 296 3448 22 0 179
tree 328 3432 20 0 179
tree 520 3448 26 0 179
tree 632 3432 23 0 179
tree 616 3448 21 0 179
tree 920 3432 13 0 179
tree 984 3448 8 0 179
tree 1080 3432 16 0 179
tree 1208 3448 10 0 179
trop 1588 3452 98 179 179
tree 1624 3448 26 0 179
tree 1656 3432 26 0 179
tree 1640 3448 0 0 179
tree 1880 3432 35 0 179
tree 1976 3448 35 0 179
tree 1960 3432 23 0 179
tree 1992 3432 25 0 179
tree 2040 3432 17 0 179
tree 2072 3432 24 0 179
trop 2604 3452 99 179 179
stand 2664 3432 184 0 179
stand 2696 3432 186 0 179
tree 2920 3432 17 0 179
tree 2936 3448 21 0 179
lay 3896 3432 51 0 179
lay 3944 3448 51 0 179
tree 3944 3448 27 0 179
lay 3976 3432 51 0 179
tree 4008 3448 15 0 179
tree 232 3480 22 0 179
stand 328 3480 90 0 179
tree 376 3480 24 0 179
tree 392 3480 24 0 179
tree 424 3464 21 0 179
tree 520 3464 20 0 179
tree 600 3464 20 0 179
tree 616 3480 23 0 179
tree 616 3464 23 0 179
tree 760 3464 20 0 179
dom 1376 3456 8 0 179
trop 1588 3476 98 179 179
tree 1672 3464 19 0 179
tree 2184 3464 5 0 179
trop 2220 3484 202 179 179
trop 2468 3484 15 179 179
trop 2788 3476 202 179 179
trop 3012 3484 97 179 179
trop 3268 3460 202 179 179
tree 3448 3464 26 0 179
tree 3864 3464 34 0 179
tree 3944 3480 19 0 179
tree 3944 3464 20 0 179
tree 3976 3464 8 0 179
tree 3992 3480 8 0 179
lay 4024 3480 51 0 179
tree 616 3496 22 0 179
tree 616 3512 24 0 179
tree 712 3512 21 0 179
tree 1176 3512 20 0 179
tree 1192 3496 5 0 179
dom 1760 3488 4 0 179
tree 1944 3496 6 0 179
tree 2008 3496 9 0 179
tree 2024 3496 27 0 179
trop 2548 3492 103 179 179
dom 2656 3488 244 1 179
trop 2988 3500 97 179 179
trop 3100 3492 97 179 179
trop 3092 3508 202 179 179
trop 3244 3492 104 179 179
tree 3384 3512 12 0 179
tree 3576 3512 11 0 179
tree 3576 3496 7 0 179
tree 3592 3496 6 0 179
tree 3640 3512 7 0 179
tree 3624 3512 25 0 179
tree 3720 3496 21 0 179
tree 3800 3512 25 0 179
tree 3928 3496 1 0 179
tree 3960 3512 27 0 179
tree 3992 3512 9 0 179
tree 3992 3496 24 0 179
tree 4008 3512 25 0 179
tree 104 3544 26 0 179
trop 1556 3524 32 179 179
trop 1612 3548 15 179 179
trop 2084 3532 197 179 179
trop 2532 3540 103 179 179
trop 2636 3524 98 179 179
trop 2654 3550 72 179 179
trop 2774 3542 72 179 179
trop 2846 3550 101 179 179
trop 2940 3540 100 179 179
tree 3352 3528 26 0 179
tree 3368 3528 6 0 179
tree 3432 3528 24 0 179
tree 3448 3544 34 0 179
tree 3512 3528 15 0 179
tree 3624 3528 16 0 179
tree 3784 3544 24 0 179
tree 3800 3528 22 0 179
tree 3864 3528 18 0 179
tree 3880 3528 27 0 179
lay 3928 3544 51 0 179
lay 3976 3528 51 0 179
tree 3992 3544 23 0 179
tree 4040 3544 27 0 179
tree 120 3576 25 0 179
tree 104 3576 24 0 179
tree 104 3560 26 0 179
tree 296 3560 23 0 179
tree 584 3576 20 0 179
trop 1404 3580 15 179 179
trop 1524 3556 103 179 179
trop 1684 3564 15 179 179
trop 2324 3580 97 179 179
trop 2460 3580 104 179 179
trop 2446 3574 90 179 179
trop 2694 3574 97 179 179
trop 2742 3574 97 179 179
trop 2838 3574 104 179 179
trop 2900 3572 100 179 179
tree 3288 3576 8 0 179
tree 3352 3576 35 0 179
tree 3880 3576 25 0 179
tree 3928 3560 8 0 179
tree 3912 3576 4 0 179
tree 3960 3576 17 0 179
lay 4024 3576 51 0 179
tree 216 3608 24 0 179
tree 200 3608 21 0 179
tree 280 3592 23 0 179
tree 584 3592 25 0 179
tree 824 3608 16 0 179
tree 984 3592 18 0 179
trop 1372 3588 97 179 179
trop 1468 3588 104 179 179
trop 1484 3588 97 179 179
trop 1492 3612 97 179 179
trop 1500 3596 97 179 179
trop 1620 3588 97 179 179
trop 1612 3596 97 179 179
trop 1676 3588 105 179 179
trop 1692 3588 105 179 179
trop 1684 3596 97 179 179
trop 1700 3612 97 179 179
trop 1740 3588 97 179 179
trop 1804 3604 97 179 179
trop 1796 3604 97 179 179
trop 1836 3612 97 179 179
trop 1876 3588 97 179 179
trop 2036 3596 97 179 179
trop 2060 3588 97 179 179
trop 2196 3588 97 179 179
trop 2324 3604 202 179 179
trop 2396 3588 97 179 179
trop 2484 3588 104 179 179
trop 2534 3614 101 179 179
trop 2574 3606 95 179 179
tree 3048 3608 19 0 179
tree 3064 3608 25 0 179
tree 3096 3592 12 0 179
tree 3160 3608 6 0 179
tree 3176 3592 13 0 179
tree 3192 3592 35 0 179
tree 3240 3608 19 0 179
tree 3512 3608 9 0 179
tree 3736 3608 24 0 179
tree 3832 3608 26 0 179
tree 3832 3592 25 0 179
tree 3864 3608 18 0 179
tree 3880 3592 22 0 179
lay 3912 3608 51 0 179
tree 3912 3592 17 0 179
tree 3992 3592 34 0 179
tree 392 3640 24 0 179
tree 488 3640 26 0 179
tree 792 3640 6 0 179
tree 920 3640 20 0 179
dom 1248 3616 1 0 179
trop 1388 3644 101 179 179
trop 1380 3636 101 179 179
trop 1436 3628 101 179 179
trop 1476 3636 103 179 179
trop 1540 3620 5 179 179
trop 1596 3628 94 179 179
trop 1612 3644 100 179 179
trop 1876 3620 33 179 179
trop 1980 3620 95 179 179
trop 2268 3620 95 179 179
trop 2470 3622 101 179 179
stand 2514 3626 160 0 179
stand 2578 3642 154 0 179
stand 2642 3642 154 0 179
trop 2774 3638 100 179 179
tree 3528 3624 7 0 179
tree 3912 3624 22 0 179
tree 4008 3624 8 0 179
tree 152 3656 25 0 179
tree 216 3672 26 0 179
tree 360 3672 22 0 179
tree 472 3656 24 0 179
tree 888 3656 15 0 179
tree 936 3656 35 0 179
tree 1048 3672 10 0 179
tree 1080 3656 6 0 179
tree 1064 3672 21 0 179
trop 1380 3660 15 179 179
trop 1580 3660 15 179 179
trop 1628 3652 100 179 179
trop 1644 3660 100 179 179
trop 1668 3668 100 179 179
dom 2272 3648 2 0 179
stand 2376 3672 188 0 179
stand 2376 3656 189 0 179
stand 2418 3658 161 0 179
stand 2514 3674 156 0 179
stand 2514 3658 160 0 179
stand 2530 3674 159 0 179
stand 2530 3658 158 0 179
stand 2546 3674 161 0 179
stand 2562 3674 156 0 179
stand 2594 3674 157 0 179
trop 2684 3660 14 179 179
tree 2904 3656 35 0 179
tree 2968 3672 23 0 179
tree 3000 3656 8 0 179
tree 3448 3672 24 0 179
lay 3896 3656 51 0 179
lay 3944 3672 51 0 179
tree 3944 3672 27 0 179
lay 3976 3656 51 0 179
tree 4008 3672 15 0 179
tree 4024 3672 25 0 179
tree 696 3688 24 0 179
tree 728 3688 15 0 179
tree 760 3704 25 0 179
tree 904 3704 16 0 179
tree 936 3704 8 0 179
tree 1064 3704 16 0 179
tree 1128 3704 12 0 179
trop 1388 3708 103 179 179
trop 1420 3692 33 179 179
trop 1436 3708 15 179 179
trop 1588 3700 99 179 179
tree 1784 3704 6 0 179
tree 2056 3704 4 0 179
tree 2200 3704 12 0 179
trop 2430 3710 90 179 179
trop 2438 3686 14 179 179
trop 2518 3710 104 179 179
trop 2558 3686 14 179 179
stand 2562 3690 156 0 179
tree 3416 3704 23 0 179
tree 3448 3688 5 0 179
tree 3864 3688 34 0 179
tree 3912 3704 13 0 179
tree 3944 3704 19 0 179
tree 3976 3688 8 0 179
lay 4024 3704 51 0 179
tree 296 3736 21 0 179
tree 728 3736 13 0 179
tree 984 3736 6 0 179
tree 1000 3736 4 0 179
trop 1372 3740 97 179 179
trop 1404 3732 104 179 179
trop 1564 3740 102 179 179
trop 1620 3732 15 179 179
trop 1604 3732 99 179 179
dom 1920 3712 2 0 179
tree 2056 3720 18 0 179
stand 2058 3742 36 0 179
trop 2558 3742 101 179 179
trop 2574 3742 95 179 179
trop 2654 3718 104 179 179
tree 3336 3720 27 0 179
tree 3496 3736 5 0 179
tree 3800 3720 19 0 179
tree 3928 3720 1 0 179
tree 3960 3736 27 0 179
tree 3992 3736 9 0 179
tree 4008 3736 25 0 179
tree 120 3768 11 0 179
tree 104 3768 4 0 179
tree 648 3768 22 0 179
tree 1016 3768 19 0 179
trop 1436 3748 97 179 179
trop 1460 3772 101 179 179
trop 1468 3772 101 179 179
tree 1898 3774 10 0 179
stand 1930 3774 161 0 179
stand 1962 3774 161 0 179
stand 1978 3774 159 0 179
stand 2010 3774 181 0 179
stand 2072 3752 158 0 179
stand 2056 3752 157 0 179
stand 2088 3752 159 0 179
stand 2202 3774 180 0 179
trop 2372 3748 95 179 179
dom 2720 3744 250 0 179
tree 2840 3768 16 0 179
tree 2888 3752 12 0 179
tree 3112 3768 4 0 179
tree 3448 3768 23 0 179
tree 3512 3752 24 0 179
tree 3656 3768 4 0 179
tree 3688 3768 25 0 179
tree 3720 3768 19 0 179
tree 3832 3752 4 0 179
tree 3816 3752 6 0 179
tree 3864 3752 18 0 179
tree 3880 3752 27 0 179
lay 3928 3768 51 0 179
lay 3976 3752 51 0 179
tree 3992 3768 23 0 179
tree 152 3784 12 0 179
tree 184 3800 16 0 179
tree 200 3800 21 0 179
tree 408 3800 13 0 179
tree 664 3800 21 0 179
tree 728 3784 25 0 179
tree 744 3800 0 0 179
tree 920 3800 12 0 179
tree 904 3800 23 0 179
tree 1000 3784 0 0 179
tree 1032 3784 5 0 179
dom 1312 3776 7 0 179
trop 1356 3796 202 179 179
trop 1420 3780 15 179 179
trop 1444 3796 101 179 179
trop 1524 3796 102 179 179
trop 1540 3780 5 179 179
trop 1548 3796 5 179 179
dom 1728 3776 227 1 179
stand 1850 3790 159 0 179
stand 1866 3806 162 0 179
stand 1882 3806 162 0 179
stand 1978 3790 157 0 179
trop 2020 3796 7 179 179
stand 2026 3806 156 0 179
trop 2052 3788 7 179 179
trop 2084 3788 7 179 179
stand 2088 3784 159 0 179
stand 2168 3784 162 0 179
stand 2152 3800 162 0 179
trop 2180 3788 10 179 179
trop 2230 3794 10 179 179
trop 2324 3804 10 179 179
dom 2624 3776 247 0 179
dom 2720 3776 250 0 179
trop 2780 3796 202 179 179
tree 2808 3800 21 0 179
tree 2840 3784 35 0 179
tree 2856 3784 18 0 179
tree 2872 3800 19 0 179
tree 2952 3800 18 0 179
tree 3080 3784 4 0 179
tree 3192 3800 18 0 179
tree 3240 3784 22 0 179
tree 3288 3784 23 0 179
tree 3448 3784 17 0 179
tree 3480 3784 21 0 179
tree 3608 3784 0 0 179
tree 3624 3800 10 0 179
tree 3768 3784 6 0 179
tree 3752 3784 7 0 179
tree 3880 3800 25 0 179
tree 3928 3784 8 0 179
tree 3912 3800 4 0 179
tree 3960 3800 17 0 179
tree 3944 3784 12 0 179
tree 3976 3800 17 0 179
lay 4024 3800 51 0 179
tree 4040 3800 19 0 179
tree 4056 3784 6 0 179
tree 360 3832 17 0 179
tree 568 3816 17 0 179
tree 696 3816 27 0 179
tree 712 3816 22 0 179
tree 904 3816 4 0 179
stand 1962 3822 162 0 179
stand 2010 3822 160 0 179
trop 2100 3836 7 179 179
stand 2104 3816 163 0 179
stand 2104 3832 161 0 179
trop 2188 3828 10 179 179
dom 2720 3808 250 0 179
tree 3176 3832 4 0 179
tree 3256 3816 35 0 179
tree 3336 3832 21 0 179
tree 3400 3816 17 0 179
tree 3416 3816 6 0 179
tree 3432 3816 35 0 179
tree 3720 3816 21 0 179
tree 3784 3816 27 0 179
tree 3800 3816 23 0 179
tree 3800 3832 5 0 179
tree 3864 3832 18 0 179
tree 3848 3816 34 0 179
lay 3912 3832 51 0 179
tree 3912 3816 17 0 179
tree 3992 3816 34 0 179
tree 3992 3832 15 0 179
tree 4008 3832 19 0 179
tree 344 3848 13 0 179
tree 1144 3848 16 0 179
stand 1464 3848 1 0 179
trop 1868 3844 7 179 179
trop 1956 3844 10 179 179
dom 2720 3840 250 0 179
tree 3576 3848 20 0 179
tree 3656 3848 27 0 179
tree 3720 3848 0 0 179
tree 3736 3848 13 0 179
tree 3912 3848 22 0 179
tree 4008 3848 8 0 179
trop 84 3908 113 179 179
trop 116 3908 113 179 179
trop 148 3908 113 179 179
trop 180 3908 113 179 179
trop 212 3908 113 179 179
trop 244 3908 113 179 179
trop 276 3908 113 179 179
trop 308 3908 113 179 179
trop 340 3908 113 179 179
trop 372 3908 113 179 179
trop 404 3908 113 179 179
trop 436 3908 113 179 179
trop 468 3908 113 179 179
trop 500 3908 113 179 179
trop 532 3908 113 179 179
trop 564 3908 113 179 179
trop 596 3908 113 179 179
trop 628 3908 113 179 179
trop 660 3908 113 179 179
trop 692 3908 113 179 179
trop 724 3908 113 179 179
trop 756 3908 113 179 179
trop 788 3908 113 179 179
trop 820 3908 113 179 179
trop 852 3908 113 179 179
trop 884 3908 113 179 179
trop 916 3908 113 179 179
trop 948 3908 113 179 179
trop 980 3908 113 179 179
trop 1012 3908 113 179 179
trop 1044 3908 113 179 179
trop 1076 3908 113 179 179
trop 1108 3908 113 179 179
trop 1140 3908 113 179 179
trop 1172 3908 113 179 179
trop 1204 3908 113 179 179
trop 1236 3908 113 179 179
trop 1268 3908 113 179 179
trop 1300 3908 113 179 179
trop 1332 3908 113 179 179
trop 1364 3908 113 179 179
trop 1396 3908 113 179 179
trop 1428 3908 113 179 179
trop 1460 3908 113 179 179
trop 1492 3908 113 179 179
trop 1524 3908 113 179 179
trop 1556 3908 113 179 179
trop 1588 3908 113 179 179
trop 1620 3908 113 179 179
trop 1652 3908 113 179 179
trop 1684 3908 113 179 179
trop 1716 3908 113 179 179
trop 1748 3908 113 179 179
trop 1780 3908 113 179 179
trop 1812 3908 113 179 179
trop 1844 3908 113 179 179
trop 1876 3908 113 179 179
trop 1908 3908 113 179 179
trop 1940 3908 113 179 179
trop 1972 3908 113 179 179
trop 2004 3908 113 179 179
trop 2036 3908 113 179 179
trop 2068 3908 113 179 179
trop 2100 3908 113 179 179
trop 2116 3908 113 179 179
trop 2164 3908 113 179 179
trop 2148 3908 113 179 179
trop 2196 3908 113 179 179
trop 2228 3908 113 179 179
trop 2260 3908 113 179 179
trop 2292 3908 113 179 179
trop 2324 3908 113 179 179
trop 2356 3908 113 179 179
trop 2388 3908 113 179 179
trop 2420 3908 113 179 179
trop 2452 3908 113 179 179
trop 2484 3908 113 179 179
trop 2516 3908 113 179 179
trop 2548 3908 113 179 179
trop 2580 3908 113 179 179
trop 2612 3908 113 179 179
trop 2644 3908 113 179 179
trop 2676 3908 113 179 179
trop 2708 3908 113 179 179
trop 2740 3908 113 179 179
trop 2772 3908 113 179 179
trop 2804 3908 113 179 179
trop 2836 3908 113 179 179
trop 2868 3908 113 179 179
trop 2900 3908 113 179 179
trop 2932 3908 113 179 179
trop 2964 3908 113 179 179
trop 2996 3908 113 179 179
trop 3028 3908 113 179 179
trop 3060 3908 113 179 179
trop 3092 3908 113 179 179
trop 3124 3908 113 179 179
trop 3156 3908 113 179 179
trop 3188 3908 113 179 179
trop 3220 3908 113 179 179
trop 3252 3908 113 179 179
trop 3284 3908 113 179 179
trop 3316 3908 113 179 179
trop 3348 3908 113 179 179
trop 3380 3908 113 179 179
trop 3412 3908 113 179 179
trop 3444 3908 113 179 179
trop 3476 3908 113 179 179
trop 3508 3908 113 179 179
trop 3540 3908 113 179 179
trop 3572 3908 113 179 179
trop 3604 3908 113 179 179
trop 3636 3908 113 179 179
trop 3668 3908 113 179 179
trop 3700 3908 113 179 179
trop 3732 3908 113 179 179
trop 3764 3908 113 179 179
trop 3796 3908 113 179 179
trop 3828 3908 113 179 179
trop 3860 3908 113 179 179
trop 3892 3908 113 179 179
trop 3924 3908 113 179 179
trop 3956 3908 113 179 179
trop 3988 3908 113 179 179
trop 4020 3908 113 179 179
trop 4052 3908 113 179 179
trop 84 3940 113 179 179
trop 116 3940 113 179 179
trop 148 3940 113 179 179
trop 180 3940 113 179 179
trop 212 3940 113 179 179
trop 244 3940 113 179 179
trop 276 3940 113 179 179
trop 308 3940 113 179 179
trop 340 3940 113 179 179
trop 372 3940 113 179 179
trop 404 3940 113 179 179
trop 436 3940 113 179 179
trop 468 3940 113 179 179
trop 500 3940 113 179 179
trop 532 3940 113 179 179
trop 564 3940 113 179 179
trop 596 3940 113 179 179
trop 628 3940 113 179 179
trop 660 3940 113 179 179
trop 692 3940 113 179 179
trop 724 3940 113 179 179
trop 756 3940 113 179 179
trop 788 3940 113 179 179
trop 820 3940 113 179 179
trop 852 3940 113 179 179
trop 884 3940 113 179 179
trop 916 3940 113 179 179
trop 948 3940 113 179 179
trop 980 3940 113 179 179
trop 1012 3940 113 179 179
trop 1044 3940 113 179 179
trop 1076 3940 113 179 179
trop 1108 3940 113 179 179
trop 1140 3940 113 179 179
trop 1172 3940 113 179 179
trop 1204 3940 113 179 179
trop 1236 3940 113 179 179
trop 1268 3940 113 179 179
trop 1300 3940 113 179 179
trop 1332 3940 113 179 179
trop 1364 3940 113 179 179
trop 1396 3940 113 179 179
trop 1428 3940 113 179 179
trop 1460 3940 113 179 179
trop 1492 3940 113 179 179
trop 1524 3940 113 179 179
trop 1556 3940 113 179 179
trop 1588 3940 113 179 179
trop 1620 3940 113 179 179
trop 1652 3940 113 179 179
trop 1684 3940 113 179 179
trop 1716 3940 113 179 179
trop 1748 3940 113 179 179
trop 1780 3940 113 179 179
trop 1812 3940 113 179 179
trop 1844 3940 113 179 179
trop 1876 3940 113 179 179
trop 1908 3940 113 179 179
trop 1940 3940 113 179 179
trop 1972 3940 113 179 179
trop 2004 3940 113 179 179
trop 2036 3940 113 179 179
trop 2068 3940 113 179 179
trop 2100 3940 113 179 179
trop 2116 3940 113 179 179
trop 2164 3940 113 179 179
trop 2148 3940 113 179 179
trop 2196 3940 113 179 179
trop 2228 3940 113 179 179
trop 2260 3940 113 179 179
trop 2292 3940 113 179 179
trop 2324 3940 113 179 179
trop 2356 3940 113 179 179
trop 2388 3940 113 179 179
trop 2420 3940 113 179 179
trop 2452 3940 113 179 179
trop 2484 3940 113 179 179
trop 2516 3940 113 179 179
trop 2548 3940 113 179 179
trop 2580 3940 113 179 179
trop 2612 3940 113 179 179
trop 2644 3940 113 179 179
trop 2676 3940 113 179 179
trop 2708 3940 113 179 179
trop 2740 3940 113 179 179
trop 2772 3940 113 179 179
trop 2804 3940 113 179 179
trop 2836 3940 113 179 179
trop 2868 3940 113 179 179
trop 2900 3940 113 179 179
trop 2932 3940 113 179 179
trop 2964 3940 113 179 179
trop 2996 3940 113 179 179
trop 3028 3940 113 179 179
trop 3060 3940 113 179 179
trop 3092 3940 113 179 179
trop 3124 3940 113 179 179
trop 3156 3940 113 179 179
trop 3188 3940 113 179 179
trop 3220 3940 113 179 179
trop 3252 3940 113 179 179
trop 3284 3940 113 179 179
trop 3316 3940 113 179 179
trop 3348 3940 113 179 179
trop 3380 3940 113 179 179
trop 3412 3940 113 179 179
trop 3444 3940 113 179 179
trop 3476 3940 113 179 179
trop 3508 3940 113 179 179
trop 3540 3940 113 179 179
trop 3572 3940 113 179 179
trop 3604 3940 113 179 179
trop 3636 3940 113 179 179
trop 3668 3940 113 179 179
trop 3700 3940 113 179 179
trop 3732 3940 113 179 179
trop 3764 3940 113 179 179
trop 3796 3940 113 179 179
trop 3828 3940 113 179 179
trop 3860 3940 113 179 179
trop 3892 3940 113 179 179
trop 3924 3940 113 179 179
trop 3956 3940 113 179 179
trop 3988 3940 113 179 179
trop 4020 3940 113 179 179
trop 4052 3940 113 179 179
tree 3272 4024 10 0 179
tree 152 4056 20 0 179
tree 312 4056 19 0 179
tree 296 4056 25 0 179
tree 696 4056 16 0 179
trop 1226 4034 97 179 179
trop 1370 4034 97 179 179
trop 1612 4036 90 179 179
trop 1692 4036 97 179 179
trop 1708 4036 97 179 179
trop 1756 4036 97 179 179
trop 1764 4052 97 179 179
trop 1884 4044 97 179 179
trop 1964 4052 90 179 179
trop 2092 4052 93 179 179
trop 2124 4052 97 179 179
trop 2180 4052 97 179 179
trop 2252 4060 97 179 179
trop 2284 4052 97 179 179
trop 2316 4052 97 179 179
trop 2372 4052 97 179 179
trop 2404 4060 97 179 179
trop 2508 4052 97 179 179
dom 2784 4042 247 0 179
tree 3224 4040 10 0 179
tree 3480 4040 4 0 179
tree 3960 4040 26 0 179
tree 3944 4040 26 0 179
tree 232 4072 19 0 179
tree 248 4088 25 0 179
tree 264 4072 26 0 179
tree 296 4072 35 0 179
tree 312 4072 10 0 179
tree 328 4088 21 0 179
tree 360 4072 21 0 179
tree 376 4088 26 0 179
tree 392 4072 16 0 179
tree 408 4088 35 0 179
tree 440 4088 16 0 179
trop 996 4076 202 179 179
trop 1162 4082 95 179 179
trop 1330 4082 95 179 179
trop 1474 4074 95 179 179
trop 1548 4068 95 179 179
trop 1644 4092 100 179 179
trop 2172 4084 95 179 179
trop 2388 4084 95 179 179
trop 2604 4084 101 179 179
stand 2680 4082 163 0 179
stand 2712 4066 162 0 179
stand 2728 4082 161 0 179
trop 2724 4084 202 179 179
trop 2892 4078 8 179 179
tree 2952 4082 12 0 179
tree 3432 4088 6 0 179
tree 3448 4072 9 0 179
tree 3512 4088 4 0 179
tree 3544 4072 19 0 179
tree 3528 4088 24 0 179
tree 3624 4088 26 0 179
tree 3720 4088 13 0 179
tree 3736 4088 10 0 179
