dom 384 192 1 0 179
dom 704 192 67 0 179
dom 800 192 70 0 179
dom 960 192 71 0 179
dom 1568 192 74 0 179
dom 224 224 0 0 179
dom 512 224 2 0 179
dom 640 224 66 0 179
dom 1376 224 73 0 179
dom 1728 224 75 0 179
dom 1152 256 72 0 179
dom 192 416 76 0 179
dom 704 416 78 0 179
dom 1376 416 82 0 179
dom 1632 416 83 0 179
dom 1920 416 84 0 179
dom 448 448 77 0 179
dom 896 448 79 0 179
dom 1120 448 80 0 179
dom 1216 448 81 0 179
dom 1696 608 100 0 179
dom 1376 640 98 0 179
dom 1536 640 99 0 179
dom 608 672 87 0 179
dom 800 672 88 0 179
dom 1184 672 97 0 179
dom 1856 672 103 0 179
dom 1984 672 116 0 179
dom 288 704 85 0 179
dom 480 704 86 0 179
dom 992 704 90 0 179
dom 1888 832 133 0 179
dom 1024 864 126 0 179
dom 1152 864 128 0 179
dom 1312 864 129 0 179
dom 1440 864 130 0 179
dom 1600 864 131 0 179
dom 1728 864 132 0 179
dom 640 896 123 0 179
dom 768 896 124 0 179
dom 896 896 125 0 179
dom 320 928 119 0 179
dom 480 928 122 0 179
dom 224 960 117 0 179
dom 1216 1056 141 0 179
dom 1568 1056 143 0 179
dom 1792 1056 154 0 179
dom 1952 1056 155 0 179
dom 2144 1056 156 0 179
dom 384 1088 136 0 179
dom 704 1088 138 0 179
dom 896 1088 139 0 179
dom 1088 1088 140 0 179
dom 1440 1088 142 0 179
dom 192 1120 134 0 179
dom 288 1120 135 0 179
dom 544 1120 137 0 179
dom 224 1312 157 0 179
dom 384 1312 158 0 179
dom 1088 1312 162 0 179
dom 1664 1312 167 0 179
dom 1792 1312 168 0 179
dom 576 1344 159 0 179
dom 928 1344 161 0 179
dom 1216 1344 163 0 179
dom 1344 1344 164 0 179
dom 1472 1344 165 0 179
dom 1568 1344 166 0 179
dom 1952 1344 169 0 179
dom 2048 1344 170 0 179
dom 768 1376 160 0 179
dom 1760 1472 181 0 179
dom 2272 1472 184 0 179
dom 1504 1504 179 0 179
dom 1632 1504 180 0 179
dom 2144 1504 183 0 179
dom 608 1536 174 0 179
dom 800 1536 175 0 179
dom 928 1536 176 0 179
dom 1120 1536 177 0 179
dom 1312 1536 178 0 179
dom 1952 1536 182 0 179
dom 480 1568 173 0 179
dom 224 1600 171 0 179
dom 352 1600 172 0 179
dom 1984 1696 196 0 179
dom 672 1728 188 0 179
dom 768 1728 189 0 179
dom 928 1728 190 0 179
dom 1152 1728 191 0 179
dom 1280 1728 192 0 179
dom 1408 1728 193 0 179
dom 1600 1728 194 0 179
dom 1792 1728 195 0 179
dom 2208 1728 197 0 179
dom 2400 1728 198 0 179
dom 224 1792 185 0 179
dom 352 1792 186 0 179
dom 544 1792 187 0 179
dom 544 1952 203 0 179
dom 1920 1952 217 0 179
dom 2048 1952 218 0 179
dom 2176 1952 219 0 179
dom 2240 1952 220 0 179
dom 2368 1952 221 0 179
dom 2464 1952 222 0 179
dom 2592 1952 223 0 179
dom 288 1984 200 0 179
dom 384 1984 201 0 179
dom 480 1984 202 0 179
dom 640 1984 204 0 179
dom 736 1984 205 0 179
dom 832 1984 206 0 179
dom 928 1984 207 0 179
dom 1024 1984 208 0 179
dom 1120 1984 209 0 179
dom 1184 1984 210 0 179
dom 1280 1984 211 0 179
dom 1376 1984 212 0 179
dom 1472 1984 213 0 179
dom 1600 1984 214 0 179
dom 1696 1984 215 0 179
dom 1792 1984 216 0 179
dom 224 2016 199 0 179
dom 800 2144 228 0 179
dom 960 2144 229 0 179
dom 1504 2144 232 0 179
dom 1664 2144 233 0 179
dom 2208 2144 236 0 179
dom 2400 2144 237 0 179
dom 2592 2144 238 0 179
dom 544 2176 226 0 179
dom 672 2176 227 0 179
dom 1152 2176 230 0 179
dom 1312 2176 231 0 179
dom 1856 2176 234 0 179
dom 2048 2176 235 0 179
dom 224 2208 224 0 179
dom 384 2208 225 0 179
dom 2368 2368 253 0 179
dom 2528 2368 254 0 179
dom 224 2400 239 0 179
dom 1248 2400 244 0 179
dom 1408 2400 245 0 179
dom 1536 2400 246 0 179
dom 1632 2400 247 0 179
dom 2016 2400 251 0 179
dom 2208 2400 252 0 179
dom 2720 2400 255 0 179
dom 864 2432 242 0 179
dom 1056 2432 243 0 179
dom 1760 2432 248 0 179
dom 1888 2432 250 0 179
dom 480 2464 240 0 179
dom 640 2464 241 0 179
dom 224 2624 256 0 179
dom 704 2624 262 0 179
dom 1888 2624 272 0 179
dom 2016 2624 275 0 179
dom 544 2656 260 0 179
dom 1024 2656 267 0 179
dom 1248 2656 268 0 179
dom 1376 2656 269 0 179
dom 2176 2656 276 0 179
dom 2336 2656 277 0 179
dom 2784 2656 279 0 179
dom 416 2688 258 0 179
dom 832 2688 265 0 179
dom 1536 2688 270 0 179
dom 1728 2688 271 0 179
dom 2560 2688 278 0 179
dom 256 2720 257 0 179
dom 544 2720 259 0 179
dom 736 2752 263 0 179
dom 672 2784 261 0 179
dom 832 2784 264 0 179
dom 1920 2784 273 0 179
dom 2080 2784 274 0 179
dom 1952 3072 280 0 179
dom 2144 3072 281 0 179
dom 2336 3072 282 0 179
dom 1920 3264 283 0 179
dom 2432 3328 285 0 179
dom 2176 3392 284 0 179
dom 2464 3456 292 0 179
dom 1888 3520 286 0 179
dom 2208 3584 289 0 179
dom 2400 3616 291 0 179
dom 2592 3648 295 0 179
dom 2208 3712 288 0 179
dom 1920 3744 287 0 179
dom 2368 3744 290 0 179
dom 2560 3776 293 0 179
dom 2848 3936 299 0 179
dom 1824 3968 296 0 179
dom 2752 3968 298 0 179
dom 2304 4000 295 0 179
dom 2464 4000 296 0 179
dom 2624 4000 297 0 179
dom 2112 4032 294 0 179
dom 1792 4160 301 0 179
dom 2656 4192 314 0 179
dom 2912 4192 318 0 179
dom 3040 4192 320 0 179
dom 2400 4224 309 0 179
dom 2816 4224 315 0 179
dom 2048 4256 302 0 179
dom 2208 4256 306 0 179
dom 2528 4256 311 0 179
dom 3040 4256 319 0 179
dom 2912 4288 317 0 179
dom 2144 4320 304 0 179
dom 2656 4320 313 0 179
dom 2560 4352 310 0 179
dom 2816 4352 316 0 179
dom 2368 4384 308 0 179
dom 1888 4416 300 0 179
dom 2272 4416 307 0 179
dom 2048 4448 303 0 179
dom 2496 4448 312 0 179
dom 2176 4480 305 0 179
dom 1792 4640 390 0 179
dom 2144 4640 392 0 179
dom 2336 4672 393 0 179
dom 1984 4704 391 0 179
