dom 10112 192 129 0 179
dom 11136 192 483 0 179
dom 9472 224 41 0 179
dom 9728 224 102 0 179
dom 9952 224 128 0 179
dom 10304 224 280 0 179
dom 10592 224 430 0 179
dom 10752 224 431 0 179
dom 9312 256 40 0 179
dom 10976 256 482 0 179
dom 9728 320 101 0 179
dom 9952 320 127 0 179
dom 10144 320 130 0 179
dom 9504 352 42 0 179
dom 10336 352 279 0 179
dom 10656 352 429 0 179
dom 11136 352 484 0 179
dom 10784 384 432 0 179
dom 9312 416 39 0 179
dom 11040 416 481 0 179
dom 9952 448 126 0 179
dom 10144 448 131 0 179
dom 9760 480 100 0 179
dom 10336 480 281 0 179
dom 10656 480 428 0 179
dom 11008 480 480 0 179
dom 11136 480 485 0 179
dom 9344 512 38 0 179
dom 9472 512 43 0 179
dom 11008 544 479 0 179
dom 11136 544 507 0 179
dom 9760 576 99 0 179
dom 9984 576 125 0 179
dom 9472 608 44 0 179
dom 10144 608 521 0 179
dom 10688 608 427 0 179
dom 10848 608 433 0 179
dom 11008 608 478 0 179
dom 11136 608 508 0 179
dom 9312 640 37 0 179
dom 10368 640 282 0 179
dom 10784 672 434 0 179
dom 11104 672 509 0 179
dom 11008 704 477 0 179
dom 11136 704 510 0 179
dom 9280 736 36 0 179
dom 9536 736 45 0 179
dom 9760 736 98 0 179
dom 9984 736 124 0 179
dom 10144 736 278 0 179
dom 10688 736 426 0 179
dom 10816 768 435 0 179
dom 11008 800 476 0 179
dom 11104 800 511 0 179
dom 10400 832 283 0 179
dom 10720 832 425 0 179
dom 9312 864 35 0 179
dom 9472 864 46 0 179
dom 10144 864 277 0 179
dom 11136 864 512 0 179
dom 9984 896 123 0 179
dom 10816 896 436 0 179
dom 9280 960 34 0 179
dom 9760 960 97 0 179
dom 10400 960 284 0 179
dom 11008 960 475 0 179
dom 11136 960 513 0 179
dom 10848 992 499 0 179
dom 9280 1024 33 0 179
dom 10176 1024 276 0 179
dom 10720 1024 424 0 179
dom 11136 1024 514 0 179
dom 9984 1056 122 0 179
dom 9472 1088 47 0 179
dom 10400 1088 285 0 179
dom 10848 1088 500 0 179
dom 11008 1088 474 0 179
dom 9280 1120 32 0 179
dom 10720 1120 423 0 179
dom 9696 1152 96 0 179
dom 9920 1184 121 0 179
dom 10144 1184 275 0 179
dom 10848 1184 501 0 179
dom 9280 1216 31 0 179
dom 10400 1216 286 0 179
dom 10624 1216 422 0 179
dom 11040 1216 473 0 179
dom 11232 1248 515 0 179
dom 9248 1280 30 0 179
dom 9504 1280 48 0 179
dom 11008 1280 472 0 179
dom 9888 1312 120 0 179
dom 10848 1312 502 0 179
dom 9728 1344 95 0 179
dom 10176 1344 274 0 179
dom 10400 1344 287 0 179
dom 11040 1344 471 0 179
dom 9280 1376 29 0 179
dom 10624 1376 421 0 179
dom 9472 1408 49 0 179
dom 11008 1408 470 0 179
dom 11232 1408 516 0 179
dom 9696 1440 94 0 179
dom 10848 1440 503 0 179
dom 9248 1472 28 0 179
dom 9888 1472 119 0 179
dom 10400 1472 288 0 179
dom 10112 1504 273 0 179
dom 11200 1504 517 0 179
dom 9472 1536 50 0 179
dom 10624 1536 420 0 179
dom 10880 1536 504 0 179
dom 11040 1536 469 0 179
dom 9248 1568 27 0 179
dom 11200 1568 518 0 179
dom 9696 1600 93 0 179
dom 10400 1600 289 0 179
dom 10624 1600 419 0 179
dom 10848 1600 505 0 179
dom 9248 1632 26 0 179
dom 9440 1632 51 0 179
dom 10112 1632 272 0 179
dom 11040 1632 468 0 179
dom 10848 1664 506 0 179
dom 9248 1696 25 0 179
dom 9888 1696 118 0 179
dom 11040 1696 467 0 179
dom 11200 1696 519 0 179
dom 9440 1728 52 0 179
dom 10624 1728 418 0 179
dom 9664 1760 92 0 179
dom 10432 1760 290 0 179
dom 10816 1760 343 0 179
dom 11040 1760 467 0 179
dom 9280 1824 24 0 179
dom 9440 1824 53 0 179
dom 10112 1824 271 0 179
dom 10592 1824 417 0 179
dom 11200 1824 520 0 179
dom 9696 1888 91 0 179
dom 9888 1888 117 0 179
dom 10432 1888 291 0 179
dom 10880 1888 344 0 179
dom 11040 1888 466 0 179
dom 9440 1952 54 0 179
dom 9664 1952 90 0 179
dom 11264 1952 437 0 179
dom 9280 1984 23 0 179
dom 10112 1984 270 0 179
dom 10624 1984 416 0 179
dom 9888 2016 116 0 179
dom 10816 2016 345 0 179
dom 11040 2016 465 0 179
dom 9248 2048 21 0 179
dom 9472 2048 55 0 179
dom 9664 2048 88 0 179
dom 10432 2048 292 0 179
dom 11168 2048 396 0 179
dom 11040 2080 464 0 179
dom 9248 2112 20 0 179
dom 9664 2144 87 0 179
dom 9888 2144 115 0 179
dom 10880 2144 346 0 179
dom 9440 2176 56 0 179
dom 10112 2176 269 0 179
dom 11040 2176 463 0 179
dom 11200 2176 395 0 179
dom 10624 2208 415 0 179
dom 10880 2208 347 0 179
dom 9248 2240 19 0 179
dom 10432 2240 293 0 179
dom 9664 2272 86 0 179
dom 11008 2272 462 0 179
dom 9248 2304 18 0 179
dom 9472 2304 57 0 179
dom 9888 2304 114 0 179
dom 10880 2336 350 0 179
dom 11200 2336 394 0 179
dom 9248 2368 17 0 179
dom 9664 2368 85 0 179
dom 10112 2368 268 0 179
dom 10400 2368 294 0 179
dom 11008 2368 461 0 179
dom 9504 2400 58 0 179
dom 11008 2432 460 0 179
dom 9664 2464 84 0 179
dom 9888 2464 113 0 179
dom 10400 2464 295 0 179
dom 11200 2464 393 0 179
dom 9248 2496 16 0 179
dom 9472 2496 59 0 179
dom 10112 2496 267 0 179
dom 10528 2496 414 0 179
dom 10880 2496 351 0 179
dom 11008 2496 459 0 179
dom 11008 2560 458 0 179
dom 11232 2560 392 0 179
dom 9248 2592 15 0 179
dom 9664 2592 83 0 179
dom 10816 2592 352 0 179
dom 9472 2624 60 0 179
dom 10144 2624 266 0 179
dom 10400 2624 296 0 179
dom 11008 2624 457 0 179
dom 11200 2624 391 0 179
dom 9856 2656 112 0 179
dom 10592 2656 413 0 179
dom 9248 2688 14 0 179
dom 10816 2688 353 0 179
dom 11008 2688 456 0 179
dom 11200 2688 390 0 179
dom 10592 2720 412 0 179
dom 9248 2752 13 0 179
dom 9472 2752 61 0 179
dom 9632 2752 82 0 179
dom 11008 2752 455 0 179
dom 10112 2784 265 0 179
dom 11200 2784 389 0 179
dom 9856 2816 111 0 179
dom 10432 2816 297 0 179
dom 10592 2816 411 0 179
dom 11008 2816 454 0 179
dom 9248 2848 12 0 179
dom 10848 2848 354 0 179
dom 9472 2880 62 0 179
dom 11008 2880 453 0 179
dom 11200 2880 388 0 179
dom 9248 2912 11 0 179
dom 10080 2912 264 0 179
dom 10592 2912 410 0 179
dom 9664 2944 80 0 179
dom 9472 2976 63 0 179
dom 9824 2976 110 0 179
dom 10432 2976 298 0 179
dom 10976 2976 452 0 179
dom 11200 2976 387 0 179
dom 9248 3008 10 0 179
dom 10592 3008 409 0 179
dom 10816 3008 355 0 179
dom 9408 3072 64 0 179
dom 9664 3072 79 0 179
dom 11200 3072 386 0 179
dom 9248 3104 9 0 179
dom 10080 3104 263 0 179
dom 10240 3104 402 0 179
dom 10400 3104 299 0 179
dom 10976 3104 451 0 179
dom 9824 3136 109 0 179
dom 10592 3136 408 0 179
dom 10848 3136 356 0 179
dom 10976 3168 450 0 179
dom 11168 3168 373 0 179
dom 9248 3200 8 0 179
dom 9408 3200 65 0 179
dom 9632 3200 78 0 179
dom 10048 3232 262 0 179
dom 11136 3232 372 0 179
dom 9248 3264 7 0 179
dom 9824 3264 108 0 179
dom 10432 3264 300 0 179
dom 10880 3264 357 0 179
dom 10976 3264 449 0 179
dom 9408 3296 66 0 179
dom 10272 3296 401 0 179
dom 10592 3296 407 0 179
dom 9216 3328 6 0 179
dom 9632 3360 77 0 179
dom 10048 3360 261 0 179
dom 11008 3360 448 0 179
dom 11168 3360 371 0 179
dom 9440 3392 67 0 179
dom 10880 3392 438 0 179
dom 9856 3424 107 0 179
dom 11008 3424 447 0 179
dom 9216 3456 5 0 179
dom 10432 3456 348 0 179
dom 10624 3456 406 0 179
dom 11168 3456 370 0 179
dom 9408 3488 68 0 179
dom 9632 3488 76 0 179
dom 10048 3488 260 0 179
dom 10240 3488 400 0 179
dom 11008 3520 446 0 179
dom 10624 3552 405 0 179
dom 9248 3584 4 0 179
dom 9824 3584 106 0 179
dom 10880 3584 439 0 179
dom 9376 3616 69 0 179
dom 9632 3616 75 0 179
dom 10432 3616 349 0 179
dom 10976 3616 445 0 179
dom 9952 3648 259 0 179
dom 10240 3648 399 0 179
dom 11200 3648 369 0 179
dom 9280 3680 3 0 179
dom 9824 3680 105 0 179
dom 10656 3680 404 0 179
dom 10816 3680 442 0 179
dom 9632 3744 74 0 179
dom 9248 3776 2 0 179
dom 9408 3776 70 0 179
dom 9792 3776 104 0 179
dom 11008 3776 444 0 179
dom 11200 3776 368 0 179
dom 9600 3808 73 0 179
dom 10240 3808 398 0 179
dom 10400 3808 397 0 179
dom 10848 3808 441 0 179
dom 10656 3840 403 0 179
dom 9248 3872 1 0 179
dom 9984 3872 258 0 179
dom 9408 3904 71 0 179
dom 9600 3904 72 0 179
dom 9792 3904 103 0 179
dom 10848 3904 440 0 179
dom 10976 3904 443 0 179
dom 9408 6368 493 0 179
dom 9728 6368 498 0 179
dom 6848 6400 80 0 179
dom 7136 6400 82 0 179
dom 7360 6400 83 0 179
dom 7008 6432 79 0 179
dom 7712 6432 295 0 179
dom 7904 6432 296 0 179
dom 8064 6432 297 0 179
dom 8512 6432 433 0 179
dom 9024 6432 492 0 179
dom 9216 6432 486 0 179
dom 9376 6496 492 0 179
dom 9536 6496 494 0 179
dom 8288 6528 432 0 179
dom 6816 6560 78 0 179
dom 7168 6592 84 0 179
dom 7328 6592 85 0 179
dom 8480 6592 431 0 179
dom 8832 6592 520 0 179
dom 9280 6592 487 0 179
dom 6976 6624 77 0 179
dom 7520 6624 348 0 179
dom 7712 6624 294 0 179
dom 8640 6624 519 0 179
dom 7936 6656 293 0 179
dom 9056 6656 488 0 179
dom 9728 6656 497 0 179
dom 8096 6688 292 0 179
dom 6816 6720 75 0 179
dom 9344 6720 491 0 179
dom 9536 6720 495 0 179
dom 7136 6752 86 0 179
dom 7296 6752 87 0 179
dom 8320 6752 429 0 179
dom 8480 6752 430 0 179
dom 6976 6784 76 0 179
dom 8640 6784 517 0 179
dom 8832 6784 518 0 179
dom 9024 6816 489 0 179
dom 9216 6816 490 0 179
dom 7616 6848 300 0 179
dom 7840 6848 291 0 179
dom 6848 6880 74 0 179
dom 7136 6880 88 0 179
dom 7296 6880 90 0 179
dom 7424 6880 349 0 179
dom 9440 6880 496 0 179
dom 6976 6912 73 0 179
dom 8480 6912 428 0 179
dom 8128 6944 290 0 179
dom 8320 6944 427 0 179
dom 8864 6944 516 0 179
dom 6816 7008 71 0 179
dom 7296 7008 91 0 179
dom 8672 7008 515 0 179
dom 8864 7008 513 0 179
dom 6976 7040 72 0 179
dom 7584 7040 299 0 179
dom 7904 7040 287 0 179
dom 8960 7040 514 0 179
dom 6400 7072 34 0 179
dom 7168 7072 92 0 179
dom 8064 7072 286 0 179
dom 8512 7104 426 0 179
dom 9088 7104 510 0 179
dom 6784 7136 69 0 179
dom 7808 7136 285 0 179
dom 8352 7136 425 0 179
dom 6272 7168 32 0 179
dom 6400 7168 33 0 179
dom 6944 7168 70 0 179
dom 8960 7168 508 0 179
dom 8640 7200 485 0 179
dom 8800 7200 484 0 179
dom 9248 7200 512 0 179
dom 7648 7232 298 0 179
dom 8960 7232 507 0 179
dom 9056 7232 509 0 179
dom 6272 7264 30 0 179
dom 6784 7264 68 0 179
dom 7200 7264 93 0 179
dom 8032 7264 283 0 179
dom 8480 7264 422 0 179
dom 9472 7264 190 0 179
dom 9888 7264 170 0 179
dom 6976 7296 67 0 179
dom 7808 7296 284 0 179
dom 9728 7296 173 0 179
dom 6432 7328 31 0 179
dom 8320 7328 424 0 179
dom 8576 7328 483 0 179
dom 8768 7328 482 0 179
dom 6272 7360 28 0 179
dom 9152 7360 511 0 179
dom 6784 7392 66 0 179
dom 7456 7392 400 0 179
dom 6976 7424 65 0 179
dom 8960 7424 479 0 179
dom 9472 7424 191 0 179
dom 9888 7424 169 0 179
dom 6432 7456 29 0 179
dom 7200 7456 94 0 179
dom 8320 7456 423 0 179
dom 8480 7456 421 0 179
dom 9120 7456 481 0 179
dom 9664 7456 172 0 179
dom 6272 7488 27 0 179
dom 6784 7488 63 0 179
dom 7776 7488 281 0 179
dom 8064 7488 282 0 179
dom 6944 7520 64 0 179
dom 8640 7520 476 0 179
dom 8800 7520 477 0 179
dom 8960 7520 478 0 179
dom 9088 7552 480 0 179
dom 9376 7552 192 0 179
dom 9856 7552 168 0 179
dom 6272 7584 26 0 179
dom 6464 7616 24 0 179
dom 8480 7616 418 0 179
dom 9248 7616 193 0 179
dom 9632 7616 171 0 179
dom 6784 7648 62 0 179
dom 6944 7648 61 0 179
dom 7488 7648 399 0 179
dom 7712 7648 398 0 179
dom 8288 7648 420 0 179
dom 6272 7680 25 0 179
dom 7200 7712 95 0 179
dom 7904 7712 279 0 179
dom 8064 7712 280 0 179
dom 8832 7712 474 0 179
dom 9024 7712 475 0 179
dom 9856 7744 167 0 179
dom 6240 7776 17 0 179
dom 6752 7776 59 0 179
dom 8320 7776 419 0 179
dom 8480 7776 417 0 179
dom 8736 7776 473 0 179
dom 9312 7776 163 0 179
dom 9600 7776 165 0 179
dom 6912 7808 60 0 179
dom 6464 7840 23 0 179
dom 7616 7840 397 0 179
dom 7168 7872 96 0 179
dom 8704 7872 472 0 179
dom 8864 7872 471 0 179
dom 8992 7872 470 0 179
dom 6240 7904 16 0 179
dom 6432 7936 21 0 179
dom 6784 7936 58 0 179
dom 7904 7936 277 0 179
dom 8096 7936 278 0 179
dom 6912 7968 57 0 179
dom 9312 7968 162 0 179
dom 9824 7968 166 0 179
dom 8448 8000 416 0 179
dom 9536 8000 164 0 179
dom 6272 8032 15 0 179
dom 6400 8032 20 0 179
dom 7456 8032 131 0 179
dom 7616 8032 521 0 179
dom 8736 8032 467 0 179
dom 8864 8032 468 0 179
dom 9024 8032 469 0 179
dom 6784 8064 55 0 179
dom 6912 8096 56 0 179
dom 7168 8096 97 0 179
dom 7968 8128 276 0 179
dom 9280 8128 161 0 179
dom 6272 8160 14 0 179
dom 7424 8160 129 0 179
dom 8768 8160 464 0 179
dom 8896 8160 463 0 179
dom 9760 8160 158 0 179
dom 6432 8192 19 0 179
dom 6720 8192 52 0 179
dom 7648 8192 130 0 179
dom 8160 8192 274 0 179
dom 9024 8192 462 0 179
dom 6912 8224 54 0 179
dom 9568 8224 159 0 179
dom 6240 8256 13 0 179
dom 8448 8256 415 0 179
dom 9280 8256 160 0 179
dom 7168 8288 98 0 179
dom 8672 8288 465 0 179
dom 8800 8288 459 0 179
dom 8896 8288 460 0 179
dom 6400 8320 18 0 179
dom 6720 8320 51 0 179
dom 6880 8320 53 0 179
dom 7648 8320 127 0 179
dom 7904 8320 275 0 179
dom 9024 8320 461 0 179
dom 9760 8320 157 0 179
dom 7392 8352 126 0 179
dom 9248 8352 150 0 179
dom 9504 8352 153 0 179
dom 6240 8416 12 0 179
dom 6368 8416 11 0 179
dom 8096 8416 273 0 179
dom 8672 8416 466 0 179
dom 8800 8416 458 0 179
dom 8896 8416 457 0 179
dom 7616 8448 125 0 179
dom 9024 8448 456 0 179
dom 9760 8448 156 0 179
dom 7136 8480 99 0 179
dom 8800 8480 453 0 179
dom 9248 8480 149 0 179
dom 9504 8480 152 0 179
dom 6336 8512 10 0 179
dom 6720 8512 49 0 179
dom 6912 8512 50 0 179
dom 7424 8512 124 0 179
dom 8896 8512 454 0 179
dom 8672 8544 442 0 179
dom 9024 8544 455 0 179
dom 7872 8576 271 0 179
dom 9728 8576 155 0 179
dom 8096 8608 272 0 179
dom 8800 8608 452 0 179
dom 9248 8608 148 0 179
dom 9504 8608 151 0 179
dom 6336 8640 9 0 179
dom 7616 8640 123 0 179
dom 8896 8640 451 0 179
dom 9056 8640 450 0 179
dom 7360 8672 121 0 179
dom 8384 8672 414 0 179
dom 8672 8672 441 0 179
dom 9696 8672 154 0 179
dom 6688 8704 48 0 179
dom 7168 8704 100 0 179
dom 6912 8736 47 0 179
dom 9024 8736 449 0 179
dom 9504 8736 147 0 179
dom 6368 8768 8 0 179
dom 8640 8768 440 0 179
dom 9248 8768 368 0 179
dom 8000 8800 269 0 179
dom 8768 8800 443 0 179
dom 8896 8800 444 0 179
dom 9696 8800 146 0 179
dom 7328 8832 120 0 179
dom 7808 8832 270 0 179
dom 9024 8832 448 0 179
dom 6624 8864 46 0 179
dom 7168 8864 101 0 179
dom 7584 8864 122 0 179
dom 8384 8864 413 0 179
dom 6368 8896 7 0 179
dom 6880 8896 45 0 179
dom 9696 8896 145 0 179
dom 9024 8928 447 0 179
dom 9216 8928 370 0 179
dom 9504 8928 142 0 179
dom 8384 8960 412 0 179
dom 8896 8960 445 0 179
dom 6304 8992 6 0 179
dom 8192 8992 409 0 179
dom 6848 9024 44 0 179
dom 7808 9024 267 0 179
dom 8000 9024 268 0 179
dom 9024 9024 446 0 179
dom 9696 9024 144 0 179
dom 7136 9056 102 0 179
dom 7296 9056 119 0 179
dom 8608 9056 438 0 179
dom 8768 9056 439 0 179
dom 6624 9088 43 0 179
dom 7008 9088 103 0 179
dom 7456 9088 118 0 179
dom 8384 9088 411 0 179
dom 9472 9120 141 0 179
dom 6304 9152 5 0 179
dom 8192 9152 408 0 179
dom 8832 9152 356 0 179
dom 9216 9152 369 0 179
dom 8384 9184 410 0 179
dom 9024 9184 357 0 179
dom 9728 9184 140 0 179
dom 6656 9216 42 0 179
dom 6848 9216 41 0 179
dom 8032 9216 266 0 179
dom 7040 9248 107 0 179
dom 7232 9248 104 0 179
dom 7808 9248 265 0 179
dom 8576 9248 502 0 179
dom 7456 9280 117 0 179
dom 8704 9280 504 0 179
dom 8864 9280 354 0 179
dom 8992 9280 355 0 179
dom 9696 9280 139 0 179
dom 6336 9312 4 0 179
dom 9472 9312 138 0 179
dom 6848 9344 40 0 179
dom 8192 9344 407 0 179
dom 9184 9344 372 0 179
dom 7232 9376 105 0 179
dom 8352 9376 406 0 179
dom 8704 9376 505 0 179
dom 8832 9376 353 0 179
dom 8960 9376 352 0 179
dom 9312 9376 371 0 179
dom 6656 9408 37 0 179
dom 7488 9408 116 0 179
dom 7744 9408 264 0 179
dom 8576 9408 499 0 179
dom 9728 9408 137 0 179
dom 6336 9440 3 0 179
dom 7040 9440 108 0 179
dom 8000 9440 263 0 179
dom 8704 9440 503 0 179
dom 9184 9440 373 0 179
dom 8128 9472 405 0 179
dom 9472 9472 136 0 179
dom 6624 9504 36 0 179
dom 8288 9504 404 0 179
dom 8512 9504 436 0 179
dom 6848 9536 39 0 179
dom 7232 9536 106 0 179
dom 7488 9536 115 0 179
dom 9184 9536 386 0 179
dom 6336 9568 2 0 179
dom 8864 9568 347 0 179
dom 9696 9568 135 0 179
dom 7968 9600 262 0 179
dom 8480 9600 435 0 179
dom 8672 9600 501 0 179
dom 8992 9600 351 0 179
dom 9472 9600 390 0 179
dom 7008 9632 109 0 179
dom 6656 9664 35 0 179
dom 6816 9664 38 0 179
dom 7232 9664 110 0 179
dom 7456 9664 114 0 179
dom 7744 9664 259 0 179
dom 9152 9664 393 0 179
dom 9344 9664 392 0 179
dom 6336 9696 1 0 179
dom 8192 9696 402 0 179
dom 8320 9696 403 0 179
dom 8480 9696 434 0 179
dom 8864 9696 346 0 179
dom 9728 9696 134 0 179
dom 8640 9728 500 0 179
dom 9536 9728 391 0 179
dom 8000 9760 261 0 179
dom 8992 9760 350 0 179
dom 6336 9824 0 0 179
dom 6976 9824 111 0 179
dom 9152 9824 396 0 179
dom 9344 9824 395 0 179
dom 7200 9856 112 0 179
dom 7488 9856 113 0 179
dom 9504 9856 389 0 179
dom 9728 9856 133 0 179
dom 7776 9920 258 0 179
dom 8256 9920 401 0 179
dom 8608 9920 343 0 179
dom 8768 9920 344 0 179
dom 8896 9920 345 0 179
dom 8000 9952 260 0 179
dom 8512 9952 438 0 179
dom 9216 9952 437 0 179
dom 9408 9952 388 0 179
dom 9312 9984 394 0 179
dom 9728 9984 132 0 179
dom 9536 10016 387 0 179
