fre 3580 132 22 0 0
fre 3588 140 22 0 0
tree 3896 216 3 0 0
fre 3900 220 8 0 0
lay 5192 200 8 0 0
lay 312 280 5 0 0
tree 328 280 12 0 0
tree 3608 280 18 0 0
tree 3624 264 2 0 0
fre 3636 276 8 0 0
tree 3672 264 4 0 0
fre 3676 268 8 0 0
tree 3864 280 2 0 0
tree 3880 280 0 0 0
fre 3884 284 8 0 0
fre 3876 284 8 0 0
tree 3960 264 11 0 0
tree 4792 280 9 0 0
tree 328 312 11 0 0
tree 328 296 7 0 0
tree 344 296 7 0 0
tree 3560 296 12 0 0
tree 3720 312 13 0 0
tree 3832 296 19 0 0
fre 3828 300 8 0 0
fre 3836 292 8 0 0
tree 4808 296 6 0 0
tree 4920 312 11 0 0
tree 4984 296 17 0 0
lay 520 344 9 0 0
lay 1304 328 8 0 0
lay 1320 328 13 0 0
tree 3544 328 12 0 0
tree 3672 344 13 0 0
tree 3672 328 13 0 0
tree 3688 344 13 0 0
tree 3848 344 18 0 0
tree 3960 344 11 0 0
tree 4120 344 12 0 0
tree 4664 328 13 0 0
tree 4696 344 13 0 0
tree 4696 328 13 0 0
tree 5224 328 18 0 0
fre 2300 380 23 0 0
fre 2940 356 26 0 0
tree 3672 360 17 0 0
fre 3676 364 8 0 0
tree 3768 376 12 0 0
tree 4088 360 19 0 0
tree 4136 360 12 0 0
tree 4168 360 12 0 0
tree 4712 376 13 0 0
tree 4712 360 13 0 0
tree 2792 408 10 0 0
tree 2808 408 11 0 0
tree 3672 408 4 0 0
fre 3676 412 8 0 0
tree 3912 408 13 0 0
tree 4072 392 1 0 0
fre 4180 412 26 0 0
tree 4168 392 12 0 0
tree 4504 408 12 0 0
tree 4664 408 17 0 0
fre 4668 412 8 0 0
lay 4904 408 7 0 0
tree 5256 408 11 0 0
lay 5304 408 12 0 0
fre 2356 436 26 0 0
tree 2840 424 8 0 0
tree 3608 440 1 0 0
fre 3612 444 8 0 0
tree 3624 424 17 0 0
fre 3628 428 8 0 0
tree 3880 440 12 0 0
tree 4504 424 12 0 0
tree 4520 424 12 0 0
tree 4600 424 3 0 0
tree 4584 440 19 0 0
fre 4580 436 8 0 0
fre 4580 444 8 0 0
fre 4588 444 8 0 0
tree 4648 424 4 0 0
fre 4652 428 8 0 0
fre 4660 428 8 0 0
tree 5048 440 17 0 0
fre 2460 476 27 0 0
tree 3000 472 8 0 0
tree 3640 472 11 0 0
tree 3656 472 11 0 0
tree 4056 472 17 0 0
tree 4072 456 2 0 0
fre 4076 460 8 0 0
tree 4104 472 1 0 0
tree 4152 456 17 0 0
fre 4148 452 8 0 0
fre 4156 460 8 0 0
tree 4392 456 17 0 0
fre 4396 468 8 0 0
fre 4396 460 8 0 0
tree 4424 456 17 0 0
tree 5384 472 12 0 0
lay 776 504 7 0 0
tree 1240 504 13 0 0
tree 2984 488 12 0 0
tree 3656 488 11 0 0
tree 4040 504 12 0 0
tree 4536 504 2 0 0
fre 4540 508 8 0 0
tree 4616 488 12 0 0
tree 5272 488 0 0 0
lay 5448 504 11 0 0
tree 2984 536 10 0 0
tree 3000 536 10 0 0
tree 4024 520 12 0 0
tree 4056 520 12 0 0
tree 4040 520 12 0 0
tree 4392 520 1 0 0
fre 4388 516 8 0 0
fre 4396 516 8 0 0
fre 4396 524 8 0 0
tree 4424 536 19 0 0
tree 4520 536 17 0 0
fre 4524 532 8 0 0
lay 5160 536 9 0 0
tree 3000 552 11 0 0
stand 3480 568 18 1 0
fre 3476 556 3 0 0
tree 5032 568 8 0 0
tree 5304 568 5 0 0
tree 5384 552 4 0 0
tree 5480 568 13 0 0
tree 5528 552 19 0 0
lay 1048 600 4 0 0
tree 1080 600 12 0 0
lay 1064 600 13 0 0
lay 1064 584 11 0 0
cliff 3552 576 44 179 179
cliff 3648 576 43 179 179
tree 4424 584 13 0 0
tree 4456 600 13 0 0
tree 4520 584 19 0 0
fre 4524 588 8 0 0
fre 4524 580 8 0 0
fre 4516 588 8 0 0
fre 4684 580 22 0 0
tree 5032 584 6 0 0
lay 1048 616 7 0 0
cliff 3456 608 45 179 179
tree 4440 616 12 0 0
tree 4920 616 7 0 0
tree 4904 616 7 0 0
tree 5320 632 1 0 0
lay 6024 632 5 0 0
fre 6044 628 3 0 0
tree 1080 664 11 0 0
cliff 3488 640 44 179 179
cliff 3744 640 21 179 179
tree 4264 664 19 0 0
tree 5432 648 3 0 0
tree 5768 664 18 0 0
lay 3160 696 7 0 0
lay 3160 680 11 0 0
cliff 3744 672 34 179 179
tree 3944 680 19 0 0
fre 3996 700 8 0 0
fre 3980 700 8 0 0
tree 3992 680 15 0 0
tree 3992 696 18 0 0
tree 4184 680 1 0 0
fre 4188 684 8 0 0
dom 4288 672 9 0 0
tree 5608 680 18 0 0
cliff 3360 704 45 179 179
cliff 3392 704 45 179 179
tree 3992 712 17 0 0
dom 4064 704 21 0 0
dom 4128 704 7 0 0
dom 4192 704 15 0 0
dom 4224 704 8 0 0
dom 4288 704 3 0 0
tree 4328 728 17 0 0
fre 4332 732 8 0 0
dom 4352 704 7 0 0
dom 4448 704 9 0 0
fre 4468 716 32 0 0
tree 5400 712 12 0 0
tree 5544 728 17 0 0
tree 1416 760 14 0 0
tree 1416 744 17 0 0
trop 4156 764 48 0 0
dom 4416 736 8 0 0
fre 4764 764 26 0 0
tree 5352 744 18 0 0
tree 5592 744 13 0 0
stand 1176 792 92 1 0
vor 1196 796 32 0 0
tree 1384 792 3 0 0
tree 1384 776 11 0 0
fre 3324 780 5 0 0
cliff 3488 768 10 179 179
dom 3968 768 11 0 0
trop 4044 772 49 0 0
trop 4308 772 45 0 0
trop 4428 772 48 0 0
fre 740 828 11 0 0
lay 1272 808 7 0 0
lay 1256 808 6 0 0
vor 1252 828 2 0 0
tree 1288 808 8 0 0
lay 1480 824 11 0 0
cliff 3616 800 27 179 179
fre 3948 812 12 0 0
dom 4096 800 19 0 0
dom 4160 800 15 0 0
dom 4256 800 19 0 0
cliff 736 832 43 179 179
lay 776 856 5 0 0
tree 1512 840 11 0 0
tree 1970 850 19 0 0
tree 1986 850 20 0 0
tree 2274 850 15 0 0
tree 2328 856 11 0 0
fre 2340 836 26 0 0
fre 2348 836 23 0 0
fre 2388 860 22 0 0
tree 3320 840 6 0 0
cliff 3360 832 42 179 179
cliff 3584 832 19 179 179
stand 3880 856 15 0 0
fre 3916 852 8 0 0
fre 3916 860 8 0 0
tree 3912 856 14 0 0
tree 3976 856 12 0 0
fre 4196 844 12 0 0
dom 4288 832 17 0 0
fre 4324 836 15 0 0
dom 4480 832 10 0 0
tree 4520 856 15 0 0
tree 4520 840 3 0 0
fre 4524 860 8 0 0
fre 4524 844 8 0 0
lay 5880 840 7 0 0
stand 6328 856 91 1 0
lay 6456 856 3 0 0
fre 6444 844 5 0 0
cliff 608 864 45 179 179
fre 748 892 12 0 0
stand 760 888 34 0 0
tree 792 872 8 0 0
tree 1176 888 4 0 0
tree 1160 872 11 0 0
tree 1208 888 12 0 0
tree 1224 888 12 0 0
tree 1224 872 16 0 0
tree 1432 872 7 0 0
tree 1448 888 0 0 0
tree 1448 872 15 0 0
tree 1922 882 1 0 0
tree 1954 882 6 0 0
tree 1986 882 12 0 0
tree 2258 882 2 0 0
tree 2290 882 0 0 0
tree 2328 872 11 0 0
tree 2344 872 11 0 0
fre 2396 868 26 0 0
tree 2568 888 9 0 0
tree 2600 888 5 0 0
lay 2856 872 12 0 0
cliff 3328 864 41 179 179
cliff 3488 864 36 179 179
tree 3944 872 11 0 0
dom 4128 864 17 0 0
dom 4352 864 15 0 0
trop 4388 876 46 0 0
fre 4460 868 15 0 0
tree 5752 872 6 0 0
vor 6324 876 33 0 0
lay 696 920 11 0 0
lay 712 904 7 0 0
tree 712 920 7 0 0
lay 808 904 3 0 0
tree 1192 904 2 0 0
tree 1192 920 20 0 0
tree 1448 904 1 0 0
tree 1480 920 7 0 0
tree 1938 914 17 0 0
tree 1954 914 9 0 0
tree 1954 898 19 0 0
tree 1970 898 1 0 0
tree 2120 920 12 0 0
tree 2120 904 12 0 0
tree 2258 914 19 0 0
tree 2258 898 8 0 0
tree 2242 898 15 0 0
tree 2274 914 19 0 0
tree 2290 914 0 0 0
tree 2290 898 19 0 0
tree 2408 904 12 0 0
tree 2530 914 1 0 0
tree 2530 898 20 0 0
tree 2600 904 12 0 0
tree 2648 920 13 0 0
tree 2664 920 13 0 0
tree 2680 904 12 0 0
fre 3228 900 8 0 0
fre 3220 908 8 0 0
fre 3228 908 8 0 0
tree 3224 904 5 0 0
stand 3240 920 21 0 0
tree 3336 920 8 0 0
stand 3992 904 21 0 0
trop 4036 916 40 0 0
dom 4288 896 23 0 0
dom 4448 896 19 0 0
dom 4480 896 18 0 0
fre 6204 916 7 0 0
zabor 6544 912 104 2 8
zabor 6576 912 105 2 8
zabor 6608 912 105 2 8
cliff 544 928 45 179 179
fre 708 940 91 0 0
lay 728 936 5 0 0
tree 776 936 9 0 0
cliff 864 928 20 179 179
tree 1208 952 17 0 0
tree 1208 936 7 0 0
tree 1224 952 16 0 0
tree 1384 952 0 0 0
tree 1944 952 11 0 0
tree 2232 936 0 0 0
tree 2232 952 17 0 0
tree 2248 952 17 0 0
tree 2648 936 11 0 0
tree 2664 936 13 0 0
fre 3220 956 8 0 0
fre 3228 956 8 0 0
fre 3212 956 8 0 0
stand 3208 952 20 0 0
cliff 3392 928 29 179 179
cliff 3616 928 20 179 179
tree 3656 952 7 0 0
tree 3992 936 5 0 0
dom 4128 928 25 0 0
dom 4192 928 21 0 0
fre 4284 948 12 0 0
trop 4380 948 45 0 0
trop 4500 948 48 0 0
fre 5708 940 92 179 179
zabor 6448 944 105 2 8
zabor 6480 944 105 2 8
zabor 6512 944 105 2 8
zabor 6544 944 105 2 8
zabor 6608 944 104 2 8
cliff 832 960 0 179 179
lay 888 968 9 0 0
tree 1032 984 11 0 0
tree 1048 984 11 0 0
tree 1096 984 11 0 0
tree 1208 984 2 0 0
tree 1224 984 7 0 0
tree 1224 968 8 0 0
tree 1368 968 8 0 0
tree 1384 984 1 0 0
tree 1384 968 5 0 0
tree 1480 968 1 0 0
tree 1912 984 11 0 0
tree 2104 984 12 0 0
tree 2120 984 13 0 0
tree 2136 968 2 0 0
tree 2120 968 14 0 0
tree 2216 968 9 0 0
tree 2536 984 12 0 0
tree 2562 962 9 0 0
tree 2610 978 18 0 0
lay 3384 968 9 0 0
cliff 3456 960 13 179 179
cliff 3488 960 15 179 179
fre 3764 988 8 0 0
tree 3768 984 18 0 0
fre 3788 988 8 0 0
fre 3780 988 8 0 0
tree 3784 984 16 0 0
dom 3968 960 24 0 0
fre 4172 964 13 0 0
trop 4388 972 47 0 0
fre 5676 980 90 179 179
tree 5880 984 6 0 0
tree 5896 984 6 0 0
fre 6156 980 4 0 0
stand 6328 984 104 0 0
zabor 6416 976 105 2 8
zabor 6448 976 104 2 8
stand 6472 984 85 0 0
stand 6664 968 101 0 0
cliff 800 992 5 179 179
lay 840 1000 9 0 0
tree 1208 1016 6 0 0
tree 1208 1000 15 0 0
tree 1224 1016 6 0 0
tree 1336 1016 17 0 0
tree 1352 1000 17 0 0
tree 1496 1016 10 0 0
tree 1874 1010 14 0 0
tree 2066 1010 19 0 0
tree 2050 994 11 0 0
tree 2104 1000 14 0 0
tree 2136 1000 5 0 0
tree 2578 1010 13 0 0
tree 2578 994 1 0 0
lay 3512 1000 11 0 0
cliff 3552 992 29 179 179
cliff 3648 992 25 179 179
fre 3772 996 8 0 0
tree 3752 1016 3 0 0
tree 3768 1016 16 0 0
tree 3768 1000 9 0 0
fre 3788 1012 8 0 0
tree 3784 1000 13 0 0
dom 3872 992 10 0 0
fre 4180 1004 8 0 0
fre 4188 996 8 0 0
fre 4180 996 8 0 0
tree 4184 1000 19 0 0
fre 4252 1004 8 0 0
fre 4252 996 8 0 0
fre 4244 996 8 0 0
tree 4248 1000 3 0 0
tree 4280 1000 4 0 0
fre 4300 1020 8 0 0
tree 4328 1016 3 0 0
tree 4344 1000 4 0 0
fre 4324 1012 8 0 0
fre 4332 1020 8 0 0
fre 4332 1012 8 0 0
fre 4348 1004 8 0 0
fre 4348 996 8 0 0
lay 5560 1000 4 0 0
tree 5560 1000 8 0 0
tree 5576 1016 8 0 0
tree 5576 1000 8 0 0
tree 6072 1000 8 0 0
fre 6084 1012 4 0 0
fre 6092 1004 5 0 0
zabor 6416 1008 105 2 8
stand 6440 1000 105 0 0
stand 6472 1000 77 0 0
stand 6472 1016 77 0 0
stand 6520 1016 85 0 0
tree 968 1032 11 0 0
tree 968 1048 11 0 0
lay 1048 1032 7 0 0
tree 1336 1032 8 0 0
tree 1352 1048 13 0 0
tree 1528 1048 12 0 0
tree 1874 1026 12 0 0
tree 1928 1032 12 0 0
tree 2066 1042 17 0 0
tree 2050 1042 0 0 0
tree 2050 1026 8 0 0
tree 2066 1026 9 0 0
tree 2520 1048 17 0 0
tree 2536 1048 17 0 0
cliff 3616 1024 21 179 179
fre 3772 1036 8 0 0
fre 3764 1036 8 0 0
fre 3764 1044 8 0 0
tree 3752 1032 16 0 0
tree 3768 1032 18 0 0
fre 3780 1028 8 0 0
tree 3784 1032 19 0 0
fre 3860 1044 12 0 0
trop 3948 1028 45 0 0
dom 4128 1024 22 0 0
tree 4312 1048 18 0 0
tree 4312 1032 17 0 0
dom 4448 1024 25 0 0
fre 5740 1028 91 179 179
fre 6044 1028 11 0 0
zabor 6416 1040 105 2 8
zabor 6448 1040 104 2 8
stand 6488 1048 71 0 0
stand 6472 1032 77 0 0
stand 6472 1048 79 0 0
stand 6520 1032 77 0 0
stand 6520 1048 84 0 0
stand 6504 1048 71 0 0
cliff 480 1056 46 179 179
stand 1016 1064 16 0 0
fre 1028 1084 12 0 0
tree 1208 1080 5 0 0
tree 1224 1080 6 0 0
tree 1336 1064 16 0 0
tree 1336 1080 15 0 0
tree 1320 1080 13 0 0
tree 1352 1064 6 0 0
tree 1496 1080 0 0 0
tree 1528 1064 12 0 0
tree 2066 1058 5 0 0
tree 2440 1064 20 0 0
tree 2440 1080 8 0 0
tree 2456 1080 4 0 0
tree 2520 1080 19 0 0
tree 2706 1074 19 0 0
tree 2690 1074 7 0 0
tree 3314 1058 9 0 0
cliff 3354 1066 43 179 179
tree 3346 1074 12 0 0
tree 3416 1064 10 0 0
stand 3752 1080 21 0 0
dom 3936 1056 7 0 0
fre 4244 1076 8 0 0
fre 4252 1076 8 0 0
fre 4252 1084 8 0 0
tree 4248 1080 2 0 0
tree 4232 1080 1 0 0
fre 4500 1084 12 0 0
dom 4512 1056 16 0 0
fre 6236 1060 6 0 0
tree 6232 1064 6 0 0
stand 6312 1080 112 0 0
stand 6408 1080 65 0 0
zabor 6448 1072 104 2 8
cliff 800 1088 33 179 179
stand 984 1112 17 0 0
tree 1176 1112 12 0 0
tree 1192 1112 8 0 0
tree 1192 1096 16 0 0
tree 1208 1096 3 0 0
tree 1224 1096 18 0 0
tree 1336 1112 19 0 0
tree 1352 1112 8 0 0
tree 1448 1096 4 0 0
tree 1448 1112 12 0 0
tree 2226 1106 10 0 0
tree 2258 1106 12 0 0
tree 2242 1090 13 0 0
tree 2456 1096 2 0 0
tree 2472 1112 19 0 0
tree 2488 1112 18 0 0
tree 2504 1096 14 0 0
tree 2520 1096 5 0 0
tree 2632 1112 3 0 0
tree 2648 1112 8 0 0
tree 2674 1090 17 0 0
tree 3346 1090 13 0 0
fre 3908 1100 33 0 0
dom 3994 1098 15 0 0
trop 4036 1092 40 0 0
zabor 6448 1104 104 2 8
fre 6692 1108 12 0 0
dom 6752 1088 100 0 0
lay 472 1144 5 0 0
lay 472 1128 6 0 0
lay 456 1128 8 0 0
fre 1004 1140 16 0 0
fre 1052 1132 93 0 0
tree 1160 1128 15 0 0
tree 1176 1128 1 0 0
tree 1432 1144 13 0 0
tree 1416 1144 5 0 0
tree 1464 1144 13 0 0
tree 2226 1138 10 0 0
tree 2226 1122 12 0 0
tree 2258 1138 10 0 0
tree 2258 1122 11 0 0
cliff 3290 1130 46 179 179
stand 3314 1122 17 0 0
fre 3390 1142 15 0 0
cliff 3482 1130 30 179 179
tree 3458 1122 8 0 0
tree 3970 1138 17 0 0
dom 4442 1130 0 0 0
zabor 6448 1136 104 2 8
trop 6556 1124 45 0 0
trop 6596 1124 48 0 0
lay 6696 1144 3 0 0
stand 7224 1144 102 0 0
lay 792 1160 4 0 0
cliff 768 1152 3 179 179
stand 1144 1176 12 0 0
tree 1400 1160 6 0 0
fre 2276 1164 6 0 0
tree 2344 1160 12 0 0
fre 2884 1172 23 0 0
fre 2892 1172 22 0 0
tree 3298 1170 7 0 0
fre 3318 1158 10 0 0
fre 3356 1180 16 0 0
dom 4160 1152 4 0 0
dom 4256 1152 5 0 0
tree 4290 1170 14 0 0
dom 4378 1162 5 0 0
tree 4482 1170 16 0 0
tree 4498 1154 20 0 0
stand 6376 1160 66 0 0
zabor 6448 1168 104 2 8
trop 6508 1164 46 0 0
cliff 736 1184 4 179 179
fre 1108 1188 12 0 0
tree 1304 1192 10 0 0
tree 1320 1208 11 0 0
tree 1368 1192 8 0 0
tree 1368 1208 16 0 0
tree 1352 1208 4 0 0
tree 1464 1208 2 0 0
tree 1464 1192 13 0 0
tree 1480 1208 3 0 0
lay 1976 1208 8 0 0
lay 1992 1208 13 0 0
fre 1988 1196 6 0 0
fre 2198 1206 12 0 0
stand 2258 1202 12 1 0
fre 2286 1190 14 0 0
tree 2338 1186 9 0 0
tree 2520 1208 19 0 0
tree 2520 1192 4 0 0
fre 2892 1204 27 0 0
fre 2900 1188 28 0 0
stand 3298 1202 10 0 0
fre 3396 1204 9 0 0
stand 3442 1202 34 0 0
fre 3484 1212 5 0 0
fre 3502 1190 18 0 0
tree 3522 1186 10 0 0
stand 3640 1208 49 0 0
fre 3644 1196 8 0 0
tree 3640 1192 4 0 0
fre 3676 1188 8 0 0
fre 3676 1196 8 0 0
fre 3668 1188 8 0 0
tree 3672 1192 3 0 0
dom 3962 1194 12 0 0
tree 4402 1186 19 0 0
zabor 6448 1200 104 2 8
zabor 6480 1200 112 2 9
trop 6500 1212 46 0 0
zabor 6512 1200 112 2 9
zabor 6544 1200 104 2 8
dom 6592 1184 27 0 0
stand 6904 1208 98 1 0
cliff 704 1216 12 179 179
stand 1000 1224 33 0 0
tree 1336 1224 16 0 0
tree 1320 1224 14 0 0
tree 1320 1240 17 0 0
tree 1352 1224 13 0 0
tree 1432 1224 12 0 0
tree 1480 1224 11 0 0
tree 2162 1234 8 0 0
tree 2472 1224 10 0 0
tree 2472 1240 16 0 0
tree 2488 1240 3 0 0
tree 2504 1224 18 0 0
tree 2504 1240 10 0 0
tree 2520 1224 4 0 0
tree 2520 1240 4 0 0
fre 2932 1244 26 0 0
stand 3266 1218 18 0 0
fre 3438 1238 12 0 0
cliff 3578 1226 27 179 179
fre 3652 1220 8 0 0
fre 3660 1228 8 0 0
fre 3652 1228 8 0 0
tree 3656 1224 19 0 0
tree 3842 1234 10 0 0
trop 4060 1236 45 0 0
trop 4044 1228 44 0 0
trop 4172 1236 42 0 0
trop 4308 1228 41 0 0
trop 4460 1228 48 0 0
fre 4564 1244 16 0 0
dom 4608 1216 11 0 0
fre 4636 1228 12 0 0
stand 6376 1224 66 0 0
stand 6408 1224 65 0 0
zabor 6544 1232 105 2 8
zabor 6576 1232 105 2 8
zabor 6608 1232 104 2 8
zabor 6640 1232 104 2 8
zabor 6672 1232 104 2 8
zabor 6704 1232 105 2 8
zabor 6736 1232 105 2 8
zabor 6768 1232 105 2 8
stand 7224 1224 102 0 0
tree 904 1272 12 0 0
fre 1012 1276 12 0 0
tree 1304 1272 13 0 0
tree 1304 1256 1 0 0
tree 1288 1272 9 0 0
tree 2386 1266 12 0 0
tree 2488 1272 6 0 0
tree 2472 1256 7 0 0
tree 2488 1256 1 0 0
tree 2504 1256 20 0 0
tree 2504 1272 5 0 0
cliff 3258 1258 45 179 179
tree 3234 1266 6 0 0
fre 3294 1262 15 0 0
fre 3358 1254 13 0 0
fre 3518 1278 19 0 0
tree 3522 1250 9 0 0
fre 3964 1268 8 0 0
fre 3972 1260 8 0 0
fre 3972 1268 8 0 0
tree 3970 1266 16 0 0
dom 4704 1248 0 0 0
fre 4860 1260 8 0 0
fre 4860 1276 8 0 0
tree 4856 1256 15 0 0
tree 4856 1272 16 0 0
tree 6072 1272 8 0 0
lay 6088 1256 4 0 0
tree 6120 1272 9 0 0
fre 6452 1252 3 0 0
stand 6552 1256 105 0 0
zabor 6768 1264 104 2 8
fre 948 1284 16 0 0
tree 1160 1304 13 0 0
tree 1176 1304 12 0 0
tree 1256 1304 1 0 0
tree 1256 1288 16 0 0
cliff 2298 1290 43 179 179
fre 3238 1310 15 0 0
tree 3656 1304 8 0 0
stand 3954 1298 42 0 0
trop 4028 1300 47 0 0
tree 4120 1304 5 0 0
fre 4140 1292 8 0 0
fre 4132 1292 8 0 0
fre 4140 1284 8 0 0
fre 4132 1284 8 0 0
tree 4136 1288 4 0 0
fre 4238 1302 8 0 0
fre 4246 1294 8 0 0
fre 4246 1302 8 0 0
trop 4596 1300 45 0 0
trop 4700 1308 43 0 0
tree 6104 1288 11 0 0
lay 6456 1288 3 0 0
lay 6456 1304 2 0 0
trop 6500 1284 47 0 0
zabor 6768 1296 104 2 8
stand 7208 1304 98 0 0
tree 472 1320 11 0 0
stand 936 1320 10 1 0
tree 1144 1336 13 0 0
tree 1144 1320 13 0 0
tree 1176 1320 13 0 0
tree 1240 1320 10 0 0
tree 1256 1336 18 0 0
tree 1256 1320 3 0 0
tree 1272 1336 10 0 0
tree 1864 1336 8 0 0
cliff 2202 1322 45 179 179
lay 3080 1320 9 0 0
stand 3298 1330 11 0 0
fre 3340 1324 15 0 0
fre 3350 1326 11 0 0
fre 3342 1334 11 0 0
fre 3342 1326 11 0 0
cliff 3578 1322 36 179 179
fre 3836 1332 8 0 0
tree 3842 1330 2 0 0
tree 3874 1314 3 0 0
tree 3938 1330 5 0 0
tree 3970 1314 0 0 0
fre 4038 1334 19 0 0
dom 4256 1312 25 0 0
fre 4270 1326 17 0 0
dom 4320 1312 20 0 0
fre 4468 1340 8 0 0
fre 4476 1332 8 0 0
tree 4472 1336 14 0 0
dom 4448 1312 10 0 0
trop 4500 1324 46 0 0
stand 5480 1336 112 0 0
stand 5576 1336 66 0 0
stand 5944 1336 65 0 0
stand 6008 1336 66 0 0
stand 6088 1336 66 0 0
stand 6216 1336 65 0 0
stand 6360 1336 112 0 0
tree 6408 1336 6 0 0
lay 6456 1320 7 0 0
tree 6440 1336 8 0 0
trop 6500 1332 47 0 0
zabor 6768 1328 104 2 8
zabor 6800 1328 105 2 8
zabor 6832 1328 104 2 8
zabor 6864 1328 105 2 8
fre 452 1372 92 0 0
tree 472 1368 11 0 0
tree 488 1368 11 0 0
tree 856 1368 7 0 0
tree 1000 1368 5 0 0
tree 1176 1368 15 0 0
lay 1816 1352 8 0 0
lay 1832 1352 12 0 0
tree 1848 1368 9 0 0
fre 2980 1356 23 0 0
cliff 3226 1354 42 179 179
fre 3260 1348 0 0 0
fre 3326 1366 11 0 0
fre 3518 1358 28 0 0
fre 4062 1350 19 0 0
dom 4096 1344 20 0 0
trop 4172 1372 40 0 0
dom 4576 1344 12 0 0
stand 5352 1368 104 0 0
stand 5496 1352 112 0 0
lay 5528 1352 12 0 0
lay 5512 1352 7 0 0
stand 5640 1352 104 0 0
stand 5752 1352 104 0 0
stand 5848 1352 66 0 0
tree 440 1384 11 0 0
tree 872 1400 4 0 0
tree 872 1384 11 0 0
tree 952 1400 0 0 0
tree 1144 1400 0 0 0
tree 1128 1400 8 0 0
tree 1160 1384 14 0 0
lay 1896 1384 11 0 0
stand 2146 1378 34 0 0
fre 2180 1380 16 0 0
fre 2358 1398 17 0 0
cliff 2458 1386 27 179 179
fre 3366 1406 12 0 0
trop 3454 1382 5 0 0
tree 3762 1394 9 0 0
tree 3778 1378 8 0 0
trop 4004 1404 46 0 0
dom 4288 1376 23 0 0
dom 4320 1376 7 0 0
dom 4416 1376 24 0 0
fre 4620 1380 14 0 0
dom 4768 1376 25 0 0
trop 5348 1404 45 0 0
trop 5468 1404 48 0 0
trop 5492 1388 45 0 0
trop 5604 1388 48 0 0
trop 5644 1388 45 0 0
trop 5764 1388 48 0 0
trop 5820 1388 45 0 0
trop 5940 1388 48 0 0
trop 5980 1380 45 0 0
trop 6108 1380 41 0 0
trop 6284 1380 41 0 0
trop 6436 1380 48 0 0
tree 6744 1384 12 0 0
tree 888 1432 4 0 0
tree 888 1416 15 0 0
tree 936 1432 18 0 0
tree 952 1416 0 0 0
tree 968 1416 5 0 0
tree 984 1416 13 0 0
tree 1000 1416 0 0 0
tree 1112 1432 12 0 0
tree 1128 1432 1 0 0
tree 1128 1416 2 0 0
tree 1176 1432 5 0 0
tree 1160 1416 8 0 0
cliff 1888 1408 44 179 179
fre 2174 1414 14 0 0
fre 2172 1428 12 0 0
cliff 2266 1418 8 179 179
tree 2402 1426 9 0 0
tree 2434 1410 6 0 0
tree 2568 1416 5 0 0
fre 2572 1420 8 0 0
fre 3324 1436 6 0 0
stand 3314 1410 19 0 0
tree 3714 1410 10 0 0
tree 3794 1410 12 0 0
tree 3778 1410 10 0 0
dom 3930 1418 13 0 0
trop 4500 1436 42 0 0
trop 4708 1420 47 0 0
trop 5244 1420 45 0 0
trop 5396 1428 48 0 0
trop 5524 1428 45 0 0
trop 5636 1420 48 0 0
lay 5736 1432 11 0 0
trop 5780 1412 45 0 0
stand 5784 1432 104 0 0
stand 5848 1432 112 0 0
trop 5900 1412 48 0 0
stand 5960 1432 65 0 0
zabor 6064 1424 104 2 8
lay 6120 1416 9 0 0
fre 6116 1420 7 0 0
lay 6200 1416 6 0 0
lay 6232 1416 7 0 0
fre 6220 1420 5 0 0
lay 6424 1416 8 0 0
lay 6440 1432 7 0 0
lay 6440 1416 11 0 0
tree 6744 1416 4 0 0
tree 856 1464 19 0 0
tree 888 1448 17 0 0
tree 904 1464 16 0 0
tree 920 1448 13 0 0
tree 904 1448 1 0 0
tree 1112 1448 7 0 0
tree 1096 1464 2 0 0
tree 1208 1448 20 0 0
tree 1192 1464 8 0 0
tree 1192 1448 15 0 0
cliff 1824 1440 45 179 179
tree 2168 1464 13 0 0
lay 2296 1448 4 0 0
fre 2358 1446 18 0 0
stand 2690 1458 15 0 0
fre 2726 1462 13 0 0
tree 2770 1458 13 0 0
tree 2914 1458 8 0 0
tree 3144 1464 12 0 0
fre 3302 1462 17 0 0
trop 3636 1452 45 0 0
trop 3740 1468 43 0 0
tree 3874 1458 19 0 0
dom 4096 1440 6 0 0
trop 4252 1444 48 0 0
trop 4388 1444 45 0 0
trop 4612 1444 48 0 0
trop 4780 1452 45 0 0
trop 4876 1452 48 0 0
trop 4924 1444 45 0 0
trop 5076 1444 41 0 0
trop 5228 1444 48 0 0
trop 5268 1452 45 0 0
trop 5372 1444 48 0 0
lay 5432 1464 10 0 0
fre 5468 1452 7 0 0
stand 5496 1464 65 0 0
stand 5544 1464 104 0 0
lay 5592 1464 9 0 0
fre 5628 1460 9 0 0
fre 5636 1444 11 0 0
stand 5672 1464 104 0 0
lay 5704 1448 12 0 0
stand 5848 1464 78 0 0
stand 5832 1464 85 0 0
stand 5880 1464 82 0 0
stand 5864 1464 78 0 0
stand 5928 1448 66 0 0
zabor 6064 1456 104 2 8
zabor 6096 1456 104 2 8
zabor 6128 1456 105 2 8
zabor 6160 1456 104 2 8
zabor 6192 1456 104 2 8
zabor 6224 1456 105 2 8
zabor 6256 1456 104 2 8
zabor 6288 1456 105 2 8
zabor 6320 1456 104 2 8
zabor 6352 1456 104 2 8
zabor 6384 1456 104 2 8
zabor 6416 1456 105 2 8
zabor 6448 1456 104 2 8
zabor 6480 1456 105 2 8
zabor 6512 1456 105 2 8
tree 1064 1496 14 0 0
tree 1304 1496 13 0 0
cliff 2138 1482 42 179 179
fre 2204 1484 6 0 0
fre 2342 1486 18 0 0
cliff 2458 1482 35 179 179
tree 2642 1490 6 0 0
stand 2642 1474 19 1 0
dom 2842 1482 1 0 0
dom 2976 1472 1 0 0
tree 3362 1490 8 0 0
fre 3484 1492 6 0 0
stand 3682 1490 18 0 0
stand 3826 1474 15 0 0
tree 3848 1496 20 0 0
fre 3852 1500 8 0 0
fre 3932 1500 8 0 0
tree 3922 1490 15 0 0
fre 3940 1500 8 0 0
fre 3940 1492 8 0 0
tree 3938 1490 14 0 0
fre 4060 1484 8 0 0
tree 4056 1480 2 0 0
tree 4392 1480 2 0 0
fre 4428 1500 8 0 0
tree 4424 1496 1 0 0
dom 4480 1472 19 0 0
dom 4576 1472 15 0 0
tree 4904 1496 17 0 0
tree 4952 1496 18 0 0
tree 4984 1496 18 0 0
tree 5016 1496 4 0 0
stand 5048 1496 28 0 0
tree 5048 1496 3 0 0
tree 5096 1496 2 0 0
tree 5144 1496 1 0 0
tree 5192 1496 0 0 0
tree 5224 1496 2 0 0
tree 5256 1496 3 0 0
tree 5288 1496 4 0 0
stand 5368 1496 26 0 0
stand 5432 1496 66 0 0
fre 5572 1476 4 0 0
stand 5608 1480 112 0 0
stand 5832 1496 77 0 0
stand 5832 1480 69 0 0
trop 6004 1492 40 0 0
zabor 6064 1488 105 2 8
zabor 6128 1488 104 2 8
zabor 6512 1488 105 2 8
tree 6664 1496 1 0 0
tree 6728 1480 2 0 0
tree 6760 1496 11 0 0
lay 1000 1512 11 0 0
tree 1048 1512 5 0 0
tree 1048 1528 2 0 0
tree 1304 1528 13 0 0
tree 1320 1528 12 0 0
cliff 1952 1504 37 179 179
fre 1980 1532 22 0 0
cliff 2266 1514 36 179 179
fre 2342 1534 19 0 0
tree 2626 1522 12 0 0
stand 2722 1522 12 1 0
fre 2782 1534 12 0 0
dom 2778 1514 1 0 0
fre 2846 1534 15 0 0
tree 2818 1506 9 0 0
stand 2914 1522 18 0 0
tree 2962 1522 10 0 0
cliff 3290 1514 41 179 179
stand 3544 1512 12 1 0
stand 3560 1512 11 1 0
trop 3772 1508 44 0 0
trop 3860 1532 48 0 0
trop 3870 1534 6 0 0
trop 3924 1532 45 0 0
tree 3938 1506 12 0 0
trop 4020 1516 44 0 0
trop 4100 1524 45 0 0
dom 4256 1504 22 0 0
dom 4320 1504 20 0 0
dom 4608 1504 9 0 0
tree 5336 1512 3 0 0
tree 5784 1512 8 0 0
stand 5848 1512 71 0 0
stand 5832 1512 79 0 0
stand 5880 1512 84 0 0
stand 5864 1512 71 0 0
stand 5944 1512 104 0 0
zabor 6064 1520 105 2 8
zabor 6128 1520 105 2 8
zabor 6512 1520 105 2 8
tree 6648 1528 19 0 0
fre 6740 1524 5 0 0
tree 1272 1560 13 0 0
tree 1304 1560 13 0 0
cliff 1760 1536 46 179 179
fre 2020 1548 4 0 0
fre 2318 1566 18 0 0
fre 2662 1542 14 0 0
dom 2874 1546 1 0 0
dom 2938 1546 1 1 0
tree 2984 1544 6 0 0
tree 3000 1544 6 0 0
fre 3012 1556 9 0 0
cliff 3418 1546 37 179 179
stand 3634 1554 35 0 0
stand 3714 1538 12 0 0
trop 3886 1550 6 0 0
trop 4172 1548 40 0 0
dom 4352 1536 7 0 0
fre 4436 1564 15 0 0
trop 4500 1548 47 0 0
tree 4808 1560 10 0 0
tree 4824 1560 9 0 0
tree 4840 1544 3 0 0
tree 4840 1560 4 0 0
fre 4844 1564 8 0 0
fre 4836 1548 8 0 0
fre 4844 1548 8 0 0
fre 4844 1540 8 0 0
stand 5592 1544 104 0 0
zabor 5808 1552 105 2 8
zabor 5840 1552 105 2 8
zabor 5872 1552 105 2 8
zabor 5904 1552 104 2 8
zabor 5936 1552 113 2 9
zabor 5968 1552 105 2 8
zabor 6064 1552 104 2 8
zabor 6128 1552 113 2 9
zabor 6512 1552 104 2 8
tree 6600 1544 13 0 0
tree 1304 1576 12 0 0
tree 2290 1570 8 0 0
stand 2482 1586 18 1 0
stand 2658 1586 11 1 0
tree 2770 1586 8 0 0
fre 2838 1590 15 0 0
lay 3016 1592 11 0 0
tree 3762 1570 10 0 0
dom 3968 1568 19 0 0
fre 4220 1596 8 0 0
tree 4216 1592 16 0 0
dom 4224 1568 8 0 0
dom 4448 1568 16 0 0
dom 4576 1568 16 0 0
tree 4712 1592 4 0 0
tree 4760 1592 17 0 0
fre 4764 1596 8 0 0
tree 4792 1576 19 0 0
fre 4788 1580 8 0 0
tree 4808 1576 0 0 0
fre 4812 1580 8 0 0
stand 4856 1576 26 0 0
fre 4908 1580 8 0 0
fre 4924 1580 8 0 0
tree 4920 1576 4 0 0
tree 4904 1576 1 0 0
fre 4956 1580 8 0 0
fre 4948 1580 8 0 0
tree 4952 1576 2 0 0
tree 4936 1576 2 0 0
fre 4980 1580 8 0 0
tree 4984 1576 19 0 0
fre 5012 1580 8 0 0
fre 5012 1572 8 0 0
tree 5016 1576 18 0 0
stand 5048 1592 23 0 0
tree 5048 1576 17 0 0
tree 5080 1576 17 0 0
stand 5096 1592 21 0 0
tree 5096 1592 1 0 0
tree 5112 1576 4 0 0
tree 5160 1576 3 0 0
tree 5192 1576 2 0 0
tree 5240 1576 1 0 0
stand 5272 1576 40 0 0
stand 5304 1592 24 0 0
tree 5288 1576 2 0 0
tree 5336 1576 1 0 0
tree 5368 1576 3 0 0
stand 5400 1592 41 0 0
tree 5400 1576 3 0 0
stand 5720 1592 112 0 0
zabor 5808 1584 105 2 8
zabor 6064 1584 105 2 8
zabor 6128 1584 104 2 8
zabor 6512 1584 104 2 8
tree 6600 1576 18 0 0
fre 6700 1596 4 0 0
tree 312 1624 8 0 0
tree 328 1624 12 0 0
tree 344 1608 13 0 0
fre 2638 1614 14 0 0
fre 2702 1614 16 0 0
dom 2746 1610 1 1 0
fre 2910 1614 12 0 0
fre 2934 1606 16 0 0
trop 3804 1612 47 0 0
stand 3880 1608 54 0 0
fre 3916 1612 15 0 0
dom 4096 1600 17 0 0
dom 4320 1600 10 0 0
fre 4444 1620 8 0 0
fre 4444 1628 8 0 0
fre 4436 1628 8 0 0
tree 4440 1624 19 0 0
tree 4648 1624 17 0 0
tree 4664 1608 10 0 0
tree 4664 1624 16 0 0
fre 4644 1620 8 0 0
tree 4728 1608 11 0 0
fre 4732 1612 8 0 0
fre 4724 1604 8 0 0
tree 4744 1608 0 0 0
tree 4760 1608 1 0 0
fre 4756 1612 8 0 0
fre 4756 1604 8 0 0
lay 5592 1624 7 0 0
tree 5656 1624 6 0 0
zabor 5808 1616 105 2 8
stand 5896 1608 65 0 0
zabor 6064 1616 104 2 8
zabor 6096 1616 104 2 8
zabor 6128 1616 105 2 8
zabor 6512 1616 104 2 8
stand 7432 1608 102 1 0
tree 312 1640 8 0 0
tree 296 1656 11 0 0
fre 348 1636 93 0 0
tree 328 1640 12 0 0
stand 2594 1634 17 1 0
fre 2654 1654 15 0 0
stand 2658 1650 19 1 0
fre 2814 1638 15 0 0
dom 2874 1642 1 2 0
fre 2854 1646 15 0 0
fre 2886 1662 16 0 0
dom 2970 1642 1 0 0
tree 3032 1656 8 0 0
tree 3400 1640 11 0 0
tree 3464 1640 12 0 0
tree 3608 1640 12 0 0
tree 3608 1656 11 0 0
dom 3744 1632 17 0 0
tree 3768 1656 16 0 0
fre 3772 1660 8 0 0
fre 3868 1652 16 0 0
dom 4032 1632 16 0 0
dom 4128 1632 15 0 0
fre 4284 1652 15 0 0
fre 4356 1652 12 0 0
dom 4384 1632 8 0 0
tree 4648 1640 0 0 0
fre 4652 1644 8 0 0
tree 4680 1640 19 0 0
zabor 4816 1648 104 2 8
zabor 4848 1648 105 2 8
zabor 4880 1648 105 2 8
zabor 4912 1648 105 2 8
zabor 4944 1648 104 2 8
zabor 4976 1648 104 2 8
zabor 5008 1648 105 2 8
tree 5656 1640 6 0 0
tree 5672 1640 6 0 0
zabor 5808 1648 105 2 8
stand 5848 1640 104 0 0
zabor 6064 1648 105 2 8
zabor 6128 1648 105 2 8
zabor 6512 1648 105 2 8
tree 1288 1688 13 0 0
tree 1304 1688 11 0 0
cliff 1888 1664 10 179 179
fre 1916 1668 23 0 0
fre 2606 1686 12 0 0
tree 2610 1682 7 0 0
fre 2734 1678 13 0 0
dom 2842 1674 1 0 0
fre 3092 1668 27 0 0
trop 3812 1668 46 0 0
dom 4064 1664 9 0 0
trop 4172 1692 47 0 0
dom 4224 1664 25 0 0
dom 4256 1664 9 0 0
zabor 4784 1680 104 2 8
zabor 4816 1680 105 2 8
zabor 5008 1680 105 2 8
zabor 5040 1680 104 2 8
zabor 5072 1680 105 2 8
stand 5688 1672 66 0 0
zabor 5808 1680 104 2 8
stand 5864 1688 112 0 0
zabor 5904 1680 104 2 8
zabor 5936 1680 104 2 8
zabor 5968 1680 105 2 8
trop 6004 1668 40 0 0
zabor 6032 1680 104 2 8
zabor 6064 1680 105 2 8
zabor 6128 1680 105 2 8
zabor 6416 1680 105 2 8
zabor 6448 1680 104 2 8
zabor 6480 1680 105 2 8
zabor 6512 1680 104 2 8
zabor 6544 1680 105 2 8
zabor 6576 1680 104 2 8
zabor 6608 1680 105 2 8
stand 7384 1672 101 0 0
stand 7368 1672 101 0 0
dom 2688 1696 1 3 0
fre 2814 1702 12 0 0
fre 2950 1710 12 0 0
tree 3160 1704 11 0 0
stand 3336 1720 10 0 0
stand 3368 1720 18 0 0
lay 3368 1720 8 0 0
tree 3432 1704 13 0 0
lay 3448 1720 10 0 0
fre 3492 1724 19 0 0
fre 4108 1716 15 0 0
dom 4096 1696 7 0 0
tree 4312 1720 14 0 0
fre 4356 1708 16 0 0
tree 4664 1720 0 0 0
tree 4680 1720 2 0 0
fre 4676 1716 8 0 0
fre 4684 1724 8 0 0
stand 4760 1720 65 0 0
zabor 4784 1712 105 2 8
tree 4952 1720 7 0 0
tree 4952 1704 8 0 0
tree 4984 1720 6 0 0
zabor 5072 1712 104 2 8
zabor 5104 1712 105 2 8
zabor 5680 1712 105 2 8
zabor 5712 1712 105 2 8
zabor 5744 1712 105 2 8
zabor 5808 1712 104 2 8
zabor 5936 1712 104 2 8
zabor 6064 1712 105 2 8
zabor 6128 1712 104 2 8
zabor 6416 1712 105 2 8
most 7232 1696 40 0 179
cliff 1760 1728 42 179 179
cliff 2330 1738 45 179 179
fre 2582 1750 16 0 0
stand 2626 1746 10 1 0
fre 2694 1734 14 0 0
dom 2778 1738 1 0 0
fre 2758 1742 15 0 0
dom 2842 1738 1 0 0
fre 2894 1734 15 0 0
dom 2970 1738 1 1 0
dom 3296 1728 11 0 0
fre 3460 1740 10 0 0
tree 3528 1736 8 0 0
fre 3524 1748 7 0 0
fre 3580 1740 11 0 0
dom 3744 1728 8 0 0
dom 3840 1728 8 0 0
dom 3904 1728 15 0 0
dom 3968 1728 16 0 0
dom 4064 1728 10 0 0
dom 4320 1728 3 0 0
tree 4472 1752 16 0 0
tree 4456 1752 15 0 0
tree 4488 1736 20 0 0
tree 4536 1752 6 0 0
tree 4632 1752 16 0 0
tree 4664 1752 17 0 0
tree 4648 1752 17 0 0
tree 4648 1736 12 0 0
tree 4664 1736 16 0 0
fre 4668 1732 8 0 0
fre 4660 1748 8 0 0
fre 4652 1756 8 0 0
tree 4680 1736 2 0 0
fre 4684 1740 8 0 0
zabor 4784 1744 104 2 8
zabor 5072 1744 104 2 8
zabor 5680 1744 112 2 9
zabor 5744 1744 104 2 8
zabor 5776 1744 105 2 8
zabor 5808 1744 104 2 8
zabor 5936 1744 105 2 8
stand 5944 1752 65 0 0
zabor 6064 1744 104 2 8
zabor 6128 1744 104 2 8
zabor 6160 1744 105 2 8
zabor 6192 1744 104 2 8
zabor 6224 1744 104 2 8
zabor 6416 1744 105 2 8
cliff 1888 1760 36 179 179
lay 2408 1784 11 0 0
tree 2520 1784 8 0 0
lay 2552 1784 12 0 0
fre 2924 1788 26 0 0
trop 3092 1772 45 0 0
trop 3196 1772 48 0 0
trop 3340 1780 45 0 0
trop 3460 1780 48 0 0
trop 3516 1780 45 0 0
trop 3660 1780 41 0 0
trop 3804 1780 42 0 0
trop 3916 1780 48 0 0
trop 3996 1788 45 0 0
trop 4116 1788 48 0 0
dom 4256 1760 10 0 0
fre 4324 1764 15 0 0
tree 4472 1768 20 0 0
tree 4456 1768 18 0 0
fre 4452 1764 8 0 0
tree 4488 1768 18 0 0
tree 4504 1784 3 0 0
tree 4488 1784 16 0 0
fre 4500 1780 8 0 0
tree 4536 1768 4 0 0
fre 4540 1772 8 0 0
tree 4632 1768 8 0 0
zabor 4784 1776 104 2 8
zabor 5072 1776 104 2 8
zabor 5680 1776 104 2 8
stand 5848 1768 66 0 0
zabor 5936 1776 104 2 8
zabor 6064 1776 105 2 8
zabor 6224 1776 104 2 8
zabor 6416 1776 104 2 8
tree 1336 1816 12 0 0
tree 1352 1816 11 0 0
tree 1352 1800 11 0 0
tree 1368 1816 12 0 0
stand 2344 1816 13 0 0
tree 2536 1816 13 0 0
lay 2594 1810 7 0 0
fre 2646 1814 14 0 0
tree 2706 1810 8 0 0
fre 2726 1798 15 0 0
dom 2778 1802 1 0 0
fre 2828 1804 28 0 0
fre 3012 1820 12 0 0
tree 3192 1816 8 0 0
fre 3348 1812 22 0 0
fre 3356 1820 22 0 0
fre 3348 1804 3 0 0
fre 3364 1820 22 0 0
tree 3368 1816 9 0 0
fre 3532 1804 5 0 0
fre 3596 1812 5 0 0
fre 4268 1804 12 0 0
dom 4288 1792 8 0 0
tree 4488 1816 10 0 0
tree 4504 1816 7 0 0
zabor 4752 1808 105 2 8
zabor 4784 1808 105 2 8
zabor 5680 1808 105 2 8
stand 5752 1800 65 0 0
zabor 5872 1808 104 2 8
zabor 5904 1808 104 2 8
zabor 5936 1808 105 2 8
zabor 6064 1808 104 2 8
zabor 6224 1808 105 2 8
zabor 6288 1808 105 2 8
zabor 6320 1808 105 2 8
zabor 6352 1808 104 2 8
zabor 6384 1808 104 2 8
zabor 6416 1808 104 2 8
dom 6528 1792 111 0 0
zabor 6608 1808 104 2 8
stand 6968 1816 102 0 0
stand 7032 1816 102 0 0
trop 7348 1812 46 0 0
trop 7332 1812 46 0 0
fre 1356 1828 93 0 0
tree 2360 1832 13 0 0
cliff 2458 1834 7 179 179
tree 2578 1826 12 0 0
fre 2564 1836 22 0 0
stand 2706 1842 18 0 0
lay 2738 1842 8 0 0
stand 2984 1848 11 0 0
stand 3288 1832 63 0 0
fre 3268 1844 16 0 0
stand 3336 1848 50 0 0
fre 3340 1852 12 0 0
tree 3432 1848 5 0 0
fre 3500 1852 16 0 0
fre 3540 1836 23 0 0
tree 3560 1832 8 0 0
dom 3776 1824 3 0 0
dom 3872 1824 19 0 0
dom 4032 1824 15 0 0
dom 4096 1824 9 0 0
trop 4172 1844 46 0 0
tree 4472 1832 19 0 0
fre 4468 1836 8 0 0
tree 4488 1832 13 0 0
stand 4680 1832 112 0 0
zabor 4752 1840 105 2 8
cliff 5024 1824 44 179 179
cliff 5088 1824 43 179 179
zabor 5680 1840 104 2 8
zabor 5872 1840 104 2 8
trop 6004 1844 40 0 0
zabor 6064 1840 105 2 8
zabor 6224 1840 105 2 8
zabor 6608 1840 104 2 8
tree 2328 1880 12 0 0
fre 2350 1862 15 0 0
tree 2392 1864 11 0 0
tree 2594 1858 13 0 0
tree 2642 1858 9 0 0
tree 2626 1858 11 0 0
fre 2956 1868 12 0 0
tree 3032 1864 8 0 0
tree 3064 1864 9 0 0
tree 3064 1880 10 0 0
tree 3192 1880 1 0 0
fre 3188 1876 8 0 0
fre 3196 1884 8 0 0
lay 3240 1880 7 0 0
lay 3288 1880 4 0 0
tree 3304 1880 8 0 0
fre 3388 1884 23 0 0
tree 3400 1880 12 0 0
stand 3496 1880 15 0 0
dom 3712 1856 9 0 0
dom 3936 1856 10 0 0
dom 3968 1856 9 0 0
stand 4712 1880 66 0 0
zabor 4752 1872 104 2 8
cliff 5152 1856 30 179 179
zabor 5680 1872 104 2 8
zabor 5872 1872 104 2 8
stand 5944 1880 66 0 0
zabor 6224 1872 105 2 8
zabor 6608 1872 105 2 8
stand 6920 1880 98 0 0
most 7040 1856 40 0 179
cliff 928 1888 44 179 179
cliff 1024 1888 44 179 179
cliff 1120 1888 44 179 179
cliff 1152 1888 43 179 179
cliff 2298 1898 41 179 179
tree 2514 1890 8 0 0
tree 3048 1896 7 0 0
lay 3272 1896 6 0 0
fre 3380 1900 23 0 0
tree 3368 1896 13 0 0
trop 3804 1892 47 0 0
fre 3892 1892 12 0 0
fre 4044 1908 14 0 0
dom 4096 1888 8 0 0
dom 4256 1888 21 0 0
zabor 4752 1904 104 2 8
zabor 5680 1904 104 2 8
zabor 5872 1904 105 2 8
dom 6208 1888 92 0 0
zabor 6608 1904 104 2 8
fre 6596 1908 15 0 0
trop 7316 1916 47 0 0
lay 1272 1944 13 0 0
fre 1284 1940 90 0 0
lay 2296 1944 7 0 0
cliff 2426 1930 36 179 179
fre 2542 1950 15 0 0
stand 2648 1944 30 0 0
tree 3608 1944 11 0 0
zabor 4752 1936 105 2 8
cliff 4960 1920 43 179 179
cliff 5216 1920 25 179 179
zabor 5328 1936 113 2 9
zabor 5584 1936 105 2 8
zabor 5616 1936 104 2 8
zabor 5648 1936 104 2 8
zabor 5680 1936 105 2 8
zabor 5872 1936 105 2 8
dom 6144 1920 94 0 0
dom 6432 1920 81 0 0
dom 6528 1920 111 0 0
zabor 6608 1936 105 2 8
fre 6668 1948 12 0 0
dom 6688 1920 24 1 0
fre 6724 1924 15 0 0
trop 7164 1948 46 0 0
trop 7180 1924 45 0 0
trop 7276 1924 48 0 0
trop 7340 1932 47 0 0
cliff 832 1952 45 179 179
fre 2436 1980 23 0 0
lay 2472 1976 9 0 0
tree 2498 1970 8 0 0
tree 2498 1954 7 0 0
stand 2562 1954 19 1 0
lay 2594 1970 5 0 0
fre 2628 1964 16 0 0
tree 3624 1960 12 0 0
dom 3744 1952 17 0 0
tree 3784 1976 5 0 0
fre 3780 1972 8 0 0
dom 3872 1952 8 0 0
dom 4000 1952 16 0 0
dom 4256 1952 19 0 0
zabor 4752 1968 104 2 8
zabor 4784 1968 104 2 8
zabor 4816 1968 104 2 8
cliff 5184 1952 5 179 179
lay 5192 1976 11 0 0
lay 5224 1960 9 0 0
zabor 5328 1968 105 2 8
zabor 5648 1968 105 2 8
zabor 5808 1968 105 2 8
zabor 5840 1968 104 2 8
zabor 5872 1968 105 2 8
stand 5912 1960 104 0 0
zabor 6608 1968 104 2 8
trop 7220 1980 48 0 0
fre 2508 2004 26 0 0
stand 2584 1992 54 0 0
stand 2664 1992 21 0 0
tree 3346 2002 10 0 0
tree 3378 2002 16 0 0
tree 3362 2002 1 0 0
tree 3362 1986 19 0 0
tree 3570 2002 2 0 0
tree 3602 2002 20 0 0
tree 3586 2002 7 0 0
tree 3602 1986 17 0 0
stand 3672 1992 49 0 0
stand 3704 1992 26 0 0
dom 3968 1984 15 0 0
dom 4096 1984 10 0 0
trop 4172 1988 40 0 0
stand 4776 2008 104 0 0
cliff 4864 1984 46 179 179
cliff 5024 1984 35 179 179
cliff 5152 1984 6 179 179
zabor 5328 2000 104 2 8
zabor 5360 2000 105 2 8
zabor 5392 2000 104 2 8
zabor 5648 2000 104 2 8
zabor 5840 2000 105 2 8
trop 6012 1988 44 0 0
trop 6156 2004 41 0 0
trop 6332 2004 41 0 0
trop 6508 2004 41 0 0
trop 6660 2004 48 0 0
trop 7148 1996 46 0 0
trop 7268 1988 46 0 0
cliff 768 2016 45 179 179
cliff 1248 2016 36 179 179
fre 2460 2028 5 0 0
fre 2556 2028 13 0 0
stand 2616 2024 22 0 0
tree 3266 2034 3 0 0
tree 3298 2034 18 0 0
tree 3346 2034 7 0 0
tree 3330 2034 19 0 0
tree 3346 2018 2 0 0
tree 3330 2018 9 0 0
tree 3362 2034 18 0 0
tree 3410 2034 15 0 0
tree 3394 2018 0 0 0
tree 3426 2034 0 0 0
tree 3442 2034 7 0 0
tree 3554 2034 18 0 0
tree 3570 2018 7 0 0
tree 3554 2018 4 0 0
tree 3586 2034 16 0 0
zabor 5392 2032 105 2 8
zabor 5648 2032 104 2 8
zabor 5680 2032 105 2 8
stand 5736 2024 66 0 0
zabor 5840 2032 105 2 8
zabor 6608 2032 105 2 8
trop 6716 2020 45 0 0
trop 6820 2028 43 0 0
trop 7212 2020 45 0 0
trop 7276 2036 47 0 0
stand 2536 2072 15 0 0
stand 2568 2072 30 0 0
stand 2600 2056 24 0 0
tree 3282 2066 6 0 0
tree 3266 2066 13 0 0
tree 3282 2050 18 0 0
tree 3314 2066 2 0 0
tree 3298 2066 15 0 0
tree 3314 2050 8 0 0
tree 3298 2050 6 0 0
tree 3346 2050 17 0 0
tree 3362 2066 0 0 0
tree 3378 2066 10 0 0
tree 3362 2050 19 0 0
tree 3378 2050 7 0 0
tree 3394 2050 7 0 0
tree 3410 2050 6 0 0
tree 3426 2050 7 0 0
tree 3458 2066 2 0 0
tree 3458 2050 11 0 0
tree 3506 2050 1 0 0
tree 3538 2050 18 0 0
tree 3522 2050 1 0 0
tree 3570 2066 15 0 0
tree 3554 2066 18 0 0
tree 3554 2050 2 0 0
tree 3586 2050 9 0 0
tree 3618 2066 19 0 0
zabor 4016 2064 104 2 8
zabor 4048 2064 104 2 8
zabor 4080 2064 104 2 8
zabor 4112 2064 105 2 8
zabor 4144 2064 105 2 8
zabor 5392 2064 104 2 8
stand 5592 2056 104 0 0
zabor 5648 2064 104 2 8
zabor 5840 2064 105 2 8
stand 6024 2056 104 0 0
zabor 6064 2064 104 2 8
zabor 6096 2064 105 2 8
zabor 6128 2064 104 2 8
zabor 6160 2064 104 2 8
zabor 6608 2064 104 2 8
trop 6652 2076 47 0 0
trop 7164 2076 47 0 0
trop 7164 2052 47 0 0
dom 7136 2048 103 0 0
tree 3250 2098 11 0 0
tree 3250 2082 16 0 0
tree 3282 2098 16 0 0
tree 3266 2082 14 0 0
tree 3298 2098 10 0 0
tree 3314 2082 13 0 0
tree 3298 2082 14 0 0
tree 3330 2098 11 0 0
tree 3346 2082 19 0 0
tree 3378 2098 1 0 0
tree 3362 2098 4 0 0
tree 3378 2082 17 0 0
tree 3362 2082 3 0 0
tree 3394 2098 17 0 0
tree 3426 2098 13 0 0
tree 3442 2098 18 0 0
tree 3442 2082 1 0 0
tree 3426 2082 13 0 0
tree 3474 2098 8 0 0
tree 3490 2098 9 0 0
tree 3490 2082 4 0 0
tree 3506 2082 18 0 0
tree 3538 2098 13 0 0
tree 3538 2082 16 0 0
tree 3570 2082 5 0 0
stand 3976 2104 104 0 0
zabor 4016 2096 104 2 8
stand 4088 2088 70 0 0
stand 4072 2088 86 0 0
stand 4072 2104 75 0 0
stand 4120 2104 68 0 0
stand 4120 2088 82 0 0
stand 4104 2088 70 0 0
zabor 4144 2096 104 2 8
zabor 5392 2096 104 2 8
zabor 5648 2096 105 2 8
stand 5784 2104 112 0 0
zabor 5840 2096 105 2 8
stand 5864 2088 104 0 0
dom 5952 2080 27 0 0
zabor 6064 2096 105 2 8
zabor 6608 2096 104 2 8
trop 6644 2092 47 0 0
stand 6712 2088 99 0 0
stand 6776 2088 99 0 0
dom 6912 2080 119 0 0
dom 7008 2080 105 0 0
tree 3314 2130 9 0 0
tree 3298 2130 15 0 0
tree 3298 2114 3 0 0
tree 3346 2130 10 0 0
tree 3330 2114 10 0 0
tree 3346 2114 5 0 0
tree 3378 2130 11 0 0
tree 3362 2130 19 0 0
tree 3378 2114 5 0 0
tree 3410 2130 15 0 0
tree 3442 2130 18 0 0
tree 3426 2130 11 0 0
tree 3426 2114 6 0 0
tree 3474 2130 5 0 0
tree 3458 2114 9 0 0
tree 3538 2114 13 0 0
tree 3570 2114 15 0 0
tree 3586 2130 13 0 0
tree 3602 2114 18 0 0
zabor 4016 2128 104 2 8
stand 4072 2120 75 0 0
stand 4072 2136 75 0 0
stand 4120 2136 84 0 0
stand 4120 2120 68 0 0
zabor 4144 2128 104 2 8
trop 4172 2132 47 0 0
stand 4216 2120 112 0 0
dom 4928 2112 29 0 0
zabor 5392 2128 105 2 8
stand 5608 2136 104 0 0
zabor 5648 2128 105 2 8
zabor 5840 2128 104 2 8
stand 6024 2136 112 0 0
zabor 6064 2128 105 2 8
dom 6304 2112 81 0 0
dom 6464 2112 94 0 0
dom 6560 2112 84 0 0
zabor 6608 2128 105 2 8
trop 6708 2140 48 0 0
trop 6748 2140 45 0 0
trop 6844 2132 44 0 0
trop 7108 2132 45 0 0
cliff 704 2144 46 179 179
cliff 1024 2144 14 179 179
cliff 1056 2144 11 179 179
tree 3314 2162 20 0 0
tree 3346 2162 1 0 0
tree 3346 2146 18 0 0
tree 3362 2162 18 0 0
tree 3378 2146 11 0 0
tree 3410 2162 12 0 0
tree 3394 2146 5 0 0
tree 3410 2146 15 0 0
tree 3442 2146 2 0 0
tree 3506 2162 10 0 0
tree 3506 2146 17 0 0
tree 3522 2146 0 0 0
tree 3570 2162 1 0 0
tree 3586 2162 15 0 0
zabor 4016 2160 104 2 8
stand 4072 2152 79 0 0
trop 4172 2148 47 0 0
cliff 5216 2144 10 179 179
zabor 5392 2160 104 2 8
zabor 5648 2160 104 2 8
stand 5688 2168 104 0 0
zabor 5808 2160 105 2 8
zabor 5840 2160 105 2 8
zabor 6064 2160 105 2 8
zabor 6608 2160 105 2 8
trop 6948 2148 48 0 0
trop 6972 2172 45 0 0
trop 7084 2172 48 0 0
trop 7124 2172 48 0 0
cliff 992 2176 3 179 179
tree 3314 2194 16 0 0
tree 3298 2178 12 0 0
tree 3330 2194 8 0 0
tree 3410 2194 9 0 0
tree 3394 2194 10 0 0
tree 3442 2194 9 0 0
tree 3442 2178 1 0 0
tree 3426 2178 14 0 0
tree 3474 2178 11 0 0
tree 3458 2178 8 0 0
tree 3538 2194 14 0 0
tree 3538 2178 12 0 0
tree 3522 2178 7 0 0
tree 3570 2178 15 0 0
zabor 4016 2192 104 2 8
zabor 4048 2192 105 2 8
zabor 4080 2192 104 2 8
zabor 4112 2192 105 2 8
zabor 4144 2192 104 2 8
cliff 4864 2176 42 179 179
lay 5224 2200 7 0 0
zabor 5296 2192 105 2 8
zabor 5392 2192 105 2 8
stand 5416 2200 66 0 0
zabor 5648 2192 104 2 8
zabor 5808 2192 104 2 8
dom 5920 2176 114 0 0
zabor 6064 2192 105 2 8
zabor 6608 2192 105 2 8
stand 6856 2200 65 0 0
fre 7332 2188 1 0 0
cliff 864 2208 23 179 179
lay 888 2232 9 0 0
cliff 960 2208 34 179 179
tree 3314 2226 19 0 0
tree 3314 2210 10 0 0
tree 3330 2226 13 0 0
tree 3394 2210 1 0 0
tree 3426 2226 16 0 0
tree 3554 2226 0 0 0
tree 3554 2210 20 0 0
stand 4040 2232 104 0 0
stand 4088 2216 112 0 0
stand 4136 2216 65 0 0
stand 4232 2216 66 0 0
zabor 5296 2224 105 2 8
zabor 5328 2224 105 2 8
zabor 5360 2224 104 2 8
zabor 5392 2224 105 2 8
zabor 5648 2224 105 2 8
stand 5736 2216 104 0 0
zabor 5808 2224 104 2 8
zabor 6064 2224 105 2 8
dom 6464 2208 94 0 0
zabor 6608 2224 104 2 8
dom 6784 2208 118 0 0
cliff 832 2240 17 179 179
tree 3330 2242 2 0 0
tree 3346 2242 14 0 0
tree 3362 2242 9 0 0
tree 3394 2242 15 0 0
tree 3426 2242 3 0 0
tree 3506 2258 12 0 0
tree 3506 2242 19 0 0
tree 3554 2258 17 0 0
tree 3554 2242 1 0 0
cliff 4928 2240 29 179 179
cliff 5216 2240 33 179 179
zabor 5392 2256 105 2 8
zabor 5424 2256 105 2 8
stand 5592 2248 104 0 0
zabor 5648 2256 105 2 8
stand 5688 2248 65 0 0
zabor 5808 2256 105 2 8
stand 5848 2264 112 0 0
zabor 6064 2256 104 2 8
zabor 6608 2256 104 2 8
cliff 4992 2272 13 179 179
cliff 5024 2272 14 179 179
cliff 5088 2272 16 179 179
cliff 5184 2272 34 179 179
zabor 5424 2288 105 2 8
zabor 5456 2288 105 2 8
zabor 5488 2288 104 2 8
zabor 5648 2288 105 2 8
zabor 5776 2288 105 2 8
zabor 5808 2288 105 2 8
zabor 6064 2288 104 2 8
dom 6560 2272 92 0 0
zabor 6608 2288 105 2 8
stand 6840 2296 66 0 0
lay 1096 2328 6 0 0
tree 1112 2328 9 0 0
fre 1124 2316 91 0 0
stand 5464 2328 112 0 0
zabor 5488 2320 104 2 8
zabor 5648 2320 105 2 8
zabor 5776 2320 104 2 8
stand 6024 2312 112 0 0
zabor 6064 2320 104 2 8
zabor 6608 2320 104 2 8
zabor 6832 2320 104 2 8
zabor 6864 2320 105 2 8
zabor 6896 2320 104 2 8
tree 664 2360 7 0 0
tree 648 2360 8 0 0
cliff 704 2336 41 179 179
lay 1096 2344 7 0 0
lay 1112 2344 3 0 0
zabor 5488 2352 104 2 8
zabor 5648 2352 104 2 8
zabor 5776 2352 104 2 8
stand 5880 2360 65 0 0
stand 5960 2344 65 0 0
zabor 6032 2352 105 2 8
zabor 6064 2352 104 2 8
dom 6496 2336 92 0 0
zabor 6608 2352 105 2 8
zabor 6896 2352 105 2 8
zabor 6928 2352 105 2 8
zabor 6960 2352 104 2 8
zabor 6992 2352 105 2 8
zabor 7024 2352 105 2 8
zabor 7056 2352 105 2 8
zabor 7088 2352 105 2 8
zabor 7120 2352 104 2 8
zabor 7152 2352 104 2 8
zabor 7184 2352 105 2 8
cliff 832 2368 36 179 179
zabor 5488 2384 104 2 8
zabor 5520 2384 104 2 8
zabor 5648 2384 105 2 8
zabor 5744 2384 105 2 8
zabor 5776 2384 104 2 8
zabor 6032 2384 105 2 8
zabor 6608 2384 105 2 8
stand 7096 2376 18 0 0
stand 7080 2392 18 0 0
zabor 5488 2416 104 2 8
zabor 5648 2416 105 2 8
zabor 5744 2416 104 2 8
zabor 6032 2416 105 2 8
stand 7064 2424 18 0 0
stand 7064 2408 19 0 0
zabor 5456 2448 104 2 8
zabor 5488 2448 105 2 8
zabor 5520 2448 104 2 8
zabor 5648 2448 105 2 8
stand 5672 2440 104 0 0
zabor 5744 2448 105 2 8
stand 5864 2456 112 0 0
stand 5960 2440 66 0 0
zabor 6032 2448 104 2 8
stand 7032 2440 18 0 0
zabor 5520 2480 105 2 8
zabor 5648 2480 105 2 8
zabor 5744 2480 104 2 8
stand 5768 2472 104 0 0
zabor 6032 2480 105 2 8
fre 4060 2508 28 0 0
fre 4852 2500 27 0 0
zabor 5520 2512 104 2 8
zabor 5648 2512 105 2 8
zabor 5680 2512 105 2 8
zabor 5744 2512 104 2 8
zabor 5776 2512 105 2 8
zabor 6032 2512 105 2 8
fre 3996 2556 27 0 0
zabor 5520 2544 105 2 8
stand 5576 2552 66 0 0
stand 5640 2536 112 0 0
zabor 5680 2544 105 2 8
zabor 6032 2544 104 2 8
zabor 5520 2576 105 2 8
zabor 5648 2576 105 2 8
zabor 5680 2576 105 2 8
zabor 5520 2608 104 2 8
zabor 5616 2608 105 2 8
fre 3868 2636 23 0 0
cliff 5408 2624 44 179 179
cliff 5472 2624 44 179 179
zabor 5520 2640 105 2 8
zabor 5552 2640 104 2 8
zabor 5584 2640 105 2 8
zabor 5616 2640 105 2 8
zabor 5648 2640 104 2 8
cliff 5312 2656 45 179 179
cliff 5248 2720 45 179 179
cliff 5344 2816 8 179 179
tree 3448 2872 10 0 0
tree 3832 2856 10 0 0
tree 3832 2872 13 0 0
tree 3848 2872 9 0 0
tree 3864 2856 7 0 0
tree 3864 2872 11 0 0
fre 3860 2860 9 0 0
fre 5068 2868 23 0 0
lay 5432 2872 7 0 0
lay 696 2904 12 0 0
stand 712 2888 18 1 0
tree 712 2888 8 0 0
tree 3480 2888 7 0 0
tree 3464 2888 12 0 0
fre 3468 2884 6 0 0
cliff 4992 2880 44 179 179
cliff 5088 2880 43 179 179
cliff 5216 2880 41 179 179
lay 760 2936 9 0 0
cliff 5344 2912 36 179 179
fre 764 2948 93 0 0
tree 760 2952 9 0 0
fre 4164 2948 28 0 0
cliff 4896 2944 45 179 179
tree 3336 2984 11 0 0
cliff 5248 2976 27 179 179
tree 3784 3016 11 0 0
cliff 5216 3008 6 179 179
fre 5332 3020 23 0 0
stand 5576 3032 23 0 0
fre 4044 3060 28 0 0
fre 4092 3060 23 0 0
stand 5544 3064 21 0 0
cliff 4864 3072 46 179 179
stand 5528 3096 24 0 0
tree 3512 3128 8 0 0
tree 392 3160 9 0 0
tree 3512 3160 12 0 0
tree 3528 3160 7 0 0
tree 3544 3160 12 0 0
tree 3528 3144 12 0 0
fre 3524 3148 1 0 0
tree 3768 3144 12 0 0
tree 5432 3144 4 0 0
tree 5256 3192 19 0 0
tree 5464 3192 4 0 0
fre 4740 3228 28 0 0
tree 5384 3208 18 0 0
cliff 4864 3232 42 179 179
stand 5480 3240 49 0 0
tree 4104 3288 8 0 0
tree 4120 3288 8 0 0
tree 4136 3288 11 0 0
tree 5416 3272 4 0 0
tree 5496 3288 17 0 0
stand 5512 3288 21 0 0
tree 4104 3304 13 0 0
tree 4136 3304 11 0 0
tree 5496 3304 17 0 0
lay 1320 3336 10 0 0
vor 1644 3348 25 0 0
tree 1986 3346 5 0 0
tree 2354 3346 15 0 0
cliff 5056 3328 14 179 179
cliff 5088 3328 11 179 179
fre 5260 3340 8 0 0
tree 5256 3336 3 0 0
fre 5356 3340 8 0 0
tree 5352 3336 4 0 0
tree 5448 3336 1 0 0
stand 1640 3384 119 1 0
tree 1874 3378 2 0 0
tree 1954 3378 3 0 0
tree 1970 3362 15 0 0
tree 2002 3362 2 0 0
tree 1986 3362 9 0 0
tree 2018 3378 4 0 0
tree 2226 3378 0 0 0
tree 2322 3378 10 0 0
tree 2306 3378 10 0 0
tree 2322 3362 0 0 0
tree 2354 3362 10 0 0
tree 2370 3378 15 0 0
tree 2402 3378 14 0 0
tree 2482 3378 14 0 0
tree 2466 3378 1 0 0
tree 2482 3362 10 0 0
fre 4636 3372 26 0 0
cliff 4896 3360 46 179 179
cliff 5024 3360 3 179 179
tree 5448 3368 4 0 0
lay 1576 3416 9 0 0
vor 1620 3396 32 0 0
tree 1874 3394 20 0 0
tree 1938 3410 15 0 0
tree 1938 3394 3 0 0
tree 1970 3410 5 0 0
tree 1954 3410 4 0 0
tree 1970 3394 13 0 0
tree 1986 3410 4 0 0
tree 1986 3394 16 0 0
tree 2018 3394 4 0 0
tree 2034 3394 8 0 0
tree 2194 3410 6 0 0
tree 2258 3410 13 0 0
tree 2242 3394 16 0 0
tree 2290 3410 20 0 0
tree 2274 3410 1 0 0
tree 2290 3394 14 0 0
tree 2306 3394 9 0 0
tree 2354 3410 8 0 0
tree 2354 3394 14 0 0
tree 2370 3410 19 0 0
tree 2386 3394 16 0 0
tree 2402 3394 12 0 0
tree 2434 3410 4 0 0
tree 2450 3394 3 0 0
fre 5276 3420 8 0 0
fre 5268 3412 8 0 0
tree 5272 3416 2 0 0
tree 5400 3400 17 0 0
tree 5400 3416 18 0 0
tree 1874 3426 6 0 0
tree 1890 3442 3 0 0
tree 1922 3442 19 0 0
tree 1938 3426 5 0 0
tree 1954 3442 14 0 0
tree 1970 3426 14 0 0
tree 2002 3426 2 0 0
tree 2018 3426 6 0 0
tree 2194 3426 15 0 0
tree 2226 3442 2 0 0
tree 2210 3426 10 0 0
tree 2258 3442 12 0 0
tree 2242 3442 9 0 0
tree 2386 3442 0 0 0
tree 2370 3426 6 0 0
tree 2482 3442 5 0 0
cliff 4192 3424 43 179 179
fre 5068 3436 27 0 0
tree 1906 3458 12 0 0
tree 1890 3458 7 0 0
tree 1922 3458 5 0 0
tree 1954 3458 7 0 0
tree 2018 3474 11 0 0
tree 2018 3458 11 0 0
tree 2130 3458 12 0 0
tree 2258 3458 15 0 0
tree 2242 3458 6 0 0
tree 2290 3458 0 0 0
tree 2274 3458 5 0 0
tree 2386 3458 5 0 0
tree 2450 3474 3 0 0
tree 2434 3458 18 0 0
cliff 4064 3456 45 179 179
cliff 4992 3456 36 179 179
tree 5144 3464 4 0 0
stand 5384 3480 26 0 0
stand 5416 3464 23 0 0
tree 1922 3506 2 0 0
tree 1938 3506 17 0 0
tree 1954 3506 4 0 0
tree 1954 3490 20 0 0
tree 1970 3490 16 0 0
tree 2002 3506 10 0 0
tree 1986 3490 17 0 0
tree 2002 3490 7 0 0
stand 2104 3512 11 0 0
lay 2328 3512 6 0 0
tree 2402 3506 15 0 0
tree 2402 3490 0 0 0
tree 2466 3506 18 0 0
tree 2466 3490 5 0 0
tree 5128 3496 4 0 0
tree 5144 3512 4 0 0
tree 5160 3512 4 0 0
fre 5292 3516 8 0 0
fre 5284 3508 8 0 0
tree 5288 3512 1 0 0
tree 5320 3512 18 0 0
tree 5432 3496 1 0 0
tree 1922 3522 9 0 0
stand 2168 3544 10 1 0
stand 2152 3528 10 1 0
fre 2260 3524 8 0 0
tree 2258 3522 17 0 0
fre 2276 3548 5 0 0
lay 2328 3544 9 0 0
lay 2328 3528 8 0 0
fre 2468 3540 8 0 0
tree 2466 3538 6 0 0
tree 2466 3522 2 0 0
fre 5228 3548 8 0 0
tree 5224 3544 0 0 0
tree 5304 3544 18 0 0
tree 1746 3570 2 0 0
tree 1730 3570 11 0 0
tree 1730 3554 5 0 0
fre 1908 3572 8 0 0
fre 1900 3564 8 0 0
tree 1906 3570 3 0 0
fre 2260 3556 5 0 0
fre 2276 3564 7 0 0
fre 2468 3572 8 0 0
fre 2484 3572 8 0 0
tree 2482 3570 4 0 0
tree 2466 3570 16 0 0
cliff 4000 3552 46 179 179
cliff 4288 3552 36 179 179
tree 1730 3602 4 0 0
tree 1730 3586 11 0 0
tree 1858 3602 20 0 0
tree 1874 3602 4 0 0
tree 1874 3586 17 0 0
fre 1892 3588 8 0 0
tree 1906 3586 9 0 0
tree 1890 3586 2 0 0
stand 2098 3586 11 1 0
fre 2126 3606 16 0 0
stand 2242 3602 15 0 0
tree 2434 3586 15 0 0
tree 5368 3608 17 0 0
tree 1714 3618 11 0 0
tree 1746 3634 15 0 0
tree 1730 3634 9 0 0
tree 1746 3618 20 0 0
tree 1810 3634 11 0 0
tree 1826 3634 13 0 0
tree 1842 3634 2 0 0
tree 1826 3618 14 0 0
tree 1842 3618 18 0 0
tree 1858 3634 7 0 0
tree 1858 3618 14 0 0
tree 1922 3634 4 0 0
fre 2182 3630 15 0 0
fre 2292 3628 2 0 0
tree 2370 3634 5 0 0
fre 2484 3620 8 0 0
tree 2482 3618 16 0 0
tree 4440 3624 11 0 0
tree 4456 3640 13 0 0
tree 4456 3624 12 0 0
tree 5224 3624 18 0 0
tree 5256 3640 19 0 0
fre 1724 3676 8 0 0
tree 1714 3666 4 0 0
tree 1714 3650 12 0 0
tree 1762 3650 19 0 0
tree 1794 3666 8 0 0
tree 1794 3650 13 0 0
tree 1826 3666 9 0 0
tree 1842 3666 5 0 0
tree 1842 3650 9 0 0
tree 1922 3666 17 0 0
tree 1938 3666 1 0 0
tree 1922 3650 18 0 0
fre 2044 3652 3 0 0
stand 2082 3650 10 0 0
fre 2246 3654 15 0 0
stand 2306 3666 12 0 0
fre 2372 3668 11 0 0
tree 2370 3650 14 0 0
fre 2468 3652 8 0 0
tree 2466 3650 15 0 0
tree 5272 3656 17 0 0
tree 1714 3698 20 0 0
tree 1714 3682 18 0 0
tree 1794 3698 11 0 0
tree 1794 3682 4 0 0
tree 1810 3682 12 0 0
tree 1826 3698 9 0 0
tree 1842 3682 1 0 0
tree 1858 3698 16 0 0
tree 1922 3698 18 0 0
tree 1922 3682 15 0 0
stand 2034 3698 17 0 0
stand 2162 3682 16 1 0
fre 2468 3700 8 0 0
tree 2466 3698 17 0 0
cliff 3968 3680 45 179 179
tree 5240 3688 18 0 0
lay 1592 3736 8 0 0
lay 1608 3736 11 0 0
fre 1748 3716 8 0 0
tree 1746 3714 3 0 0
tree 1730 3714 13 0 0
tree 1842 3714 19 0 0
tree 1826 3714 9 0 0
tree 1874 3730 1 0 0
tree 1874 3714 9 0 0
tree 1858 3714 4 0 0
tree 1922 3714 11 0 0
stand 2258 3730 35 0 0
stand 5256 3720 41 0 0
lay 1592 3752 12 0 0
stand 2018 3762 17 1 0
fre 2070 3750 16 0 0
fre 2270 3758 16 0 0
lay 2296 3752 4 0 0
tree 2674 3762 15 0 0
tree 2706 3762 13 0 0
tree 2690 3762 0 0 0
cliff 4128 3744 23 179 179
cliff 4192 3744 11 179 179
cliff 5344 3744 7 179 179
fre 2094 3806 13 0 0
tree 2626 3794 15 0 0
tree 2642 3778 10 0 0
tree 2674 3794 4 0 0
tree 2690 3778 15 0 0
cliff 3904 3776 46 179 179
fre 4044 3804 23 0 0
fre 4236 3780 3 0 0
stand 2002 3826 19 0 0
fre 2062 3830 15 0 0
fre 2214 3814 12 0 0
lay 2280 3816 7 0 0
tree 2450 3826 20 0 0
tree 2434 3826 1 0 0
tree 2466 3826 10 0 0
tree 2546 3826 20 0 0
tree 2546 3810 16 0 0
tree 2578 3826 0 0 0
tree 2594 3826 2 0 0
tree 2610 3810 11 0 0
tree 2594 3810 8 0 0
tree 2658 3826 13 0 0
tree 2674 3810 4 0 0
tree 2658 3810 1 0 0
cliff 4128 3808 33 179 179
lay 4344 3832 13 0 0
fre 4332 3812 22 0 0
lay 4328 3832 5 0 0
tree 1746 3842 2 0 0
tree 1794 3842 13 0 0
fre 1998 3862 15 0 0
stand 2098 3842 18 0 0
fre 2150 3870 16 0 0
tree 2418 3842 19 0 0
tree 2450 3842 12 0 0
tree 2434 3842 10 0 0
tree 2466 3858 11 0 0
tree 2498 3858 17 0 0
tree 2514 3842 16 0 0
tree 2546 3858 19 0 0
tree 2594 3858 17 0 0
tree 2626 3858 15 0 0
tree 2626 3842 20 0 0
fre 4220 3868 5 0 0
tree 4248 3864 10 0 0
stand 4296 3848 2 0 0
fre 4340 3860 9 0 0
cliff 5344 3840 33 179 179
tree 1778 3890 1 0 0
tree 1778 3874 18 0 0
tree 1794 3890 13 0 0
tree 1794 3874 20 0 0
lay 2024 3896 2 0 0
tree 2482 3874 10 0 0
tree 2514 3890 18 0 0
tree 2514 3874 14 0 0
tree 2498 3874 2 0 0
tree 2530 3874 10 0 0
tree 2546 3874 5 0 0
tree 2610 3890 20 0 0
tree 2610 3874 9 0 0
cliff 3904 3872 46 179 179
lay 4328 3880 7 0 0
tree 4376 3880 10 0 0
tree 4360 3896 8 0 0
fre 1740 3932 8 0 0
fre 1764 3932 8 0 0
tree 1794 3922 11 0 0
tree 1906 3906 17 0 0
tree 1938 3906 19 0 0
tree 1922 3906 7 0 0
tree 1970 3906 6 0 0
tree 1954 3906 1 0 0
tree 1986 3922 20 0 0
lay 2024 3912 3 0 0
tree 2450 3922 12 0 0
tree 2482 3922 8 0 0
tree 2466 3922 4 0 0
tree 2498 3922 6 0 0
tree 2498 3906 19 0 0
tree 2578 3922 13 0 0
tree 2610 3922 0 0 0
tree 2626 3922 18 0 0
cliff 4128 3904 33 179 179
fre 4300 3908 16 0 0
stand 4296 3928 12 0 0
tree 4344 3928 10 0 0
fre 4348 3916 7 0 0
lay 4328 3928 9 0 0
lay 5272 3928 9 0 0
fre 1748 3956 8 0 0
tree 1746 3954 18 0 0
tree 1746 3938 1 0 0
fre 1764 3940 8 0 0
fre 1772 3940 8 0 0
tree 1762 3938 15 0 0
tree 2002 3954 14 0 0
tree 2098 3954 5 0 0
tree 2130 3954 9 0 0
tree 2146 3954 2 0 0
tree 2274 3954 4 0 0
tree 2290 3954 6 0 0
tree 2290 3938 19 0 0
tree 2274 3938 0 0 0
tree 2370 3954 6 0 0
tree 2386 3938 11 0 0
fre 2436 3964 8 0 0
fre 2444 3964 8 0 0
fre 2444 3956 8 0 0
tree 2434 3954 3 0 0
tree 2450 3954 1 0 0
tree 2546 3954 12 0 0
tree 2578 3938 18 0 0
tree 2610 3954 20 0 0
tree 2626 3938 0 0 0
tree 2642 3938 13 0 0
fre 4268 3948 12 0 0
fre 4820 3964 26 0 0
fre 4804 3964 27 0 0
cliff 5376 3936 27 179 179
tree 1922 3986 14 0 0
tree 1922 3970 12 0 0
tree 2002 3986 6 0 0
tree 2002 3970 13 0 0
tree 2162 3970 1 0 0
tree 2178 3986 2 0 0
tree 2258 3970 6 0 0
tree 2274 3986 4 0 0
tree 2274 3970 12 0 0
fre 2436 3972 8 0 0
tree 2434 3986 10 0 0
tree 2434 3970 18 0 0
tree 2514 3986 11 0 0
tree 2530 3970 4 0 0
tree 2562 3986 17 0 0
tree 2626 3986 17 0 0
tree 2642 3970 12 0 0
tree 2626 3970 9 0 0
tree 4232 3992 10 0 0
lay 4264 3992 3 0 0
tree 4296 3976 7 0 0
fre 4388 3972 27 0 0
cliff 5344 3968 9 179 179
tree 1922 4018 17 0 0
fre 1972 4004 8 0 0
tree 1954 4018 17 0 0
tree 1970 4002 3 0 0
tree 2002 4018 3 0 0
tree 1986 4002 3 0 0
tree 2194 4002 9 0 0
tree 2226 4002 1 0 0
tree 2258 4002 1 0 0
tree 2242 4002 16 0 0
tree 2274 4018 19 0 0
fre 2412 4004 8 0 0
tree 2402 4002 16 0 0
tree 2434 4018 0 0 0
tree 2578 4002 10 0 0
tree 2610 4002 8 0 0
tree 2642 4002 15 0 0
tree 2658 4018 8 0 0
tree 2658 4002 1 0 0
cliff 4160 4000 20 179 179
fre 4244 4012 23 0 0
tree 4296 4024 7 0 0
tree 4328 4024 8 0 0
fre 5228 4012 8 0 0
tree 5224 4008 18 0 0
lay 5432 4024 10 0 0
lay 5448 4024 12 0 0
tree 1842 4034 9 0 0
fre 1908 4036 8 0 0
tree 1906 4034 4 0 0
tree 1938 4034 8 0 0
tree 2098 4034 8 0 0
tree 2258 4050 2 0 0
tree 2258 4034 9 0 0
tree 2290 4050 10 0 0
tree 2322 4034 5 0 0
tree 2354 4050 6 0 0
cliff 3904 4032 42 179 179
cliff 4160 4032 35 179 179
tree 5208 4040 14 0 0
fre 5220 4036 8 0 0
fre 5220 4052 8 0 0
tree 5224 4040 5 0 0
tree 5224 4056 15 0 0
stand 1896 4088 10 1 0
tree 2146 4082 11 0 0
tree 2194 4066 17 0 0
tree 2226 4082 20 0 0
tree 2210 4066 2 0 0
tree 2258 4082 9 0 0
tree 2290 4082 1 0 0
tree 2274 4082 19 0 0
tree 2290 4066 11 0 0
tree 2338 4082 7 0 0
tree 2354 4082 20 0 0
tree 2338 4066 8 0 0
tree 5192 4088 13 0 0
tree 5192 4072 13 0 0
tree 5208 4088 10 0 0
fre 2132 4124 8 0 0
tree 2130 4098 15 0 0
tree 2226 4114 16 0 0
tree 2210 4098 11 0 0
tree 2242 4114 12 0 0
tree 2338 4114 15 0 0
tree 2354 4098 14 0 0
tree 2338 4098 12 0 0
tree 5112 4120 19 0 0
tree 5096 4120 8 0 0
fre 5212 4108 8 0 0
fre 5212 4124 8 0 0
tree 5208 4104 19 0 0
tree 5208 4120 3 0 0
stand 1880 4136 19 1 0
tree 2098 4130 6 0 0
tree 2082 4130 20 0 0
fre 2132 4132 8 0 0
fre 2124 4132 8 0 0
tree 2130 4130 17 0 0
tree 2114 4130 1 0 0
tree 2242 4146 3 0 0
tree 2322 4146 10 0 0
tree 2322 4130 18 0 0
fre 3988 4140 28 0 0
fre 4236 4148 26 0 0
fre 5100 4156 8 0 0
tree 5096 4152 4 0 0
tree 5096 4136 8 0 0
trop 5156 4132 46 0 0
tree 5208 4152 6 0 0
fre 2116 4164 8 0 0
tree 2114 4162 1 0 0
tree 2290 4178 6 0 0
tree 2274 4162 12 0 0
tree 2306 4162 10 0 0
lay 3992 4168 13 0 0
fre 5100 4172 8 0 0
tree 5096 4168 4 0 0
tree 5096 4184 14 0 0
fre 5212 4172 8 0 0
tree 5208 4168 19 0 0
cliff 1216 4192 44 179 179
cliff 1248 4192 43 179 179
lay 1704 4216 12 0 0
fre 2260 4196 8 0 0
tree 2258 4194 0 0 0
tree 2274 4194 6 0 0
cliff 3968 4192 41 179 179
cliff 4096 4192 23 179 179
tree 5096 4216 16 0 0
tree 5112 4200 9 0 0
tree 5096 4200 7 0 0
fre 5212 4204 8 0 0
tree 5208 4200 18 0 0
fre 5228 4204 8 0 0
tree 5224 4200 4 0 0
fre 820 4244 27 0 0
cliff 1120 4224 45 179 179
cliff 4064 4224 34 179 179
tree 4984 4248 16 0 0
tree 5000 4248 19 0 0
tree 5016 4248 3 0 0
fre 5100 4236 8 0 0
fre 5100 4228 8 0 0
fre 5092 4236 8 0 0
tree 5096 4232 18 0 0
tree 5096 4248 0 0 0
fre 5228 4236 8 0 0
fre 5228 4228 8 0 0
tree 5224 4232 16 0 0
zabor 5584 4240 105 2 8
zabor 5616 4240 105 2 8
zabor 5648 4240 104 2 8
zabor 5680 4240 105 2 8
zabor 5872 4240 104 2 8
zabor 5904 4240 105 2 8
zabor 5936 4240 105 2 8
zabor 5968 4240 104 2 8
zabor 6000 4240 104 2 8
vor 7100 4252 25 0 0
fre 764 4276 11 0 0
tree 760 4280 11 0 0
lay 776 4280 4 0 0
lay 776 4264 6 0 0
lay 2648 4280 5 0 0
lay 2632 4280 13 0 0
cliff 4192 4256 26 179 179
cliff 4224 4256 23 179 179
cliff 4288 4256 11 179 179
tree 5016 4280 9 0 0
tree 5000 4264 15 0 0
tree 5096 4280 11 0 0
tree 5096 4264 11 0 0
tree 5112 4264 11 0 0
trop 5156 4276 40 0 0
tree 5208 4280 13 0 0
fre 5228 4268 8 0 0
tree 5224 4280 6 0 0
tree 5224 4264 17 0 0
zabor 5296 4272 104 2 8
zabor 5328 4272 105 2 8
zabor 5360 4272 104 2 8
zabor 5392 4272 105 2 8
zabor 5424 4272 105 2 8
zabor 5456 4272 105 2 8
zabor 5488 4272 104 2 8
zabor 5520 4272 104 2 8
zabor 5552 4272 104 2 8
zabor 5584 4272 104 2 8
zabor 5680 4272 105 2 8
zabor 5712 4272 105 2 8
zabor 5744 4272 104 2 8
zabor 5776 4272 105 2 8
zabor 5808 4272 104 2 8
zabor 5840 4272 104 2 8
zabor 5872 4272 105 2 8
vor 7044 4276 32 0 0
stand 7064 4264 94 1 0
lay 7224 4280 12 0 0
lay 600 4312 8 0 0
tree 680 4312 12 0 0
fre 708 4316 7 0 0
fre 756 4292 93 0 0
fre 780 4300 11 0 0
lay 792 4296 3 0 0
cliff 1056 4288 45 179 179
cliff 1376 4288 35 179 179
fre 4892 4316 8 0 0
fre 4884 4308 8 0 0
tree 4888 4312 19 0 0
tree 4952 4296 17 0 0
tree 4968 4312 12 0 0
tree 4984 4312 7 0 0
tree 5000 4312 16 0 0
tree 5000 4296 4 0 0
fre 5100 4316 8 0 0
fre 5100 4308 8 0 0
tree 5096 4312 15 0 0
tree 5112 4296 5 0 0
tree 5208 4296 18 0 0
zabor 5296 4304 105 2 8
zabor 5488 4304 105 2 8
zabor 5552 4304 104 2 8
fre 596 4324 23 0 0
fre 692 4324 10 0 0
tree 680 4328 12 0 0
tree 728 4344 13 0 0
tree 760 4328 13 0 0
fre 788 4332 11 0 0
tree 776 4328 11 0 0
fre 1044 4348 26 0 0
fre 4892 4324 8 0 0
tree 4888 4328 13 0 0
tree 4872 4328 9 0 0
tree 4872 4344 7 0 0
tree 4888 4344 19 0 0
tree 4984 4328 2 0 0
tree 5016 4328 16 0 0
fre 5100 4332 8 0 0
tree 5096 4344 12 0 0
tree 5096 4328 4 0 0
zabor 5296 4336 105 2 8
zabor 5328 4336 105 2 8
zabor 5360 4336 105 2 8
zabor 5392 4336 113 2 9
zabor 5424 4336 104 2 8
zabor 5456 4336 104 2 8
zabor 5488 4336 104 2 8
zabor 5552 4336 105 2 8
zabor 5584 4336 105 2 8
zabor 5616 4336 105 2 8
zabor 5648 4336 112 2 9
stand 696 4360 18 0 0
fre 820 4364 19 0 0
fre 812 4356 1 0 0
tree 4856 4360 14 0 0
tree 4872 4376 12 0 0
tree 4872 4360 4 0 0
stand 4936 4376 26 0 0
zabor 5296 4368 105 2 8
tree 5288 4376 20 0 0
fre 5292 4380 8 0 0
stand 5464 4376 75 0 0
stand 5464 4360 85 0 0
stand 5496 4360 78 0 0
stand 5480 4360 78 0 0
stand 5528 4376 74 0 0
stand 5528 4360 82 0 0
stand 5512 4360 78 0 0
zabor 5648 4368 105 2 8
zabor 5680 4368 105 2 8
zabor 5712 4368 104 2 8
zabor 5744 4368 105 2 8
zabor 5776 4368 105 2 8
zabor 5808 4368 105 2 8
zabor 5840 4368 105 2 8
zabor 5872 4368 104 2 8
zabor 5904 4368 104 2 8
zabor 5936 4368 104 2 8
zabor 5968 4368 104 2 8
zabor 6000 4368 105 2 8
zabor 6032 4368 105 2 8
zabor 6064 4368 105 2 8
fre 532 4396 22 0 0
lay 632 4408 8 0 0
fre 644 4396 6 0 0
lay 648 4408 12 0 0
stand 664 4408 10 0 0
fre 676 4404 16 0 0
lay 680 4392 14 0 0
lay 680 4408 6 0 0
stand 728 4408 19 0 0
fre 748 4388 18 0 0
stand 792 4392 16 1 0
fre 996 4388 23 0 0
fre 4860 4396 8 0 0
tree 4856 4392 17 0 0
tree 4856 4408 0 0 0
tree 4840 4408 7 0 0
tree 4872 4392 8 0 0
tree 5000 4408 19 0 0
tree 5208 4392 19 0 0
tree 5272 4408 19 0 0
fre 5276 4412 8 0 0
stand 5464 4408 83 0 0
stand 5464 4392 75 0 0
stand 5480 4408 67 0 0
stand 5528 4408 84 0 0
stand 5528 4392 74 0 0
tree 7480 4408 18 0 0
fre 7484 4412 8 0 0
cliff 992 4416 46 179 179
lay 2488 4440 7 0 0
lay 4392 4424 11 0 0
tree 4824 4440 16 0 0
tree 4840 4424 19 0 0
tree 4856 4424 5 0 0
tree 4856 4440 14 0 0
tree 4840 4440 16 0 0
stand 4920 4424 29 0 0
tree 5000 4440 0 0 0
tree 5000 4424 18 0 0
tree 5208 4440 0 0 0
tree 5208 4424 18 0 0
fre 5212 4444 8 0 0
fre 5212 4428 8 0 0
tree 5272 4440 18 0 0
fre 5276 4444 8 0 0
tree 7416 4440 12 0 0
fre 588 4468 91 0 0
stand 632 4456 17 1 0
lay 664 4456 4 0 0
fre 692 4476 4 0 0
tree 696 4456 8 0 0
stand 2264 4456 16 1 0
stand 2408 4472 56 1 0
tree 4808 4472 14 0 0
tree 4824 4472 16 0 0
tree 4808 4456 7 0 0
tree 4824 4456 17 0 0
tree 4856 4456 0 0 0
tree 4840 4456 18 0 0
stand 4920 4472 29 0 0
tree 5000 4472 1 0 0
tree 5000 4456 17 0 0
dom 5088 4448 10 0 0
trop 5156 4452 40 0 0
tree 5208 4472 2 0 0
tree 5208 4456 1 0 0
fre 5204 4468 8 0 0
fre 5212 4460 8 0 0
fre 5212 4452 8 0 0
tree 7496 4456 12 0 0
tree 7512 4456 12 0 0
tree 7544 4456 13 0 0
fre 556 4500 9 0 0
tree 552 4504 12 0 0
tree 568 4504 11 0 0
fre 580 4500 5 0 0
lay 600 4488 10 0 0
lay 632 4488 12 0 0
lay 616 4488 5 0 0
tree 664 4488 9 0 0
fre 676 4492 27 0 0
tree 2248 4504 8 0 0
tree 2280 4504 9 0 0
lay 2472 4504 8 0 0
tree 4984 4504 4 0 0
tree 4984 4488 3 0 0
fre 5068 4484 12 0 0
tree 5208 4504 4 0 0
tree 5208 4488 3 0 0
tree 5288 4488 17 0 0
fre 5292 4492 8 0 0
tree 6024 4504 12 0 0
fre 6036 4500 5 0 0
tree 7352 4504 3 0 0
tree 7400 4488 19 0 0
fre 7396 4484 8 0 0
fre 7404 4492 8 0 0
tree 7480 4488 17 0 0
fre 7484 4492 8 0 0
fre 660 4524 27 0 0
tree 2264 4520 12 0 0
tree 2280 4520 11 0 0
stand 4920 4536 29 0 0
tree 4984 4536 2 0 0
dom 5088 4512 24 0 0
tree 5208 4520 17 0 0
tree 5208 4536 17 0 0
fre 5212 4532 8 0 0
fre 5212 4540 8 0 0
fre 5204 4524 8 0 0
tree 5288 4520 15 0 0
fre 5292 4524 8 0 0
tree 7304 4520 2 0 0
fre 7308 4524 8 0 0
stand 7480 4520 24 0 0
stand 2152 4568 55 0 0
stand 2216 4568 54 0 0
lay 2280 4568 6 0 0
stand 2392 4552 3 0 0
fre 2444 4548 16 0 0
fre 2452 4564 16 0 0
fre 4860 4572 8 0 0
fre 4852 4564 8 0 0
tree 4856 4552 13 0 0
tree 4856 4568 17 0 0
tree 4984 4552 1 0 0
fre 5084 4572 16 0 0
dom 5056 4544 19 0 0
tree 5208 4568 19 0 0
tree 5208 4552 18 0 0
fre 5212 4564 8 0 0
fre 5204 4572 8 0 0
fre 5204 4548 8 0 0
fre 5212 4556 8 0 0
tree 5288 4552 16 0 0
fre 5292 4556 8 0 0
tree 6200 4568 13 0 0
lay 6760 4568 9 0 0
lay 7112 4552 12 0 0
tree 7336 4552 13 0 0
tree 7448 4552 4 0 0
fre 7452 4556 8 0 0
cliff 992 4576 42 179 179
lay 2280 4584 5 0 0
fre 4828 4604 8 0 0
tree 4824 4600 5 0 0
tree 4840 4584 2 0 0
tree 4872 4600 20 0 0
stand 4920 4600 29 0 0
tree 5288 4600 5 0 0
fre 5284 4596 8 0 0
fre 5292 4596 8 0 0
tree 6200 4584 13 0 0
fre 6212 4580 7 0 0
lay 6216 4584 11 0 0
tree 7304 4584 1 0 0
fre 7308 4580 8 0 0
fre 7308 4588 8 0 0
fre 7300 4580 8 0 0
tree 7416 4600 12 0 0
tree 7432 4584 12 0 0
trop 2116 4628 46 0 0
trop 2180 4636 45 0 0
trop 2228 4636 45 0 0
trop 2300 4636 48 0 0
trop 2340 4636 48 0 0
trop 2524 4636 45 0 0
trop 2636 4636 48 0 0
tree 4824 4616 17 0 0
fre 4836 4628 8 0 0
tree 4872 4616 12 0 0
trop 5156 4628 40 0 0
tree 6056 4616 12 0 0
fre 6068 4620 3 0 0
tree 6344 4616 11 0 0
tree 6360 4632 12 0 0
tree 6344 4632 12 0 0
fre 6356 4628 7 0 0
tree 7032 4632 12 0 0
tree 7240 4632 12 0 0
tree 7416 4616 12 0 0
cliff 1216 4640 8 179 179
fre 4828 4652 8 0 0
tree 4808 4664 3 0 0
tree 4824 4664 10 0 0
tree 4824 4648 1 0 0
stand 4920 4664 25 0 0
dom 5216 4640 25 0 0
fre 5276 4668 12 0 0
dom 5376 4640 9 0 0
tree 6280 4664 11 0 0
tree 7176 4664 11 0 0
tree 7336 4664 0 0 0
fre 7340 4668 8 0 0
cliff 1088 4672 26 179 179
cliff 1120 4672 23 179 179
cliff 1184 4672 21 179 179
stand 2184 4696 63 0 0
fre 2292 4676 7 0 0
stand 2328 4696 17 1 0
stand 2456 4696 12 0 0
stand 2504 4696 11 1 0
stand 2600 4696 10 1 0
fre 4556 4676 27 0 0
tree 4792 4680 19 0 0
tree 4808 4680 2 0 0
tree 4984 4680 3 0 0
dom 5056 4672 13 0 0
fre 5084 4700 15 0 0
fre 6268 4684 3 0 0
tree 6280 4680 11 0 0
tree 6296 4680 12 0 0
fre 6300 4676 11 0 0
tree 7096 4680 2 0 0
fre 7100 4684 8 0 0
tree 7288 4696 4 0 0
fre 7292 4700 8 0 0
tree 7304 4680 17 0 0
fre 7308 4684 8 0 0
stand 2232 4712 10 0 0
fre 2268 4716 16 0 0
stand 2392 4712 10 0 0
stand 2568 4712 54 0 0
tree 4856 4728 17 0 0
tree 4856 4712 1 0 0
stand 4920 4712 25 0 0
tree 4984 4712 4 0 0
tree 5000 4712 1 0 0
dom 5344 4704 16 0 0
lay 6984 4728 8 0 0
tree 7016 4712 18 0 0
fre 7012 4716 8 0 0
fre 7020 4708 8 0 0
fre 7020 4716 8 0 0
tree 7144 4728 11 0 0
tree 7192 4712 17 0 0
fre 7196 4716 8 0 0
tree 7288 4728 13 0 0
stand 7448 4712 26 0 0
trop 2116 4740 47 0 0
stand 2168 4760 11 0 0
stand 2360 4760 19 1 0
stand 2392 4760 18 0 0
stand 2536 4744 10 1 0
fre 4716 4740 28 0 0
fre 4708 4740 28 0 0
tree 4824 4744 0 0 0
tree 4840 4760 14 0 0
stand 4920 4760 25 0 0
tree 4984 4760 18 0 0
tree 4984 4744 19 0 0
dom 5248 4736 22 0 0
fre 5348 4748 12 0 0
tree 7096 4760 3 0 0
fre 7092 4756 8 0 0
fre 7100 4764 8 0 0
fre 2212 4772 12 0 0
stand 2344 4776 19 0 0
lay 2376 4792 5 0 0
stand 2392 4776 18 0 0
tree 4200 4792 9 0 0
fre 4860 4796 8 0 0
fre 4852 4796 8 0 0
fre 4860 4788 8 0 0
tree 4856 4792 17 0 0
tree 4984 4792 17 0 0
tree 5000 4792 0 0 0
trop 5156 4796 40 0 0
dom 5440 4768 10 0 0
tree 7064 4776 11 0 0
fre 7100 4772 8 0 0
tree 7176 4792 12 0 0
tree 7240 4776 12 0 0
tree 7304 4792 12 0 0
stand 2040 4824 18 0 0
stand 2024 4824 18 0 0
fre 2092 4804 5 0 0
stand 2216 4808 18 0 0
fre 2276 4820 15 0 0
fre 3964 4828 19 0 0
cliff 4000 4800 44 179 179
tree 4216 4824 13 0 0
tree 4200 4824 8 0 0
tree 4216 4808 9 0 0
tree 4200 4808 9 0 0
tree 4232 4824 13 0 0
fre 4372 4804 11 0 0
tree 4360 4808 12 0 0
stand 4952 4808 26 0 0
dom 5088 4800 20 0 0
dom 5306 4810 7 0 0
dom 5370 4810 0 0 0
tree 5464 4808 20 0 0
trop 5492 4804 46 0 0
tree 6200 4824 13 0 0
tree 6872 4808 8 0 0
tree 7080 4824 19 0 0
fre 7084 4820 8 0 0
fre 7084 4828 8 0 0
fre 7076 4828 8 0 0
fre 2060 4860 14 0 0
fre 2100 4852 11 0 0
stand 2184 4856 19 0 0
stand 2280 4856 12 1 0
stand 3928 4856 17 1 0
fre 3948 4860 19 0 0
cliff 4064 4832 25 179 179
tree 4216 4840 12 0 0
fre 4236 4844 7 0 0
tree 4792 4856 13 0 0
tree 4872 4856 16 0 0
tree 4888 4856 0 0 0
tree 5016 4856 5 0 0
dom 5242 4842 10 0 0
dom 5274 4842 9 0 0
fre 5318 4854 16 0 0
fre 5388 4852 12 0 0
tree 5448 4840 16 0 0
fre 5548 4836 15 0 0
dom 5568 4832 24 0 0
dom 5632 4832 8 0 0
fre 5644 4844 15 0 0
lay 6552 4856 7 0 0
trop 2132 4868 46 0 0
fre 2220 4876 12 0 0
lay 2296 4872 6 0 0
fre 3916 4884 18 0 0
cliff 3904 4864 45 179 179
cliff 4032 4864 12 179 179
fre 4292 4892 23 0 0
tree 4856 4888 16 0 0
fre 4876 4876 8 0 0
fre 4876 4868 8 0 0
fre 4876 4892 8 0 0
tree 4888 4872 0 0 0
tree 4872 4872 5 0 0
tree 4872 4888 5 0 0
tree 5000 4888 16 0 0
fre 5060 4892 12 0 0
dom 5088 4864 21 0 0
trop 5196 4892 48 0 0
dom 5408 4864 9 0 0
dom 5600 4864 7 0 0
lay 2008 4904 3 0 0
fre 2180 4900 1 0 0
stand 2280 4920 12 1 0
lay 4024 4904 9 0 0
tree 4488 4920 12 0 0
tree 4776 4904 8 0 0
fre 4860 4908 8 0 0
fre 4860 4924 8 0 0
tree 4856 4920 18 0 0
tree 4856 4904 0 0 0
fre 4868 4900 8 0 0
trop 5228 4916 45 0 0
trop 5340 4924 48 0 0
trop 5380 4924 45 0 0
trop 5492 4916 42 0 0
trop 5604 4916 48 0 0
stand 2056 4936 51 0 0
fre 2228 4940 12 0 0
tree 4056 4936 7 0 0
tree 4088 4952 13 0 0
tree 4072 4952 7 0 0
tree 4072 4936 7 0 0
tree 4440 4936 11 0 0
tree 4488 4936 12 0 0
tree 4504 4936 12 0 0
tree 4776 4936 20 0 0
tree 4776 4952 15 0 0
tree 4840 4952 19 0 0
dom 4986 4938 12 0 0
trop 5076 4948 48 0 0
zabor 5744 4944 104 2 8
zabor 5776 4944 104 2 8
zabor 5808 4944 105 2 8
zabor 5840 4944 105 2 8
zabor 5872 4944 104 2 8
zabor 5904 4944 105 2 8
zabor 5936 4944 104 2 8
zabor 5968 4944 105 2 8
zabor 6000 4944 105 2 8
zabor 6032 4944 104 2 8
zabor 6064 4944 104 2 8
zabor 6096 4944 105 2 8
zabor 6128 4944 105 2 8
stand 6152 4936 104 0 0
stand 6328 4952 65 0 0
tree 6632 4952 8 0 0
tree 6776 4936 6 0 0
lay 6776 4952 13 0 0
tree 6792 4936 7 0 0
trop 2140 4988 47 0 0
tree 4072 4968 12 0 0
fre 4300 4988 26 0 0
tree 4776 4968 10 0 0
tree 4792 4968 5 0 0
tree 4792 4984 18 0 0
tree 4840 4968 10 0 0
tree 4856 4968 0 0 0
tree 4856 4984 19 0 0
tree 5112 4984 15 0 0
fre 5116 4980 8 0 0
trop 5148 4964 46 0 0
dom 5338 4970 19 0 0
tree 5432 4968 14 0 0
fre 5428 4972 8 0 0
fre 5436 4964 8 0 0
zabor 5744 4976 105 2 8
stand 5768 4968 112 0 0
stand 5816 4968 104 0 0
stand 5928 4968 65 0 0
stand 5992 4968 66 0 0
zabor 6128 4976 104 2 8
zabor 6160 4976 104 2 8
zabor 6192 4976 104 2 8
stand 6280 4968 112 0 0
zabor 6384 4976 105 2 8
zabor 6416 4976 105 2 8
zabor 6448 4976 104 2 8
zabor 6480 4976 104 2 8
zabor 6512 4976 105 2 8
zabor 6544 4976 105 2 8
tree 6616 4968 6 0 0
lay 6632 4968 12 0 0
stand 2056 5016 59 0 0
stand 2184 5000 10 1 0
fre 2212 5020 16 0 0
stand 2216 5000 10 1 0
stand 2248 5016 10 1 0
cliff 3840 4992 46 179 179
fre 4684 5020 26 0 0
tree 4792 5000 9 0 0
tree 4808 5000 11 0 0
tree 4824 5000 4 0 0
tree 4824 5016 12 0 0
tree 4840 5016 10 0 0
tree 4872 5000 6 0 0
tree 4888 5000 16 0 0
tree 4888 5016 17 0 0
tree 4904 5000 15 0 0
tree 4984 5016 14 0 0
dom 5050 5002 9 0 0
dom 5210 5002 17 0 0
fre 5246 4998 16 0 0
dom 5370 5002 15 0 0
dom 5440 4992 15 0 0
zabor 5744 5008 104 2 8
zabor 5808 5008 105 2 8
zabor 5840 5008 105 2 8
zabor 5872 5008 112 2 9
zabor 5904 5008 104 2 8
zabor 5936 5008 104 2 8
stand 5960 5000 65 0 0
zabor 6000 5008 104 2 8
zabor 6032 5008 105 2 8
zabor 6064 5008 112 2 9
zabor 6096 5008 105 2 8
zabor 6128 5008 104 2 8
zabor 6192 5008 105 2 8
zabor 6224 5008 104 2 8
zabor 6256 5008 104 2 8
zabor 6288 5008 105 2 8
zabor 6320 5008 104 2 8
zabor 6352 5008 104 2 8
zabor 6384 5008 104 2 8
stand 6408 5000 112 0 0
stand 6504 5000 104 0 0
zabor 6544 5008 105 2 8
zabor 6704 5008 105 2 8
zabor 6736 5008 104 2 8
zabor 6768 5008 104 2 8
zabor 6800 5008 104 2 8
zabor 6832 5008 105 2 8
zabor 6864 5008 104 2 8
zabor 6896 5008 104 2 8
zabor 6928 5008 104 2 8
zabor 6960 5008 105 2 8
zabor 6992 5008 105 2 8
zabor 7024 5008 104 2 8
zabor 7056 5008 105 2 8
zabor 7088 5008 104 2 8
zabor 7120 5008 105 2 8
zabor 7152 5008 104 2 8
zabor 7184 5008 104 2 8
zabor 7216 5008 104 2 8
zabor 7248 5008 104 2 8
zabor 7280 5008 105 2 8
zabor 7312 5008 105 2 8
zabor 7344 5008 104 2 8
zabor 7408 5008 104 2 8
zabor 7440 5008 104 2 8
zabor 7472 5008 105 2 8
zabor 7504 5008 104 2 8
zabor 7536 5008 105 2 8
lay 2024 5048 2 0 0
stand 2184 5032 10 1 0
tree 2792 5048 9 0 0
tree 2792 5032 8 0 0
fre 4660 5036 23 0 0
tree 4792 5048 20 0 0
tree 4808 5032 3 0 0
tree 4824 5032 6 0 0
tree 4840 5032 14 0 0
tree 4872 5048 19 0 0
tree 4888 5032 17 0 0
fre 4908 5036 8 0 0
tree 4904 5032 1 0 0
fre 5076 5052 16 0 0
dom 5242 5034 18 0 0
fre 5438 5054 15 0 0
trop 5492 5052 40 0 0
dom 5568 5024 16 0 0
dom 5632 5024 15 0 0
zabor 5744 5040 105 2 8
stand 5768 5032 104 0 0
zabor 5808 5040 105 2 8
zabor 5936 5040 104 2 8
zabor 5968 5040 104 2 8
zabor 6000 5040 105 2 8
zabor 6384 5040 104 2 8
zabor 6416 5040 104 2 8
zabor 6448 5040 112 2 9
zabor 6480 5040 104 2 8
zabor 6512 5040 104 2 8
zabor 6544 5040 104 2 8
zabor 6576 5040 104 2 8
zabor 6608 5040 104 2 8
zabor 6640 5040 105 2 8
zabor 6672 5040 105 2 8
zabor 6704 5040 104 2 8
stand 6808 5048 112 0 0
zabor 7376 5040 104 2 8
zabor 7408 5040 104 2 8
stand 2024 5080 2 0 0
lay 2088 5064 5 0 0
stand 2184 5064 10 1 0
stand 2216 5064 10 0 0
lay 2792 5080 5 0 0
lay 2792 5064 4 0 0
tree 2824 5064 7 0 0
lay 4360 5080 12 0 0
tree 4376 5080 12 0 0
tree 4376 5064 8 0 0
fre 4396 5076 7 0 0
tree 4392 5064 13 0 0
fre 4484 5068 27 0 0
tree 4824 5064 19 0 0
tree 4840 5080 7 0 0
tree 4872 5080 16 0 0
dom 5050 5066 6 0 0
trop 5156 5084 47 0 0
trop 5172 5068 47 0 0
dom 5274 5066 16 0 0
dom 5370 5066 10 0 0
dom 5402 5066 17 0 0
dom 5632 5056 15 0 0
zabor 5744 5072 105 2 8
stand 5768 5080 66 0 0
zabor 5808 5072 105 2 8
dom 5856 5056 27 0 0
stand 6664 5064 65 0 0
zabor 6736 5072 104 2 8
stand 6760 5064 104 0 0
stand 6904 5064 66 0 0
fre 1996 5100 15 0 0
fre 4180 5092 28 0 0
fre 4860 5116 8 0 0
tree 4840 5096 10 0 0
tree 4856 5112 19 0 0
tree 4872 5096 3 0 0
fre 5076 5108 16 0 0
fre 5294 5102 12 0 0
fre 5366 5102 13 0 0
zabor 5744 5104 104 2 8
stand 5784 5112 104 0 0
zabor 5808 5104 104 2 8
dom 6304 5088 114 0 0
dom 6432 5088 27 0 0
zabor 6576 5104 104 2 8
zabor 6608 5104 105 2 8
zabor 6640 5104 104 2 8
zabor 6672 5104 104 2 8
zabor 6704 5104 105 2 8
zabor 6736 5104 105 2 8
zabor 6768 5104 104 2 8
zabor 6800 5104 104 2 8
zabor 6832 5104 105 2 8
zabor 6864 5104 104 2 8
zabor 6896 5104 104 2 8
zabor 6928 5104 104 2 8
zabor 6960 5104 113 2 9
zabor 6992 5104 105 2 8
zabor 7024 5104 104 2 8
zabor 7056 5104 105 2 8
zabor 7088 5104 104 2 8
zabor 7120 5104 105 2 8
zabor 7152 5104 105 2 8
stand 7176 5096 66 0 0
zabor 7216 5104 105 2 8
zabor 7248 5104 105 2 8
zabor 7280 5104 104 2 8
zabor 7312 5104 104 2 8
zabor 7344 5104 104 2 8
zabor 7376 5104 105 2 8
zabor 7408 5104 105 2 8
zabor 7440 5104 105 2 8
zabor 7472 5104 104 2 8
zabor 7504 5104 105 2 8
zabor 7536 5104 105 2 8
zabor 7568 5104 104 2 8
zabor 7600 5104 105 2 8
stand 2024 5144 10 0 0
fre 2036 5132 16 0 0
fre 2108 5148 11 0 0
stand 2104 5128 15 0 0
lay 3944 5144 11 0 0
tree 3960 5128 8 0 0
tree 3944 5128 8 0 0
tree 3976 5144 12 0 0
dom 5050 5130 7 0 0
trop 5140 5148 46 0 0
tree 5208 5128 18 0 0
fre 5212 5132 8 0 0
dom 5242 5130 8 0 0
dom 5440 5120 17 0 0
dom 5568 5120 25 0 0
zabor 5744 5136 105 2 8
stand 5768 5144 65 0 0
zabor 5808 5136 104 2 8
zabor 6448 5136 105 2 8
zabor 6480 5136 104 2 8
zabor 6512 5136 104 2 8
zabor 6544 5136 105 2 8
zabor 6576 5136 104 2 8
zabor 7152 5136 105 2 8
zabor 7184 5136 104 2 8
zabor 7216 5136 105 2 8
stand 7624 5128 4 0 0
fre 2108 5164 11 0 0
fre 2124 5156 9 0 0
cliff 3840 5152 42 179 179
lay 3944 5160 9 0 0
dom 5018 5162 10 0 0
fre 5068 5172 15 0 0
fre 5270 5166 12 0 0
fre 5396 5172 15 0 0
zabor 5744 5168 105 2 8
zabor 5808 5168 104 2 8
dom 5920 5152 113 0 0
fre 6140 5180 31 0 0
fre 6428 5156 5 0 0
fre 6436 5172 6 0 0
cliff 3904 5184 11 179 179
fre 5014 5198 13 0 0
fre 5308 5212 16 0 0
dom 5344 5184 17 0 0
dom 5440 5184 8 0 0
trop 5492 5204 47 0 0
zabor 5744 5200 104 2 8
zabor 5776 5200 104 2 8
zabor 5808 5200 105 2 8
lay 7768 5192 13 0 0
dom 5242 5226 16 0 0
fre 5428 5236 16 0 0
trop 5492 5228 47 0 0
dom 5568 5216 10 0 0
zabor 5712 5232 104 2 8
zabor 5744 5232 104 2 8
zabor 5776 5232 105 2 8
stand 5976 5224 94 0 179
dom 6112 5216 104 0 0
fre 6180 5244 33 0 0
trop 6196 5228 46 0 0
fre 6412 5244 10 0 0
dom 6400 5216 117 0 0
lay 440 5272 4 0 0
tree 472 5256 9 0 0
lay 456 5272 5 0 0
dom 5088 5248 17 0 0
trop 5140 5260 47 0 0
dom 5274 5258 17 0 0
fre 5340 5268 15 0 0
fre 5326 5270 14 0 0
fre 5380 5252 15 0 0
dom 5408 5248 16 0 0
trop 5484 5276 46 0 0
zabor 5712 5264 104 2 8
stand 5736 5272 105 0 0
zabor 5776 5264 105 2 8
dom 5856 5248 26 0 0
fre 6364 5252 3 0 0
fre 6372 5252 5 0 0
tree 424 5288 8 0 0
lay 440 5288 3 0 0
tree 472 5288 7 0 0
lay 456 5288 2 0 0
fre 2820 5300 27 0 0
trop 5132 5300 46 0 0
dom 5210 5290 7 0 0
dom 5242 5290 9 0 0
fre 5268 5308 16 0 0
trop 5588 5308 45 0 0
zabor 5712 5296 105 2 8
zabor 5776 5296 104 2 8
trop 6020 5308 48 0 0
trop 6076 5308 45 0 0
trop 6196 5308 48 0 0
trop 6228 5308 45 0 0
trop 6348 5308 48 0 0
trop 6372 5300 45 0 0
trop 6420 5308 48 0 0
trop 6444 5300 45 0 0
trop 6492 5308 48 0 0
trop 6548 5308 48 0 0
lay 1144 5336 12 0 0
fre 1180 5340 28 0 0
stand 4968 5336 66 0 0
lay 5080 5320 6 0 0
lay 5096 5320 11 0 0
dom 5216 5312 19 0 0
tree 5368 5336 12 0 0
tree 5352 5336 5 0 0
stand 5432 5336 12 1 0
trop 5700 5316 48 0 0
trop 5860 5324 45 0 0
trop 5900 5316 45 0 0
trop 6596 5316 45 0 0
trop 6708 5316 48 0 0
trop 6740 5316 45 0 0
trop 6852 5316 48 0 0
trop 6892 5324 48 0 0
trop 7044 5340 45 0 0
trop 7148 5340 48 0 0
lay 1176 5352 13 0 0
fre 2580 5372 26 0 0
zabor 4880 5360 104 2 8
zabor 4912 5360 105 2 8
zabor 4944 5360 104 2 8
fre 5212 5348 12 0 0
tree 5352 5352 13 0 0
stand 5560 5352 78 0 0
stand 5544 5352 85 0 0
stand 5544 5368 77 0 0
stand 5592 5352 78 0 0
stand 5576 5352 78 0 0
stand 5608 5368 68 0 0
stand 5608 5352 82 0 0
lay 5688 5368 3 0 0
zabor 5712 5360 105 2 8
zabor 5776 5360 105 2 8
trop 5900 5348 45 0 0
trop 6044 5356 41 0 0
trop 6220 5356 41 0 0
trop 6340 5356 41 0 0
trop 6516 5364 41 0 0
trop 6692 5372 41 0 0
trop 6868 5372 41 0 0
lay 1144 5384 11 0 0
trop 1148 5396 46 0 0
fre 1180 5404 23 0 0
zabor 4880 5392 105 2 8
zabor 4944 5392 105 2 8
zabor 4976 5392 104 2 8
zabor 5008 5392 104 2 8
zabor 5040 5392 104 2 8
zabor 5072 5392 105 2 8
trop 5476 5396 50 0 0
stand 5560 5400 67 0 0
stand 5544 5400 79 0 0
stand 5544 5384 77 0 0
stand 5592 5400 67 0 0
stand 5576 5400 67 0 0
zabor 5712 5392 105 2 8
stand 5736 5384 97 0 0
zabor 5776 5392 105 2 8
trop 5868 5388 45 0 0
trop 5892 5396 45 0 0
trop 6012 5396 48 0 0
trop 6076 5396 45 0 0
trop 6196 5404 48 0 0
trop 6412 5404 48 0 0
trop 7012 5380 48 0 0
trop 7124 5388 48 0 0
fre 1116 5428 27 0 0
tree 1240 5416 13 0 0
tree 1224 5432 11 0 0
stand 4792 5432 65 0 0
zabor 4880 5424 104 2 8
zabor 5072 5424 104 2 8
trop 5132 5412 47 0 0
trop 5196 5412 45 0 0
trop 5316 5420 48 0 0
trop 5364 5412 45 0 0
lay 5528 5416 10 0 0
zabor 5712 5424 105 2 8
zabor 5776 5424 105 2 8
trop 6236 5412 45 0 0
trop 6340 5412 48 0 0
trop 6396 5436 46 0 0
trop 6372 5412 45 0 0
trop 6436 5436 46 0 0
trop 6452 5412 45 0 0
trop 6484 5420 48 0 0
trop 6564 5420 48 0 0
trop 6604 5420 45 0 0
trop 6716 5428 48 0 0
trop 6756 5428 45 0 0
trop 6860 5428 48 0 0
trop 6892 5428 48 0 0
trop 6980 5428 45 0 0
trop 7092 5420 48 0 0
tree 1224 5464 12 0 0
tree 1288 5464 11 0 0
tree 2936 5464 8 0 0
tree 2952 5464 8 0 0
tree 3000 5464 13 0 0
tree 2984 5464 11 0 0
zabor 4880 5456 104 2 8
zabor 5072 5456 104 2 8
zabor 5104 5456 105 2 8
zabor 5168 5456 104 2 8
zabor 5200 5456 105 2 8
zabor 5232 5456 105 2 8
zabor 5264 5456 105 2 8
zabor 5296 5456 105 2 8
zabor 5328 5456 105 2 8
lay 5496 5448 8 0 0
lay 5512 5448 11 0 0
lay 5592 5448 14 0 0
zabor 5712 5456 105 2 8
stand 5736 5448 104 0 0
zabor 5776 5456 104 2 8
fre 5948 5460 15 0 0
trop 5980 5468 47 0 0
fre 5996 5460 35 0 0
trop 6004 5468 47 0 0
lay 6216 5448 12 0 0
lay 952 5496 8 0 0
lay 936 5496 2 0 0
tree 968 5496 6 0 0
fre 980 5500 19 0 0
lay 1000 5480 12 0 0
tree 2952 5496 8 0 0
tree 2968 5496 8 0 0
tree 3000 5480 13 0 0
zabor 4880 5488 105 2 8
zabor 5328 5488 104 2 8
tree 5512 5496 11 0 0
tree 5592 5480 12 0 0
tree 5576 5480 13 0 0
zabor 5712 5488 104 2 8
stand 5736 5496 112 0 0
zabor 5776 5488 104 2 8
fre 5908 5484 16 0 0
stand 6104 5480 78 0 0
stand 6088 5480 85 0 0
stand 6088 5496 69 0 0
stand 6136 5480 82 0 0
stand 6120 5480 78 0 0
lay 904 5528 4 0 0
fre 948 5508 19 0 0
stand 936 5528 34 0 0
lay 968 5512 13 0 0
fre 980 5532 19 0 0
fre 964 5516 19 0 0
tree 1016 5512 8 0 0
stand 1096 5528 54 0 0
trop 1148 5516 47 0 0
lay 1160 5512 9 0 0
stand 1224 5528 34 0 0
tree 2952 5512 12 0 0
zabor 4880 5520 105 2 8
trop 5140 5532 46 0 0
zabor 5328 5520 105 2 8
stand 5368 5512 65 0 0
zabor 5712 5520 104 2 8
zabor 5776 5520 104 2 8
dom 5888 5504 104 0 0
stand 6104 5528 71 0 0
stand 6088 5528 79 0 0
stand 6088 5512 69 0 0
stand 6136 5528 84 0 0
stand 6120 5528 71 0 0
lay 920 5544 12 0 0
fre 908 5564 19 0 0
fre 916 5548 19 0 0
fre 932 5556 19 0 0
fre 964 5540 19 0 0
fre 1068 5556 16 0 0
fre 1204 5564 14 0 0
stand 1224 5560 35 0 0
fre 1260 5540 18 0 0
stand 4840 5560 66 0 0
zabor 4880 5552 105 2 8
dom 4992 5536 29 0 0
trop 5092 5548 45 0 0
zabor 5328 5552 105 2 8
zabor 5360 5552 104 2 8
zabor 5712 5552 104 2 8
zabor 5776 5552 104 2 8
fre 5964 5540 33 0 0
trop 6004 5564 46 0 0
vor 5996 5540 90 179 179
trop 6404 5556 47 0 0
trop 6444 5556 47 0 0
tree 984 5576 12 0 0
tree 984 5592 11 0 0
tree 1000 5576 12 0 0
lay 1128 5576 14 0 0
zabor 4880 5584 104 2 8
dom 5248 5568 114 0 0
zabor 5360 5584 105 2 8
zabor 5712 5584 105 2 8
stand 5736 5592 66 0 0
zabor 5776 5584 104 2 8
trop 6428 5596 46 0 0
trop 6412 5596 46 0 0
tree 920 5608 6 0 0
stand 952 5624 18 0 0
tree 1080 5608 8 0 0
stand 1224 5624 12 0 0
zabor 4880 5616 105 2 8
zabor 4912 5616 105 2 8
zabor 4944 5616 105 2 8
zabor 5360 5616 104 2 8
zabor 5712 5616 105 2 8
zabor 5776 5616 105 2 8
dom 5824 5600 27 0 0
trop 5996 5612 46 0 0
tree 904 5656 12 0 0
stand 1064 5640 11 1 0
stand 1112 5656 10 1 0
fre 1180 5652 16 0 0
tree 2824 5656 12 0 0
tree 2840 5640 13 0 0
tree 2824 5640 7 0 0
zabor 4944 5648 104 2 8
zabor 4976 5648 104 2 8
trop 5140 5636 47 0 0
zabor 5360 5648 104 2 8
stand 5400 5640 66 0 0
zabor 5712 5648 104 2 8
zabor 5776 5648 105 2 8
trop 6068 5644 48 0 0
trop 6108 5644 45 0 0
stand 6120 5640 95 0 179
trop 6212 5644 48 0 0
trop 6332 5652 45 0 0
trop 6348 5652 45 0 0
stand 952 5672 10 0 0
fre 1092 5676 16 0 0
tree 1144 5688 8 0 0
fre 2604 5692 26 0 0
zabor 4976 5680 105 2 8
dom 5248 5664 114 0 0
zabor 5360 5680 104 2 8
zabor 5712 5680 105 2 8
stand 5736 5672 66 0 0
zabor 5776 5680 104 2 8
trop 5844 5684 46 0 0
stand 5848 5688 95 0 0
trop 5900 5692 41 0 0
trop 5996 5684 47 0 0
stand 5992 5672 5 1 179
tree 7832 5672 3 0 0
fre 7828 5668 8 0 0
fre 7836 5676 8 0 0
fre 7836 5668 8 0 0
tree 7880 5688 2 0 0
fre 7884 5692 8 0 0
tree 7896 5672 11 0 0
stand 952 5720 10 0 0
tree 1016 5704 7 0 0
tree 1000 5704 7 0 0
stand 1064 5720 15 0 0
stand 1112 5704 18 0 0
fre 2532 5724 23 0 0
fre 2860 5724 27 0 0
zabor 4976 5712 104 2 8
zabor 5008 5712 104 2 8
zabor 5040 5712 105 2 8
zabor 5072 5712 105 2 8
zabor 5360 5712 105 2 8
stand 5416 5720 65 0 0
tree 5528 5720 13 0 0
tree 5512 5720 13 0 0
zabor 5712 5712 104 2 8
zabor 5776 5712 104 2 8
trop 5996 5724 47 0 0
trop 6412 5716 47 0 0
trop 6428 5708 47 0 0
tree 7816 5704 18 0 0
fre 7820 5708 8 0 0
fre 1100 5748 12 0 0
fre 1172 5748 12 0 0
stand 1224 5736 12 1 0
tree 2392 5752 10 0 0
fre 2420 5756 22 0 0
tree 2408 5752 11 0 0
stand 5032 5752 66 0 0
zabor 5072 5744 104 2 8
zabor 5104 5744 104 2 8
zabor 5136 5744 105 2 8
zabor 5168 5744 104 2 8
zabor 5200 5744 105 2 8
zabor 5232 5744 105 2 8
zabor 5360 5744 105 2 8
zabor 5712 5744 104 2 8
stand 5736 5736 65 0 0
zabor 5776 5744 104 2 8
trop 6436 5756 46 0 0
tree 7800 5736 3 0 0
fre 7804 5740 8 0 0
tree 7880 5752 1 0 0
fre 7884 5756 8 0 0
stand 968 5768 17 1 0
fre 1012 5780 12 0 0
stand 1048 5768 54 0 0
fre 1156 5772 15 0 0
stand 1160 5784 19 0 0
stand 1192 5784 34 0 0
stand 5192 5784 65 0 0
zabor 5232 5776 105 2 8
zabor 5360 5776 104 2 8
zabor 5712 5776 105 2 8
stand 5736 5784 104 0 0
zabor 5776 5776 105 2 8
trop 6004 5780 46 0 0
tree 7752 5784 19 0 0
fre 7756 5788 8 0 0
tree 7800 5768 0 0 0
fre 7804 5772 8 0 0
tree 7896 5784 11 0 0
tree 776 5816 9 0 0
stand 952 5816 34 0 0
tree 1208 5816 7 0 0
tree 2328 5800 12 0 0
tree 2360 5816 8 0 0
tree 2344 5816 13 0 0
tree 2344 5800 13 0 0
zabor 5232 5808 105 2 8
zabor 5264 5808 104 2 8
zabor 5296 5808 104 2 8
zabor 5328 5808 104 2 8
zabor 5360 5808 104 2 8
zabor 5712 5808 105 2 8
zabor 5776 5808 104 2 8
trop 5852 5796 47 0 0
trop 6372 5820 45 0 0
trop 6476 5820 48 0 0
tree 7688 5816 12 0 0
tree 7736 5800 12 0 0
tree 7800 5800 17 0 0
fre 7804 5804 8 0 0
lay 776 5832 7 0 0
tree 776 5832 9 0 0
lay 808 5848 10 0 0
lay 808 5832 11 0 0
tree 808 5832 8 0 0
tree 1000 5848 13 0 0
tree 1016 5848 8 0 0
tree 1016 5832 8 0 0
tree 1048 5848 12 0 0
tree 1176 5832 6 0 0
fre 2548 5852 28 0 0
stand 5288 5848 66 0 0
zabor 5712 5840 104 2 8
stand 5736 5848 112 0 0
zabor 5776 5840 105 2 8
stand 5992 5832 94 0 0
dom 6304 5824 104 0 0
tree 1000 5864 9 0 0
zabor 5712 5872 105 2 8
zabor 5776 5872 105 2 8
trop 5948 5876 45 0 0
trop 6004 5868 47 0 0
trop 6060 5884 48 0 0
dom 6720 5856 113 0 0
dom 6784 5856 113 0 0
zabor 7888 5872 104 2 8
zabor 7920 5872 104 2 8
zabor 7952 5872 105 2 8
zabor 7984 5872 104 2 8
zabor 8016 5872 105 2 8
zabor 8048 5872 105 2 8
zabor 8080 5872 104 2 8
zabor 8112 5872 105 2 8
zabor 8144 5872 104 2 8
tree 888 5912 13 0 0
zabor 5712 5904 105 2 8
zabor 5776 5904 105 2 8
dom 6208 5888 84 0 0
zabor 7696 5904 105 2 8
zabor 7728 5904 104 2 8
zabor 7760 5904 104 2 8
zabor 7792 5904 105 2 8
zabor 7824 5904 105 2 8
zabor 7856 5904 105 2 8
zabor 7888 5904 105 2 8
lay 840 5944 8 0 0
tree 856 5928 12 0 0
tree 872 5944 12 0 0
tree 872 5928 12 0 0
fre 2412 5940 23 0 0
tree 4696 5928 8 0 0
tree 4712 5944 8 0 0
dom 5728 5920 29 0 0
dom 5888 5920 114 0 0
zabor 7472 5936 104 2 8
zabor 7504 5936 104 2 8
zabor 7536 5936 105 2 8
zabor 7568 5936 105 2 8
zabor 7600 5936 104 2 8
zabor 7632 5936 105 2 8
zabor 7664 5936 104 2 8
zabor 7696 5936 104 2 8
tree 840 5960 11 0 0
tree 856 5960 11 0 0
tree 2360 5960 8 0 0
tree 2376 5976 11 0 0
tree 2376 5960 12 0 0
zabor 5680 5968 104 2 8
zabor 6512 5968 104 2 8
zabor 6544 5968 104 2 8
zabor 6576 5968 113 2 9
zabor 6608 5968 112 2 9
zabor 6640 5968 105 2 8
zabor 6672 5968 105 2 8
zabor 6704 5968 105 2 8
zabor 6736 5968 105 2 8
zabor 6768 5968 105 2 8
zabor 6800 5968 105 2 8
zabor 6832 5968 105 2 8
zabor 6864 5968 104 2 8
zabor 6928 5968 104 2 8
zabor 6960 5968 104 2 8
zabor 6992 5968 104 2 8
zabor 7024 5968 104 2 8
zabor 7056 5968 105 2 8
zabor 7088 5968 104 2 8
zabor 7120 5968 105 2 8
zabor 7152 5968 105 2 8
zabor 7184 5968 104 2 8
zabor 7216 5968 104 2 8
zabor 7248 5968 105 2 8
zabor 7280 5968 104 2 8
zabor 7312 5968 105 2 8
zabor 7344 5968 105 2 8
zabor 7376 5968 104 2 8
zabor 7408 5968 105 2 8
zabor 7440 5968 104 2 8
zabor 7472 5968 105 2 8
stand 7736 5960 65 0 0
fre 2372 5988 27 0 0
fre 2516 6012 28 0 0
fre 2564 5988 27 0 0
zabor 5680 6000 104 2 8
zabor 5712 6000 105 2 8
zabor 5744 6000 104 2 8
zabor 5776 6000 104 2 8
zabor 5808 6000 104 2 8
zabor 5840 6000 113 2 9
zabor 6000 6000 105 2 8
zabor 6032 6000 105 2 8
zabor 6064 6000 104 2 8
zabor 6096 6000 105 2 8
zabor 6128 6000 104 2 8
stand 6168 6008 104 0 0
zabor 6160 6000 104 2 8
zabor 6192 6000 105 2 8
zabor 6224 6000 105 2 8
zabor 6256 6000 104 2 8
zabor 6288 6000 104 2 8
zabor 6320 6000 105 2 8
zabor 6352 6000 105 2 8
zabor 6384 6000 105 2 8
zabor 6416 6000 105 2 8
zabor 6448 6000 104 2 8
zabor 6480 6000 104 2 8
zabor 6512 6000 104 2 8
dom 6592 5984 27 0 0
zabor 6928 6000 105 2 8
stand 7224 6008 65 0 0
stand 7352 6008 104 0 0
zabor 7568 6000 104 2 8
zabor 7600 6000 104 2 8
zabor 7632 6000 105 2 8
zabor 7664 6000 105 2 8
zabor 7696 6000 104 2 8
zabor 7888 6000 105 2 8
zabor 7920 6000 104 2 8
zabor 7952 6000 104 2 8
zabor 7984 6000 105 2 8
zabor 8016 6000 105 2 8
stand 2840 6040 18 0 0
zabor 5680 6032 104 2 8
stand 5704 6024 112 0 0
stand 5752 6024 104 0 0
zabor 5840 6032 105 2 8
zabor 5872 6032 105 2 8
zabor 5904 6032 113 2 9
zabor 5936 6032 105 2 8
zabor 5968 6032 105 2 8
zabor 6000 6032 104 2 8
stand 6056 6024 65 0 0
stand 6120 6040 66 0 0
stand 6488 6024 65 0 0
zabor 6672 6032 104 2 8
zabor 6704 6032 105 2 8
zabor 6736 6032 104 2 8
stand 6776 6040 104 0 0
stand 7096 6024 104 0 0
zabor 7408 6032 104 2 8
zabor 7440 6032 104 2 8
zabor 7472 6032 104 2 8
zabor 7504 6032 104 2 8
zabor 7536 6032 104 2 8
zabor 7568 6032 104 2 8
stand 7656 6024 65 0 0
zabor 7696 6032 105 2 8
zabor 7728 6032 105 2 8
zabor 7760 6032 104 2 8
zabor 7792 6032 104 2 8
zabor 7824 6032 105 2 8
zabor 7856 6032 105 2 8
zabor 7888 6032 104 2 8
zabor 8016 6032 105 2 8
zabor 8048 6032 104 2 8
zabor 8080 6032 104 2 8
zabor 5680 6064 104 2 8
zabor 5712 6064 105 2 8
zabor 5744 6064 105 2 8
zabor 5776 6064 104 2 8
zabor 5808 6064 105 2 8
zabor 5840 6064 105 2 8
stand 5864 6072 104 0 0
stand 5960 6056 66 0 0
zabor 6000 6064 105 2 8
zabor 6032 6064 104 2 8
zabor 6064 6064 105 2 8
zabor 6096 6064 104 2 8
zabor 6128 6064 105 2 8
zabor 6160 6064 104 2 8
zabor 6192 6064 104 2 8
zabor 6224 6064 105 2 8
zabor 6256 6064 104 2 8
zabor 6288 6064 105 2 8
zabor 6320 6064 104 2 8
zabor 6352 6064 105 2 8
zabor 6384 6064 104 2 8
zabor 6416 6064 105 2 8
zabor 6448 6064 105 2 8
zabor 6480 6064 104 2 8
zabor 6512 6064 105 2 8
zabor 6544 6064 105 2 8
zabor 6576 6064 104 2 8
zabor 6608 6064 104 2 8
zabor 6640 6064 104 2 8
zabor 6672 6064 105 2 8
stand 6696 6056 104 0 0
zabor 6736 6064 105 2 8
zabor 6768 6064 105 2 8
zabor 6800 6064 104 2 8
zabor 6832 6064 105 2 8
zabor 6864 6064 104 2 8
dom 6912 6048 31 0 0
zabor 6960 6064 105 2 8
zabor 6992 6064 105 2 8
zabor 7024 6064 105 2 8
zabor 7056 6064 104 2 8
zabor 7088 6064 105 2 8
zabor 7120 6064 104 2 8
zabor 7152 6064 104 2 8
zabor 7184 6064 105 2 8
zabor 7216 6064 104 2 8
zabor 7248 6064 105 2 8
zabor 7280 6064 105 2 8
zabor 7312 6064 105 2 8
zabor 7344 6064 105 2 8
zabor 7376 6064 105 2 8
zabor 7408 6064 105 2 8
stand 7448 6056 112 0 0
stand 2808 6088 10 0 0
fre 2932 6108 8 0 0
tree 2920 6104 0 0 0
tree 2952 6104 12 0 0
stand 6024 6104 65 0 0
stand 6344 6088 112 0 0
stand 6792 6104 112 0 0
stand 7032 6088 65 0 0
stand 7160 6088 66 0 0
stand 7288 6088 104 0 0
lay 7608 6104 12 0 0
tree 7688 6088 11 0 0
tree 7688 6104 13 0 0
stand 2728 6120 11 0 0
tree 2856 6136 18 0 0
fre 2916 6140 8 0 0
fre 2924 6132 8 0 0
fre 2932 6116 8 0 0
tree 2920 6136 5 0 0
tree 4600 6120 6 0 0
fre 4612 6116 11 0 0
stand 5784 6120 66 0 0
stand 6136 6120 66 0 0
stand 6248 6120 66 0 0
stand 6568 6120 65 0 0
stand 6664 6120 104 0 0
stand 6744 6136 65 0 0
stand 7000 6136 104 0 0
stand 7432 6136 65 0 0
stand 7560 6120 17 1 0
stand 7608 6120 10 1 0
tree 7656 6136 8 0 0
tree 7720 6120 8 0 0
stand 2664 6152 19 0 0
tree 2808 6168 2 0 0
fre 2876 6172 8 0 0
tree 2872 6168 18 0 0
tree 2888 6168 18 0 0
stand 5928 6152 77 0 0
stand 5928 6168 77 0 0
stand 5976 6152 74 0 0
stand 5976 6168 74 0 0
stand 7544 6152 18 1 0
stand 7544 6168 18 1 0
tree 7592 6152 9 0 0
tree 2712 6200 14 0 0
fre 2804 6204 8 0 0
tree 2792 6184 18 0 0
tree 2808 6184 14 0 0
tree 2808 6200 1 0 0
tree 2904 6200 6 0 0
tree 4296 6200 8 0 0
stand 5928 6184 79 0 0
stand 5944 6184 71 0 0
stand 5960 6184 71 0 0
stand 5976 6184 84 0 0
stand 7560 6200 19 1 0
stand 7672 6184 12 1 0
tree 2648 6216 20 0 0
tree 2632 6216 19 0 0
tree 2664 6216 6 0 0
tree 2744 6216 4 0 0
tree 2888 6232 1 0 0
tree 4280 6232 13 0 0
tree 4312 6216 11 0 0
fre 4308 6212 11 0 0
tree 7320 6232 13 0 0
tree 7576 6232 6 0 0
tree 7576 6216 6 0 0
tree 7592 6216 12 0 0
fre 7644 6212 12 0 0
tree 2648 6248 12 0 0
tree 2680 6264 16 0 0
tree 2712 6264 5 0 0
tree 2744 6248 6 0 0
tree 2760 6248 2 0 0
tree 2872 6264 7 0 0
tree 7384 6264 12 0 0
tree 7368 6264 12 0 0
tree 7416 6248 13 0 0
tree 7480 6264 11 0 0
trop 7516 6268 46 0 0
tree 7560 6248 13 0 0
tree 2104 6296 12 0 0
tree 2536 6296 14 0 0
tree 2648 6280 20 0 0
tree 2680 6280 6 0 0
tree 2664 6280 13 0 0
tree 2744 6280 3 0 0
tree 2728 6280 20 0 0
tree 2760 6280 12 0 0
tree 2872 6296 3 0 0
fre 4972 6276 4 0 0
tree 7384 6280 12 0 0
tree 7368 6280 11 0 0
tree 7384 6296 8 0 0
tree 7544 6280 13 0 0
tree 7800 6296 13 0 0
stand 2008 6328 35 0 0
tree 2104 6312 12 0 0
tree 2152 6312 13 0 0
tree 2200 6312 6 0 0
fre 2620 6316 8 0 0
fre 2612 6308 8 0 0
tree 2616 6312 19 0 0
tree 2744 6328 8 0 0
tree 2760 6312 6 0 0
fre 2828 6332 8 0 0
tree 2824 6328 3 0 0
fre 4612 6316 7 0 0
fre 4692 6324 5 0 0
tree 7576 6312 6 0 0
lay 2104 6344 13 0 0
tree 2136 6360 9 0 0
tree 2152 6360 10 0 0
tree 2376 6344 4 0 0
tree 2712 6360 14 0 0
tree 2744 6344 5 0 0
stand 2904 6344 26 0 0
fre 3212 6364 27 0 0
stand 2072 6376 13 0 0
lay 2120 6376 10 0 0
tree 2152 6392 9 0 0
stand 2296 6392 12 1 0
fre 2428 6380 8 0 0
tree 2424 6376 0 0 0
tree 2408 6376 16 0 0
fre 2524 6396 8 0 0
tree 2520 6392 1 0 0
fre 2540 6380 8 0 0
tree 2536 6376 2 0 0
tree 2648 6376 11 0 0
tree 2632 6376 18 0 0
tree 2712 6376 19 0 0
tree 2696 6376 11 0 0
stand 2888 6392 24 0 0
tree 7480 6376 9 0 0
tree 7480 6392 8 0 0
trop 7516 6388 47 0 0
tree 7800 6392 12 0 0
stand 2008 6424 14 0 0
stand 2280 6424 12 1 0
tree 2504 6408 17 0 0
tree 2552 6408 3 0 0
tree 2664 6408 7 0 0
fre 2860 6428 8 0 0
tree 2856 6424 19 0 0
fre 3132 6428 23 0 0
dom 7584 6400 25 2 0
tree 7768 6424 12 0 0
lay 1944 6456 3 0 0
stand 2088 6440 14 0 0
tree 2488 6456 10 0 0
tree 2648 6440 18 0 0
tree 2712 6440 15 0 0
tree 2744 6456 20 0 0
tree 2760 6456 11 0 0
tree 2776 6456 8 0 0
fre 2812 6444 8 0 0
tree 2808 6440 4 0 0
tree 2792 6440 10 0 0
dom 7648 6432 10 3 0
tree 7800 6440 13 0 0
stand 2024 6488 13 0 0
lay 2120 6488 5 0 0
stand 2200 6488 17 0 0
tree 2264 6472 12 0 0
fre 2540 6492 8 0 0
tree 2552 6488 4 0 0
tree 2536 6488 4 0 0
tree 2568 6488 11 0 0
tree 2616 6472 11 0 0
tree 2600 6488 4 0 0
fre 2748 6492 8 0 0
tree 2744 6488 18 0 0
tree 2760 6472 8 0 0
tree 4808 6488 12 0 0
tree 7752 6488 13 0 0
tree 1368 6504 10 0 0
tree 1880 6504 7 0 0
stand 1944 6520 17 1 0
tree 1976 6520 10 0 0
lay 1992 6504 7 0 0
lay 2008 6520 8 0 0
tree 2408 6520 3 0 0
tree 2536 6504 13 0 0
tree 2648 6520 4 0 0
tree 2728 6504 20 0 0
tree 2824 6504 4 0 0
tree 4616 6504 12 0 0
tree 4664 6520 13 0 0
tree 4872 6520 11 0 0
tree 7320 6520 12 0 0
dom 7392 6496 10 2 0
dom 7456 6496 16 2 0
trop 7524 6516 46 0 0
tree 7592 6504 12 0 0
tree 2072 6536 8 0 0
stand 2168 6536 12 0 0
tree 2200 6536 11 0 0
fre 2524 6556 8 0 0
tree 2520 6552 4 0 0
fre 2652 6556 8 0 0
tree 2648 6552 1 0 0
tree 2744 6536 14 0 0
tree 2728 6536 2 0 0
tree 2776 6552 16 0 0
tree 2760 6552 7 0 0
tree 7480 6536 8 0 0
tree 7784 6536 6 0 0
tree 7816 6536 7 0 0
tree 7864 6552 8 0 0
tree 1288 6568 9 0 0
tree 1976 6568 10 0 0
tree 2008 6584 8 0 0
tree 2168 6584 11 0 0
tree 2616 6568 6 0 0
tree 2744 6584 13 0 0
tree 4632 6568 18 0 0
tree 4712 6584 13 0 0
trop 7364 6580 45 0 0
trop 7484 6580 48 0 0
trop 7516 6580 45 0 0
trop 7636 6580 48 0 0
trop 7684 6580 45 0 0
trop 7796 6580 48 0 0
trop 7836 6588 45 0 0
trop 7980 6588 41 0 0
stand 1880 6600 18 1 0
tree 2520 6616 4 0 0
stand 2696 6616 24 0 0
tree 2776 6600 8 0 0
tree 2760 6600 3 0 0
tree 2792 6616 17 0 0
tree 2792 6600 9 0 0
tree 4600 6616 4 0 0
stand 4632 6600 35 0 0
tree 4792 6616 19 0 0
lay 4872 6600 8 0 0
lay 4888 6616 6 0 0
lay 4888 6600 4 0 0
lay 4904 6616 9 0 0
trop 7500 6620 47 0 0
lay 7736 6616 2 0 0
lay 7752 6616 3 0 0
stand 1880 6632 18 1 0
stand 1896 6632 10 1 0
tree 2808 6632 11 0 0
tree 2792 6632 16 0 0
tree 2824 6632 0 0 0
lay 4888 6632 2 0 0
lay 4888 6648 11 0 0
lay 4904 6632 14 0 0
tree 4984 6632 10 0 0
tree 5000 6648 10 0 0
tree 5000 6632 10 0 0
lay 7928 6632 11 0 0
lay 7912 6632 13 0 0
tree 1208 6680 8 0 0
stand 1880 6680 19 1 0
tree 1992 6664 4 0 0
tree 2056 6680 19 0 0
tree 2120 6680 13 0 0
tree 2168 6664 12 0 0
tree 4536 6664 2 0 0
tree 4536 6680 2 0 0
tree 4632 6680 12 0 0
fre 4988 6668 4 0 0
fre 4988 6676 1 0 0
tree 4984 6680 6 0 0
dom 7424 6656 17 2 0
dom 7584 6656 21 2 0
tree 7672 6680 7 0 0
tree 7736 6680 7 0 0
tree 1912 6696 0 0 0
tree 2056 6712 3 0 0
tree 2088 6696 13 0 0
tree 2136 6696 12 0 0
tree 2152 6696 12 0 0
tree 4520 6712 2 0 0
tree 4632 6712 11 0 0
tree 4728 6696 18 0 0
lay 7640 6712 4 0 0
tree 7688 6712 7 0 0
tree 7736 6696 7 0 0
tree 1944 6744 11 0 0
tree 2008 6728 3 0 0
tree 4600 6744 10 0 0
tree 4616 6728 13 0 0
tree 4728 6744 18 0 0
tree 7576 6728 8 0 0
tree 7560 6744 13 0 0
tree 7640 6728 8 0 0
tree 7624 6744 11 0 0
tree 1864 6776 13 0 0
tree 1912 6760 2 0 0
tree 1992 6760 3 0 0
tree 2088 6760 13 0 0
tree 2152 6760 13 0 0
tree 4472 6760 1 0 0
tree 4520 6776 1 0 0
tree 4584 6776 10 0 0
tree 4584 6760 13 0 0
tree 4872 6760 12 0 0
stand 4952 6760 59 1 0
tree 7592 6760 13 0 0
tree 7624 6760 11 0 0
cliff 928 6784 44 179 179
cliff 992 6784 44 179 179
cliff 1056 6784 43 179 179
tree 1912 6792 12 0 0
tree 1976 6808 18 0 0
tree 4456 6808 18 0 0
fre 4580 6804 5 0 0
tree 4680 6808 17 0 0
stand 4760 6792 18 0 0
cliff 832 6816 45 179 179
fre 1508 6820 27 0 0
tree 1864 6824 17 0 0
tree 1928 6824 1 0 0
tree 2072 6840 12 0 0
stand 4760 6824 10 1 0
stand 4872 6840 17 1 0
stand 4936 6840 12 0 0
tree 7560 6824 13 0 0
fre 1340 6852 23 0 0
tree 1784 6872 12 0 0
tree 4440 6856 13 0 0
stand 4696 6872 11 1 0
stand 4760 6872 18 1 0
fre 4900 6860 12 0 0
cliff 1184 6880 35 179 179
tree 4520 6888 11 0 0
stand 4696 6904 18 1 0
fre 4724 6884 16 0 0
stand 4856 6904 17 0 0
stand 4936 6904 17 1 0
cliff 768 6912 46 179 179
tree 4552 6936 11 0 0
stand 4712 6936 19 1 0
fre 4788 6940 15 0 0
stand 4808 6936 12 1 0
fre 4836 6916 15 0 0
fre 1828 6964 28 0 0
stand 4760 6952 10 1 0
tree 1704 6984 8 0 0
tree 1704 7000 6 0 0
stand 4712 6984 59 0 0
cliff 7616 6976 43 179 179
fre 7676 6996 27 0 0
fre 7708 7004 27 0 0
fre 7708 6996 28 0 0
fre 7692 6980 26 0 0
fre 7700 6988 23 0 0
tree 1688 7016 8 0 0
tree 1704 7016 7 0 0
cliff 7520 7008 45 179 179
cliff 7712 7040 31 179 179
lay 7800 7048 6 0 0
lay 7816 7048 8 0 0
tree 5048 7080 10 0 0
tree 5032 7096 10 0 0
tree 5048 7096 10 0 0
tree 5064 7096 12 0 0
lay 7480 7096 11 0 0
lay 7704 7096 5 0 0
cliff 768 7104 41 179 179
cliff 896 7104 23 179 179
cliff 960 7104 11 179 179
tree 4392 7128 12 0 0
tree 5064 7112 10 0 0
lay 7288 7128 9 0 0
cliff 864 7136 34 179 179
cliff 7456 7136 46 179 179
cliff 7776 7136 35 179 179
tree 4376 7192 10 0 0
tree 4392 7176 11 0 0
tree 4408 7176 13 0 0
tree 6392 7224 12 0 0
tree 6376 7208 12 0 0
tree 6392 7208 12 0 0
tree 6536 7288 13 0 0
cliff 7456 7264 46 179 179
tree 6536 7304 13 0 0
tree 6552 7304 12 0 0
stand 6296 7336 11 0 0
lay 7592 7352 2 0 0
lay 7608 7352 7 0 0
tree 6232 7384 11 0 0
stand 6360 7368 19 0 0
stand 6376 7368 10 0 0
tree 6424 7368 8 0 0
tree 6504 7384 7 0 0
tree 6504 7368 8 0 0
cliff 7584 7360 8 179 179
lay 7672 7368 9 0 0
fre 1572 7412 27 0 0
tree 6088 7416 9 0 0
tree 6280 7416 12 0 0
stand 6376 7400 18 0 0
stand 6456 7416 12 1 0
stand 6504 7416 11 1 0
tree 6088 7432 8 0 0
tree 6280 7448 8 0 0
stand 6344 7448 15 0 0
stand 6376 7448 3 0 0
cliff 7456 7424 42 179 179
cliff 5952 7456 43 179 179
tree 6040 7464 9 0 0
tree 6056 7480 9 0 0
tree 6120 7464 9 0 0
tree 6296 7480 11 0 0
tree 6312 7480 12 0 0
stand 6456 7480 12 1 0
stand 6488 7480 18 1 0
tree 6600 7464 11 0 0
lay 7400 7464 14 0 0
cliff 7584 7456 36 179 179
cliff 5856 7488 45 179 179
tree 6488 7512 10 0 0
tree 6568 7512 11 0 0
cliff 6048 7520 25 179 179
tree 6248 7528 11 0 0
stand 6312 7528 17 0 0
cliff 6016 7552 6 179 179
stand 6328 7576 12 1 0
stand 6360 7576 18 1 0
stand 6392 7560 12 1 0
stand 6440 7560 17 1 0
tree 6472 7576 8 0 0
tree 6216 7592 12 0 0
tree 6232 7592 12 0 0
tree 6232 7608 11 0 0
tree 6456 7608 8 0 0
tree 6472 7592 8 0 0
cliff 5952 7616 25 179 179
tree 6296 7640 7 0 0
tree 6344 7624 6 0 0
cliff 5824 7648 41 179 179
cliff 5920 7648 3 179 179
cliff 5888 7680 21 179 179
tree 5816 7720 8 0 0
tree 5816 7736 8 0 0
tree 5832 7720 8 0 0
tree 5832 7736 8 0 0
