lay 424 56 62 0 179
lay 136 152 63 0 179
tree 408 152 40 0 179
lay 424 136 18 0 179
tree 1480 136 12 0 179
tree 1912 152 45 0 179
fre 2052 132 148 179 179
tree 2600 152 47 0 179
lay 328 168 59 0 179
fre 668 180 105 179 179
tree 1288 184 12 0 179
fre 1844 188 148 179 179
fre 2004 172 148 179 179
fre 2100 188 227 179 179
tree 2120 184 47 0 179
fre 2228 180 224 179 179
fre 2324 188 224 179 179
fre 2724 172 155 179 179
cliff 3696 176 45 179 179
tree 3736 168 19 0 179
tree 3720 168 19 0 179
tree 3720 184 19 0 179
tree 3768 184 19 0 179
tree 3752 184 19 0 179
tree 3800 168 21 0 179
fre 3836 172 140 179 179
tree 3912 184 2 0 179
lay 232 216 65 0 179
lay 312 216 17 0 179
lay 520 200 66 0 179
tree 1272 200 39 0 179
fre 1300 220 149 179 179
fre 1308 196 154 179 179
tree 1400 200 34 0 179
fre 1932 212 227 179 179
dom 2016 192 75 0 179
fre 2156 212 224 179 179
tree 2344 216 37 0 179
fre 2420 196 234 179 179
fre 2556 212 234 179 179
fre 2556 220 161 179 179
fre 2604 196 234 179 179
fre 2684 204 234 179 179
fre 2852 196 232 179 179
tree 3720 200 19 0 179
tree 3720 216 19 0 179
tree 3768 200 19 0 179
tree 3752 216 19 0 179
fre 3828 204 140 179 179
tree 264 232 40 0 179
tree 600 232 41 0 179
stand 1160 248 31 0 179
fre 1476 252 111 179 179
fre 1516 236 145 179 179
tree 1544 232 40 0 179
fre 1612 236 111 179 179
fre 1644 244 145 179 179
fre 1756 252 145 179 179
fre 2004 252 148 179 179
fre 2028 244 227 179 179
fre 2132 244 227 179 179
fre 2492 236 234 179 179
tree 2776 232 47 0 179
fre 2772 236 234 179 179
stand 3176 248 0 0 179
tree 3720 232 22 0 179
fre 3788 228 145 179 179
lay 152 280 18 0 179
fre 1324 276 154 179 179
fre 1876 268 148 179 179
fre 1980 284 148 179 179
fre 2204 284 227 179 179
fre 2300 268 224 179 179
tree 3672 264 18 0 179
lay 440 296 66 0 179
tree 1144 296 40 0 179
tree 1240 296 7 0 179
fre 1364 308 149 179 179
fre 1756 308 111 179 179
fre 2484 292 234 179 179
fre 2612 308 234 179 179
fre 2708 316 231 179 179
most 2944 288 38 0 179
most 3072 288 40 0 179
fre 3732 292 145 179 179
fre 3884 292 142 179 179
dom 640 320 39 0 179
fre 1220 340 154 179 179
fre 2388 332 154 179 179
fre 2532 348 234 179 179
fre 2636 340 234 179 179
fre 2764 324 163 179 179
cliff 3632 320 46 179 179
tree 3656 328 5 0 179
tree 3720 344 44 0 179
fre 3924 324 140 179 179
lay 216 376 66 0 179
fre 1388 364 149 179 179
fre 1908 372 148 179 179
fre 2260 380 148 179 179
tree 2888 376 20 0 179
most 3136 352 40 0 179
tree 3208 360 20 0 179
fre 3916 364 140 179 179
fre 596 396 105 179 179
tree 1560 392 27 0 179
fre 1628 388 145 179 179
dom 2016 384 135 0 179
fre 2284 404 154 179 179
fre 2380 404 150 179 179
tree 2408 392 38 0 179
fre 2516 396 234 179 179
tree 2664 392 50 0 179
tree 2952 392 24 0 179
tree 3672 408 2 0 179
fre 3740 388 145 179 179
fre 3924 396 33 179 179
tree 3944 392 24 0 179
tree 968 440 41 0 179
stand 1112 440 8 0 179
fre 1444 420 148 179 179
tree 1656 440 46 0 179
tree 1672 440 46 0 179
trop 2108 436 126 179 179
trop 2132 444 126 179 179
dom 2240 416 87 0 179
cliff 3632 416 46 179 179
fre 3692 420 140 179 179
tree 3704 440 2 0 179
tree 3704 424 2 0 179
tree 3688 424 2 0 179
tree 3720 424 2 0 179
tree 3720 440 2 0 179
dom 3808 416 37 0 179
tree 3944 440 5 0 179
lay 56 456 59 0 179
lay 136 456 62 0 179
fre 1436 468 148 179 179
fre 1484 476 154 179 179
fre 1660 452 101 179 179
fre 1708 476 145 179 179
fre 1924 460 227 179 179
fre 2012 476 148 179 179
trop 2116 476 126 179 179
trop 2124 460 126 179 179
fre 2204 452 227 179 179
fre 2644 460 227 179 179
fre 2628 468 154 179 179
fre 2716 452 147 179 179
tree 2776 456 50 0 179
fre 2860 476 146 179 179
tree 3208 472 21 0 179
tree 3672 472 2 0 179
fre 3740 468 145 179 179
tree 216 488 40 0 179
fre 1524 484 147 179 179
dom 1664 480 109 0 179
trop 2076 508 126 179 179
fre 2172 500 227 179 179
tree 2232 504 12 0 179
fre 2260 492 150 179 179
fre 2388 484 149 179 179
fre 2540 500 227 179 179
tree 2616 504 47 0 179
fre 3916 500 145 179 179
lay 376 520 66 0 179
tree 408 536 41 0 179
fre 1268 540 154 179 179
tree 1608 520 30 0 179
fre 1676 524 145 179 179
tree 1688 520 45 0 179
fre 1708 532 101 179 179
tree 1800 536 15 0 179
fre 1796 532 145 179 179
fre 1860 516 111 179 179
dom 1920 512 75 0 179
fre 2012 532 227 179 179
trop 2100 516 126 179 179
tree 2728 536 46 0 179
fre 2748 524 145 179 179
fre 2780 540 145 179 179
tree 3624 520 5 0 179
tree 3640 536 5 0 179
tree 3688 520 46 0 179
fre 3764 524 149 179 179
fre 3772 532 149 179 179
tree 3928 536 2 0 179
lay 120 552 62 0 179
tree 1112 568 14 0 179
tree 1848 568 6 0 179
trop 2076 564 126 179 179
fre 2220 548 147 179 179
dom 2272 544 98 0 179
fre 2292 572 149 179 179
tree 2344 552 40 0 179
fre 2444 572 227 179 179
tree 3208 552 24 0 179
cliff 3600 560 45 179 179
tree 3640 552 5 0 179
fre 3764 556 149 179 179
fre 3868 556 145 179 179
stand 1032 584 7 0 179
tree 1176 584 11 0 179
fre 1532 604 149 179 179
tree 1768 600 31 0 179
trop 2068 604 126 179 179
tree 2248 584 8 0 179
fre 2332 580 154 179 179
fre 2644 580 145 179 179
fre 2716 604 147 179 179
most 3072 576 34 0 179
tree 3608 600 47 0 179
fre 3668 596 145 179 179
tree 3896 584 44 0 179
fre 1172 636 145 179 179
fre 1324 636 145 179 179
fre 1716 620 145 179 179
tree 1704 632 32 0 179
dom 1856 608 97 0 179
trop 2060 612 126 179 179
trop 2084 612 126 179 179
trop 2084 636 126 179 179
tree 2248 632 47 0 179
fre 2524 628 145 179 179
stand 3144 632 6 0 179
tree 3864 616 46 0 179
fre 3892 620 145 179 179
tree 3960 632 6 0 179
lay 88 648 59 0 179
tree 808 664 41 0 179
lay 840 648 67 0 179
tree 968 664 13 0 179
tree 1000 664 7 0 179
fre 1460 660 154 179 179
fre 1756 668 145 179 179
tree 1960 664 17 0 179
trop 2068 668 126 179 179
trop 2076 644 126 179 179
trop 2092 652 126 179 179
tree 2136 648 4 0 179
tree 2232 664 34 0 179
tree 2504 648 46 0 179
tree 2648 648 24 0 179
lay 2808 664 65 0 179
tree 2888 664 20 0 179
tree 3064 664 22 0 179
stand 3208 664 0 0 179
tree 3576 664 22 0 179
dom 3616 640 66 0 179
fre 3756 644 149 179 179
tree 3944 648 6 0 179
lay 312 696 65 0 179
fre 700 692 149 179 179
tree 1256 696 15 0 179
tree 1288 680 49 0 179
fre 1588 700 149 179 179
tree 1784 696 46 0 179
tree 1896 680 0 0 179
stand 1944 696 16 0 179
fre 1972 676 137 179 179
trop 2084 692 126 179 179
fre 2308 676 145 179 179
tree 3560 680 44 0 179
fre 3628 692 145 179 179
cliff 3904 672 45 179 179
tree 3976 696 6 0 179
fre 1260 708 145 179 179
fre 1804 708 145 179 179
trop 2060 724 126 179 179
trop 2084 716 126 179 179
fre 2196 732 145 179 179
tree 2472 728 9 0 179
lay 2632 728 66 0 179
tree 2968 728 37 0 179
stand 3512 728 0 0 179
cliff 3536 704 46 179 179
tree 3736 712 47 0 179
fre 3748 708 149 179 179
fre 3748 732 154 179 179
tree 3832 728 1 0 179
lay 3896 728 72 0 179
tree 3896 712 6 0 179
lay 3960 728 71 0 179
fre 652 764 149 179 179
fre 828 764 145 179 179
fre 892 764 145 179 179
fre 988 756 145 179 179
tree 1272 744 8 0 179
fre 1700 764 148 179 179
tree 1896 744 6 0 179
stand 1960 760 63 0 179
trop 2060 748 126 179 179
fre 2420 740 145 179 179
tree 2744 760 38 0 179
tree 2824 744 23 0 179
fre 3644 764 149 179 179
fre 1268 780 145 179 179
fre 1388 772 145 179 179
fre 1644 788 148 179 179
dom 1920 768 75 0 179
trop 2052 796 126 179 179
trop 2084 772 126 179 179
tree 2184 776 14 0 179
tree 2280 792 47 0 179
tree 2600 792 20 0 179
stand 2968 792 0 0 179
cliff 3824 768 45 179 179
fre 692 812 147 179 179
tree 888 808 34 0 179
fre 1092 812 145 179 179
fre 1188 812 145 179 179
tree 1480 808 40 0 179
fre 1844 804 145 179 179
stand 1864 824 11 0 179
trop 2068 804 126 179 179
tree 2296 824 47 0 179
tree 2296 808 47 0 179
tree 2280 808 47 0 179
lay 2472 824 67 0 179
tree 3496 824 44 0 179
tree 3544 808 23 0 179
tree 3544 824 23 0 179
tree 3736 824 44 0 179
lay 3832 824 72 0 179
lay 232 856 65 0 179
fre 892 852 145 179 179
fre 1820 852 145 179 179
tree 1832 856 16 0 179
trop 2028 852 126 179 179
trop 2036 860 126 179 179
trop 2060 836 126 179 179
fre 2132 860 149 179 179
fre 2228 852 149 179 179
fre 2348 860 145 179 179
tree 2376 856 38 0 179
cliff 3472 832 45 179 179
lay 4056 840 61 0 179
tree 280 872 41 0 179
fre 812 892 145 179 179
fre 1692 876 148 179 179
stand 1896 888 88 0 179
trop 2012 892 126 179 179
trop 2068 868 126 179 179
stand 2136 872 6 0 179
tree 2200 872 6 0 179
tree 2312 872 46 0 179
tree 2328 872 46 0 179
fre 3684 868 145 179 179
cliff 3728 880 45 179 179
dom 3744 864 126 0 179
cliff 3744 880 45 179 179
fre 660 924 149 179 179
trop 2028 916 126 179 179
trop 2036 908 126 179 179
fre 2124 908 149 179 179
stand 2136 920 62 0 179
fre 2204 916 154 179 179
tree 2296 904 45 0 179
fre 3540 900 145 179 179
tree 3720 904 2 0 179
lay 4008 920 62 0 179
lay 56 936 62 0 179
lay 408 936 66 0 179
fre 988 932 145 179 179
tree 1400 936 39 0 179
fre 1788 956 145 179 179
trop 2044 956 126 179 179
trop 2028 932 126 179 179
trop 2052 932 126 179 179
tree 2120 952 2 0 179
fre 2188 940 148 179 179
cliff 3376 928 45 179 179
tree 3384 952 19 0 179
lay 3768 952 74 0 179
fre 700 972 149 179 179
most 1312 960 57 0 179
fre 1644 972 148 179 179
dom 1792 960 75 0 179
stand 1848 984 6 0 179
trop 2028 964 126 179 179
trop 2028 988 126 179 179
fre 2252 980 147 179 179
lay 2328 968 71 0 179
tree 3384 968 19 0 179
tree 3368 968 42 0 179
tree 3608 984 42 0 179
cliff 3648 976 45 179 179
lay 3704 968 72 0 179
lay 3784 984 74 0 179
lay 3960 984 62 0 179
lay 232 1016 66 0 179
fre 580 1012 105 179 179
tree 1096 1000 38 0 179
most 1216 992 57 0 179
fre 1788 996 145 179 179
tree 1784 1000 27 0 179
tree 1880 1016 0 0 179
stand 1912 1016 15 0 179
trop 2012 1012 126 179 179
trop 2036 996 126 179 179
trop 2068 1020 126 179 179
fre 2132 1012 148 179 179
tree 2136 1016 11 0 179
fre 2164 1020 154 179 179
fre 3452 996 145 179 179
tree 3528 1016 19 0 179
fre 3572 996 145 179 179
tree 3576 1000 19 0 179
lay 3656 1016 72 0 179
lay 56 1048 62 0 179
lay 312 1032 66 0 179
fre 828 1036 145 179 179
fre 884 1044 145 179 179
tree 888 1048 36 0 179
fre 1604 1052 148 179 179
fre 1692 1052 145 179 179
trop 2044 1044 126 179 179
trop 2028 1052 126 179 179
tree 2152 1048 45 0 179
tree 2184 1032 45 0 179
tree 3000 1048 22 0 179
cliff 3040 1040 43 179 179
cliff 3280 1024 45 179 179
tree 3528 1032 19 0 179
tree 3544 1032 19 0 179
tree 3560 1032 19 0 179
tree 3560 1048 19 0 179
tree 3576 1032 19 0 179
lay 3752 1032 75 0 179
tree 3928 1048 6 0 179
lay 1304 1064 62 0 179
fre 1532 1068 148 179 179
tree 1640 1080 23 0 179
fre 1804 1076 145 179 179
trop 1996 1084 126 179 179
tree 2136 1064 23 0 179
tree 2200 1064 45 0 179
lay 2232 1080 72 0 179
cliff 2608 1072 44 179 179
stand 2856 1080 0 0 179
cliff 2880 1072 45 179 179
cliff 3200 1072 44 179 179
tree 3208 1080 23 0 179
tree 3304 1064 44 0 179
fre 3372 1076 145 179 179
cliff 3584 1056 45 179 179
lay 3672 1064 74 0 179
lay 3800 1064 64 0 179
lay 216 1096 69 0 179
lay 440 1112 66 0 179
fre 700 1100 149 179 179
trop 2020 1116 126 179 179
trop 2044 1100 126 179 179
trop 2028 1092 126 179 179
trop 2052 1092 126 179 179
tree 2088 1112 40 0 179
stand 2280 1112 0 0 179
tree 2568 1112 11 0 179
tree 2616 1096 25 0 179
tree 2744 1112 43 0 179
cliff 2752 1104 43 179 179
tree 2936 1112 44 0 179
fre 2996 1116 145 179 179
tree 3192 1096 23 0 179
tree 3224 1112 23 0 179
tree 3208 1096 42 0 179
fre 3452 1100 145 179 179
lay 3864 1112 59 0 179
lay 104 1128 62 0 179
most 1024 1120 38 0 179
lay 1080 1144 68 0 179
lay 1144 1144 68 0 179
fre 1812 1148 145 179 179
trop 2036 1148 127 179 179
trop 2020 1124 126 179 179
trop 2036 1124 126 179 179
cliff 2176 1136 47 179 179
cliff 2496 1120 45 179 179
tree 2504 1144 18 0 179
fre 2828 1148 148 179 179
tree 2840 1128 25 0 179
cliff 3488 1136 45 179 179
tree 3544 1144 40 0 179
lay 3704 1128 72 0 179
stand 152 1160 0 0 179
fre 796 1164 145 179 179
lay 1384 1176 74 0 179
fre 1652 1172 145 179 179
dom 1792 1152 44 0 179
tree 1864 1160 23 0 179
trop 2012 1180 126 179 179
trop 2036 1156 126 179 179
trop 2052 1180 127 179 179
trop 2052 1180 126 179 179
tree 2104 1160 47 0 179
stand 2248 1176 41 0 179
stand 2504 1160 41 0 179
tree 2536 1176 42 0 179
dom 2592 1152 29 3 179
fre 2660 1180 145 179 179
fre 2924 1180 149 179 179
fre 3076 1164 145 179 179
fre 3292 1156 145 179 179
fre 3332 1172 145 179 179
tree 3448 1160 44 0 179
lay 3608 1160 66 0 179
tree 3848 1176 6 0 179
stand 136 1192 0 0 179
stand 168 1192 0 0 179
lay 264 1192 66 0 179
fre 652 1196 149 179 179
tree 1016 1192 30 0 179
lay 1032 1192 18 0 179
lay 1192 1192 59 0 179
cliff 1248 1184 37 179 179
fre 1716 1196 145 179 179
fre 1828 1212 145 179 179
dom 1952 1184 15 3 179
trop 2012 1196 126 179 179
trop 2044 1212 126 179 179
trop 2060 1196 127 179 179
cliff 2192 1184 37 179 179
stand 2232 1192 41 0 179
lay 2472 1192 75 0 179
tree 2488 1192 17 0 179
fre 2716 1204 148 179 179
fre 2812 1188 154 179 179
fre 2836 1204 149 179 179
fre 3164 1188 145 179 179
tree 3144 1192 46 0 179
fre 3244 1196 145 179 179
cliff 3408 1200 45 179 179
lay 3688 1208 63 0 179
stand 168 1240 0 0 179
stand 168 1224 0 0 179
lay 296 1224 90 0 179
fre 1524 1228 148 179 179
tree 1608 1224 25 0 179
tree 1784 1240 43 0 179
fre 1828 1244 145 179 179
trop 2028 1236 126 179 179
trop 2060 1228 126 179 179
trop 2068 1236 127 179 179
trop 2068 1220 127 179 179
trop 2092 1220 127 179 179
stand 2488 1224 41 0 179
cliff 2992 1232 44 179 179
cliff 3072 1232 44 179 179
tree 3080 1224 42 0 179
tree 3288 1240 1 0 179
tree 3560 1240 6 0 179
tree 3800 1240 14 0 179
lay 184 1256 83 0 179
tree 264 1272 40 0 179
lay 440 1256 66 0 179
tree 824 1272 40 0 179
lay 1336 1272 72 0 179
fre 1412 1268 145 179 179
fre 1580 1252 94 179 179
trop 2084 1276 127 179 179
trop 2108 1260 126 179 179
trop 2092 1252 127 179 179
trop 2124 1260 127 179 179
trop 2516 1260 127 179 179
trop 2524 1276 127 179 179
trop 2676 1268 126 179 179
trop 2676 1276 126 179 179
trop 2668 1276 126 179 179
trop 2692 1268 126 179 179
trop 2700 1276 126 179 179
trop 2708 1268 126 179 179
trop 2708 1276 126 179 179
trop 2724 1260 126 179 179
fre 2788 1276 146 179 179
fre 2900 1260 145 179 179
fre 2996 1276 163 179 179
tree 3080 1256 37 0 179
cliff 3328 1264 45 179 179
lay 3480 1272 66 0 179
tree 3496 1256 15 0 179
lay 3848 1272 65 0 179
lay 120 1304 61 0 179
lay 200 1288 69 0 179
fre 724 1300 145 179 179
tree 744 1304 36 0 179
tree 792 1304 43 0 179
stand 1096 1288 31 0 179
fre 1380 1300 150 179 179
fre 1548 1284 148 179 179
fre 1812 1300 5 179 179
tree 1944 1304 19 0 179
tree 1960 1288 19 0 179
trop 2124 1300 127 179 179
trop 2172 1292 126 179 179
trop 2148 1284 127 179 179
trop 2188 1308 126 179 179
trop 2188 1300 127 179 179
most 2304 1280 20 0 179
trop 2468 1292 127 179 179
trop 2500 1300 127 179 179
trop 2508 1308 127 179 179
trop 2516 1308 127 179 179
trop 2580 1284 127 179 179
trop 2588 1292 127 179 179
trop 2636 1300 127 179 179
trop 2628 1308 127 179 179
trop 2676 1284 126 179 179
trop 2692 1284 126 179 179
trop 2692 1300 126 179 179
tree 2760 1304 46 0 179
tree 2792 1304 9 0 179
tree 2824 1304 15 0 179
cliff 2848 1296 45 179 179
tree 3288 1304 6 0 179
stand 248 1320 17 0 179
fre 748 1324 145 179 179
lay 920 1320 67 0 179
stand 1128 1320 33 0 179
tree 1192 1320 30 0 179
fre 1580 1340 4 179 179
fre 1700 1332 7 179 179
fre 1748 1332 4 179 179
tree 2008 1336 19 0 179
trop 2180 1332 127 179 179
trop 2220 1332 126 179 179
trop 2212 1324 127 179 179
trop 2492 1332 127 179 179
trop 2556 1316 127 179 179
trop 2588 1316 127 179 179
trop 2644 1324 127 179 179
trop 2676 1332 127 179 179
trop 2684 1316 127 179 179
trop 2684 1324 127 179 179
trop 2660 1340 127 179 179
trop 2724 1340 127 179 179
lay 2920 1336 65 0 179
tree 3000 1320 38 0 179
lay 3128 1320 67 0 179
lay 3560 1336 67 0 179
tree 488 1368 41 0 179
tree 1208 1352 39 0 179
fre 1316 1348 150 179 179
tree 1688 1368 46 0 179
tree 1912 1368 45 0 179
stand 2184 1368 41 0 179
lay 2200 1368 75 0 179
tree 2184 1368 46 0 179
tree 2184 1352 21 0 179
trop 2684 1356 127 179 179
trop 2700 1364 127 179 179
trop 2748 1364 127 179 179
trop 2724 1356 127 179 179
tree 3336 1368 14 0 179
lay 3512 1368 66 0 179
tree 3736 1368 6 0 179
lay 152 1400 100 0 179
fre 628 1388 149 179 179
tree 888 1400 30 0 179
lay 952 1384 68 0 179
lay 1016 1400 68 0 179
most 1088 1376 36 0 179
fre 1348 1380 145 179 179
fre 1532 1388 4 179 179
tree 1640 1384 45 0 179
fre 1836 1380 7 179 179
fre 1980 1404 5 179 179
dom 2016 1376 59 3 179
stand 2088 1384 6 0 179
tree 2104 1400 42 0 179
lay 2184 1384 68 0 179
tree 2200 1400 45 0 179
trop 2708 1388 127 179 179
trop 2748 1380 127 179 179
trop 2780 1396 127 179 179
trop 2772 1404 127 179 179
trop 2756 1396 127 179 179
lay 120 1432 89 0 179
tree 1112 1432 42 0 179
fre 1212 1428 145 179 179
fre 1420 1420 7 179 179
fre 1604 1428 6 179 179
fre 1916 1436 5 179 179
tree 2104 1432 45 0 179
tree 2136 1432 45 0 179
tree 2152 1432 45 0 179
stand 2520 1416 14 0 179
tree 2568 1432 39 0 179
trop 2764 1412 127 179 179
trop 2756 1412 127 179 179
trop 2796 1412 127 179 179
trop 2788 1428 126 179 179
trop 2788 1420 127 179 179
tree 2888 1416 9 0 179
lay 3128 1432 67 0 179
tree 3240 1432 6 0 179
tree 3912 1432 38 0 179
lay 872 1464 67 0 179
lay 952 1464 75 0 179
lay 1112 1448 74 0 179
fre 1588 1468 5 179 179
fre 1628 1460 4 179 179
tree 1816 1448 14 0 179
tree 1944 1464 47 0 179
tree 2488 1464 9 0 179
tree 2536 1464 15 0 179
tree 2600 1448 9 0 179
tree 2648 1448 46 0 179
tree 2712 1464 47 0 179
trop 2796 1460 127 179 179
trop 2836 1452 127 179 179
trop 2844 1468 127 179 179
trop 2828 1460 126 179 179
trop 2820 1460 126 179 179
stand 3000 1464 9 0 179
lay 3576 1448 67 0 179
lay 3784 1464 66 0 179
lay 88 1480 69 0 179
most 320 1472 34 0 179
fre 700 1476 145 179 179
tree 856 1496 38 0 179
fre 1100 1492 150 179 179
fre 1260 1492 145 179 179
fre 1396 1492 4 179 179
tree 1512 1480 50 0 179
cliff 1664 1488 45 179 179
cliff 1808 1472 43 179 179
tree 1880 1496 12 0 179
stand 1944 1496 6 0 179
fre 2052 1484 6 179 179
tree 2504 1496 11 0 179
stand 2568 1480 15 0 179
tree 2680 1496 45 0 179
trop 2876 1492 127 179 179
trop 2860 1476 127 179 179
trop 2852 1476 126 179 179
fre 604 1532 149 179 179
lay 1032 1528 74 0 179
fre 1140 1516 145 179 179
fre 1484 1524 12 179 179
lay 1752 1512 64 0 179
fre 2140 1532 4 179 179
fre 2172 1532 4 179 179
stand 2184 1512 31 0 179
cliff 2416 1520 45 179 179
dom 2624 1504 57 3 179
trop 2860 1516 127 179 179
trop 2908 1516 127 179 179
trop 2884 1508 127 179 179
trop 2908 1524 126 179 179
trop 2916 1532 127 179 179
trop 2924 1532 127 179 179
most 3328 1504 37 0 179
tree 280 1560 39 0 179
fre 876 1548 150 179 179
fre 892 1564 145 179 179
fre 1100 1564 150 179 179
fre 1316 1548 5 179 179
fre 1428 1564 2 179 179
stand 1736 1544 31 0 179
stand 1944 1544 9 0 179
cliff 2000 1536 43 179 179
tree 2072 1544 4 0 179
fre 2260 1564 4 179 179
tree 2520 1560 50 0 179
tree 2840 1560 34 0 179
trop 2908 1540 127 179 179
trop 2940 1548 126 179 179
trop 2932 1564 127 179 179
trop 2964 1556 127 179 179
trop 2948 1556 127 179 179
stand 3160 1544 8 0 179
tree 3464 1560 6 0 179
tree 3752 1544 40 0 179
tree 760 1576 27 0 179
fre 924 1572 150 179 179
tree 952 1576 43 0 179
fre 972 1580 150 179 179
fre 1060 1580 150 179 179
fre 1372 1596 228 179 179
fre 1516 1572 228 179 179
cliff 1568 1584 45 179 179
cliff 2208 1584 44 179 179
trop 2988 1580 127 179 179
trop 2988 1596 127 179 179
trop 2980 1596 126 179 179
trop 3012 1596 127 179 179
tree 264 1624 41 0 179
fre 620 1612 149 179 179
fre 732 1612 145 179 179
fre 1116 1620 145 179 179
cliff 2144 1600 32 179 179
fre 2196 1604 7 179 179
fre 2268 1604 7 179 179
cliff 2320 1600 44 179 179
trop 2972 1604 127 179 179
trop 3036 1628 127 179 179
trop 3012 1620 127 179 179
trop 3020 1628 126 179 179
most 3552 1600 42 0 179
tree 3576 1624 6 0 179
tree 3768 1608 6 0 179
fre 804 1660 145 179 179
fre 964 1636 145 179 179
fre 1044 1644 145 179 179
tree 1368 1640 44 0 179
tree 1416 1656 45 0 179
fre 1444 1644 5 179 179
lay 1640 1656 63 0 179
tree 2760 1656 12 0 179
trop 3036 1644 127 179 179
trop 3028 1660 127 179 179
trop 3068 1660 127 179 179
trop 3060 1652 126 179 179
tree 3224 1656 42 0 179
tree 3400 1640 15 0 179
stand 3704 1640 7 0 179
stand 3880 1640 7 0 179
tree 3960 1656 14 0 179
fre 140 1692 233 179 179
tree 1368 1688 46 0 179
stand 1816 1688 31 0 179
cliff 2192 1680 6 179 179
fre 2340 1668 4 179 179
fre 2540 1676 150 179 179
fre 2692 1676 149 179 179
fre 2708 1668 105 179 179
fre 2780 1692 149 179 179
fre 2876 1692 149 179 179
trop 3084 1676 127 179 179
trop 3124 1692 127 179 179
trop 3108 1692 126 179 179
tree 3352 1688 9 0 179
tree 3592 1688 38 0 179
stand 3848 1688 7 0 179
tree 3912 1688 6 0 179
tree 1336 1704 45 0 179
tree 1384 1720 45 0 179
fre 1420 1700 227 179 179
cliff 1472 1696 45 179 179
cliff 2048 1712 49 179 179
tree 2248 1720 8 0 179
fre 2260 1724 4 179 179
tree 2280 1704 8 0 179
fre 2292 1700 4 179 179
fre 2308 1716 4 179 179
fre 2556 1708 149 179 179
trop 3076 1700 127 179 179
trop 3132 1716 127 179 179
trop 3124 1724 127 179 179
trop 3164 1716 127 179 179
trop 3156 1716 126 179 179
tree 3480 1720 50 0 179
tree 3560 1704 9 0 179
fre 1300 1756 7 179 179
tree 1384 1736 45 0 179
cliff 2208 1744 8 179 179
tree 2296 1736 8 0 179
trop 3188 1756 127 179 179
trop 3188 1732 127 179 179
trop 3188 1740 126 179 179
trop 3212 1756 127 179 179
trop 3220 1756 127 179 179
tree 3720 1736 6 0 179
tree 3848 1752 14 0 179
tree 3944 1752 47 0 179
fre 1324 1780 4 179 179
tree 1608 1768 16 0 179
fre 1812 1764 32 179 179
fre 2276 1764 4 179 179
fre 2340 1772 4 179 179
fre 2412 1772 150 179 179
fre 2436 1764 149 179 179
fre 2828 1788 145 179 179
trop 3188 1764 127 179 179
trop 3204 1764 127 179 179
trop 3260 1772 127 179 179
tree 3384 1768 45 0 179
tree 3480 1784 46 0 179
tree 3528 1768 47 0 179
tree 3736 1768 42 0 179
tree 3752 1768 13 0 179
tree 3800 1784 12 0 179
fre 204 1812 234 179 179
fre 484 1820 105 179 179
fre 828 1812 105 179 179
fre 988 1812 105 179 179
lay 1528 1800 66 0 179
fre 1604 1804 37 179 179
stand 1704 1816 14 0 179
tree 1768 1800 14 0 179
cliff 2128 1792 37 179 179
fre 2316 1804 6 179 179
fre 2644 1820 145 179 179
fre 2988 1820 145 179 179
trop 3244 1804 127 179 179
trop 3276 1812 127 179 179
trop 3292 1812 126 179 179
trop 3284 1812 127 179 179
trop 3268 1796 127 179 179
trop 3324 1820 127 179 179
trop 3332 1820 127 179 179
tree 1384 1832 24 0 179
fre 1380 1852 6 179 179
cliff 1408 1824 46 179 179
fre 2220 1836 4 179 179
tree 2280 1832 50 0 179
fre 2532 1852 145 179 179
fre 2756 1828 145 179 179
fre 2908 1828 145 179 179
fre 3052 1836 145 179 179
trop 3340 1836 127 179 179
trop 3332 1844 126 179 179
trop 3332 1844 127 179 179
trop 3404 1852 127 179 179
tree 3576 1832 43 0 179
tree 3768 1832 47 0 179
tree 200 1880 32 0 179
tree 200 1864 32 0 179
fre 284 1884 234 179 179
fre 284 1876 234 179 179
tree 1256 1880 18 0 179
stand 1272 1880 24 0 179
fre 1276 1876 4 179 179
tree 1336 1880 23 0 179
fre 1380 1876 5 179 179
tree 1704 1880 9 0 179
tree 2088 1880 12 0 179
tree 2152 1880 2 0 179
fre 2204 1860 2 179 179
fre 2284 1876 227 179 179
tree 2296 1880 45 0 179
tree 2696 1864 46 0 179
tree 2776 1880 47 0 179
fre 3164 1876 105 179 179
trop 3388 1860 127 179 179
trop 3380 1876 127 179 179
trop 3364 1860 126 179 179
trop 3404 1876 126 179 179
trop 3396 1884 126 179 179
trop 3444 1884 127 179 179
tree 3560 1880 34 0 179
trop 156 1900 127 179 179
trop 148 1900 126 179 179
trop 148 1916 126 179 179
stand 1160 1896 63 0 179
stand 1240 1912 5 0 179
stand 1304 1896 26 0 179
fre 1308 1892 4 179 179
fre 1372 1892 4 179 179
fre 2180 1892 4 179 179
fre 2308 1892 20 179 179
fre 2364 1900 227 179 179
fre 2388 1908 4 179 179
fre 2460 1892 145 179 179
lay 2552 1912 18 0 179
tree 2600 1896 8 0 179
fre 2740 1916 227 179 179
tree 2872 1896 8 0 179
fre 3108 1900 104 179 179
trop 3404 1892 127 179 179
trop 3436 1892 127 179 179
trop 3452 1908 126 179 179
trop 3428 1892 126 179 179
trop 3468 1900 127 179 179
trop 3460 1916 127 179 179
trop 3468 1908 127 179 179
tree 3608 1912 47 0 179
fre 3844 1916 234 179 179
fre 3932 1916 234 179 179
trop 140 1932 126 179 179
trop 188 1940 126 179 179
trop 204 1948 126 179 179
fre 388 1940 234 179 179
fre 1276 1932 5 179 179
stand 1304 1944 30 0 179
stand 1336 1944 30 0 179
stand 1528 1928 7 0 179
most 1952 1920 37 0 179
fre 2236 1940 4 179 179
tree 2296 1944 46 0 179
lay 2600 1928 16 0 179
lay 2648 1928 14 0 179
tree 3368 1928 15 0 179
trop 3468 1924 127 179 179
trop 3508 1940 127 179 179
trop 3508 1924 127 179 179
trop 3508 1932 127 179 179
trop 3500 1940 126 179 179
trop 3524 1932 127 179 179
tree 3656 1928 9 0 179
fre 3772 1940 234 179 179
trop 164 1956 126 179 179
trop 180 1956 127 179 179
trop 212 1972 127 179 179
trop 212 1972 126 179 179
trop 244 1980 126 179 179
trop 228 1980 127 179 179
stand 1176 1976 47 0 179
stand 1240 1976 22 0 179
stand 1288 1960 28 0 179
fre 1340 1972 7 179 179
fre 2220 1980 7 179 179
fre 2292 1980 227 179 179
tree 2296 1976 47 0 179
fre 2364 1964 227 179 179
tree 2344 1976 46 0 179
lay 2552 1960 17 0 179
lay 2664 1976 68 0 179
lay 2808 1976 73 0 179
tree 2952 1960 41 0 179
fre 3324 1964 148 179 179
trop 3548 1964 127 179 179
trop 3540 1964 126 179 179
trop 3548 1956 127 179 179
trop 3556 1956 127 179 179
trop 3556 1972 127 179 179
trop 3572 1972 126 179 179
trop 3596 1980 127 179 179
fre 3852 1972 234 179 179
trop 252 1996 126 179 179
trop 236 1988 126 179 179
trop 260 2012 126 179 179
trop 268 2004 127 179 179
tree 1160 1992 50 0 179
stand 1176 2008 48 0 179
tree 1256 1992 35 0 179
fre 1268 2012 2 179 179
tree 1288 1992 43 0 179
cliff 1392 1984 46 179 179
fre 1412 1988 36 179 179
tree 1480 1992 14 0 179
tree 2328 1992 45 0 179
fre 2348 2004 10 179 179
fre 3180 1988 145 179 179
trop 3612 1988 126 179 179
trop 3636 2004 126 179 179
trop 3628 1996 127 179 179
trop 3620 2004 127 179 179
trop 3676 2012 127 179 179
tree 3784 2008 31 0 179
fre 3948 2012 234 179 179
trop 308 2028 127 179 179
trop 308 2020 126 179 179
trop 316 2036 127 179 179
stand 488 2040 6 0 179
stand 1176 2040 48 0 179
stand 1240 2024 21 0 179
fre 1332 2036 4 179 179
fre 1476 2044 39 179 179
tree 2168 2024 45 0 179
fre 2212 2036 4 179 179
tree 2552 2024 50 0 179
fre 2556 2036 150 179 179
tree 2648 2024 11 0 179
lay 2952 2024 67 0 179
fre 3236 2028 145 179 179
fre 3372 2028 148 179 179
fre 3404 2028 105 179 179
trop 3668 2020 127 179 179
trop 3684 2036 126 179 179
trop 3740 2036 127 179 179
tree 232 2056 32 0 179
trop 308 2052 127 179 179
trop 348 2076 126 179 179
trop 364 2052 126 179 179
trop 356 2068 127 179 179
trop 396 2060 127 179 179
tree 472 2056 21 0 179
fre 788 2068 105 179 179
tree 1176 2056 37 0 179
fre 1332 2076 4 179 179
fre 1348 2052 145 179 179
most 1728 2048 34 0 179
stand 2088 2072 6 0 179
fre 2172 2076 4 179 179
fre 2300 2068 4 179 179
fre 3300 2060 103 179 179
fre 3412 2076 150 179 179
trop 3732 2060 126 179 179
trop 3724 2052 127 179 179
trop 3772 2068 126 179 179
trop 3804 2068 127 179 179
trop 3828 2068 127 179 179
fre 204 2092 234 179 179
trop 396 2100 126 179 179
trop 420 2100 127 179 179
trop 452 2100 127 179 179
tree 552 2104 44 0 179
tree 1128 2104 46 0 179
stand 1176 2104 50 0 179
fre 1284 2108 4 179 179
fre 1452 2108 33 179 179
tree 1784 2088 39 0 179
fre 2148 2084 0 179 179
fre 2244 2100 4 179 179
lay 3016 2104 67 0 179
fre 3260 2108 103 179 179
fre 3492 2100 150 179 179
trop 3780 2084 127 179 179
trop 3828 2084 127 179 179
trop 3844 2100 126 179 179
trop 3884 2100 127 179 179
trop 3876 2108 127 179 179
trop 404 2116 127 179 179
trop 444 2140 127 179 179
trop 476 2140 126 179 179
trop 452 2124 126 179 179
trop 476 2140 127 179 179
trop 508 2140 127 179 179
fre 1332 2132 4 179 179
fre 1372 2140 4 179 179
tree 2104 2136 8 0 179
lay 2712 2136 74 0 179
trop 3892 2124 126 179 179
trop 3916 2140 127 179 179
trop 3916 2124 127 179 179
trop 3940 2116 127 179 179
trop 3956 2132 127 179 179
trop 460 2148 127 179 179
trop 492 2164 126 179 179
tree 1336 2152 33 0 179
fre 1428 2148 16 179 179
cliff 1424 2160 41 179 179
fre 1500 2156 38 179 179
most 2016 2144 57 0 179
fre 2188 2164 4 179 179
fre 2284 2148 234 179 179
fre 2524 2148 234 179 179
lay 2696 2152 68 0 179
fre 3332 2172 145 179 179
fre 3484 2156 150 179 179
fre 3572 2156 150 179 179
fre 3708 2164 234 179 179
trop 3956 2148 126 179 179
trop 3948 2164 126 179 179
trop 3972 2156 126 179 179
fre 212 2196 234 179 179
fre 300 2180 234 179 179
tree 408 2184 41 0 179
trop 500 2180 127 179 179
trop 532 2204 126 179 179
trop 532 2180 127 179 179
trop 564 2196 127 179 179
stand 664 2200 6 0 179
fre 1316 2188 5 179 179
fre 1372 2204 7 179 179
tree 1464 2184 0 0 179
cliff 1520 2192 37 179 179
tree 1608 2184 10 0 179
tree 2152 2184 12 0 179
lay 2632 2200 75 0 179
lay 3048 2200 67 0 179
fre 3796 2188 234 179 179
stand 440 2232 6 0 179
tree 456 2216 11 0 179
trop 556 2212 126 179 179
trop 556 2220 126 179 179
trop 564 2212 127 179 179
trop 588 2236 126 179 179
fre 756 2236 105 179 179
tree 1176 2232 8 0 179
tree 1208 2232 44 0 179
tree 1256 2232 24 0 179
tree 1608 2216 8 0 179
most 1824 2208 42 0 179
tree 1928 2232 12 0 179
tree 2152 2232 45 0 179
fre 2228 2212 4 179 179
lay 2552 2216 70 0 179
fre 3220 2228 145 179 179
fre 3404 2236 148 179 179
tree 3912 2216 32 0 179
trop 588 2252 126 179 179
trop 596 2244 127 179 179
stand 1320 2264 5 0 179
fre 1316 2252 4 179 179
fre 1420 2252 4 179 179
tree 1480 2264 8 0 179
tree 1496 2264 8 0 179
fre 1620 2252 148 179 179
tree 1784 2264 20 0 179
fre 1932 2260 11 179 179
tree 1976 2248 19 0 179
fre 2148 2260 7 179 179
lay 2568 2248 69 0 179
most 2784 2240 38 0 179
tree 2968 2264 45 0 179
tree 3032 2248 42 0 179
fre 3436 2268 105 179 179
fre 3892 2252 234 179 179
tree 456 2280 7 0 179
trop 628 2292 127 179 179
trop 636 2292 126 179 179
lay 1176 2280 68 0 179
stand 1272 2280 42 0 179
tree 1432 2296 46 0 179
fre 1468 2292 6 179 179
fre 1620 2276 4 179 179
fre 1828 2292 14 179 179
tree 1896 2296 48 0 179
fre 2220 2276 105 179 179
lay 2536 2296 70 0 179
fre 3076 2284 145 179 179
fre 3380 2276 154 179 179
fre 3820 2284 234 179 179
cliff 352 2320 50 179 179
trop 668 2324 126 179 179
tree 1064 2312 45 0 179
tree 1096 2312 8 0 179
lay 1128 2328 75 0 179
tree 1288 2312 45 0 179
stand 1320 2312 21 0 179
fre 1396 2324 5 179 179
fre 1572 2308 4 179 179
fre 1668 2308 7 179 179
tree 1896 2312 48 0 179
fre 1948 2308 227 179 179
tree 1928 2312 48 0 179
fre 1956 2308 6 179 179
tree 2120 2312 50 0 179
fre 2332 2324 234 179 179
tree 2504 2328 8 0 179
tree 2776 2328 45 0 179
tree 2968 2328 8 0 179
fre 3260 2332 145 179 179
fre 3668 2308 105 179 179
fre 3908 2332 234 179 179
cliff 224 2336 49 179 179
trop 660 2340 127 179 179
trop 676 2364 127 179 179
tree 776 2360 5 0 179
tree 1048 2360 46 0 179
lay 1240 2344 69 0 179
tree 1272 2360 41 0 179
fre 1412 2340 4 179 179
fre 1452 2348 4 179 179
fre 1532 2356 145 179 179
tree 1608 2360 45 0 179
fre 1652 2356 4 179 179
fre 1740 2340 4 179 179
fre 1820 2364 11 179 179
fre 1876 2364 227 179 179
fre 1932 2364 20 179 179
tree 1944 2360 43 0 179
lay 2568 2344 71 0 179
fre 3132 2340 145 179 179
lay 360 2392 70 0 179
cliff 448 2368 37 179 179
tree 568 2392 32 0 179
trop 692 2380 127 179 179
trop 692 2380 126 179 179
tree 1000 2376 11 0 179
tree 1176 2392 11 0 179
fre 1500 2388 4 179 179
fre 1620 2396 4 179 179
fre 1700 2380 5 179 179
fre 1844 2380 4 179 179
tree 1912 2376 46 0 179
tree 1944 2376 43 0 179
tree 1960 2376 43 0 179
fre 2020 2396 10 179 179
stand 2056 2392 6 0 179
fre 2156 2388 234 179 179
lay 2600 2392 70 0 179
tree 2824 2376 8 0 179
tree 2904 2376 46 0 179
tree 3096 2376 34 0 179
tree 3080 2376 34 0 179
fre 3148 2396 145 179 179
fre 3316 2388 154 179 179
fre 3340 2380 148 179 179
fre 3404 2396 154 179 179
fre 3900 2372 233 179 179
lay 376 2424 69 0 179
trop 708 2404 126 179 179
trop 716 2404 126 179 179
trop 724 2428 127 179 179
lay 1256 2408 72 0 179
tree 1352 2408 15 0 179
fre 1628 2404 148 179 179
fre 1612 2428 5 179 179
fre 1676 2428 4 179 179
fre 1828 2412 4 179 179
fre 1884 2420 2 179 179
tree 1960 2424 44 0 179
fre 2396 2404 145 179 179
lay 2552 2408 72 0 179
lay 2632 2424 73 0 179
fre 3020 2420 145 179 179
fre 3348 2420 154 179 179
fre 3788 2420 105 179 179
trop 748 2444 127 179 179
trop 756 2460 127 179 179
trop 748 2436 126 179 179
tree 872 2456 20 0 179
dom 896 2432 129 3 179
tree 1096 2456 14 0 179
dom 1088 2432 43 3 179
lay 1128 2456 79 0 179
fre 1180 2452 145 179 179
tree 1304 2440 8 0 179
tree 1304 2456 8 0 179
fre 1932 2460 33 179 179
tree 2648 2456 36 0 179
fre 3116 2460 150 179 179
fre 3236 2444 150 179 179
fre 3260 2436 154 179 179
tree 3832 2456 41 0 179
tree 424 2472 7 0 179
cliff 448 2464 32 179 179
trop 780 2476 126 179 179
trop 780 2484 127 179 179
trop 804 2492 126 179 179
fre 1084 2468 145 179 179
fre 1244 2484 145 179 179
fre 1732 2476 148 179 179
tree 1912 2472 7 0 179
fre 2252 2468 154 179 179
tree 2600 2472 11 0 179
tree 2680 2472 45 0 179
fre 3244 2484 150 179 179
most 512 2496 42 0 179
tree 648 2520 36 0 179
trop 812 2508 127 179 179
trop 812 2500 126 179 179
tree 1192 2504 50 0 179
stand 1304 2504 5 0 179
fre 1548 2516 145 179 179
fre 2884 2500 145 179 179
fre 2988 2516 145 179 179
fre 3204 2508 105 179 179
lay 248 2536 66 0 179
cliff 544 2528 31 179 179
trop 820 2532 126 179 179
trop 852 2540 126 179 179
cliff 1456 2544 46 179 179
fre 2148 2548 234 179 179
fre 2260 2548 234 179 179
fre 3036 2548 150 179 179
fre 3196 2556 148 179 179
tree 520 2584 9 0 179
tree 552 2568 43 0 179
trop 860 2564 127 179 179
trop 852 2564 126 179 179
trop 860 2564 126 179 179
trop 876 2580 127 179 179
trop 892 2580 126 179 179
tree 1064 2568 5 0 179
lay 1160 2568 68 0 179
lay 1272 2568 69 0 179
tree 1480 2584 39 0 179
dom 1568 2560 15 3 179
tree 1608 2568 40 0 179
dom 1696 2560 3 3 179
fre 1820 2588 148 179 179
fre 1932 2564 228 179 179
fre 2028 2572 216 179 179
fre 2476 2564 145 179 179
fre 2604 2580 145 179 179
fre 2676 2564 145 179 179
tree 2728 2584 34 0 179
tree 520 2616 2 0 179
tree 728 2600 30 0 179
trop 908 2620 127 179 179
trop 1132 2620 127 179 179
lay 1464 2600 17 0 179
tree 1896 2616 35 0 179
fre 2780 2596 145 179 179
fre 2820 2620 145 179 179
fre 2892 2612 145 179 179
fre 3084 2604 150 179 179
tree 792 2632 6 0 179
tree 824 2632 33 0 179
trop 924 2644 127 179 179
trop 924 2636 127 179 179
trop 916 2628 126 179 179
trop 924 2628 126 179 179
trop 964 2636 127 179 179
trop 996 2652 127 179 179
trop 1012 2652 127 179 179
trop 1092 2636 127 179 179
trop 1148 2644 127 179 179
trop 1124 2644 127 179 179
lay 1464 2632 16 0 179
trop 1500 2636 127 179 179
trop 1476 2652 127 179 179
trop 1500 2652 127 179 179
trop 1516 2644 127 179 179
trop 1564 2652 127 179 179
trop 1612 2636 127 179 179
trop 1636 2636 127 179 179
trop 1692 2644 127 179 179
trop 1748 2644 127 179 179
fre 2148 2628 234 179 179
fre 2716 2652 145 179 179
fre 3060 2628 105 179 179
lay 392 2664 65 0 179
tree 824 2664 9 0 179
trop 948 2660 127 179 179
trop 1052 2660 127 179 179
trop 1084 2660 127 179 179
trop 1068 2684 127 179 179
trop 1124 2684 127 179 179
trop 1172 2676 127 179 179
trop 1348 2684 127 179 179
trop 1380 2676 127 179 179
trop 1412 2660 127 179 179
trop 1460 2660 127 179 179
trop 1508 2668 127 179 179
trop 1540 2668 127 179 179
trop 1604 2668 127 179 179
trop 1628 2668 127 179 179
trop 1676 2660 127 179 179
trop 1756 2676 127 179 179
trop 1732 2660 127 179 179
trop 1772 2668 127 179 179
trop 1812 2676 127 179 179
trop 1852 2660 127 179 179
fre 2324 2660 234 179 179
fre 2428 2676 234 179 179
fre 2972 2668 154 179 179
fre 3572 2660 154 179 179
most 3808 2656 34 0 179
most 608 2688 40 0 179
stand 904 2712 6 0 179
trop 1004 2692 127 179 179
trop 1028 2692 127 179 179
trop 1068 2708 127 179 179
trop 1116 2716 127 179 179
trop 1148 2692 127 179 179
trop 1132 2700 127 179 179
most 1312 2688 20 0 179
trop 1324 2700 127 179 179
trop 1316 2708 127 179 179
trop 1396 2700 127 179 179
trop 1404 2716 127 179 179
trop 1460 2708 127 179 179
trop 1468 2692 127 179 179
trop 1508 2692 127 179 179
trop 1556 2692 127 179 179
tree 1688 2712 46 0 179
trop 1812 2692 127 179 179
trop 1860 2708 127 179 179
trop 1916 2700 127 179 179
trop 1892 2708 127 179 179
trop 1940 2700 127 179 179
trop 1956 2692 127 179 179
tree 2072 2696 18 0 179
fre 2956 2692 150 179 179
lay 232 2744 66 0 179
tree 312 2744 15 0 179
most 704 2720 42 0 179
trop 1100 2732 127 179 179
trop 1140 2748 127 179 179
trop 1164 2740 127 179 179
trop 1244 2740 127 179 179
trop 1220 2740 127 179 179
trop 1252 2724 127 179 179
trop 1292 2724 127 179 179
trop 1332 2724 127 179 179
trop 1372 2732 127 179 179
trop 1500 2724 127 179 179
tree 1624 2744 46 0 179
tree 1656 2744 43 0 179
trop 1964 2724 127 179 179
trop 2004 2740 126 179 179
trop 2020 2748 126 179 179
fre 2204 2732 234 179 179
fre 2820 2740 150 179 179
stand 664 2760 9 0 179
fre 868 2756 148 179 179
tree 1096 2776 26 0 179
trop 1212 2772 127 179 179
lay 1464 2760 18 0 179
tree 1720 2776 48 0 179
trop 2028 2780 126 179 179
fre 2316 2772 234 179 179
tree 2424 2760 7 0 179
fre 2532 2780 209 179 179
fre 2740 2780 154 179 179
fre 3492 2780 105 179 179
tree 3592 2760 40 0 179
stand 824 2792 7 0 179
tree 872 2808 50 0 179
tree 872 2792 13 0 179
fre 884 2804 148 179 179
fre 1044 2788 148 179 179
lay 1464 2808 17 0 179
dom 1568 2784 60 3 179
fre 1628 2796 228 179 179
tree 1688 2808 46 0 179
fre 1700 2788 154 179 179
fre 1780 2804 228 179 179
tree 1864 2808 41 0 179
fre 1940 2796 226 179 179
trop 2028 2788 126 179 179
fre 2412 2812 163 179 179
lay 3864 2808 66 0 179
stand 600 2824 14 0 179
fre 948 2836 147 179 179
cliff 1184 2816 47 179 179
stand 1256 2824 5 0 179
fre 1868 2844 145 179 179
tree 1960 2824 50 0 179
trop 2028 2844 126 179 179
trop 2044 2836 126 179 179
tree 2184 2824 16 0 179
fre 2204 2844 156 179 179
fre 2836 2828 150 179 179
tree 3320 2824 44 0 179
lay 3640 2840 66 0 179
tree 3928 2824 41 0 179
tree 440 2872 44 0 179
fre 1052 2876 145 179 179
tree 1064 2872 18 0 179
tree 1464 2872 39 0 179
fre 1532 2868 145 179 179
fre 1588 2868 154 179 179
fre 1948 2876 226 179 179
dom 1952 2848 76 0 179
fre 2148 2852 154 179 179
cliff 3200 2864 47 179 179
lay 392 2888 68 0 179
tree 920 2904 49 0 179
lay 1240 2888 69 0 179
fre 1708 2892 234 179 179
fre 1788 2900 226 179 179
trop 2036 2908 126 179 179
trop 2036 2900 126 179 179
trop 2052 2908 126 179 179
trop 2052 2884 126 179 179
tree 2168 2904 11 0 179
fre 2244 2892 154 179 179
fre 2332 2908 154 179 179
tree 2616 2888 50 0 179
tree 2984 2888 46 0 179
tree 3144 2904 14 0 179
fre 3260 2908 105 179 179
lay 264 2936 66 0 179
lay 504 2936 72 0 179
stand 728 2920 7 0 179
tree 808 2920 12 0 179
fre 852 2916 148 179 179
tree 904 2936 3 0 179
tree 904 2920 19 0 179
cliff 1440 2912 46 179 179
fre 1620 2940 234 179 179
trop 2052 2916 126 179 179
tree 2424 2936 7 0 179
fre 2404 2916 33 179 179
tree 2792 2920 44 0 179
cliff 3072 2912 45 179 179
cliff 3232 2912 34 179 179
tree 440 2968 7 0 179
tree 872 2968 19 0 179
tree 1016 2952 6 0 179
dom 1888 2944 38 0 179
fre 1908 2972 145 179 179
trop 2036 2956 126 179 179
trop 2052 2948 126 179 179
tree 2424 2952 7 0 179
tree 2440 2968 7 0 179
cliff 3152 2960 34 179 179
lay 3848 2952 66 0 179
tree 728 2984 32 0 179
fre 948 3004 145 179 179
lay 1144 2984 66 0 179
cliff 1520 2992 49 179 179
trop 2028 3004 126 179 179
trop 2044 2988 126 179 179
tree 2120 2984 35 0 179
cliff 2976 2992 45 179 179
tree 3032 2984 15 0 179
tree 3240 2984 50 0 179
cliff 624 3024 35 179 179
tree 776 3032 23 0 179
fre 836 3028 163 179 179
fre 1732 3020 234 179 179
fre 1804 3012 226 179 179
trop 2052 3036 126 179 179
trop 2060 3036 126 179 179
fre 2204 3036 145 179 179
fre 2324 3012 154 179 179
cliff 3056 3024 35 179 179
cliff 176 3040 47 179 179
tree 712 3064 43 0 179
fre 756 3068 148 179 179
tree 1448 3064 18 0 179
tree 1880 3064 24 0 179
tree 1912 3048 46 0 179
fre 1924 3068 145 179 179
dom 1952 3040 76 0 179
trop 2036 3044 126 179 179
tree 2184 3048 44 0 179
fre 2428 3068 154 179 179
tree 2552 3064 7 0 179
fre 2556 3060 12 179 179
cliff 2976 3056 34 179 179
tree 3240 3048 47 0 179
tree 632 3080 21 0 179
tree 984 3096 22 0 179
stand 1160 3080 5 0 179
tree 1464 3096 6 0 179
fre 1652 3092 145 179 179
trop 2036 3092 126 179 179
trop 2028 3100 126 179 179
trop 2060 3100 126 179 179
tree 2584 3096 7 0 179
tree 2568 3096 7 0 179
tree 2600 3096 7 0 179
fre 3036 3100 149 179 179
fre 3132 3084 149 179 179
fre 3212 3084 149 179 179
lay 3832 3096 66 0 179
cliff 144 3120 39 179 179
cliff 400 3104 49 179 179
cliff 560 3120 37 179 179
fre 836 3124 145 179 179
lay 1000 3128 67 0 179
fre 1708 3108 234 179 179
fre 1836 3124 226 179 179
stand 1912 3128 11 0 179
trop 2052 3116 126 179 179
fre 2324 3124 33 179 179
fre 2436 3132 154 179 179
fre 2668 3108 17 179 179
tree 3032 3128 47 0 179
cliff 240 3136 47 179 179
tree 360 3160 10 0 179
cliff 1536 3152 50 179 179
tree 1864 3160 25 0 179
trop 2036 3140 126 179 179
trop 2052 3164 126 179 179
fre 2180 3140 145 179 179
fre 2196 3164 143 179 179
fre 2236 3140 105 179 179
fre 2932 3140 150 179 179
fre 3020 3140 150 179 179
dom 3328 3136 39 0 179
cliff 144 3168 24 179 179
cliff 336 3168 40 179 179
tree 616 3176 30 0 179
fre 716 3188 147 179 179
tree 888 3192 36 0 179
fre 1836 3180 163 179 179
fre 1932 3172 145 179 179
trop 2052 3172 126 179 179
stand 2152 3192 38 0 179
tree 2456 3176 46 0 179
fre 2708 3188 18 179 179
fre 2860 3196 150 179 179
cliff 192 3200 25 179 179
cliff 352 3200 12 179 179
cliff 464 3216 37 179 179
tree 536 3224 12 0 179
tree 552 3224 22 0 179
tree 1528 3224 41 0 179
fre 1636 3212 143 179 179
fre 1764 3228 228 179 179
fre 1916 3212 145 179 179
trop 2036 3204 126 179 179
trop 2036 3228 126 179 179
trop 2060 3228 126 179 179
fre 2316 3220 105 179 179
fre 2452 3204 154 179 179
fre 2484 3220 32 179 179
fre 3108 3220 145 179 179
fre 3164 3220 147 179 179
cliff 256 3248 9 179 179
cliff 320 3232 16 179 179
cliff 368 3248 15 179 179
fre 852 3252 145 179 179
tree 936 3240 28 0 179
tree 936 3256 31 0 179
fre 1804 3244 226 179 179
tree 1912 3256 22 0 179
tree 1960 3256 43 0 179
lay 1976 3256 95 0 179
tree 2152 3256 46 0 179
fre 2148 3252 128 179 179
fre 2164 3260 91 179 179
stand 2184 3240 6 0 179
fre 2220 3260 148 179 179
fre 3228 3244 149 179 179
lay 3816 3256 66 0 179
lay 3912 3256 66 0 179
tree 312 3272 37 0 179
fre 612 3268 148 179 179
tree 872 3288 22 0 179
cliff 928 3280 36 179 179
lay 1272 3272 75 0 179
cliff 1536 3280 47 179 179
fre 1724 3284 142 179 179
trop 2044 3268 126 179 179
trop 2036 3292 126 179 179
tree 2248 3272 11 0 179
fre 2484 3268 154 179 179
fre 2956 3284 145 179 179
fre 3364 3292 149 179 179
fre 732 3316 145 179 179
tree 840 3320 14 0 179
lay 1240 3320 72 0 179
tree 1464 3320 6 0 179
lay 1928 3304 97 0 179
trop 2036 3324 126 179 179
trop 2060 3300 126 179 179
stand 2136 3320 15 0 179
lay 2120 3320 97 0 179
fre 2292 3308 147 179 179
lay 2376 3304 74 0 179
fre 2612 3324 227 179 179
fre 2692 3308 16 179 179
tree 2744 3320 7 0 179
fre 3268 3316 149 179 179
cliff 3664 3312 43 179 179
tree 3656 3304 41 0 179
dom 256 3328 37 0 179
fre 404 3356 154 179 179
tree 744 3352 6 0 179
tree 776 3336 50 0 179
lay 1208 3352 85 0 179
fre 1716 3348 140 179 179
fre 1868 3332 145 179 179
lay 1944 3336 88 0 179
trop 2060 3340 126 179 179
dom 2112 3328 93 0 179
tree 2120 3352 20 0 179
fre 2204 3332 99 179 179
tree 2392 3352 18 0 179
fre 2476 3356 154 179 179
tree 2632 3336 44 0 179
fre 3044 3340 145 179 179
fre 3156 3348 145 179 179
fre 3436 3332 150 179 179
cliff 3504 3328 45 179 179
tree 712 3384 43 0 179
cliff 816 3360 35 179 179
tree 1160 3384 36 0 179
tree 1176 3368 26 0 179
tree 1192 3368 25 0 179
tree 1208 3384 7 0 179
cliff 1488 3360 48 179 179
tree 1576 3384 6 0 179
tree 1576 3368 6 0 179
fre 1740 3364 226 179 179
dom 1760 3360 97 0 179
tree 1848 3384 18 0 179
stand 1864 3384 6 0 179
lay 1880 3384 97 0 179
dom 1952 3360 76 0 179
trop 2036 3364 126 179 179
stand 2104 3384 6 0 179
fre 2564 3380 19 179 179
fre 2812 3364 145 179 179
cliff 3680 3360 33 179 179
cliff 3872 3376 43 179 179
tree 248 3400 47 0 179
fre 300 3412 154 179 179
tree 392 3416 41 0 179
tree 648 3416 25 0 179
lay 760 3416 75 0 179
tree 1144 3400 49 0 179
tree 1160 3400 5 0 179
tree 1176 3416 10 0 179
tree 1208 3400 38 0 179
tree 1192 3400 46 0 179
tree 1192 3416 46 0 179
fre 1628 3396 137 179 179
stand 1816 3416 51 0 179
stand 1944 3416 10 0 179
trop 2028 3420 126 179 179
fre 2148 3396 228 179 179
tree 2264 3400 41 0 179
fre 2244 3404 96 179 179
lay 2296 3416 73 0 179
tree 2568 3400 37 0 179
fre 2644 3404 227 179 179
fre 2724 3396 150 179 179
cliff 2864 3408 45 179 179
tree 2920 3400 28 0 179
fre 3340 3396 149 179 179
fre 3356 3404 150 179 179
cliff 3648 3408 33 179 179
cliff 3872 3392 7 179 179
fre 212 3436 154 179 179
fre 348 3436 154 179 179
tree 360 3448 9 0 179
fre 396 3452 149 179 179
stand 472 3448 6 0 179
fre 628 3436 145 179 179
tree 648 3448 23 0 179
tree 712 3448 0 0 179
lay 1144 3432 84 0 179
fre 1140 3444 135 179 179
tree 1176 3432 9 0 179
lay 1208 3432 95 0 179
cliff 1408 3424 45 179 179
fre 1452 3436 68 179 179
fre 1540 3452 68 179 179
fre 1724 3436 226 179 179
tree 1752 3432 42 0 179
trop 2044 3428 126 179 179
trop 2052 3428 126 179 179
fre 2204 3428 91 179 179
fre 2532 3444 20 179 179
stand 2552 3448 6 0 179
cliff 2832 3424 45 179 179
fre 3132 3428 145 179 179
fre 3204 3444 145 179 179
cliff 3408 3424 45 179 179
cliff 3728 3424 3 179 179
cliff 3824 3440 6 179 179
fre 524 3484 163 179 179
dom 608 3456 127 0 179
tree 648 3464 22 0 179
tree 1048 3464 35 0 179
tree 1048 3480 3 0 179
tree 1080 3480 38 0 179
tree 1064 3480 25 0 179
tree 1064 3464 25 0 179
fre 1116 3484 93 179 179
tree 1128 3480 46 0 179
tree 1128 3464 11 0 179
tree 1144 3464 36 0 179
stand 1208 3480 5 0 179
fre 1428 3476 128 179 179
fre 1436 3460 154 179 179
fre 1444 3476 68 179 179
dom 1664 3456 58 0 179
lay 1976 3464 97 0 179
trop 2036 3476 126 179 179
dom 2144 3456 98 0 179
fre 2492 3476 19 179 179
cliff 2912 3472 36 179 179
fre 3252 3484 145 179 179
most 3520 3456 42 0 179
fre 284 3500 149 179 179
fre 604 3516 145 179 179
lay 696 3512 74 0 179
tree 1048 3496 45 0 179
tree 1048 3512 41 0 179
tree 1128 3512 12 0 179
tree 1128 3496 14 0 179
fre 1452 3492 154 179 179
fre 1532 3508 68 179 179
fre 1540 3500 137 179 179
fre 1644 3492 228 179 179
fre 1684 3500 226 179 179
stand 1816 3496 0 0 179
fre 1988 3516 108 179 179
fre 2164 3508 137 179 179
fre 2372 3492 154 179 179
fre 2516 3500 19 179 179
tree 2792 3496 36 0 179
cliff 2912 3504 11 179 179
cliff 3616 3504 35 179 179
cliff 3712 3488 2 179 179
cliff 3824 3504 6 179 179
tree 200 3528 48 0 179
fre 1052 3548 136 179 179
tree 1048 3528 9 0 179
tree 1048 3544 32 0 179
tree 1144 3544 28 0 179
tree 1144 3528 11 0 179
tree 1128 3528 27 0 179
fre 1388 3548 128 179 179
fre 1404 3532 116 179 179
fre 1404 3524 91 179 179
tree 1400 3528 26 0 179
fre 1868 3524 147 179 179
fre 2292 3524 154 179 179
fre 2444 3524 33 179 179
fre 2628 3524 228 179 179
cliff 2736 3520 45 179 179
cliff 2800 3536 37 179 179
tree 2808 3528 30 0 179
tree 2920 3528 41 0 179
fre 3180 3540 145 179 179
cliff 3344 3536 46 179 179
lay 3864 3528 73 0 179
tree 568 3560 6 0 179
tree 1048 3560 31 0 179
tree 1048 3576 10 0 179
lay 1112 3560 87 0 179
tree 1144 3560 45 0 179
tree 1368 3576 34 0 179
cliff 1344 3552 46 179 179
fre 1380 3580 91 179 179
tree 1384 3560 30 0 179
fre 1436 3572 131 179 179
fre 1468 3572 163 179 179
fre 1460 3556 68 179 179
fre 1620 3572 227 179 179
fre 1652 3564 226 179 179
fre 1764 3556 145 179 179
trop 2036 3556 126 179 179
fre 2396 3556 34 179 179
tree 2456 3576 32 0 179
tree 2552 3560 38 0 179
cliff 2896 3552 11 179 179
fre 3020 3572 145 179 179
fre 3244 3572 145 179 179
lay 3912 3576 73 0 179
fre 180 3596 149 179 179
fre 276 3596 148 179 179
fre 476 3612 145 179 179
tree 1048 3608 27 0 179
tree 1032 3608 2 0 179
tree 1048 3592 18 0 179
tree 1064 3592 11 0 179
tree 1064 3608 9 0 179
lay 1112 3608 74 0 179
fre 1372 3612 128 179 179
tree 1368 3608 30 0 179
fre 1524 3604 78 179 179
fre 2132 3596 105 179 179
tree 2408 3608 18 0 179
fre 2548 3596 227 179 179
fre 2948 3604 150 179 179
cliff 3600 3600 35 179 179
lay 3944 3592 73 0 179
tree 168 3624 22 0 179
lay 584 3624 73 0 179
tree 1048 3640 8 0 179
tree 1048 3624 35 0 179
lay 1064 3624 7 0 179
tree 1064 3640 0 0 179
fre 1436 3620 68 179 179
tree 1608 3624 11 0 179
fre 1884 3644 154 179 179
fre 1988 3636 148 179 179
trop 2036 3620 126 179 179
trop 2044 3620 126 179 179
tree 2360 3640 30 0 179
fre 2452 3644 32 179 179
cliff 2656 3616 45 179 179
cliff 2992 3632 45 179 179
fre 3252 3620 145 179 179
tree 3368 3640 41 0 179
lay 3704 3624 73 0 179
fre 372 3676 145 179 179
tree 472 3656 3 0 179
lay 1048 3672 68 0 179
lay 1064 3672 95 0 179
fre 1404 3668 154 179 179
fre 1716 3668 145 179 179
fre 1924 3676 148 179 179
trop 2020 3676 126 179 179
trop 2052 3676 126 179 179
tree 2328 3656 33 0 179
stand 2312 3672 6 0 179
tree 2600 3656 11 0 179
cliff 2688 3664 37 179 179
cliff 2816 3648 37 179 179
fre 2988 3660 145 179 179
fre 3204 3652 145 179 179
fre 3324 3676 150 179 179
most 3456 3648 42 0 179
lay 3752 3672 73 0 179
fre 188 3684 147 179 179
stand 264 3688 6 0 179
cliff 1296 3696 45 179 179
fre 1372 3700 68 179 179
fre 1396 3684 91 179 179
tree 1400 3688 33 0 179
fre 1532 3692 234 179 179
fre 1604 3700 234 179 179
fre 1828 3684 148 179 179
fre 2124 3708 148 179 179
fre 2380 3692 150 179 179
tree 2744 3688 28 0 179
fre 3108 3684 145 179 179
cliff 3328 3696 46 179 179
cliff 3504 3680 35 179 179
lay 3592 3704 73 0 179
lay 3880 3688 66 0 179
fre 364 3740 145 179 179
lay 472 3736 71 0 179
stand 1080 3720 5 0 179
fre 1340 3732 128 179 179
fre 1340 3724 116 179 179
fre 1332 3716 91 179 179
tree 1336 3720 25 0 179
fre 1876 3732 148 179 179
fre 2236 3716 148 179 179
fre 2364 3716 33 179 179
fre 2492 3724 227 179 179
cliff 2640 3712 41 179 179
tree 2664 3736 42 0 179
fre 2860 3740 143 179 179
fre 3276 3732 145 179 179
fre 228 3772 145 179 179
tree 408 3752 25 0 179
fre 1300 3756 68 179 179
fre 1332 3772 98 179 179
tree 1688 3752 37 0 179
fre 1884 3772 154 179 179
dom 2016 3744 76 0 179
fre 2276 3756 148 179 179
cliff 2720 3744 36 179 179
fre 2988 3772 145 179 179
fre 3148 3764 150 179 179
tree 3784 3768 41 0 179
tree 296 3800 6 0 179
fre 1316 3788 68 179 179
fre 1340 3780 154 179 179
fre 1396 3796 154 179 179
fre 1460 3788 234 179 179
fre 1564 3788 234 179 179
fre 1572 3796 234 179 179
fre 1732 3780 145 179 179
fre 1884 3804 148 179 179
fre 2004 3804 148 179 179
dom 2016 3776 135 0 179
stand 2056 3800 6 0 179
fre 2172 3804 148 179 179
fre 2292 3796 154 179 179
fre 2332 3788 149 179 179
tree 2424 3800 47 0 179
fre 3228 3796 145 179 179
cliff 3408 3792 50 179 179
lay 3544 3784 73 0 179
lay 3704 3784 66 0 179
fre 300 3820 145 179 179
lay 392 3832 72 0 179
cliff 1248 3824 46 179 179
fre 1340 3812 148 179 179
fre 1324 3820 76 179 179
fre 1364 3812 68 179 179
tree 2424 3832 46 0 179
fre 2588 3836 145 179 179
fre 3084 3820 145 179 179
tree 232 3864 4 0 179
tree 280 3864 6 0 179
tree 264 3864 6 0 179
fre 2212 3868 148 179 179
fre 2372 3860 227 179 179
tree 2488 3848 48 0 179
fre 2868 3868 145 179 179
fre 3036 3860 145 179 179
cliff 3312 3856 46 179 179
lay 3528 3864 73 0 179
lay 3864 3864 66 0 179
tree 184 3896 6 0 179
fre 204 3892 145 179 179
tree 200 3896 6 0 179
tree 1368 3896 11 0 179
fre 1452 3900 234 179 179
fre 1540 3900 234 179 179
fre 1692 3884 145 179 179
fre 1780 3876 146 179 179
fre 1940 3900 145 179 179
fre 2116 3892 148 179 179
fre 2756 3884 145 179 179
fre 3228 3876 145 179 179
lay 3688 3880 66 0 179
cliff 1296 3904 50 179 179
fre 2028 3924 148 179 179
fre 2084 3932 148 179 179
fre 2156 3924 148 179 179
fre 2204 3924 148 179 179
fre 2292 3924 148 179 179
fre 2492 3916 145 179 179
fre 2644 3916 145 179 179
fre 2892 3932 150 179 179
fre 2996 3932 145 179 179
fre 3140 3932 145 179 179
cliff 3376 3904 47 179 179
lay 312 3944 67 0 179
fre 1380 3940 77 179 179
tree 1592 3944 39 0 179
tree 2376 3960 41 0 179
fre 2516 3964 145 179 179
fre 3244 3956 145 179 179
lay 3528 3944 73 0 179
fre 2436 3980 145 179 179
