dom 9568 224 200 0 179
dom 8448 256 253 0 179
dom 8672 256 254 0 179
dom 8864 256 255 0 179
dom 9024 256 256 0 179
dom 9152 256 257 0 179
dom 10112 256 195 0 179
dom 10336 256 193 0 179
dom 10496 256 190 0 179
dom 10624 256 189 0 179
dom 10784 256 188 0 179
dom 10944 256 186 0 179
dom 11872 256 178 0 179
dom 12032 256 179 0 179
dom 9344 288 202 0 179
dom 9792 288 198 0 179
dom 11104 288 184 0 179
dom 11264 288 181 0 179
dom 11424 288 180 0 179
dom 11680 288 177 0 179
dom 9952 320 197 0 179
dom 8544 384 252 0 179
dom 9568 384 201 0 179
dom 10368 384 194 0 179
dom 10496 384 192 0 179
dom 10912 384 187 0 179
dom 11904 384 174 0 179
dom 9440 416 203 0 179
dom 9856 416 199 0 179
dom 10080 416 196 0 179
dom 10720 416 191 0 179
dom 11296 416 183 0 179
dom 11104 448 185 0 179
dom 11456 448 182 0 179
dom 11648 480 176 0 179
dom 11776 480 173 0 179
dom 8416 512 245 0 179
dom 11936 512 175 0 179
dom 8544 544 247 0 179
dom 8640 544 248 0 179
dom 8448 640 244 0 179
dom 11808 640 170 0 179
dom 12064 640 172 0 179
dom 8704 672 250 0 179
dom 11712 672 169 0 179
dom 11968 672 171 0 179
dom 8640 704 246 0 179
dom 8896 736 251 0 179
dom 11840 768 167 0 179
dom 12000 768 168 0 179
dom 8480 864 241 0 179
dom 11712 864 166 0 179
dom 8736 896 243 0 179
dom 11904 896 164 0 179
dom 11776 992 163 0 179
dom 12064 992 165 0 179
dom 11968 1024 162 0 179
dom 8480 1056 240 0 179
dom 8736 1152 242 0 179
dom 11808 1152 160 0 179
dom 11840 1216 159 0 179
dom 11968 1216 161 0 179
dom 8512 1248 239 0 179
dom 8480 1376 236 0 179
dom 11840 1376 157 0 179
dom 11968 1376 158 0 179
dom 8640 1440 237 0 179
dom 10208 1472 279 0 179
dom 8832 1504 238 0 179
dom 11872 1504 156 0 179
dom 9984 1536 267 0 179
dom 9760 1568 268 0 179
dom 8512 1632 234 0 179
dom 10240 1632 269 0 179
dom 8704 1664 235 0 179
dom 11872 1664 143 0 179
dom 9824 1728 259 0 179
dom 10048 1728 260 0 179
dom 8448 1792 232 0 179
dom 11840 1792 141 0 179
dom 8672 1856 233 0 179
dom 9824 1856 258 0 179
dom 10176 1888 262 0 179
dom 9984 1920 261 0 179
dom 10368 1920 271 0 179
dom 11872 1952 140 0 179
dom 10656 1984 278 0 179
dom 8480 2016 228 0 179
dom 9824 2016 263 0 179
dom 10176 2048 265 0 179
dom 9984 2080 264 0 179
dom 8608 2112 229 0 179
dom 8416 2144 227 0 179
dom 11904 2176 139 0 179
dom 10208 2208 270 0 179
dom 10624 2208 273 0 179
dom 8480 2240 226 0 179
dom 10496 2240 272 0 179
dom 10784 2240 276 0 179
dom 8864 2272 231 0 179
dom 11904 2304 138 0 179
dom 10400 2336 274 0 179
dom 8480 2368 225 0 179
dom 8704 2368 230 0 179
dom 10624 2400 275 0 179
dom 10816 2400 277 0 179
dom 11904 2496 137 0 179
dom 8480 2528 224 0 179
dom 11904 2656 136 0 179
dom 8448 2688 222 0 179
dom 8608 2784 223 0 179
dom 8480 2816 221 0 179
dom 11872 2816 135 0 179
dom 11904 2912 134 0 179
dom 8448 2976 220 0 179
dom 8608 3008 219 0 179
dom 11904 3008 133 0 179
dom 12064 3040 142 0 179
dom 8736 3072 218 0 179
dom 11904 3136 131 0 179
dom 8448 3168 215 0 179
dom 8608 3168 216 0 179
dom 8768 3200 217 0 179
dom 11904 3232 132 0 179
dom 8512 3328 214 0 179
dom 8672 3392 213 0 179
dom 8832 3392 212 0 179
dom 10272 3392 81 0 179
dom 10080 3456 79 0 179
dom 11776 3456 128 0 179
dom 11872 3456 129 0 179
dom 11904 3456 130 0 179
dom 10272 3520 80 0 179
dom 10720 3520 86 0 179
dom 10880 3520 88 0 179
dom 8640 3552 209 0 179
dom 10496 3552 84 0 179
dom 11104 3552 98 0 179
dom 8512 3584 208 0 179
dom 8800 3584 210 0 179
dom 8928 3584 211 0 179
dom 10112 3648 78 0 179
dom 10272 3648 82 0 179
dom 10752 3648 87 0 179
dom 9760 3680 74 0 179
dom 11456 3680 103 0 179
dom 11520 3680 119 0 179
dom 11712 3680 123 0 179
dom 11872 3680 124 0 179
dom 9568 3712 75 0 179
dom 12032 3712 126 0 179
dom 8800 3744 1 0 179
dom 9120 3744 67 0 179
dom 11040 3744 90 0 179
dom 11232 3744 99 0 179
dom 8608 3776 0 0 179
dom 8928 3776 2 0 179
dom 9056 3776 66 0 179
dom 9216 3776 70 0 179
dom 9920 3776 76 0 179
dom 9408 3808 71 0 179
dom 9760 3840 73 0 179
dom 10432 3840 83 0 179
dom 10720 3840 85 0 179
dom 8672 3872 207 0 179
dom 8800 3872 206 0 179
dom 9600 3872 72 0 179
dom 10144 3872 77 0 179
dom 11424 3872 116 0 179
dom 11584 3872 117 0 179
dom 11936 3872 125 0 179
dom 11104 3904 97 0 179
dom 11360 3904 100 0 179
dom 11776 3904 122 0 179
