most 640 0 37 0 179
lay 744 24 18 0 179
most 896 0 36 0 179
most 1056 0 40 0 179
stand 1208 24 71 0 179
stand 1224 8 93 0 179
stand 1272 8 71 0 179
stand 1304 24 83 0 179
stand 2920 8 91 0 179
tree 3336 24 41 0 179
most 3680 0 36 0 179
most 3776 0 37 0 179
most 64 32 37 0 179
most 768 32 40 0 179
stand 1304 40 109 0 179
stand 2968 40 93 0 179
stand 3016 40 12 0 179
tree 3336 40 41 0 179
most 3488 32 36 0 179
most 4000 32 39 0 179
lay 120 72 59 0 179
lay 200 72 54 0 179
most 224 64 37 0 179
stand 1272 72 83 0 179
stand 1320 88 93 0 179
stand 1352 72 93 0 179
stand 2936 88 92 0 179
stand 3064 88 8 0 179
tree 3304 88 41 0 179
tree 3672 72 8 0 179
stand 3816 88 7 0 179
lay 104 104 57 0 179
lay 920 104 18 0 179
stand 1032 120 93 0 179
stand 1272 120 71 0 179
stand 1288 120 109 0 179
stand 1336 120 98 0 179
stand 1352 104 109 0 179
stand 2888 120 91 0 179
stand 2936 120 105 0 179
stand 2936 104 91 0 179
stand 3016 104 12 0 179
stand 3080 120 105 0 179
most 3200 96 41 0 179
most 3392 96 40 0 179
most 256 128 37 0 179
most 416 128 37 0 179
most 1088 128 40 0 179
most 1120 128 34 0 179
stand 3000 152 11 0 179
stand 3080 152 105 0 179
most 3360 128 40 0 179
most 4032 128 39 0 179
lay 24 184 54 0 179
lay 136 168 57 0 179
most 608 160 37 0 179
stand 1128 184 71 0 179
stand 1320 168 109 0 179
stand 1352 168 83 0 179
stand 1416 168 98 0 179
stand 2984 168 105 0 179
stand 3032 184 105 0 179
stand 3096 168 105 0 179
most 3360 160 40 0 179
most 3552 160 42 0 179
most 3712 160 36 0 179
most 3872 160 37 0 179
lay 152 216 57 0 179
lay 248 200 54 0 179
stand 1224 216 71 0 179
stand 1272 200 93 0 179
stand 1320 216 109 0 179
stand 1352 216 83 0 179
stand 2904 216 105 0 179
stand 2920 216 105 0 179
stand 2968 216 91 0 179
stand 3000 200 105 0 179
stand 3000 216 92 0 179
tree 3240 200 41 0 179
tree 3496 200 32 0 179
most 64 224 37 0 179
most 704 224 37 0 179
most 1152 224 40 0 179
stand 1320 248 98 0 179
stand 2920 248 92 0 179
stand 3000 232 91 0 179
stand 3016 248 10 0 179
tree 3208 232 41 0 179
tree 3320 248 41 0 179
tree 3320 232 41 0 179
tree 3576 248 16 0 179
most 4032 224 39 0 179
lay 232 280 54 0 179
most 704 256 40 0 179
lay 792 264 18 0 179
most 928 256 36 0 179
stand 1240 280 109 0 179
stand 1304 264 83 0 179
stand 1368 280 109 0 179
stand 2936 264 91 0 179
most 3168 256 41 0 179
tree 3304 280 41 0 179
tree 3320 264 41 0 179
stand 3784 280 7 0 179
most 448 288 37 0 179
stand 1208 312 71 0 179
stand 1320 312 71 0 179
stand 2904 312 105 0 179
stand 2968 296 105 0 179
stand 3048 296 93 0 179
tree 3192 312 41 0 179
tree 3208 312 41 0 179
most 3488 288 41 0 179
most 4032 288 39 0 179
most 672 320 40 0 179
stand 1240 344 109 0 179
stand 1336 344 109 0 179
stand 2888 328 91 0 179
stand 2968 328 91 0 179
stand 3000 328 105 0 179
tree 3208 328 41 0 179
most 3200 320 41 0 179
lay 3960 328 54 0 179
most 3968 320 34 0 179
lay 4056 328 54 0 179
most 256 352 37 0 179
most 288 352 37 0 179
stand 1112 360 93 0 179
most 1152 352 40 0 179
stand 1272 376 71 0 179
stand 1304 376 109 0 179
stand 2920 376 91 0 179
stand 2952 360 91 0 179
stand 3016 360 93 0 179
stand 3144 360 105 0 179
most 3392 352 40 0 179
stand 3784 360 9 0 179
most 3808 352 37 0 179
stand 1336 408 83 0 179
stand 2984 408 92 0 179
stand 3064 408 105 0 179
most 3712 384 36 0 179
most 4000 384 39 0 179
most 32 416 37 0 179
most 416 416 37 0 179
stand 1112 424 71 0 179
stand 1208 424 71 0 179
stand 1288 424 109 0 179
tree 1688 440 1 0 179
tree 1688 424 1 0 179
stand 3000 424 91 0 179
stand 3032 424 12 0 179
stand 3096 424 92 0 179
most 3424 416 40 0 179
most 3520 416 36 0 179
tree 3608 440 8 0 179
stand 3800 440 7 0 179
lay 3992 440 53 0 179
most 544 448 40 0 179
most 672 448 40 0 179
most 896 448 36 0 179
tree 1048 472 23 0 179
stand 1112 456 93 0 179
stand 1144 472 71 0 179
stand 1288 472 109 0 179
tree 1704 456 41 0 179
stand 2968 456 91 0 179
stand 3016 472 91 0 179
stand 3128 456 105 0 179
most 3200 448 41 0 179
tree 3320 456 41 0 179
tree 3384 456 16 0 179
most 3840 448 37 0 179
most 4032 448 39 0 179
most 256 480 37 0 179
stand 984 504 93 0 179
most 992 480 34 0 179
stand 1064 504 93 0 179
most 1120 480 40 0 179
stand 1176 488 71 0 179
stand 1256 488 83 0 179
stand 2904 488 92 0 179
stand 2936 488 91 0 179
stand 3016 504 91 0 179
stand 3080 488 93 0 179
tree 3320 504 41 0 179
most 3392 480 40 0 179
stand 3832 504 21 0 179
stand 904 536 93 0 179
stand 1032 536 93 0 179
most 1056 512 42 0 179
stand 1272 520 107 0 179
stand 2920 536 91 0 179
stand 2984 520 91 0 179
stand 3048 536 91 0 179
lay 4008 536 55 0 179
most 576 544 37 0 179
stand 1080 552 71 0 179
stand 1112 568 93 0 179
stand 1192 568 109 0 179
stand 1240 568 109 0 179
stand 3000 568 92 0 179
stand 3032 552 105 0 179
stand 3048 552 105 0 179
most 3200 544 41 0 179
tree 3384 568 41 0 179
most 4032 544 39 0 179
lay 440 600 18 0 179
tree 984 584 23 0 179
stand 1000 584 71 0 179
most 1024 576 42 0 179
stand 1144 600 83 0 179
stand 1208 584 98 0 179
stand 1192 584 107 0 179
stand 2888 600 91 0 179
stand 2968 584 91 0 179
tree 3192 600 41 0 179
tree 3320 600 41 0 179
tree 3304 584 41 0 179
tree 3304 600 41 0 179
tree 3384 600 41 0 179
tree 3384 584 41 0 179
most 4000 576 39 0 179
most 448 608 37 0 179
stand 1128 632 107 0 179
stand 1240 616 83 0 179
tree 1720 616 56 0 179
tree 1736 616 41 0 179
stand 2984 616 90 0 179
stand 3080 632 105 0 179
most 3232 608 42 0 179
tree 3384 616 41 0 179
tree 3416 616 23 0 179
most 3712 608 36 0 179
most 3808 608 37 0 179
lay 3976 616 53 0 179
most 32 640 37 0 179
most 352 640 37 0 179
most 832 640 36 0 179
stand 1160 648 98 0 179
stand 1208 664 107 0 179
stand 1256 648 107 0 179
tree 1992 664 1 0 179
tree 2008 664 48 0 179
tree 2008 648 33 0 179
stand 2872 648 90 0 179
stand 2952 648 91 0 179
most 3552 640 36 0 179
most 4032 640 39 0 179
most 4064 640 37 0 179
most 224 672 37 0 179
most 448 672 40 0 179
stand 952 696 93 0 179
most 1024 672 42 0 179
stand 1080 696 71 0 179
stand 1096 680 107 0 179
stand 1128 680 107 0 179
stand 1208 680 107 0 179
dom 1440 672 255 1 179
tree 1672 680 56 0 179
tree 1688 696 48 0 179
tree 1848 696 1 0 179
tree 1848 680 48 0 179
stand 2952 696 8 0 179
most 3392 672 40 0 179
most 576 704 40 0 179
most 992 704 42 0 179
stand 1000 728 71 0 179
stand 1096 728 98 0 179
stand 1176 712 98 0 179
tree 1880 728 41 0 179
stand 3000 712 93 0 179
most 3136 704 41 0 179
tree 3320 728 41 0 179
tree 3368 712 41 0 179
tree 3384 712 41 0 179
tree 3704 712 40 0 179
most 4032 704 39 0 179
stand 1016 760 93 0 179
stand 1160 744 83 0 179
stand 2920 744 90 0 179
lay 3960 744 53 0 179
most 0 768 37 0 179
most 192 768 37 0 179
most 384 768 40 0 179
most 736 768 36 0 179
stand 1032 776 71 0 179
stand 1048 776 107 0 179
stand 1112 776 107 0 179
stand 1144 792 107 0 179
stand 1192 776 107 0 179
stand 2936 792 90 0 179
stand 2968 792 90 0 179
stand 3000 776 93 0 179
most 3392 768 40 0 179
most 4000 768 39 0 179
stand 1128 824 98 0 179
stand 1176 808 107 0 179
tree 1816 824 1 0 179
tree 1848 824 41 0 179
stand 2872 808 90 0 179
most 3584 800 36 0 179
most 3808 800 37 0 179
most 4064 800 37 0 179
most 192 832 37 0 179
lay 744 856 18 0 179
stand 792 856 71 0 179
stand 984 856 98 0 179
stand 1080 840 107 0 179
stand 1080 856 107 0 179
stand 1192 840 83 0 179
tree 1416 840 1 0 179
tree 1816 840 1 0 179
tree 1832 840 33 0 179
stand 2072 840 180 0 179
stand 2104 840 180 0 179
stand 2136 856 180 0 179
dom 2272 832 255 1 179
stand 2872 840 93 0 179
stand 2952 856 93 0 179
most 3232 832 41 0 179
tree 3336 856 16 0 179
tree 3384 856 41 0 179
tree 3432 840 41 0 179
most 3456 832 40 0 179
most 3616 832 34 0 179
lay 3928 840 54 0 179
lay 4008 840 54 0 179
most 4032 832 39 0 179
most 160 864 37 0 179
most 896 864 41 0 179
stand 1032 872 107 0 179
stand 1080 888 107 0 179
stand 1064 888 107 0 179
stand 1096 872 83 0 179
stand 1160 888 107 0 179
tree 1560 888 56 0 179
stand 2104 888 179 0 179
stand 2088 888 179 0 179
stand 2120 888 179 0 179
stand 2888 872 90 0 179
stand 2936 888 105 0 179
stand 2984 888 105 0 179
stand 3032 888 105 0 179
tree 3592 888 41 0 179
tree 3608 888 41 0 179
most 4000 864 39 0 179
most 544 896 36 0 179
stand 952 920 107 0 179
stand 984 904 83 0 179
tree 1576 920 48 0 179
tree 1576 904 48 0 179
stand 2104 904 178 0 179
stand 2088 904 178 0 179
stand 2120 904 178 0 179
stand 2152 904 177 0 179
stand 2872 920 90 0 179
stand 2856 920 9 0 179
most 3104 896 41 0 179
tree 3416 904 41 0 179
most 3392 896 40 0 179
tree 3656 920 40 0 179
tree 3656 904 40 0 179
most 224 928 40 0 179
most 352 928 40 0 179
stand 936 952 107 0 179
stand 1016 936 107 0 179
stand 1080 936 107 0 179
tree 1576 936 1 0 179
dom 1728 928 255 1 179
trop 2036 940 195 179 179
trop 2036 948 100 179 179
stand 2088 936 185 0 179
stand 2088 952 185 0 179
stand 2120 936 185 0 179
stand 2120 952 185 0 179
stand 2152 952 185 0 179
stand 2152 936 185 0 179
trop 2228 940 197 179 179
stand 2824 952 90 0 179
stand 2856 952 90 0 179
lay 3960 936 53 0 179
most 4032 928 39 0 179
most 0 960 37 0 179
most 128 960 40 0 179
most 256 960 37 0 179
most 672 960 42 0 179
most 800 960 42 0 179
stand 872 968 107 0 179
stand 920 984 106 0 179
stand 984 984 107 0 179
tree 1336 968 56 0 179
lay 1464 968 11 0 179
stand 2120 984 184 0 179
stand 2152 984 184 0 179
trop 2324 972 198 179 179
stand 2984 968 93 0 179
most 4000 960 39 0 179
most 4064 960 37 0 179
stand 392 1000 71 0 179
most 640 992 34 0 179
most 736 992 42 0 179
stand 888 1016 98 0 179
stand 904 1016 106 0 179
stand 984 1000 106 0 179
stand 1016 1000 83 0 179
stand 1880 1016 184 0 179
trop 1980 1004 195 179 179
trop 2020 1004 100 179 179
stand 2856 1016 93 0 179
stand 3048 1000 105 0 179
most 3200 992 41 0 179
tree 3400 1000 23 0 179
most 3392 992 40 0 179
most 96 1024 37 0 179
stand 296 1032 69 0 179
stand 440 1048 77 0 179
stand 792 1032 71 0 179
stand 968 1032 107 0 179
lay 1448 1032 13 0 179
lay 1704 1048 38 0 179
stand 1704 1032 106 0 179
trop 1980 1044 111 179 179
trop 2396 1028 197 179 179
trop 2404 1036 198 179 179
dom 2720 1024 255 1 179
stand 2808 1048 90 0 179
stand 2840 1048 90 0 179
tree 3480 1048 41 0 179
tree 3592 1048 40 0 179
most 3584 1024 34 0 179
most 3808 1024 37 0 179
most 4032 1024 39 0 179
stand 488 1080 87 0 179
stand 568 1080 46 0 179
stand 664 1080 71 0 179
stand 840 1080 83 0 179
stand 920 1064 107 0 179
stand 904 1080 106 0 179
stand 936 1064 83 0 179
tree 1112 1080 1 0 179
tree 1144 1064 41 0 179
tree 1128 1080 1 0 179
tree 1176 1080 56 0 179
tree 1160 1080 41 0 179
tree 1160 1064 41 0 179
lay 1720 1064 36 0 179
stand 1704 1080 106 0 179
stand 1736 1064 106 0 179
trop 1884 1068 192 179 179
trop 1916 1084 193 179 179
trop 1908 1084 192 179 179
trop 2484 1068 198 179 179
stand 2520 1080 184 0 179
most 3040 1056 41 0 179
tree 3432 1080 16 0 179
lay 3976 1064 54 0 179
most 4032 1056 39 0 179
stand 520 1112 64 0 179
tree 1128 1096 33 0 179
tree 1128 1112 56 0 179
tree 1176 1096 48 0 179
tree 1560 1112 56 0 179
tree 1560 1096 48 0 179
tree 1576 1096 1 0 179
stand 1880 1112 209 0 179
trop 1916 1092 192 179 179
stand 1944 1112 206 0 179
stand 1960 1096 206 0 179
trop 2484 1116 196 179 179
trop 2492 1116 199 179 179
trop 2540 1116 127 179 179
stand 2872 1096 90 0 179
stand 2888 1096 90 0 179
tree 3624 1112 41 0 179
lay 3976 1112 53 0 179
most 32 1120 37 0 179
most 224 1120 40 0 179
stand 536 1144 64 0 179
stand 808 1128 106 0 179
tree 1560 1128 41 0 179
stand 1928 1128 206 0 179
trop 2532 1148 126 179 179
trop 2540 1140 127 179 179
lay 2600 1144 8 0 179
stand 2808 1128 90 0 179
most 3136 1120 41 0 179
most 3200 1120 41 0 179
most 3328 1120 40 0 179
tree 3480 1144 41 0 179
tree 3560 1144 40 0 179
tree 3608 1128 41 0 179
most 0 1152 37 0 179
most 128 1152 37 0 179
stand 568 1176 64 0 179
lay 968 1160 61 0 179
tree 2232 1176 48 0 179
tree 2232 1160 41 0 179
stand 2504 1176 209 0 179
stand 2568 1176 204 0 179
stand 2584 1160 204 0 179
stand 2856 1160 101 0 179
stand 2904 1176 106 0 179
tree 3112 1160 33 0 179
tree 3128 1160 33 0 179
tree 3480 1160 41 0 179
most 3456 1152 36 0 179
tree 3496 1160 41 0 179
tree 3560 1160 40 0 179
tree 3576 1176 40 0 179
tree 3624 1160 40 0 179
most 4000 1152 39 0 179
stand 536 1192 64 0 179
lay 1704 1192 0 0 179
stand 1752 1192 15 0 179
zabor 2320 1200 104 2 8
stand 2552 1192 204 0 179
stand 2792 1192 90 0 179
stand 2808 1192 93 0 179
tree 3064 1208 33 0 179
most 4064 1184 39 0 179
lay 600 1224 50 0 179
lay 648 1224 50 0 179
lay 824 1240 61 0 179
lay 856 1224 62 0 179
lay 1000 1240 61 0 179
zabor 2320 1232 104 2 8
zabor 2352 1232 105 2 8
zabor 2384 1232 105 2 8
zabor 2416 1232 105 2 8
stand 2728 1240 90 0 179
stand 2792 1240 80 0 179
stand 2808 1224 90 0 179
stand 2840 1240 90 0 179
tree 3128 1240 33 0 179
tree 3560 1240 41 0 179
most 3808 1216 37 0 179
most 4032 1216 37 0 179
lay 488 1272 59 0 179
lay 648 1272 65 0 179
lay 648 1256 59 0 179
dom 672 1248 162 3 179
lay 808 1256 61 0 179
stand 1496 1256 156 0 179
zabor 2416 1264 105 2 8
stand 2776 1256 101 0 179
stand 2792 1272 80 0 179
stand 2824 1272 80 0 179
stand 2840 1272 101 0 179
stand 2872 1272 105 0 179
most 2976 1248 41 0 179
most 3040 1248 41 0 179
tree 3112 1256 33 0 179
most 3296 1248 40 0 179
tree 3576 1256 41 0 179
tree 3560 1256 41 0 179
tree 3560 1272 41 0 179
lay 3944 1256 66 0 179
most 3968 1248 39 0 179
most 256 1280 40 0 179
lay 472 1304 50 0 179
dom 480 1280 157 3 179
lay 568 1288 26 0 179
dom 576 1280 177 3 179
lay 792 1304 59 0 179
tree 1080 1304 56 0 179
tree 1096 1304 48 0 179
tree 1176 1288 48 0 179
trop 1508 1284 192 179 179
zabor 2416 1296 105 2 8
zabor 2448 1296 104 2 8
zabor 2480 1296 105 2 8
stand 2744 1288 90 0 179
stand 2760 1288 80 0 179
stand 2760 1304 101 0 179
tree 3048 1304 33 0 179
tree 3048 1288 33 0 179
most 4032 1280 39 0 179
most 96 1312 37 0 179
stand 376 1320 101 0 179
lay 472 1320 62 0 179
lay 504 1320 62 0 179
lay 712 1336 65 0 179
stand 1480 1336 209 0 179
stand 1544 1336 204 0 179
stand 1560 1320 204 0 179
tree 2296 1336 33 0 179
zabor 2480 1328 104 2 8
zabor 2512 1328 105 2 8
zabor 2544 1328 104 2 8
stand 2760 1336 101 0 179
stand 2808 1320 90 0 179
stand 2840 1320 90 0 179
most 3072 1312 41 0 179
tree 3528 1336 41 0 179
tree 3544 1336 40 0 179
most 3648 1312 34 0 179
most 3840 1312 37 0 179
most 4000 1312 39 0 179
stand 360 1368 101 0 179
stand 376 1352 106 0 179
stand 392 1368 101 0 179
tree 536 1368 23 0 179
lay 600 1352 62 0 179
lay 888 1352 62 0 179
lay 1048 1368 61 0 179
stand 1528 1352 203 0 179
tree 2296 1352 1 0 179
tree 2312 1352 48 0 179
zabor 2544 1360 105 2 8
stand 2792 1352 101 0 179
stand 2840 1368 80 0 179
stand 2824 1352 93 0 179
stand 2904 1368 105 0 179
most 3264 1344 40 0 179
tree 3656 1352 40 0 179
lay 824 1384 61 0 179
lay 872 1400 61 0 179
tree 2024 1400 1 0 179
tree 2024 1384 56 0 179
stand 2712 1400 101 0 179
stand 2776 1384 90 0 179
stand 2776 1400 90 0 179
stand 2808 1400 80 0 179
stand 2792 1384 101 0 179
stand 2824 1384 101 0 179
tree 2984 1400 33 0 179
tree 3064 1400 33 0 179
most 3072 1376 41 0 179
tree 3496 1400 40 0 179
tree 3704 1384 41 0 179
most 3904 1376 34 0 179
most 224 1408 40 0 179
lay 680 1416 62 0 179
zabor 1328 1424 104 2 8
zabor 1360 1424 104 2 8
tree 2024 1432 33 0 179
tree 2024 1416 33 0 179
stand 2760 1432 90 0 179
stand 2824 1432 101 0 179
most 2944 1408 41 0 179
tree 3304 1416 32 0 179
tree 3448 1432 41 0 179
most 3424 1408 36 0 179
tree 3464 1416 41 0 179
tree 3512 1416 40 0 179
lay 3944 1432 54 0 179
most 4032 1408 39 0 179
most 160 1440 37 0 179
tree 584 1448 23 0 179
stand 808 1448 106 0 179
stand 1288 1464 92 0 179
zabor 1360 1456 105 2 8
zabor 1392 1456 104 2 8
zabor 1424 1456 104 2 8
zabor 2256 1456 73 1 9
zabor 2288 1456 72 1 9
zabor 2320 1456 64 1 8
zabor 2352 1456 64 1 8
zabor 2384 1456 74 1 9
zabor 2416 1456 72 1 9
stand 2728 1464 90 0 179
stand 2792 1448 93 0 179
stand 2872 1464 90 0 179
most 2976 1440 41 0 179
tree 3080 1448 33 0 179
tree 3096 1448 33 0 179
most 4064 1440 37 0 179
stand 680 1496 71 0 179
stand 760 1496 98 0 179
stand 792 1496 68 0 179
stand 776 1496 190 0 179
stand 824 1480 98 0 179
stand 840 1496 98 0 179
lay 1048 1480 61 0 179
stand 1288 1496 92 0 179
zabor 1424 1488 104 2 8
zabor 1456 1488 104 2 8
lay 1752 1496 27 0 179
dom 1760 1472 171 2 179
lay 2296 1496 27 0 179
stand 2552 1496 157 0 179
stand 2760 1496 90 0 179
stand 2792 1496 80 0 179
stand 2792 1480 90 0 179
tree 3480 1496 41 0 179
tree 3512 1496 40 0 179
lay 3768 1480 56 0 179
stand 632 1528 45 0 179
stand 728 1512 98 0 179
stand 744 1512 98 0 179
stand 744 1528 98 0 179
most 832 1504 32 0 179
dom 832 1504 179 3 179
lay 1272 1512 21 0 179
zabor 1456 1520 104 2 8
zabor 1488 1520 104 2 8
lay 1800 1528 27 0 179
stand 2232 1528 96 0 179
stand 2248 1512 96 0 179
lay 2392 1528 27 0 179
stand 2456 1528 93 0 179
stand 2488 1528 100 0 179
stand 2776 1512 80 0 179
tree 3064 1528 33 0 179
most 3040 1504 41 0 179
tree 3160 1512 33 0 179
most 3232 1504 40 0 179
tree 3288 1528 16 0 179
tree 3480 1512 41 0 179
tree 3464 1512 16 0 179
tree 3512 1512 40 0 179
most 3616 1504 34 0 179
most 4000 1504 39 0 179
lay 120 1544 18 0 179
most 224 1536 40 0 179
most 448 1536 36 0 179
stand 696 1544 68 0 179
stand 712 1560 98 0 179
stand 1272 1560 92 0 179
stand 1304 1544 92 0 179
zabor 1488 1552 105 2 8
zabor 1520 1552 105 2 8
lay 1832 1560 27 0 179
stand 2232 1560 98 0 179
lay 2312 1560 27 0 179
dom 2368 1536 177 1 179
lay 2408 1544 27 0 179
stand 2440 1560 87 0 179
lay 2456 1544 67 0 179
stand 2472 1560 90 0 179
stand 2536 1560 209 0 179
stand 2776 1544 93 0 179
stand 2808 1544 101 0 179
stand 2824 1544 101 0 179
tree 3032 1560 33 0 179
tree 3048 1560 33 0 179
tree 3048 1544 33 0 179
most 3072 1536 41 0 179
tree 3624 1544 41 0 179
tree 3640 1544 41 0 179
most 3808 1536 37 0 179
lay 3976 1544 56 0 179
most 4032 1536 39 0 179
stand 600 1576 42 0 179
stand 680 1592 98 0 179
zabor 1520 1584 104 2 8
zabor 1552 1584 105 2 8
zabor 1584 1584 105 2 8
lay 1864 1576 27 0 179
dom 1888 1568 164 2 179
stand 2232 1592 96 0 179
stand 2280 1592 98 0 179
lay 2328 1592 27 0 179
stand 2424 1592 93 0 179
stand 2440 1592 87 0 179
stand 2456 1592 89 0 179
lay 2440 1592 67 0 179
stand 2808 1592 90 0 179
stand 2824 1592 101 0 179
tree 3032 1576 33 0 179
tree 3032 1592 33 0 179
tree 3048 1592 33 0 179
most 4032 1568 39 0 179
most 64 1600 37 0 179
stand 536 1608 45 0 179
stand 600 1608 42 0 179
stand 648 1624 98 0 179
tree 680 1624 23 0 179
stand 696 1624 68 0 179
stand 744 1624 44 0 179
tree 1416 1624 41 0 179
zabor 1584 1616 105 2 8
zabor 1616 1616 105 2 8
tree 2104 1608 41 0 179
tree 2088 1608 56 0 179
tree 2136 1624 56 0 179
tree 2120 1608 33 0 179
stand 2232 1608 96 0 179
stand 2312 1608 96 0 179
lay 2376 1608 49 0 179
stand 2440 1624 87 0 179
stand 2808 1608 90 0 179
stand 2808 1624 90 0 179
stand 2792 1624 93 0 179
stand 2824 1608 101 0 179
stand 2824 1624 90 0 179
most 3392 1600 36 0 179
lay 3960 1608 54 0 179
lay 488 1640 18 0 179
tree 1416 1640 41 0 179
zabor 1616 1648 104 2 8
zabor 1648 1648 104 2 8
dom 2368 1632 175 2 179
lay 2392 1656 49 0 179
stand 2456 1656 87 0 179
lay 2440 1640 67 0 179
stand 2472 1640 89 0 179
stand 2776 1640 101 0 179
most 3232 1632 40 0 179
tree 3512 1640 41 0 179
tree 3528 1640 41 0 179
most 4032 1632 39 0 179
lay 4056 1656 54 0 179
stand 648 1688 43 0 179
stand 664 1688 42 0 179
stand 680 1672 98 0 179
stand 728 1688 68 0 179
tree 1304 1688 56 0 179
tree 1288 1688 56 0 179
zabor 1648 1680 104 2 8
zabor 1680 1680 104 2 8
tree 2200 1688 48 0 179
stand 2760 1688 90 0 179
stand 2808 1672 80 0 179
stand 2824 1672 101 0 179
stand 2856 1688 101 0 179
most 2976 1664 41 0 179
tree 3512 1688 40 0 179
tree 3592 1688 40 0 179
tree 3688 1672 41 0 179
tree 3704 1672 41 0 179
most 4000 1664 39 0 179
most 256 1696 40 0 179
lay 296 1720 18 0 179
most 448 1696 36 0 179
stand 632 1704 45 0 179
stand 712 1704 42 0 179
tree 1560 1720 1 0 179
tree 1560 1704 41 0 179
tree 1544 1704 56 0 179
zabor 1680 1712 104 2 8
zabor 1712 1712 104 2 8
zabor 1744 1712 105 2 8
tree 2200 1704 33 0 179
zabor 2224 1712 105 2 8
stand 2440 1704 93 0 179
stand 2728 1720 90 0 179
stand 2824 1720 90 0 179
stand 2840 1704 90 0 179
most 3200 1696 40 0 179
tree 3480 1720 41 0 179
most 3616 1696 34 0 179
lay 3736 1720 56 0 179
lay 3912 1704 56 0 179
lay 3992 1704 55 0 179
most 96 1728 37 0 179
stand 696 1752 42 0 179
stand 728 1752 42 0 179
stand 760 1752 97 0 179
lay 1336 1736 19 0 179
zabor 1744 1744 105 2 8
zabor 1776 1744 104 2 8
zabor 1808 1744 105 2 8
stand 2776 1752 101 0 179
stand 2792 1736 101 0 179
stand 2840 1752 101 0 179
stand 2856 1752 101 0 179
stand 2888 1752 90 0 179
stand 2920 1752 101 0 179
tree 3064 1752 33 0 179
tree 3416 1736 32 0 179
most 4032 1728 39 0 179
most 256 1760 40 0 179
stand 760 1768 98 0 179
stand 776 1768 68 0 179
stand 792 1784 71 0 179
stand 808 1784 97 0 179
zabor 1776 1776 105 2 8
zabor 1808 1776 104 2 8
zabor 1840 1776 104 2 8
stand 2776 1784 90 0 179
stand 2792 1768 90 0 179
stand 2888 1784 101 0 179
tree 3064 1768 33 0 179
tree 3448 1768 23 0 179
tree 3432 1768 41 0 179
most 3776 1760 37 0 179
most 3968 1760 39 0 179
most 4064 1760 37 0 179
stand 744 1800 98 0 179
stand 856 1816 97 0 179
stand 840 1816 97 0 179
stand 872 1816 68 0 179
tree 1464 1816 1 0 179
zabor 1840 1808 105 2 8
zabor 1872 1808 104 2 8
zabor 1904 1808 104 2 8
zabor 2288 1808 104 2 8
stand 2760 1800 90 0 179
stand 2840 1800 101 0 179
stand 2824 1800 90 0 179
stand 2872 1800 101 0 179
stand 2936 1816 101 0 179
stand 2952 1800 101 0 179
most 3072 1792 41 0 179
most 608 1824 34 0 179
stand 680 1832 98 0 179
stand 712 1832 98 0 179
stand 744 1832 98 0 179
stand 792 1848 83 0 179
stand 952 1832 106 0 179
stand 952 1848 106 0 179
lay 1112 1832 39 0 179
lay 1096 1848 37 0 179
tree 1448 1832 56 0 179
tree 1464 1832 41 0 179
zabor 2320 1840 104 2 8
zabor 2352 1840 105 2 8
zabor 2384 1840 104 2 8
zabor 2416 1840 105 2 8
stand 2744 1832 101 0 179
stand 2808 1832 80 0 179
stand 2792 1832 93 0 179
stand 2856 1848 101 0 179
stand 2952 1848 105 0 179
tree 3448 1848 40 0 179
tree 3464 1848 40 0 179
most 4032 1824 39 0 179
stand 728 1880 83 0 179
stand 776 1864 98 0 179
stand 856 1864 106 0 179
stand 872 1880 98 0 179
stand 904 1864 83 0 179
stand 1112 1864 92 0 179
lay 1160 1880 13 0 179
stand 1160 1864 92 0 179
zabor 2416 1872 104 2 8
zabor 2448 1872 104 2 8
zabor 2480 1872 104 2 8
stand 2728 1864 80 0 179
stand 2792 1864 80 0 179
stand 2840 1864 80 0 179
stand 2840 1880 90 0 179
tree 3096 1864 33 0 179
tree 3112 1864 33 0 179
tree 3112 1880 33 0 179
most 3200 1856 40 0 179
most 3328 1856 36 0 179
tree 3432 1880 16 0 179
tree 3560 1880 41 0 179
tree 3560 1864 41 0 179
most 3552 1856 34 0 179
most 96 1888 37 0 179
most 224 1888 40 0 179
stand 840 1896 106 0 179
stand 856 1912 106 0 179
lay 1448 1912 10 0 179
tree 1896 1912 48 0 179
zabor 2480 1904 104 2 8
stand 2744 1896 90 0 179
stand 2776 1896 101 0 179
stand 2808 1912 101 0 179
stand 2792 1912 90 0 179
stand 2824 1896 101 0 179
stand 2872 1912 105 0 179
stand 2952 1912 105 0 179
tree 3000 1912 33 0 179
tree 3576 1896 40 0 179
most 3968 1888 39 0 179
most 0 1920 37 0 179
most 448 1920 36 0 179
stand 728 1928 83 0 179
stand 808 1928 83 0 179
stand 888 1944 106 0 179
tree 1256 1944 41 0 179
tree 1272 1944 56 0 179
tree 1416 1944 48 0 179
zabor 2480 1936 105 2 8
zabor 2512 1936 104 2 8
zabor 2544 1936 104 2 8
zabor 2704 1936 104 2 8
stand 2760 1944 101 0 179
stand 2792 1944 80 0 179
stand 2856 1944 101 0 179
stand 2920 1928 105 0 179
tree 3000 1928 33 0 179
most 3008 1920 41 0 179
tree 3448 1928 41 0 179
tree 3448 1944 41 0 179
tree 3480 1928 40 0 179
most 4064 1920 37 0 179
stand 792 1976 83 0 179
stand 840 1976 98 0 179
tree 1432 1960 56 0 179
zabor 2544 1968 104 2 8
zabor 2576 1968 105 2 8
zabor 2608 1968 105 2 8
zabor 2640 1968 105 2 8
zabor 2672 1968 105 2 8
zabor 2704 1968 105 2 8
stand 2728 1960 90 0 179
zabor 2736 1968 104 2 8
stand 2824 1960 101 0 179
stand 2872 1976 93 0 179
stand 2888 1960 105 0 179
tree 3400 1976 41 0 179
lay 3944 1976 56 0 179
most 3968 1952 34 0 179
stand 712 1992 71 0 179
stand 728 2008 98 0 179
stand 776 1992 83 0 179
stand 792 2008 106 0 179
stand 840 2008 106 0 179
stand 872 2008 98 0 179
stand 888 1992 106 0 179
tree 1688 2008 1 0 179
zabor 2736 2000 104 2 8
zabor 2768 2000 105 2 8
stand 2792 1992 90 0 179
stand 2904 1992 105 0 179
tree 3400 1992 41 0 179
most 3712 1984 37 0 179
most 4032 1984 39 0 179
most 608 2016 34 0 179
stand 1512 2040 100 0 179
stand 2744 2024 90 0 179
stand 2776 2024 80 0 179
stand 2808 2024 80 0 179
stand 2824 2040 80 0 179
stand 2840 2024 93 0 179
stand 2872 2024 80 0 179
stand 2856 2024 90 0 179
stand 2920 2024 80 0 179
stand 2936 2040 105 0 179
tree 3128 2040 33 0 179
most 3232 2016 40 0 179
tree 3432 2024 23 0 179
most 3936 2016 39 0 179
lay 3960 2040 55 0 179
most 4032 2016 39 0 179
stand 776 2072 106 0 179
stand 840 2072 106 0 179
stand 1256 2072 100 0 179
lay 1496 2056 15 0 179
stand 1480 2056 100 0 179
stand 1496 2056 92 0 179
stand 1512 2056 100 0 179
stand 2792 2056 80 0 179
stand 2904 2056 105 0 179
stand 2888 2072 90 0 179
most 3072 2048 41 0 179
tree 3128 2056 33 0 179
most 4064 2048 37 0 179
stand 712 2104 106 0 179
stand 792 2088 98 0 179
stand 888 2104 100 0 179
lay 1240 2104 40 0 179
lay 1240 2088 36 0 179
stand 1224 2088 100 0 179
stand 1240 2104 100 0 179
stand 1256 2104 100 0 179
stand 1480 2088 100 0 179
lay 2248 2104 0 0 179
stand 2776 2088 90 0 179
stand 2792 2104 93 0 179
stand 2856 2104 90 0 179
stand 2952 2088 105 0 179
tree 3048 2104 33 0 179
tree 3048 2088 33 0 179
tree 3064 2088 33 0 179
tree 3592 2088 41 0 179
tree 3608 2088 41 0 179
most 3584 2080 34 0 179
most 352 2112 36 0 179
stand 664 2136 71 0 179
stand 712 2136 71 0 179
stand 776 2136 71 0 179
stand 1224 2120 100 0 179
lay 1256 2136 29 0 179
stand 2264 2136 36 0 179
stand 2792 2136 80 0 179
stand 2840 2120 90 0 179
stand 2888 2136 105 0 179
most 3424 2112 36 0 179
lay 4008 2120 54 0 179
stand 712 2152 98 0 179
stand 712 2168 106 0 179
stand 744 2168 67 0 179
stand 776 2152 98 0 179
stand 808 2152 100 0 179
tree 1144 2168 1 0 179
stand 1208 2168 81 0 179
stand 1448 2168 81 0 179
tree 2152 2168 48 0 179
stand 2264 2168 106 0 179
stand 2312 2152 106 0 179
stand 2840 2152 80 0 179
stand 2888 2168 80 0 179
tree 3032 2152 33 0 179
tree 3048 2168 33 0 179
tree 3048 2152 33 0 179
most 3264 2144 40 0 179
tree 3464 2168 16 0 179
lay 3912 2152 55 0 179
lay 3928 2168 54 0 179
most 3936 2144 40 0 179
most 3968 2144 39 0 179
most 4032 2144 39 0 179
most 160 2176 36 0 179
most 544 2176 40 0 179
tree 1144 2184 48 0 179
tree 1176 2184 33 0 179
tree 1160 2184 33 0 179
tree 1192 2200 48 0 179
stand 1976 2200 81 0 179
tree 2152 2184 33 0 179
stand 2360 2200 25 0 179
stand 2776 2200 80 0 179
stand 2760 2184 93 0 179
stand 2808 2200 90 0 179
stand 2840 2200 80 0 179
stand 2856 2184 80 0 179
stand 2936 2184 105 0 179
tree 3016 2200 33 0 179
tree 3032 2200 33 0 179
most 3040 2176 41 0 179
most 3200 2176 40 0 179
most 4032 2176 37 0 179
stand 648 2216 106 0 179
stand 696 2232 98 0 179
stand 712 2216 100 0 179
stand 792 2216 100 0 179
tree 1448 2216 33 0 179
tree 1464 2216 41 0 179
tree 1480 2216 48 0 179
tree 1496 2216 48 0 179
tree 1928 2232 48 0 179
tree 2456 2232 33 0 179
tree 2456 2216 48 0 179
stand 2744 2232 80 0 179
stand 2840 2232 93 0 179
tree 3000 2232 33 0 179
tree 3080 2216 33 0 179
tree 3496 2232 41 0 179
stand 520 2248 71 0 179
stand 600 2264 106 0 179
stand 680 2264 98 0 179
lay 1624 2264 2 0 179
stand 1640 2248 105 0 179
stand 1640 2264 105 0 179
tree 1912 2248 48 0 179
tree 2120 2264 56 0 179
cliff 2464 2256 59 179 179
stand 2808 2248 90 0 179
stand 2856 2248 93 0 179
stand 2888 2248 105 0 179
tree 3368 2264 41 0 179
tree 3496 2248 41 0 179
most 3776 2240 37 0 179
most 3936 2240 39 0 179
most 3968 2240 39 0 179
lay 3976 2248 54 0 179
most 32 2272 41 0 179
most 448 2272 41 0 179
stand 568 2280 67 0 179
stand 584 2296 106 0 179
stand 664 2280 67 0 179
stand 712 2296 106 0 179
lay 1592 2280 29 0 179
stand 1608 2296 101 0 179
stand 1656 2296 105 0 179
stand 2184 2296 81 0 179
tree 2216 2280 56 0 179
stand 2440 2280 20 0 179
stand 2680 2280 93 0 179
stand 2728 2280 80 0 179
stand 2792 2280 90 0 179
stand 2856 2296 80 0 179
stand 2872 2280 105 0 179
stand 2920 2280 105 0 179
tree 2968 2296 33 0 179
tree 2968 2280 33 0 179
most 3008 2272 41 0 179
tree 3080 2296 33 0 179
tree 3080 2280 33 0 179
most 3584 2272 34 0 179
lay 3880 2296 54 0 179
most 4032 2272 39 0 179
most 352 2304 34 0 179
stand 600 2328 98 0 179
stand 648 2312 100 0 179
stand 680 2328 106 0 179
tree 1112 2328 1 0 179
tree 1128 2328 56 0 179
cliff 2432 2320 58 179 179
stand 2440 2312 101 0 179
stand 2456 2312 101 0 179
stand 2760 2312 80 0 179
stand 2808 2312 93 0 179
tree 3000 2328 33 0 179
tree 2984 2312 33 0 179
tree 3048 2328 33 0 179
tree 3048 2312 33 0 179
tree 3080 2312 33 0 179
most 3104 2304 41 0 179
most 3200 2304 40 0 179
tree 3320 2328 16 0 179
tree 3448 2328 41 0 179
tree 3544 2312 41 0 179
most 64 2336 38 0 179
stand 504 2344 71 0 179
stand 568 2360 106 0 179
stand 600 2360 100 0 179
tree 1128 2344 48 0 179
lay 1256 2360 30 0 179
tree 2344 2360 41 0 179
tree 2360 2360 33 0 179
stand 2440 2360 101 0 179
lay 2488 2360 39 0 179
stand 2504 2344 101 0 179
stand 2712 2360 93 0 179
stand 2728 2344 90 0 179
stand 2760 2344 80 0 179
stand 2776 2344 90 0 179
stand 2792 2360 80 0 179
stand 2824 2344 80 0 179
stand 2936 2360 105 0 179
stand 2920 2360 105 0 179
tree 3048 2344 33 0 179
tree 3080 2344 33 0 179
tree 3080 2360 33 0 179
tree 3448 2344 41 0 179
tree 3512 2360 40 0 179
most 3904 2336 39 0 179
lay 3992 2360 54 0 179
most 3968 2336 37 0 179
most 4000 2336 39 0 179
stand 168 2392 71 0 179
stand 408 2392 71 0 179
stand 504 2392 106 0 179
stand 520 2392 71 0 179
stand 536 2392 106 0 179
stand 600 2392 106 0 179
stand 664 2376 106 0 179
stand 1400 2392 36 0 179
tree 1544 2376 1 0 179
tree 1816 2392 1 0 179
tree 1832 2392 33 0 179
stand 2136 2376 82 0 179
lay 2440 2376 38 0 179
stand 2776 2392 90 0 179
stand 2840 2392 93 0 179
stand 2872 2376 14 0 179
tree 3272 2392 41 0 179
most 3392 2368 36 0 179
tree 3464 2392 40 0 179
tree 3464 2376 40 0 179
tree 3608 2392 40 0 179
tree 3624 2392 40 0 179
most 3776 2368 37 0 179
stand 152 2408 71 0 179
most 288 2400 41 0 179
stand 424 2424 106 0 179
stand 536 2424 71 0 179
stand 584 2424 98 0 179
stand 584 2408 106 0 179
lay 1384 2424 12 0 179
stand 1400 2424 101 0 179
stand 1416 2408 101 0 179
tree 1848 2408 33 0 179
tree 1832 2408 1 0 179
lay 1880 2408 38 0 179
tree 2136 2424 41 0 179
tree 2152 2424 56 0 179
stand 2664 2408 93 0 179
stand 2696 2424 90 0 179
stand 2728 2408 80 0 179
stand 2760 2424 80 0 179
stand 2856 2408 80 0 179
tree 3064 2424 33 0 179
tree 3064 2408 33 0 179
lay 3864 2424 54 0 179
most 32 2432 37 0 179
stand 440 2440 98 0 179
stand 504 2456 98 0 179
stand 568 2440 67 0 179
zabor 720 2448 104 2 8
zabor 752 2448 105 2 8
lay 1192 2456 42 0 179
stand 1192 2440 101 0 179
lay 1912 2456 35 0 179
tree 2088 2456 56 0 179
lay 2120 2456 11 0 179
tree 2168 2440 41 0 179
tree 2152 2440 1 0 179
stand 2696 2456 80 0 179
stand 2760 2456 14 0 179
stand 2840 2456 14 0 179
stand 2824 2440 14 0 179
tree 2920 2456 33 0 179
most 3008 2432 41 0 179
tree 3048 2440 33 0 179
tree 3272 2456 32 0 179
tree 3272 2440 32 0 179
most 3904 2432 39 0 179
stand 264 2488 71 0 179
stand 424 2488 67 0 179
stand 440 2472 67 0 179
stand 488 2488 106 0 179
zabor 752 2480 104 2 8
zabor 784 2480 104 2 8
zabor 816 2480 105 2 8
lay 1064 2472 41 0 179
stand 1208 2488 101 0 179
stand 2648 2472 90 0 179
stand 2712 2488 80 0 179
stand 2760 2472 90 0 179
stand 2808 2472 80 0 179
tree 3032 2472 33 0 179
tree 3048 2472 33 0 179
most 3040 2464 41 0 179
most 3232 2464 40 0 179
tree 3448 2472 41 0 179
tree 3448 2488 41 0 179
lay 3864 2488 53 0 179
most 4032 2464 39 0 179
most 64 2496 41 0 179
most 160 2496 34 0 179
stand 344 2520 106 0 179
stand 392 2520 67 0 179
stand 440 2520 100 0 179
stand 456 2520 106 0 179
stand 552 2504 106 0 179
zabor 816 2512 104 2 8
zabor 848 2512 104 2 8
zabor 880 2512 105 2 8
stand 1080 2504 101 0 179
stand 1112 2504 92 0 179
lay 1160 2520 14 0 179
stand 1160 2520 101 0 179
tree 1368 2520 41 0 179
tree 1352 2520 56 0 179
stand 1832 2504 101 0 179
stand 1864 2520 17 0 179
stand 2728 2520 80 0 179
stand 2760 2520 80 0 179
stand 2808 2520 80 0 179
stand 2808 2504 9 0 179
tree 3432 2520 41 0 179
lay 3768 2504 54 0 179
stand 280 2552 84 0 179
stand 328 2552 106 0 179
stand 376 2552 84 0 179
stand 392 2552 71 0 179
stand 472 2552 84 0 179
stand 456 2552 100 0 179
zabor 880 2544 104 2 8
zabor 912 2544 105 2 8
zabor 944 2544 104 2 8
zabor 976 2544 104 2 8
lay 1080 2536 2 0 179
stand 1112 2552 101 0 179
stand 1832 2552 101 0 179
lay 1880 2552 17 0 179
stand 1896 2536 101 0 179
tree 2024 2536 56 0 179
lay 2136 2552 18 0 179
stand 2184 2552 101 0 179
stand 2696 2552 93 0 179
stand 2744 2552 80 0 179
stand 2792 2536 80 0 179
stand 2840 2536 80 0 179
stand 2856 2536 105 0 179
tree 3192 2536 41 0 179
tree 3192 2552 41 0 179
most 3392 2528 36 0 179
tree 3448 2552 40 0 179
tree 3464 2552 40 0 179
most 3552 2528 34 0 179
most 3904 2528 39 0 179
most 3968 2528 39 0 179
stand 360 2584 100 0 179
stand 392 2568 98 0 179
stand 408 2568 71 0 179
stand 392 2584 100 0 179
stand 424 2584 106 0 179
stand 424 2568 84 0 179
stand 440 2568 100 0 179
stand 488 2584 71 0 179
zabor 944 2576 105 2 8
zabor 976 2576 105 2 8
zabor 1008 2576 105 2 8
lay 1112 2584 37 0 179
stand 1880 2568 101 0 179
stand 1928 2584 101 0 179
stand 2152 2584 16 0 179
stand 2184 2584 101 0 179
stand 2216 2584 101 0 179
stand 2600 2568 90 0 179
stand 2696 2584 90 0 179
stand 2808 2584 108 0 179
stand 2808 2568 108 0 179
stand 2840 2568 14 0 179
stand 2952 2568 105 0 179
tree 3032 2584 33 0 179
tree 3032 2568 33 0 179
most 3008 2560 41 0 179
tree 3544 2584 41 0 179
tree 3544 2568 41 0 179
most 3712 2560 37 0 179
most 4000 2560 39 0 179
most 4032 2560 37 0 179
most 96 2592 34 0 179
stand 296 2616 67 0 179
stand 328 2616 71 0 179
stand 344 2616 71 0 179
stand 344 2600 71 0 179
stand 648 2616 100 0 179
stand 712 2616 100 0 179
zabor 1008 2608 104 2 8
zabor 1040 2608 105 2 8
stand 1128 2600 101 0 179
tree 2312 2616 1 0 179
tree 2328 2616 1 0 179
tree 2344 2616 48 0 179
stand 2616 2616 108 0 179
stand 2648 2600 93 0 179
stand 2680 2600 90 0 179
stand 2728 2600 108 0 179
stand 2824 2600 93 0 179
stand 2840 2616 14 0 179
tree 3032 2616 33 0 179
tree 3032 2600 33 0 179
tree 3048 2600 33 0 179
lay 3912 2616 53 0 179
stand 152 2648 71 0 179
stand 200 2632 84 0 179
stand 264 2648 71 0 179
stand 296 2632 71 0 179
stand 360 2648 84 0 179
stand 392 2632 106 0 179
stand 664 2632 89 0 179
stand 664 2648 100 0 179
zabor 1040 2640 105 2 8
zabor 1072 2640 105 2 8
stand 1848 2632 81 0 179
stand 2568 2648 106 0 179
stand 2648 2648 108 0 179
stand 2680 2632 93 0 179
stand 2728 2632 108 0 179
stand 2808 2632 108 0 179
stand 2792 2632 108 0 179
most 3200 2624 40 0 179
lay 3848 2632 54 0 179
most 3904 2624 39 0 179
most 4000 2624 39 0 179
most 4032 2624 37 0 179
stand 232 2664 71 0 179
stand 232 2680 98 0 179
stand 264 2680 71 0 179
stand 296 2664 100 0 179
stand 328 2664 106 0 179
stand 344 2680 84 0 179
stand 360 2680 71 0 179
zabor 1072 2672 104 2 8
zabor 1104 2672 105 2 8
stand 1320 2680 101 0 179
stand 1704 2664 81 0 179
lay 1736 2664 11 0 179
tree 1944 2680 48 0 179
tree 1960 2680 41 0 179
tree 1960 2664 41 0 179
stand 2616 2664 108 0 179
stand 2664 2680 105 0 179
stand 2696 2664 108 0 179
stand 2760 2664 93 0 179
stand 2824 2664 105 0 179
stand 2888 2664 105 0 179
tree 2968 2680 33 0 179
most 2976 2656 41 0 179
tree 3352 2664 41 0 179
stand 24 2712 67 0 179
stand 40 2712 100 0 179
stand 120 2696 106 0 179
stand 184 2696 71 0 179
stand 248 2712 71 0 179
stand 232 2712 100 0 179
stand 296 2712 71 0 179
stand 328 2696 100 0 179
lay 728 2712 27 0 179
dom 704 2688 314 1 179
stand 1368 2712 101 0 179
tree 1656 2712 56 0 179
tree 1688 2696 1 0 179
tree 1672 2712 41 0 179
lay 2280 2712 10 0 179
stand 2632 2712 18 0 179
stand 2664 2696 108 0 179
stand 2696 2712 80 0 179
stand 2712 2696 14 0 179
stand 2728 2696 105 0 179
stand 2792 2696 105 0 179
stand 2856 2712 105 0 179
stand 2920 2712 105 0 179
tree 2984 2696 33 0 179
most 2976 2688 41 0 179
tree 3016 2696 33 0 179
most 3968 2688 39 0 179
stand 88 2744 67 0 179
stand 72 2744 71 0 179
stand 120 2728 100 0 179
stand 136 2744 84 0 179
stand 168 2744 84 0 179
stand 232 2744 71 0 179
stand 280 2728 106 0 179
stand 856 2744 100 0 179
stand 840 2728 100 0 179
stand 872 2728 100 0 179
lay 1224 2744 11 0 179
stand 1320 2728 101 0 179
lay 1368 2728 12 0 179
stand 1368 2744 101 0 179
tree 1912 2728 56 0 179
tree 1912 2744 33 0 179
lay 1960 2744 11 0 179
tree 2216 2744 56 0 179
tree 2232 2744 1 0 179
tree 2232 2728 33 0 179
tree 2216 2728 1 0 179
lay 2552 2728 45 0 179
lay 2568 2728 17 0 179
lay 2584 2728 21 0 179
stand 2664 2744 108 0 179
stand 2680 2728 14 0 179
stand 2696 2744 16 0 179
stand 2760 2728 16 0 179
stand 2904 2728 105 0 179
most 3168 2720 40 0 179
tree 3432 2744 40 0 179
tree 3512 2744 40 0 179
most 3488 2720 34 0 179
most 3904 2720 39 0 179
lay 3944 2744 54 0 179
stand 40 2776 106 0 179
stand 120 2760 71 0 179
stand 216 2776 67 0 179
stand 200 2776 84 0 179
stand 216 2760 84 0 179
stand 280 2760 100 0 179
lay 696 2760 27 0 179
stand 888 2760 100 0 179
stand 1048 2776 210 0 179
stand 1448 2776 101 0 179
tree 1912 2760 1 0 179
tree 1912 2776 41 0 179
tree 2216 2760 1 0 179
stand 2504 2776 106 0 179
stand 2552 2776 106 0 179
stand 2632 2760 105 0 179
most 2912 2752 41 0 179
tree 3096 2776 33 0 179
tree 3368 2760 41 0 179
tree 3384 2760 41 0 179
tree 3400 2760 41 0 179
tree 3512 2760 40 0 179
lay 4008 2776 53 0 179
most 4064 2752 39 0 179
stand 120 2808 98 0 179
stand 120 2792 106 0 179
stand 184 2792 71 0 179
lay 760 2808 26 0 179
dom 736 2784 188 1 179
dom 832 2784 314 1 179
tree 1256 2808 48 0 179
stand 1384 2792 101 0 179
lay 1432 2792 13 0 179
stand 1464 2808 101 0 179
tree 1912 2792 48 0 179
tree 2328 2792 41 0 179
tree 2344 2808 41 0 179
stand 2744 2792 20 0 179
stand 2856 2808 70 0 179
tree 2920 2808 33 0 179
tree 3096 2792 33 0 179
most 3296 2784 36 0 179
most 3904 2784 39 0 179
most 4064 2784 39 0 179
stand 1000 2840 156 0 179
tree 2344 2824 33 0 179
tree 2360 2824 1 0 179
tree 2664 2824 7 0 179
stand 2792 2840 70 0 179
tree 2904 2824 33 0 179
most 2976 2816 41 0 179
most 3136 2816 40 0 179
lay 3912 2824 57 0 179
stand 664 2856 100 0 179
stand 680 2872 97 0 179
lay 760 2856 27 0 179
stand 856 2872 157 0 179
stand 856 2856 156 0 179
stand 840 2856 156 0 179
stand 1880 2856 92 0 179
stand 2744 2872 20 0 179
stand 2856 2856 69 0 179
tree 3032 2872 33 0 179
tree 3048 2872 33 0 179
tree 3144 2872 33 0 179
tree 3368 2856 41 0 179
most 3680 2848 37 0 179
most 4064 2848 37 0 179
dom 288 2880 255 1 179
stand 680 2888 100 0 179
stand 760 2888 166 0 179
stand 808 2888 155 0 179
stand 1912 2904 1 0 179
stand 1944 2904 92 0 179
stand 2696 2888 106 0 179
stand 2776 2888 106 0 179
stand 2872 2904 70 0 179
tree 2856 2904 62 0 179
tree 3032 2888 33 0 179
tree 3096 2904 33 0 179
tree 3112 2888 33 0 179
tree 3144 2888 33 0 179
most 3872 2880 39 0 179
lay 3928 2888 54 0 179
lay 3992 2904 54 0 179
most 4000 2880 39 0 179
stand 1896 2936 92 0 179
tree 2680 2936 31 0 179
stand 2872 2936 106 0 179
tree 3080 2920 33 0 179
tree 3256 2936 41 0 179
tree 3368 2920 41 0 179
tree 3464 2920 40 0 179
most 3456 2912 34 0 179
most 3904 2912 40 0 179
trop 436 2972 192 179 179
stand 456 2952 210 0 179
zabor 1616 2960 105 2 8
zabor 1648 2960 105 2 8
zabor 1680 2960 105 2 8
lay 1928 2952 39 0 179
tree 2264 2968 41 0 179
tree 2264 2952 1 0 179
tree 2728 2968 0 0 179
lay 2760 2968 25 0 179
tree 3000 2968 33 0 179
tree 3000 2952 33 0 179
tree 3016 2952 33 0 179
most 3072 2944 40 0 179
tree 3256 2952 41 0 179
tree 3320 2968 40 0 179
tree 3448 2968 41 0 179
tree 3528 2952 40 0 179
lay 3896 2968 54 0 179
lay 3992 2952 57 0 179
stand 376 2984 186 0 179
tree 920 3000 33 0 179
tree 936 2984 41 0 179
tree 952 2984 33 0 179
tree 968 2984 41 0 179
zabor 1680 2992 105 2 8
zabor 1712 2992 105 2 8
dom 2560 2976 167 3 179
dom 2624 2976 163 3 179
stand 2664 3000 105 0 179
dom 2688 2976 168 3 179
dom 2784 2976 174 3 179
lay 2888 3000 26 0 179
lay 3944 2984 54 0 179
most 3968 2976 39 0 179
most 4032 2976 39 0 179
tree 920 3016 48 0 179
tree 984 3032 33 0 179
tree 1544 3032 56 0 179
tree 1544 3016 48 0 179
zabor 1712 3024 104 2 8
zabor 1744 3024 105 2 8
lay 2664 3032 25 0 179
lay 2824 3032 25 0 179
tree 3000 3032 33 0 179
tree 3016 3032 33 0 179
tree 3272 3032 41 0 179
tree 3288 3032 41 0 179
most 3360 3008 36 0 179
tree 888 3064 48 0 179
tree 904 3064 32 0 179
tree 936 3064 48 0 179
tree 1544 3064 48 0 179
tree 1544 3048 33 0 179
tree 2168 3048 33 0 179
tree 2152 3048 56 0 179
tree 2184 3048 56 0 179
tree 2952 3064 33 0 179
tree 3288 3048 41 0 179
most 3840 3040 39 0 179
lay 3896 3048 54 0 179
tree 888 3096 33 0 179
tree 872 3080 48 0 179
tree 872 3096 1 0 179
tree 1544 3080 48 0 179
lay 2792 3096 25 0 179
tree 2952 3096 33 0 179
tree 2952 3080 33 0 179
tree 3032 3096 33 0 179
most 3040 3072 40 0 179
most 3072 3072 40 0 179
tree 3288 3096 16 0 179
most 3424 3072 34 0 179
most 3616 3072 37 0 179
lay 3960 3080 57 0 179
most 4000 3072 39 0 179
most 4032 3072 39 0 179
tree 888 3112 1 0 179
tree 920 3128 32 0 179
zabor 1840 3120 104 2 8
zabor 1872 3120 104 2 8
lay 2568 3112 27 0 179
tree 2776 3112 24 0 179
tree 2760 3128 32 0 179
dom 2816 3104 172 3 179
tree 2952 3112 33 0 179
most 3200 3104 36 0 179
most 3968 3104 39 0 179
tree 904 3144 48 0 179
tree 1640 3144 1 0 179
zabor 1872 3152 105 2 8
zabor 1904 3152 105 2 8
zabor 1936 3152 105 2 8
zabor 1968 3152 104 2 8
zabor 2000 3152 105 2 8
lay 2872 3160 51 0 179
tree 3016 3144 33 0 179
tree 3432 3144 40 0 179
most 3840 3136 39 0 179
lay 3928 3144 54 0 179
tree 920 3176 33 0 179
tree 904 3192 48 0 179
zabor 2000 3184 105 2 8
zabor 2032 3184 105 2 8
zabor 2064 3184 105 2 8
zabor 2096 3184 105 2 8
zabor 2128 3184 104 2 8
lay 2664 3176 27 0 179
lay 2824 3176 51 0 179
lay 2856 3192 51 0 179
tree 2936 3192 33 0 179
tree 2952 3192 33 0 179
tree 3320 3176 41 0 179
tree 3304 3176 41 0 179
tree 3448 3192 41 0 179
tree 3464 3176 41 0 179
most 3968 3168 39 0 179
most 4032 3168 39 0 179
most 4064 3168 39 0 179
dom 768 3200 255 1 179
tree 936 3208 41 0 179
zabor 2128 3216 104 2 8
zabor 2160 3216 105 2 8
zabor 2192 3216 104 2 8
lay 2616 3208 27 0 179
stand 2904 3208 88 0 179
tree 2968 3208 33 0 179
tree 2984 3208 33 0 179
most 3008 3200 40 0 179
tree 3464 3208 41 0 179
tree 3480 3224 41 0 179
tree 3544 3208 40 0 179
tree 3560 3208 40 0 179
most 3904 3200 40 0 179
most 4064 3200 39 0 179
stand 1608 3240 210 0 179
zabor 2160 3248 104 2 8
zabor 2192 3248 104 2 8
zabor 2224 3248 105 2 8
lay 2744 3240 51 0 179
tree 2840 3240 61 0 179
stand 2856 3240 86 0 179
tree 2984 3256 62 0 179
tree 3496 3240 41 0 179
tree 1448 3288 33 0 179
stand 2440 3288 64 0 179
stand 2504 3272 64 0 179
stand 2744 3272 81 0 179
lay 2776 3272 28 0 179
tree 3032 3288 33 0 179
tree 3112 3288 32 0 179
tree 3336 3288 33 0 179
lay 3800 3272 54 0 179
most 3840 3264 39 0 179
most 4032 3264 39 0 179
tree 1448 3304 1 0 179
stand 1944 3304 68 0 179
stand 2376 3304 90 0 179
stand 2408 3320 93 0 179
stand 2456 3304 64 0 179
stand 2504 3320 106 0 179
tree 2952 3320 33 0 179
tree 3032 3304 33 0 179
tree 3288 3320 41 0 179
tree 3352 3320 33 0 179
tree 3352 3304 33 0 179
tree 3336 3304 33 0 179
tree 3368 3320 33 0 179
most 3424 3296 34 0 179
lay 3928 3304 57 0 179
most 4000 3296 39 0 179
dom 960 3328 255 1 179
stand 2008 3336 69 0 179
stand 2024 3352 77 0 179
stand 2088 3352 64 0 179
stand 2408 3352 93 0 179
stand 2456 3352 64 0 179
stand 2536 3336 64 0 179
stand 2552 3352 64 0 179
stand 2600 3336 81 0 179
stand 2632 3352 86 0 179
most 2912 3328 41 0 179
tree 3272 3352 33 0 179
tree 3288 3352 33 0 179
tree 3400 3352 40 0 179
tree 3416 3352 40 0 179
most 3936 3328 39 0 179
tree 168 3384 48 0 179
tree 408 3384 33 0 179
tree 392 3384 33 0 179
stand 1800 3368 81 0 179
stand 1880 3368 71 0 179
stand 1880 3384 71 0 179
lay 1864 3368 27 0 179
stand 1928 3368 71 0 179
lay 1960 3368 27 0 179
dom 1952 3360 163 2 179
stand 2008 3384 77 0 179
lay 2040 3368 27 0 179
stand 2072 3368 68 0 179
tree 2056 3384 24 0 179
stand 2344 3368 90 0 179
stand 2408 3368 108 0 179
stand 2520 3384 105 0 179
stand 2520 3368 25 0 179
stand 2616 3384 83 0 179
stand 2648 3384 64 0 179
stand 2680 3368 88 0 179
stand 2696 3368 22 0 179
most 2784 3360 41 0 179
tree 3048 3384 33 0 179
tree 3240 3384 41 0 179
most 3232 3360 36 0 179
most 3616 3360 37 0 179
lay 3848 3368 54 0 179
most 3872 3360 39 0 179
tree 184 3400 48 0 179
tree 168 3400 33 0 179
tree 408 3400 33 0 179
stand 1864 3416 82 0 179
stand 1912 3400 70 0 179
stand 2008 3400 78 0 179
stand 2040 3400 78 0 179
stand 2072 3400 68 0 179
stand 2552 3416 105 0 179
stand 2600 3416 26 0 179
stand 2648 3400 22 0 179
tree 2936 3400 33 0 179
tree 2952 3400 33 0 179
tree 2984 3416 33 0 179
tree 3000 3400 33 0 179
lay 3784 3400 57 0 179
most 3840 3392 39 0 179
lay 3992 3400 57 0 179
most 4064 3392 39 0 179
tree 440 3448 33 0 179
tree 424 3432 1 0 179
tree 1608 3448 41 0 179
tree 1608 3432 48 0 179
stand 2008 3432 82 0 179
stand 2104 3448 85 0 179
stand 2152 3432 85 0 179
stand 2408 3432 108 0 179
stand 2440 3432 108 0 179
stand 2472 3432 93 0 179
stand 2520 3448 105 0 179
stand 2504 3432 22 0 179
stand 2552 3432 105 0 179
stand 2536 3432 22 0 179
stand 2584 3448 105 0 179
stand 2568 3448 22 0 179
tree 3256 3432 33 0 179
tree 440 3464 56 0 179
tree 1608 3464 41 0 179
stand 2072 3464 85 0 179
stand 2136 3480 85 0 179
stand 2376 3464 108 0 179
stand 2520 3480 108 0 179
stand 2504 3464 108 0 179
stand 2632 3480 22 0 179
tree 2872 3480 33 0 179
most 2976 3456 40 0 179
tree 3256 3480 41 0 179
tree 3272 3480 41 0 179
most 4000 3456 39 0 179
lay 728 3512 0 0 179
tree 1368 3512 1 0 179
tree 1384 3512 1 0 179
tree 2104 3512 33 0 179
stand 2344 3496 93 0 179
stand 2440 3496 93 0 179
stand 2568 3512 25 0 179
stand 2600 3496 22 0 179
tree 2936 3496 33 0 179
tree 2952 3496 33 0 179
tree 3224 3512 33 0 179
most 3360 3488 34 0 179
most 3456 3488 37 0 179
lay 3832 3496 57 0 179
most 3968 3488 37 0 179
tree 472 3528 33 0 179
tree 472 3544 48 0 179
tree 1384 3528 48 0 179
stand 2424 3544 108 0 179
stand 2456 3544 108 0 179
stand 2472 3544 93 0 179
stand 2520 3528 93 0 179
stand 2504 3528 23 0 179
stand 2536 3544 22 0 179
stand 2616 3544 22 0 179
most 2784 3520 41 0 179
tree 3224 3528 33 0 179
tree 3240 3528 33 0 179
tree 3240 3544 33 0 179
tree 3304 3544 33 0 179
tree 3320 3544 33 0 179
most 3872 3520 39 0 179
tree 472 3560 1 0 179
tree 1624 3576 33 0 179
tree 1640 3576 48 0 179
stand 2376 3576 93 0 179
stand 2520 3560 24 0 179
stand 2584 3560 22 0 179
stand 2600 3576 105 0 179
stand 2616 3576 22 0 179
tree 2968 3560 33 0 179
most 3168 3552 36 0 179
tree 3304 3560 33 0 179
most 3968 3552 39 0 179
tree 1608 3608 33 0 179
tree 1624 3592 48 0 179
stand 2456 3608 93 0 179
stand 2520 3592 24 0 179
stand 2568 3592 22 0 179
stand 2600 3608 22 0 179
stand 2648 3608 22 0 179
stand 2664 3592 22 0 179
most 2784 3584 41 0 179
tree 2984 3592 33 0 179
tree 3000 3592 33 0 179
tree 3304 3592 41 0 179
tree 3336 3592 40 0 179
most 3776 3584 39 0 179
most 3968 3584 39 0 179
stand 2280 3640 93 0 179
stand 2312 3624 108 0 179
stand 2376 3624 93 0 179
stand 2504 3624 24 0 179
stand 2632 3624 22 0 179
most 2944 3616 40 0 179
tree 3464 3640 40 0 179
most 3936 3616 39 0 179
stand 2344 3672 108 0 179
stand 2392 3656 108 0 179
stand 2424 3656 108 0 179
stand 2456 3672 93 0 179
stand 2536 3656 105 0 179
tree 3208 3672 41 0 179
tree 3256 3656 33 0 179
tree 3272 3656 33 0 179
most 3712 3648 38 0 179
most 3872 3648 39 0 179
most 4032 3648 39 0 179
stand 1928 3704 210 0 179
stand 2408 3688 108 0 179
stand 2424 3704 108 0 179
stand 2440 3704 108 0 179
stand 2488 3704 105 0 179
stand 2536 3688 24 0 179
tree 3432 3688 41 0 179
most 3904 3680 41 0 179
stand 1848 3720 186 0 179
trop 1916 3732 126 179 179
trop 1892 3724 126 179 179
stand 2296 3720 93 0 179
stand 2360 3736 93 0 179
stand 2376 3720 108 0 179
stand 2424 3720 105 0 179
stand 2520 3720 105 0 179
most 2688 3712 41 0 179
most 2752 3712 41 0 179
tree 2920 3720 33 0 179
tree 3192 3736 33 0 179
tree 3192 3720 33 0 179
most 3168 3712 36 0 179
tree 3208 3736 33 0 179
most 3680 3712 38 0 179
lay 3960 3736 57 0 179
most 4032 3712 37 0 179
trop 1892 3748 127 179 179
tree 2088 3768 48 0 179
stand 2360 3768 93 0 179
stand 2488 3768 90 0 179
stand 2488 3752 20 0 179
tree 3160 3768 41 0 179
tree 3192 3752 33 0 179
tree 3208 3752 33 0 179
tree 3320 3752 41 0 179
tree 3304 3752 40 0 179
most 3328 3744 34 0 179
most 3904 3744 39 0 179
most 3968 3744 39 0 179
dom 1696 3776 255 1 179
tree 2104 3784 48 0 179
tree 2088 3784 41 0 179
tree 2120 3800 56 0 179
stand 2456 3784 90 0 179
stand 2440 3784 93 0 179
stand 2552 3800 105 0 179
most 2784 3776 41 0 179
tree 2904 3800 33 0 179
most 2944 3776 40 0 179
most 3872 3776 39 0 179
most 3936 3776 39 0 179
most 4032 3776 39 0 179
stand 2360 3832 108 0 179
stand 2392 3832 90 0 179
stand 2408 3816 90 0 179
stand 2440 3816 108 0 179
stand 2456 3816 105 0 179
stand 2504 3816 24 0 179
stand 2536 3816 105 0 179
tree 2888 3816 33 0 179
tree 2888 3832 33 0 179
tree 3176 3816 16 0 179
lay 3960 3832 57 0 179
dom 1920 3840 255 0 179
stand 2440 3864 108 0 179
stand 2552 3864 105 0 179
tree 2888 3848 33 0 179
tree 3176 3848 41 0 179
most 3488 3840 37 0 179
most 3840 3840 39 0 179
stand 2440 3880 90 0 179
stand 2504 3880 93 0 179
stand 2552 3896 20 0 179
most 3712 3872 38 0 179
most 3968 3872 39 0 179
most 4032 3872 39 0 179
tree 2232 3928 56 0 179
stand 2424 3928 90 0 179
stand 2440 3912 90 0 179
stand 2504 3928 90 0 179
stand 2552 3928 24 0 179
tree 2872 3912 33 0 179
tree 2856 3912 33 0 179
most 3072 3904 36 0 179
tree 3192 3912 33 0 179
tree 3224 3928 33 0 179
most 3296 3904 34 0 179
most 3840 3904 39 0 179
most 3904 3904 41 0 179
lay 3976 3912 57 0 179
tree 2232 3944 1 0 179
stand 2424 3944 108 0 179
stand 2408 3944 93 0 179
stand 2472 3960 108 0 179
stand 2488 3944 93 0 179
most 2720 3936 41 0 179
most 2944 3936 40 0 179
tree 3160 3944 41 0 179
tree 3240 3944 33 0 179
tree 3240 3960 33 0 179
stand 2424 3992 108 0 179
stand 2456 3992 108 0 179
stand 2488 3992 108 0 179
stand 2584 3976 105 0 179
tree 2872 3976 41 0 179
most 3584 3968 37 0 179
lay 3880 3992 57 0 179
lay 3976 3976 53 0 179
stand 2488 4008 90 0 179
stand 2552 4008 93 0 179
stand 2584 4008 108 0 179
most 2784 4000 41 0 179
tree 3192 4008 32 0 179
most 3168 4000 37 0 179
tree 3256 4024 41 0 179
tree 3368 4024 40 0 179
most 3712 4000 38 0 179
most 4032 4000 39 0 179
stand 2488 4056 108 0 179
stand 2520 4056 90 0 179
stand 2616 4056 105 0 179
tree 2872 4040 41 0 179
most 2848 4032 41 0 179
tree 3320 4040 40 0 179
most 3424 4032 41 0 179
most 3840 4032 39 0 179
most 3936 4032 39 0 179
stand 2520 4072 108 0 179
stand 2536 4072 93 0 179
stand 2568 4072 105 0 179
stand 2600 4072 20 0 179
tree 2968 4088 33 0 179
tree 2968 4072 33 0 179
most 2976 4064 40 0 179
tree 3080 4088 33 0 179
tree 3224 4072 33 0 179
tree 3224 4088 33 0 179
