trop 948 44 96 179 179
cliff 2032 32 24 179 179
cliff 2048 48 46 179 179
cliff 2048 80 48 179 179
cliff 1760 96 13 179 179
cliff 2048 112 48 179 179
trop 948 148 96 179 179
zabor 1008 144 26 0 8
zabor 1040 144 30 0 8
zabor 1072 144 31 0 8
zabor 1104 144 25 0 8
zabor 1136 144 24 0 8
zabor 1168 144 28 0 8
zabor 1200 144 29 0 8
zabor 1232 144 24 0 8
zabor 1264 144 25 0 8
zabor 1296 144 27 0 8
zabor 1328 144 25 0 8
stand 1320 152 155 0 179
zabor 1360 144 30 0 8
zabor 1456 144 30 0 8
zabor 1488 144 25 0 8
zabor 1520 144 28 0 8
zabor 1552 144 24 0 8
zabor 1584 144 29 0 8
zabor 1616 144 27 0 8
zabor 1648 144 27 0 8
zabor 1680 144 30 0 8
zabor 1712 144 30 0 8
dom 1696 128 297 0 179
zabor 1744 144 27 0 8
zabor 1776 144 24 0 8
cliff 1776 128 34 179 179
cliff 1792 144 30 179 179
cliff 2048 144 48 179 179
tree 2152 152 25 0 179
zabor 3344 144 64 1 8
zabor 3376 144 65 1 8
zabor 3408 144 64 1 8
zabor 3440 144 64 1 8
zabor 3472 144 66 1 8
zabor 3504 144 66 1 8
zabor 3536 144 64 1 8
zabor 3568 144 66 1 8
stand 3560 152 251 0 179
zabor 3600 144 65 1 8
zabor 3632 144 65 1 8
zabor 3664 144 64 1 8
zabor 3696 144 64 1 8
zabor 3728 144 65 1 8
zabor 3760 144 65 1 8
zabor 3792 144 66 1 8
zabor 3824 144 64 1 8
zabor 3856 144 64 1 8
zabor 3888 144 65 1 8
zabor 3920 144 65 1 8
zabor 3952 144 64 1 8
tree 184 184 28 0 179
lay 232 168 61 0 179
tree 296 184 4 0 179
tree 632 184 34 0 179
tree 728 168 37 0 179
zabor 1008 176 27 0 8
dom 1056 160 81 0 179
zabor 1360 176 30 0 8
zabor 1456 176 30 0 8
tree 1496 168 26 0 179
tree 1496 184 26 0 179
tree 1544 168 26 0 179
tree 1544 184 26 0 179
tree 1592 168 26 0 179
tree 1592 184 26 0 179
tree 1640 168 26 0 179
tree 1640 184 26 0 179
zabor 1776 176 26 0 8
cliff 1808 160 64 179 179
cliff 1792 160 11 179 179
cliff 2048 176 23 179 179
tree 2136 184 22 0 179
tree 2488 184 25 0 179
tree 2680 168 30 0 179
tree 3256 184 26 0 179
tree 3288 168 24 0 179
tree 3272 168 26 0 179
zabor 3344 176 66 1 8
zabor 3952 176 65 1 8
lay 472 216 61 0 179
tree 552 216 18 0 179
stand 616 216 130 0 179
tree 616 216 26 0 179
dom 704 192 175 3 179
stand 760 216 133 0 179
stand 744 216 131 0 179
tree 744 200 26 0 179
zabor 1008 208 24 0 8
zabor 1360 208 25 0 8
zabor 1456 208 27 0 8
tree 1496 200 26 0 179
tree 1496 216 26 0 179
tree 1544 200 26 0 179
tree 1544 216 26 0 179
tree 1592 200 26 0 179
tree 1592 216 26 0 179
tree 1640 200 26 0 179
tree 1640 216 26 0 179
zabor 1776 208 24 0 8
cliff 2064 192 26 179 179
tree 2152 200 25 0 179
lay 2200 216 58 0 179
tree 2488 200 25 0 179
lay 2696 200 61 0 179
tree 3000 200 24 0 179
tree 3128 216 25 0 179
zabor 3344 208 65 1 8
zabor 3952 208 65 1 8
tree 392 232 15 0 179
lay 520 248 10 0 179
tree 552 248 26 0 179
tree 568 248 26 0 179
stand 616 248 133 0 179
tree 616 232 26 0 179
tree 632 248 39 0 179
tree 808 248 26 0 179
tree 824 248 26 0 179
tree 824 232 26 0 179
cliff 848 224 65 179 179
cliff 864 224 11 179 179
zabor 1008 240 28 0 8
lay 1208 248 62 0 179
lay 1224 248 62 0 179
lay 1240 232 62 0 179
lay 1272 248 62 0 179
zabor 1360 240 25 0 8
zabor 1456 240 30 0 8
tree 1496 232 26 0 179
tree 1496 248 26 0 179
tree 1544 232 26 0 179
tree 1544 248 26 0 179
tree 1592 232 26 0 179
tree 1592 248 26 0 179
tree 1640 232 26 0 179
tree 1640 248 26 0 179
zabor 1776 240 27 0 8
cliff 2080 240 41 179 179
tree 2248 232 26 0 179
tree 2488 232 24 0 179
tree 2504 248 26 0 179
tree 2520 248 26 0 179
lay 2808 232 61 0 179
tree 2888 232 27 0 179
tree 3112 248 20 0 179
tree 3112 232 25 0 179
zabor 3344 240 66 1 8
tree 3352 232 26 0 179
trop 3668 244 144 179 179
trop 3820 244 144 179 179
zabor 3952 240 64 1 8
lay 232 280 61 0 179
tree 376 280 19 0 179
tree 552 264 26 0 179
tree 568 264 26 0 179
tree 712 280 25 0 179
stand 776 280 131 1 179
tree 808 280 26 0 179
tree 808 264 26 0 179
cliff 864 256 13 179 179
trop 948 260 96 179 179
zabor 1008 272 27 0 8
zabor 1040 272 27 0 8
stand 1064 264 147 0 179
lay 1240 264 62 0 179
lay 1240 280 62 0 179
zabor 1360 272 24 0 8
zabor 1456 272 24 0 8
tree 1496 264 26 0 179
tree 1496 280 26 0 179
tree 1544 264 26 0 179
tree 1544 280 26 0 179
tree 1592 264 26 0 179
tree 1592 280 26 0 179
tree 1640 264 26 0 179
tree 1640 280 26 0 179
zabor 1680 272 25 0 8
tree 1992 264 16 0 179
tree 2392 280 26 0 179
lay 2696 280 61 0 179
tree 3144 264 25 0 179
zabor 3344 272 66 1 8
zabor 3952 272 64 1 8
tree 232 296 36 0 179
tree 504 296 5 0 179
stand 616 296 132 1 179
tree 632 296 26 0 179
tree 616 296 26 0 179
stand 776 296 131 1 179
tree 776 312 26 0 179
cliff 864 288 13 179 179
zabor 1104 304 28 0 8
lay 1240 296 62 0 179
lay 1240 312 62 0 179
lay 1288 296 62 0 179
zabor 1360 304 26 0 8
zabor 1456 304 26 0 8
tree 1496 296 26 0 179
tree 1496 312 26 0 179
tree 1544 296 26 0 179
tree 1544 312 26 0 179
tree 1592 296 26 0 179
tree 1592 312 26 0 179
tree 1640 296 26 0 179
tree 1640 312 26 0 179
zabor 1680 304 29 0 8
tree 2408 312 26 0 179
tree 2408 296 26 0 179
tree 2744 296 37 0 179
tree 2824 296 4 0 179
tree 2952 296 28 0 179
zabor 3344 304 66 1 8
trop 3436 316 117 179 179
vor 3780 316 49 179 179
zabor 3952 304 64 1 8
stand 616 344 132 0 179
dom 672 320 176 3 179
tree 776 328 26 0 179
tree 792 328 26 0 179
tree 808 344 26 0 179
cliff 864 320 12 179 179
zabor 1104 336 24 0 8
zabor 1360 336 24 0 8
zabor 1456 336 29 0 8
zabor 1488 336 25 0 8
zabor 1520 336 25 0 8
zabor 1552 336 29 0 8
zabor 1584 336 27 0 8
zabor 1616 336 27 0 8
zabor 1648 336 25 0 8
zabor 1680 336 31 0 8
lay 2040 344 58 0 179
tree 2392 328 25 0 179
trop 3020 324 97 179 179
trop 3140 324 97 179 179
trop 3228 332 127 179 179
trop 3220 324 106 179 179
zabor 3344 336 66 1 8
dom 3584 320 199 0 179
zabor 3952 336 66 1 8
tree 216 376 32 0 179
tree 296 360 9 0 179
lay 424 376 6 0 179
tree 472 376 38 0 179
stand 616 360 130 0 179
stand 680 360 132 1 179
stand 760 360 132 0 179
stand 744 360 131 0 179
tree 744 360 25 0 179
tree 792 360 26 0 179
tree 792 376 26 0 179
tree 808 360 26 0 179
cliff 864 352 13 179 179
zabor 1104 368 29 0 8
stand 1112 360 239 0 179
zabor 1360 368 29 0 8
tree 1784 376 25 0 179
tree 1816 360 26 0 179
tree 1800 360 20 0 179
lay 2008 360 58 0 179
tree 2296 360 25 0 179
tree 2696 376 1 0 179
tree 2776 376 34 0 179
zabor 3344 368 65 1 8
zabor 3376 368 65 1 8
zabor 3408 368 66 1 8
zabor 3440 368 66 1 8
zabor 3472 368 66 1 8
zabor 3504 368 66 1 8
zabor 3536 368 64 1 8
zabor 3568 368 64 1 8
zabor 3952 368 66 1 8
lay 248 408 10 0 179
tree 408 392 23 0 179
lay 472 408 61 0 179
tree 648 392 25 0 179
tree 712 392 25 0 179
tree 776 392 39 0 179
cliff 864 384 14 179 179
zabor 1104 400 30 0 8
zabor 1136 400 26 0 8
zabor 1168 400 26 0 8
zabor 1200 400 30 0 8
zabor 1232 400 26 0 8
zabor 1264 400 25 0 8
zabor 1296 400 25 0 8
zabor 1328 400 24 0 8
zabor 1360 400 31 0 8
lay 1864 392 58 0 179
cliff 2240 400 61 179 179
trop 2932 388 100 179 179
tree 3016 408 25 0 179
tree 3016 392 25 0 179
tree 3032 392 25 0 179
zabor 3120 400 27 0 8
zabor 3152 400 30 0 8
zabor 3184 400 29 0 8
zabor 3216 400 31 0 8
zabor 3248 400 27 0 8
zabor 3280 400 25 0 8
zabor 3312 400 31 0 8
zabor 3344 400 29 0 8
zabor 3952 400 65 1 8
lay 456 424 61 0 179
cliff 864 416 12 179 179
trop 1004 420 98 179 179
tree 1432 424 25 0 179
vor 1540 420 90 179 179
tree 1640 424 20 0 179
lay 1720 424 58 0 179
stand 2056 440 67 0 179
cliff 2256 416 24 179 179
cliff 2272 432 22 179 179
tree 2712 440 20 0 179
cliff 2976 432 44 179 179
tree 3016 424 25 0 179
zabor 3120 432 24 0 8
tree 3160 424 22 0 179
tree 3224 440 22 0 179
dom 3392 416 79 0 179
zabor 3536 432 66 1 8
zabor 3568 432 64 1 8
zabor 3952 432 64 1 8
tree 216 456 41 0 179
lay 216 472 61 0 179
tree 632 472 10 0 179
tree 696 472 34 0 179
cliff 864 448 12 179 179
tree 1112 472 30 0 179
cliff 2288 448 27 179 179
cliff 2304 464 53 179 179
trop 2876 460 99 179 179
cliff 2976 448 53 179 179
tree 3032 456 24 0 179
zabor 3120 464 26 0 8
tree 3160 472 22 0 179
zabor 3536 464 65 1 8
zabor 3952 464 66 1 8
tree 280 504 15 0 179
lay 696 504 61 0 179
tree 824 504 36 0 179
cliff 880 480 34 179 179
cliff 896 496 30 179 179
tree 1240 504 4 0 179
tree 1320 504 20 0 179
tree 1352 504 21 0 179
tree 1592 504 25 0 179
tree 1784 488 26 0 179
tree 1784 504 26 0 179
cliff 2304 496 48 179 179
tree 2440 504 26 0 179
cliff 2976 480 53 179 179
zabor 3120 496 24 0 8
tree 3224 488 22 0 179
tree 3304 504 22 0 179
zabor 3376 496 28 0 8
zabor 3536 496 66 1 8
zabor 3952 496 64 1 8
tree 200 536 11 0 179
lay 360 520 38 0 179
lay 392 520 39 0 179
cliff 912 512 33 179 179
cliff 928 528 29 179 179
trop 1092 532 105 179 179
tree 1368 536 20 0 179
tree 1448 520 19 0 179
tree 1560 536 20 0 179
tree 1576 520 20 0 179
tree 1608 520 25 0 179
tree 1720 520 24 0 179
tree 1720 536 26 0 179
tree 1768 520 26 0 179
cliff 1952 512 65 179 179
cliff 1968 512 35 179 179
cliff 1984 528 30 179 179
cliff 2304 528 47 179 179
cliff 2976 512 48 179 179
zabor 3120 528 27 0 8
tree 3160 520 22 0 179
tree 3224 536 22 0 179
zabor 3376 528 24 0 8
zabor 3536 528 65 1 8
stand 3544 536 251 0 179
dom 3584 512 116 0 179
zabor 3952 528 64 1 8
lay 360 552 38 0 179
tree 456 552 37 0 179
tree 552 552 29 0 179
cliff 944 544 35 179 179
cliff 960 560 29 179 179
trop 1212 564 101 179 179
tree 1752 552 26 0 179
tree 1736 552 26 0 179
tree 1784 552 24 0 179
lay 1896 552 58 0 179
cliff 2000 544 33 179 179
cliff 2016 560 28 179 179
cliff 2304 560 23 179 179
dom 2368 544 86 0 179
tree 2616 568 24 0 179
trop 2812 556 103 179 179
cliff 2976 544 21 179 179
cliff 2992 560 25 179 179
zabor 3120 560 28 0 8
tree 3160 568 22 0 179
tree 3304 552 22 0 179
zabor 3376 560 24 0 8
zabor 3536 560 64 1 8
zabor 3568 560 66 1 8
zabor 3600 560 64 1 8
zabor 3632 560 66 1 8
zabor 3664 560 64 1 8
zabor 3696 560 64 1 8
zabor 3952 560 65 1 8
tree 344 600 8 0 179
lay 520 584 5 0 179
lay 696 600 9 0 179
cliff 976 576 33 179 179
cliff 992 592 60 179 179
tree 1336 600 41 0 179
tree 1400 600 26 0 179
tree 2520 600 25 0 179
tree 2616 584 25 0 179
cliff 3008 576 48 179 179
zabor 3120 592 26 0 8
tree 3224 584 22 0 179
tree 3304 600 22 0 179
zabor 3376 592 26 0 8
zabor 3696 592 65 1 8
zabor 3952 592 66 1 8
lay 280 616 61 0 179
tree 616 616 30 0 179
lay 712 616 61 0 179
tree 776 616 4 0 179
cliff 1008 608 33 179 179
trop 1820 636 97 179 179
trop 1940 636 97 179 179
trop 2340 636 97 179 179
trop 2460 636 97 179 179
trop 2580 636 97 179 179
trop 2724 636 104 179 179
cliff 3008 608 46 179 179
tree 3064 616 23 0 179
zabor 3120 624 31 0 8
tree 3160 616 22 0 179
tree 3224 632 22 0 179
zabor 3376 624 30 0 8
tree 3480 632 33 0 179
zabor 3696 624 65 1 8
zabor 3952 624 66 1 8
tree 520 664 29 0 179
tree 728 664 1 0 179
tree 856 664 34 0 179
lay 840 648 61 0 179
tree 936 648 30 0 179
tree 1160 664 10 0 179
trop 1380 644 105 179 179
trop 1492 644 97 179 179
trop 1596 644 97 179 179
trop 1708 644 97 179 179
most 2240 640 6 0 179
tree 2904 664 41 0 179
cliff 3008 640 22 179 179
cliff 3024 656 25 179 179
zabor 3120 656 30 0 8
tree 3304 648 22 0 179
zabor 3376 656 29 0 8
tree 3608 664 18 0 179
zabor 3696 656 66 1 8
dom 3744 640 276 0 179
dom 3872 640 276 0 179
zabor 3952 656 66 1 8
tree 312 680 36 0 179
tree 616 680 36 0 179
tree 1240 680 37 0 179
most 2080 672 7 0 179
cliff 3040 672 46 179 179
zabor 3120 688 25 0 8
tree 3160 680 22 0 179
tree 3224 680 22 0 179
tree 3304 696 22 0 179
zabor 3376 688 24 0 8
zabor 3696 688 64 1 8
zabor 3952 688 65 1 8
tree 440 712 6 0 179
tree 760 712 27 0 179
tree 840 728 21 0 179
cliff 2032 704 53 179 179
tree 2520 712 26 0 179
tree 2808 728 6 0 179
cliff 3040 704 48 179 179
zabor 3120 720 25 0 8
tree 3160 728 22 0 179
tree 3224 728 22 0 179
zabor 3376 720 25 0 8
cliff 3440 720 53 179 179
cliff 3456 704 43 179 179
zabor 3696 720 66 1 8
zabor 3728 720 64 1 8
zabor 3760 720 66 1 8
zabor 3792 720 65 1 8
zabor 3824 720 65 1 8
zabor 3856 720 66 1 8
zabor 3888 720 64 1 8
zabor 3920 720 66 1 8
zabor 3952 720 65 1 8
tree 984 760 4 0 179
tree 1192 744 24 0 179
lay 1192 744 61 0 179
tree 1864 760 25 0 179
tree 1880 744 26 0 179
tree 1896 744 25 0 179
tree 1912 760 25 0 179
cliff 2016 752 13 179 179
cliff 2352 736 46 179 179
tree 2536 744 26 0 179
cliff 2608 752 45 179 179
cliff 2640 736 41 179 179
cliff 3040 736 53 179 179
zabor 3120 752 24 0 8
tree 3304 744 22 0 179
zabor 3376 752 31 0 8
cliff 3440 752 20 179 179
tree 3512 744 27 0 179
tree 3608 760 8 0 179
dom 160 768 252 0 179
cliff 752 768 54 179 179
cliff 784 784 24 179 179
tree 920 792 6 0 179
lay 984 776 61 0 179
tree 1304 776 6 0 179
tree 1928 776 22 0 179
cliff 2016 784 11 179 179
cliff 2352 768 46 179 179
cliff 2608 768 53 179 179
cliff 3040 768 46 179 179
zabor 3120 784 26 0 8
zabor 3152 784 30 0 8
zabor 3184 784 29 0 8
zabor 3216 784 24 0 8
zabor 3248 784 31 0 8
zabor 3280 784 28 0 8
zabor 3312 784 26 0 8
zabor 3344 784 25 0 8
zabor 3376 784 24 0 8
cliff 3456 768 62 179 179
cliff 752 816 0 179 179
cliff 800 800 21 179 179
cliff 816 816 27 179 179
tree 1096 808 28 0 179
lay 1128 824 4 0 179
tree 1176 824 39 0 179
tree 1496 808 21 0 179
tree 1736 824 26 0 179
tree 1752 824 26 0 179
tree 1752 808 24 0 179
tree 1784 808 26 0 179
tree 1928 808 26 0 179
cliff 2016 816 14 179 179
cliff 2336 816 38 179 179
cliff 2608 800 47 179 179
tree 2792 824 19 0 179
lay 2824 824 61 0 179
tree 2888 824 30 0 179
cliff 3040 800 19 179 179
cliff 3056 816 25 179 179
zabor 3696 816 30 0 8
zabor 3728 816 26 0 8
zabor 3760 816 26 0 8
zabor 3792 816 27 0 8
zabor 3824 816 30 0 8
zabor 3856 816 26 0 8
fre 3852 828 68 179 179
zabor 3888 816 30 0 8
cliff 720 832 15 179 179
cliff 832 832 21 179 179
cliff 848 848 26 179 179
lay 1320 840 9 0 179
lay 1352 856 61 0 179
tree 1416 856 41 0 179
tree 1752 840 26 0 179
tree 1736 840 26 0 179
cliff 2016 848 15 179 179
cliff 2288 832 50 179 179
cliff 2272 832 44 179 179
cliff 2608 832 46 179 179
cliff 3072 832 46 179 179
zabor 3696 848 27 0 8
fre 3700 860 68 179 179
fre 3748 844 68 179 179
fre 3772 852 68 179 179
fre 3804 860 68 179 179
fre 3852 852 68 179 179
zabor 3888 848 28 0 8
cliff 720 864 15 179 179
cliff 864 864 20 179 179
cliff 880 864 16 179 179
cliff 912 880 26 179 179
cliff 2016 880 15 179 179
cliff 2224 880 44 179 179
cliff 2256 864 41 179 179
cliff 2608 864 23 179 179
cliff 2624 880 26 179 179
tree 2792 888 2 0 179
tree 2840 888 25 0 179
cliff 3072 864 19 179 179
cliff 3088 880 27 179 179
tree 3144 872 33 0 179
tree 3496 872 25 0 179
zabor 3696 880 27 0 8
fre 3732 868 68 179 179
fre 3716 892 68 179 179
fre 3756 876 68 179 179
fre 3772 876 68 179 179
fre 3796 876 68 179 179
fre 3812 868 68 179 179
fre 3820 884 68 179 179
zabor 3888 880 29 0 8
cliff 720 896 15 179 179
cliff 928 896 19 179 179
cliff 944 912 27 179 179
tree 1064 920 32 0 179
tree 1272 904 29 0 179
tree 1352 904 38 0 179
tree 1624 920 26 0 179
tree 1608 920 26 0 179
cliff 2208 912 38 179 179
cliff 2640 896 47 179 179
tree 2792 920 1 0 179
lay 2904 920 61 0 179
tree 2968 920 33 0 179
cliff 3104 896 23 179 179
cliff 3120 912 62 179 179
tree 3640 904 36 0 179
zabor 3696 912 31 0 8
fre 3748 908 68 179 179
lay 3768 904 61 0 179
fre 3788 916 68 179 179
lay 3784 904 61 0 179
fre 3812 916 68 179 179
fre 3852 900 68 179 179
zabor 3888 912 27 0 8
dom 160 928 252 0 179
trop 468 932 148 179 179
cliff 720 928 104 179 179
cliff 736 944 104 179 179
cliff 960 928 22 179 179
cliff 976 944 27 179 179
tree 1496 952 18 0 179
tree 1752 936 22 0 179
tree 1736 952 26 0 179
cliff 2000 944 0 179 179
cliff 2032 928 8 179 179
cliff 2176 928 45 179 179
cliff 2176 944 47 179 179
tree 2424 952 26 0 179
cliff 2640 928 20 179 179
cliff 2656 944 26 179 179
tree 3320 952 24 0 179
zabor 3696 944 24 0 8
fre 3724 940 68 179 179
fre 3740 932 68 179 179
lay 3768 936 61 0 179
fre 3828 940 68 179 179
lay 3816 936 61 0 179
fre 3868 932 68 179 179
zabor 3888 944 27 0 8
vor 404 980 48 179 179
cliff 736 960 104 179 179
cliff 752 976 104 179 179
cliff 992 960 19 179 179
cliff 1008 976 24 179 179
lay 1192 984 61 0 179
tree 1240 984 24 0 179
tree 1464 968 21 0 179
tree 1752 984 22 0 179
tree 1848 968 26 0 179
cliff 1984 976 10 179 179
cliff 2176 976 53 179 179
tree 2264 968 26 0 179
tree 2488 984 26 0 179
cliff 2672 960 46 179 179
lay 2856 984 61 0 179
tree 3304 968 26 0 179
fre 3732 988 68 179 179
fre 3772 972 68 179 179
fre 3844 972 68 179 179
zabor 3888 976 27 0 8
trop 468 996 148 179 179
cliff 1024 992 19 179 179
cliff 1040 1008 25 179 179
tree 1144 1000 5 0 179
tree 1352 1000 21 0 179
cliff 1920 1008 15 179 179
cliff 1952 992 2 179 179
cliff 2176 1008 48 179 179
tree 2456 1016 24 0 179
tree 2504 1016 26 0 179
cliff 2672 992 22 179 179
cliff 2688 1008 26 179 179
tree 2760 1000 32 0 179
tree 2904 1016 36 0 179
tree 3416 1016 25 0 179
fre 3740 996 68 179 179
fre 3756 996 68 179 179
fre 3796 1012 68 179 179
fre 3844 1020 68 179 179
zabor 3888 1008 29 0 8
zabor 144 1040 64 1 8
zabor 176 1040 65 1 8
zabor 208 1040 65 1 8
cliff 224 1040 36 179 179
cliff 816 1024 105 179 179
cliff 832 1040 105 179 179
cliff 1072 1040 20 179 179
cliff 1056 1024 23 179 179
cliff 1088 1040 16 179 179
tree 1656 1048 21 0 179
tree 1672 1032 21 0 179
tree 1672 1048 25 0 179
cliff 1920 1040 15 179 179
cliff 2176 1040 20 179 179
cliff 2704 1024 46 179 179
tree 3400 1048 23 0 179
dom 3616 1024 78 0 179
fre 3756 1028 68 179 179
fre 3748 1028 68 179 179
lay 3752 1048 61 0 179
fre 3796 1036 68 179 179
fre 3828 1028 68 179 179
fre 3812 1036 68 179 179
fre 3844 1044 68 179 179
zabor 3888 1040 28 0 8
cliff 240 1056 28 179 179
cliff 256 1072 34 179 179
cliff 848 1056 105 179 179
cliff 832 1056 102 179 179
cliff 832 1072 102 179 179
cliff 1120 1056 26 179 179
cliff 1136 1072 20 179 179
tree 1768 1080 26 0 179
cliff 1920 1072 13 179 179
cliff 2192 1056 25 179 179
cliff 2208 1072 46 179 179
tree 2296 1064 26 0 179
tree 2280 1064 25 0 179
tree 2584 1080 26 0 179
cliff 2704 1056 21 179 179
cliff 2720 1072 25 179 179
tree 3384 1064 23 0 179
zabor 3600 1072 30 0 8
fre 3732 1076 68 179 179
fre 3740 1060 68 179 179
fre 3796 1084 68 179 179
fre 3788 1060 68 179 179
fre 3844 1084 68 179 179
zabor 3888 1072 26 0 8
tree 200 1112 12 0 179
cliff 272 1104 13 179 179
cliff 272 1088 29 179 179
trop 468 1108 148 179 179
cliff 672 1104 24 179 179
cliff 832 1088 102 179 179
cliff 832 1104 102 179 179
cliff 1152 1088 24 179 179
cliff 1168 1104 21 179 179
tree 1240 1096 10 0 179
tree 1576 1112 21 0 179
cliff 1920 1104 15 179 179
cliff 2208 1104 46 179 179
tree 2312 1096 26 0 179
cliff 2736 1088 20 179 179
cliff 2752 1104 24 179 179
tree 2808 1096 37 0 179
zabor 3600 1104 28 0 8
fre 3628 1092 68 179 179
fre 3668 1116 68 179 179
fre 3668 1100 68 179 179
fre 3708 1092 68 179 179
lay 3688 1096 61 0 179
fre 3732 1100 68 179 179
fre 3764 1116 68 179 179
fre 3772 1116 68 179 179
fre 3748 1100 68 179 179
fre 3780 1092 68 179 179
fre 3804 1116 68 179 179
fre 3828 1116 68 179 179
fre 3852 1092 68 179 179
zabor 3888 1104 27 0 8
cliff 288 1136 36 179 179
dom 608 1120 225 0 179
cliff 688 1120 53 179 179
cliff 848 1120 102 179 179
cliff 848 1136 83 179 179
cliff 1184 1120 24 179 179
cliff 1200 1136 19 179 179
tree 1592 1128 22 0 179
cliff 1920 1136 12 179 179
cliff 2208 1136 48 179 179
tree 2472 1144 26 0 179
tree 3064 1128 36 0 179
tree 3304 1128 32 0 179
zabor 3600 1136 24 0 8
fre 3644 1132 68 179 179
fre 3700 1124 68 179 179
fre 3732 1124 68 179 179
fre 3724 1132 68 179 179
fre 3852 1132 68 179 179
fre 3868 1124 68 179 179
zabor 3888 1136 28 0 8
cliff 304 1168 14 179 179
cliff 304 1152 30 179 179
cliff 688 1152 48 179 179
cliff 848 1168 83 179 179
cliff 1216 1152 24 179 179
cliff 1232 1168 19 179 179
cliff 1248 1168 54 179 179
tree 1400 1160 19 0 179
tree 1592 1160 21 0 179
cliff 1920 1168 12 179 179
cliff 2208 1168 22 179 179
tree 2392 1176 26 0 179
tree 2440 1176 26 0 179
tree 2536 1176 26 0 179
tree 3112 1176 14 0 179
tree 3208 1176 30 0 179
zabor 3600 1168 28 0 8
zabor 3632 1168 29 0 8
zabor 3664 1168 24 0 8
zabor 3696 1168 29 0 8
zabor 3728 1168 30 0 8
zabor 3760 1168 30 0 8
zabor 3792 1168 30 0 8
zabor 3824 1168 30 0 8
zabor 3856 1168 30 0 8
zabor 3888 1168 29 0 8
tree 168 1192 13 0 179
tree 264 1192 14 0 179
cliff 320 1200 35 179 179
dom 608 1184 199 0 179
cliff 672 1200 38 179 179
cliff 848 1184 83 179 179
cliff 1280 1184 24 179 179
cliff 1296 1200 21 179 179
cliff 1936 1200 33 179 179
cliff 2224 1184 24 179 179
cliff 2240 1200 48 179 179
tree 2440 1208 24 0 179
lay 3368 1192 58 0 179
cliff 336 1232 13 179 179
cliff 336 1216 29 179 179
cliff 640 1216 45 179 179
cliff 864 1216 34 179 179
cliff 880 1232 34 179 179
cliff 1312 1216 24 179 179
cliff 1328 1232 22 179 179
cliff 1344 1232 16 179 179
tree 1480 1224 22 0 179
tree 1656 1224 26 0 179
tree 1672 1240 26 0 179
cliff 1952 1232 15 179 179
cliff 1952 1216 28 179 179
cliff 2240 1232 46 179 179
lay 3336 1224 58 0 179
cliff 352 1264 35 179 179
cliff 592 1264 45 179 179
cliff 624 1248 41 179 179
cliff 912 1248 52 179 179
cliff 896 1248 35 179 179
cliff 944 1248 33 179 179
cliff 960 1264 33 179 179
cliff 1376 1248 25 179 179
cliff 1392 1264 21 179 179
tree 1624 1272 23 0 179
tree 1608 1256 25 0 179
tree 1640 1256 22 0 179
tree 1784 1272 21 0 179
tree 1816 1256 24 0 179
tree 1800 1256 21 0 179
cliff 1952 1264 12 179 179
cliff 2240 1264 19 179 179
cliff 2752 1248 16 179 179
cliff 2784 1248 18 179 179
cliff 2816 1248 18 179 179
cliff 2848 1248 17 179 179
cliff 2880 1248 17 179 179
cliff 2912 1248 54 179 179
cliff 2944 1248 16 179 179
cliff 2976 1248 54 179 179
cliff 3008 1248 16 179 179
cliff 3040 1248 16 179 179
cliff 3072 1264 24 179 179
tree 3480 1272 15 0 179
tree 3784 1256 3 0 179
tree 3896 1256 28 0 179
tree 280 1304 10 0 179
cliff 368 1280 29 179 179
cliff 384 1296 34 179 179
cliff 576 1296 39 179 179
cliff 960 1296 32 179 179
cliff 960 1280 31 179 179
cliff 1408 1280 27 179 179
cliff 1424 1296 47 179 179
tree 1784 1304 20 0 179
cliff 1952 1296 13 179 179
cliff 2256 1280 27 179 179
cliff 2272 1296 48 179 179
dom 2368 1280 100 0 179
tree 2456 1304 26 0 179
tree 2440 1288 26 0 179
cliff 2640 1296 54 179 179
cliff 2672 1296 54 179 179
cliff 2736 1280 4 179 179
cliff 3088 1280 19 179 179
cliff 3104 1280 54 179 179
cliff 3136 1296 27 179 179
tree 3272 1304 5 0 179
cliff 400 1312 50 179 179
cliff 432 1312 50 179 179
cliff 464 1312 51 179 179
cliff 496 1312 50 179 179
cliff 528 1312 50 179 179
tree 824 1336 23 0 179
cliff 976 1312 32 179 179
cliff 992 1328 32 179 179
cliff 1424 1328 22 179 179
tree 1800 1320 20 0 179
dom 1952 1312 100 0 179
cliff 1952 1328 14 179 179
cliff 2272 1328 21 179 179
cliff 2288 1328 54 179 179
cliff 2624 1328 1 179 179
cliff 2720 1312 7 179 179
cliff 3152 1312 20 179 179
cliff 3168 1328 24 179 179
tree 3288 1336 36 0 179
tree 3320 1336 34 0 179
tree 3464 1320 12 0 179
lay 3656 1320 58 0 179
tree 3672 1336 4 0 179
tree 328 1368 14 0 179
cliff 1008 1344 51 179 179
cliff 1040 1344 51 179 179
cliff 1072 1360 32 179 179
cliff 1072 1344 33 179 179
cliff 1088 1360 33 179 179
cliff 1440 1344 24 179 179
cliff 1456 1360 21 179 179
cliff 1744 1344 18 179 179
cliff 1776 1360 27 179 179
cliff 2320 1344 25 179 179
cliff 2336 1360 19 179 179
cliff 2352 1360 54 179 179
cliff 2384 1360 54 179 179
cliff 2608 1360 8 179 179
cliff 3184 1344 20 179 179
cliff 3200 1360 27 179 179
lay 3352 1368 58 0 179
tree 3496 1368 29 0 179
tree 3656 1368 37 0 179
tree 216 1384 0 0 179
tree 280 1384 0 0 179
tree 408 1400 20 0 179
cliff 1072 1392 32 179 179
cliff 1072 1376 32 179 179
cliff 1472 1376 27 179 179
cliff 1488 1392 20 179 179
cliff 1504 1392 17 179 179
cliff 1536 1392 17 179 179
cliff 1568 1392 16 179 179
cliff 1600 1392 16 179 179
cliff 1632 1392 16 179 179
cliff 1664 1392 54 179 179
cliff 1728 1376 4 179 179
cliff 1792 1376 19 179 179
cliff 1808 1376 18 179 179
cliff 1840 1392 26 179 179
cliff 1936 1392 3 179 179
cliff 1968 1376 7 179 179
cliff 2416 1376 24 179 179
cliff 2432 1392 20 179 179
cliff 2448 1392 18 179 179
cliff 2480 1392 18 179 179
cliff 2512 1392 16 179 179
cliff 2576 1376 2 179 179
cliff 3216 1376 20 179 179
cliff 3232 1392 24 179 179
lay 3496 1400 6 0 179
tree 3720 1384 40 0 179
tree 600 1416 24 0 179
tree 616 1416 26 0 179
cliff 1104 1424 33 179 179
cliff 1088 1408 33 179 179
cliff 1168 1424 100 179 179
cliff 1712 1408 8 179 179
cliff 1856 1408 23 179 179
cliff 1872 1408 18 179 179
cliff 1920 1424 5 179 179
cliff 2560 1408 10 179 179
cliff 3248 1408 53 179 179
tree 3416 1416 8 0 179
tree 3576 1432 26 0 179
tree 3832 1416 9 0 179
tree 888 1464 24 0 179
cliff 1120 1440 33 179 179
cliff 1168 1440 15 179 179
cliff 1152 1440 40 179 179
cliff 3248 1440 21 179 179
cliff 3264 1456 24 179 179
lay 3416 1464 58 0 179
lay 3544 1448 58 0 179
tree 3800 1464 12 0 179
zabor 176 1488 25 0 8
zabor 208 1488 31 0 8
zabor 240 1488 31 0 8
zabor 272 1488 26 0 8
zabor 304 1488 31 0 8
zabor 336 1488 26 0 8
zabor 368 1488 25 0 8
zabor 400 1488 31 0 8
dom 384 1472 297 0 179
zabor 432 1488 27 0 8
zabor 464 1488 24 0 8
tree 856 1480 25 0 179
cliff 1168 1472 11 179 179
cliff 3280 1472 47 179 179
tree 3368 1496 40 0 179
tree 3448 1480 2 0 179
tree 3480 1480 19 0 179
tree 3608 1496 20 0 179
lay 3672 1496 58 0 179
tree 3768 1480 30 0 179
tree 3784 1496 25 0 179
lay 3832 1496 58 0 179
zabor 176 1520 26 0 8
zabor 464 1520 26 0 8
cliff 1200 1520 52 179 179
cliff 1184 1504 33 179 179
cliff 1232 1520 28 179 179
cliff 3280 1504 53 179 179
lay 3448 1528 9 0 179
lay 3560 1528 58 0 179
zabor 176 1552 31 0 8
trop 412 1540 242 179 179
trop 444 1556 243 179 179
zabor 464 1552 27 0 8
tree 808 1544 20 0 179
tree 1016 1560 26 0 179
tree 1000 1544 23 0 179
cliff 1264 1552 30 179 179
cliff 1248 1536 33 179 179
cliff 3280 1536 46 179 179
zabor 176 1584 27 0 8
lay 296 1592 59 0 179
trop 452 1580 244 179 179
tree 568 1576 20 0 179
tree 1176 1592 26 0 179
cliff 1264 1568 15 179 179
cliff 3264 1584 43 179 179
tree 3416 1592 26 0 179
tree 3464 1592 14 0 179
tree 3576 1592 20 0 179
tree 3688 1592 41 0 179
zabor 176 1616 27 0 8
zabor 400 1616 29 0 8
zabor 432 1616 31 0 8
trop 468 1604 245 179 179
stand 856 1624 199 0 179
stand 856 1608 199 0 179
cliff 1296 1616 29 179 179
cliff 1280 1600 36 179 179
cliff 3232 1600 45 179 179
cliff 3232 1616 53 179 179
lay 3352 1608 58 0 179
tree 3400 1624 41 0 179
lay 3448 1624 58 0 179
tree 3576 1624 38 0 179
tree 3560 1608 10 0 179
tree 3592 1608 30 0 179
tree 3704 1624 1 0 179
tree 3720 1608 33 0 179
lay 3880 1608 58 0 179
zabor 176 1648 24 0 8
lay 296 1640 58 0 179
zabor 400 1648 28 0 8
trop 468 1636 245 179 179
tree 792 1656 22 0 179
stand 856 1640 193 0 179
stand 888 1656 200 0 179
stand 904 1656 200 0 179
stand 920 1656 200 0 179
stand 936 1656 200 0 179
dom 960 1632 209 2 179
cliff 1312 1632 34 179 179
cliff 1344 1648 28 179 179
lay 3480 1656 7 0 179
zabor 176 1680 24 0 8
zabor 400 1680 27 0 8
trop 468 1668 245 179 179
tree 664 1688 26 0 179
tree 648 1688 22 0 179
tree 664 1672 22 0 179
cliff 912 1680 16 179 179
cliff 944 1680 16 179 179
cliff 976 1680 16 179 179
cliff 1008 1680 18 179 179
cliff 1024 1664 18 179 179
cliff 1056 1664 62 179 179
cliff 1360 1664 28 179 179
cliff 3184 1680 45 179 179
cliff 3216 1664 39 179 179
lay 3272 1688 58 0 179
tree 3432 1688 18 0 179
lay 3704 1688 6 0 179
lay 3736 1688 58 0 179
tree 3864 1688 33 0 179
tree 3848 1672 13 0 179
zabor 176 1712 27 0 8
zabor 400 1712 31 0 8
trop 468 1700 245 179 179
cliff 896 1712 58 179 179
cliff 1376 1696 7 179 179
cliff 3168 1712 38 179 179
tree 3480 1720 30 0 179
lay 3800 1720 9 0 179
tree 3832 1704 41 0 179
zabor 176 1744 29 0 8
zabor 400 1744 25 0 8
trop 452 1732 246 179 179
cliff 1360 1728 72 179 179
cliff 3136 1728 44 179 179
cliff 3136 1744 47 179 179
tree 3224 1752 39 0 179
tree 3272 1736 36 0 179
tree 3864 1736 6 0 179
zabor 176 1776 24 0 8
zabor 208 1776 29 0 8
zabor 240 1776 25 0 8
zabor 272 1776 31 0 8
zabor 304 1776 28 0 8
zabor 336 1776 28 0 8
zabor 368 1776 31 0 8
zabor 400 1776 30 0 8
trop 436 1764 247 179 179
lay 1256 1784 37 0 179
cliff 1328 1776 58 179 179
cliff 1344 1760 9 179 179
cliff 3136 1776 46 179 179
tree 3272 1768 40 0 179
tree 3400 1784 30 0 179
lay 3640 1768 58 0 179
tree 3704 1768 5 0 179
lay 3768 1784 58 0 179
tree 3768 1768 0 0 179
dom 128 1792 295 0 179
trop 420 1796 254 179 179
stand 920 1800 65 0 179
stand 1064 1800 66 0 179
lay 1240 1816 15 0 179
cliff 3136 1808 46 179 179
lay 3320 1800 58 0 179
tree 3448 1816 37 0 179
tree 3768 1800 34 0 179
trop 188 1828 249 179 179
trop 204 1828 249 179 179
trop 228 1828 249 179 179
trop 252 1828 249 179 179
trop 284 1828 249 179 179
trop 308 1828 249 179 179
trop 340 1828 249 179 179
trop 364 1828 249 179 179
trop 380 1828 249 179 179
trop 404 1828 253 179 179
trop 404 1852 253 179 179
zabor 880 1840 105 2 8
stand 968 1832 76 0 179
trop 1260 1852 167 179 179
trop 1276 1836 167 179 179
cliff 3136 1840 23 179 179
tree 3400 1832 19 0 179
lay 3512 1848 58 0 179
tree 3624 1832 41 0 179
zabor 144 1872 24 0 8
zabor 240 1872 24 0 8
zabor 272 1872 27 0 8
zabor 304 1872 29 0 8
zabor 336 1872 30 0 8
zabor 368 1872 25 0 8
trop 404 1876 253 179 179
zabor 432 1872 31 0 8
zabor 464 1872 26 0 8
zabor 496 1872 30 0 8
zabor 528 1872 26 0 8
zabor 560 1872 26 0 8
zabor 592 1872 28 0 8
dom 576 1856 299 0 179
cliff 688 1872 65 179 179
cliff 704 1872 13 179 179
zabor 848 1872 104 2 8
zabor 880 1872 105 2 8
trop 1116 1868 167 179 179
trop 1132 1868 167 179 179
trop 1148 1868 167 179 179
trop 1172 1868 167 179 179
trop 1188 1868 167 179 179
trop 1212 1876 167 179 179
trop 1228 1868 167 179 179
trop 1268 1860 167 179 179
cliff 3152 1856 26 179 179
cliff 3168 1872 53 179 179
tree 3624 1880 34 0 179
tree 3656 1864 38 0 179
zabor 144 1904 28 0 8
tree 184 1912 26 0 179
tree 232 1912 26 0 179
tree 280 1912 26 0 179
tree 328 1912 26 0 179
zabor 368 1904 26 0 8
trop 404 1908 253 179 179
zabor 432 1904 31 0 8
tree 472 1896 26 1 179
tree 472 1912 26 1 179
tree 504 1912 26 1 179
tree 504 1896 26 1 179
tree 536 1896 26 1 179
tree 536 1912 26 1 179
cliff 704 1904 15 179 179
stand 920 1896 66 0 179
stand 1016 1912 65 0 179
trop 1068 1908 167 179 179
trop 1084 1892 167 179 179
cliff 1936 1888 113 179 179
cliff 1920 1904 112 179 179
tree 1944 1912 20 0 179
cliff 1952 1888 122 179 179
tree 1976 1912 20 0 179
cliff 2000 1888 100 179 179
cliff 1984 1888 121 179 179
cliff 2016 1904 123 179 179
cliff 2048 1904 123 179 179
cliff 2096 1904 28 179 179
cliff 2080 1904 121 179 179
trop 3084 1916 166 179 179
cliff 3168 1904 23 179 179
cliff 3184 1904 16 179 179
lay 3368 1896 3 0 179
tree 3480 1912 41 0 179
lay 3672 1912 58 0 179
vor 3756 1900 89 179 179
zabor 144 1936 25 0 8
tree 184 1928 26 0 179
tree 184 1944 26 0 179
tree 232 1928 26 0 179
tree 232 1944 26 0 179
tree 280 1928 26 0 179
tree 280 1944 26 0 179
tree 328 1928 26 0 179
tree 328 1944 26 0 179
zabor 368 1936 29 0 8
trop 404 1940 253 179 179
zabor 432 1936 29 0 8
tree 472 1928 26 1 179
tree 472 1944 26 1 179
tree 504 1928 26 1 179
tree 504 1944 26 1 179
lay 536 1944 61 0 179
tree 536 1928 26 1 179
tree 536 1944 26 1 179
zabor 624 1936 24 0 8
cliff 704 1936 13 179 179
zabor 848 1936 105 2 8
zabor 944 1936 104 2 8
trop 1068 1948 165 179 179
trop 1092 1940 167 179 179
cliff 1888 1920 123 179 179
tree 1912 1928 20 0 179
tree 1944 1944 20 0 179
cliff 2112 1920 28 179 179
cliff 2128 1936 121 179 179
cliff 2160 1936 51 179 179
cliff 2144 1936 51 179 179
cliff 2176 1936 30 179 179
trop 3084 1948 166 179 179
trop 3076 1940 166 179 179
cliff 3216 1920 24 179 179
cliff 3232 1936 48 179 179
tree 3304 1928 24 0 179
lay 3368 1928 58 0 179
zabor 144 1968 24 0 8
tree 184 1976 26 0 179
tree 184 1960 26 0 179
tree 232 1960 26 0 179
tree 232 1976 26 0 179
tree 280 1960 26 0 179
tree 280 1976 26 0 179
tree 328 1960 26 0 179
tree 328 1976 26 0 179
zabor 368 1968 28 0 8
trop 404 1972 253 179 179
zabor 432 1968 31 0 8
tree 472 1976 26 1 179
tree 472 1960 26 1 179
lay 504 1976 61 0 179
tree 504 1960 26 1 179
tree 504 1976 26 1 179
lay 520 1960 61 0 179
tree 536 1960 26 1 179
tree 536 1976 26 1 179
stand 872 1960 74 0 179
stand 984 1960 75 0 179
trop 1068 1980 165 179 179
trop 1068 1964 165 179 179
trop 1076 1956 167 179 179
trop 1100 1980 167 179 179
tree 1928 1960 20 0 179
tree 1960 1960 20 0 179
tree 1976 1976 20 0 179
tree 2056 1960 30 0 179
dom 2176 1952 199 0 179
cliff 2192 1952 86 179 179
trop 3100 1972 166 179 179
cliff 3232 1968 21 179 179
tree 3448 1960 28 0 179
tree 3496 1960 29 0 179
tree 3704 1976 37 0 179
zabor 144 2000 24 0 8
tree 184 2008 26 0 179
tree 184 1992 26 0 179
tree 232 1992 26 0 179
tree 232 2008 26 0 179
tree 280 1992 26 0 179
tree 280 2008 26 0 179
tree 328 1992 26 0 179
tree 328 2008 26 0 179
zabor 368 2000 29 0 8
trop 404 2004 253 179 179
zabor 432 2000 24 0 8
tree 472 2008 26 1 179
tree 472 1992 26 1 179
tree 504 1992 26 1 179
tree 504 2008 26 1 179
lay 520 1992 61 0 179
tree 536 1992 26 1 179
tree 536 2008 26 1 179
zabor 592 2000 29 0 8
cliff 656 2000 64 179 179
cliff 688 2000 3 179 179
cliff 720 1984 6 179 179
stand 936 2008 65 0 179
trop 1060 2012 165 179 179
trop 1068 2004 165 179 179
tree 1976 2008 20 0 179
tree 2040 2008 20 0 179
tree 2040 1992 20 0 179
tree 2056 1992 20 0 179
trop 2076 2012 192 179 179
stand 2104 2008 251 0 179
cliff 2192 1984 28 179 179
trop 3100 1988 166 179 179
trop 3108 2004 166 179 179
trop 3108 1996 166 179 179
cliff 3248 1984 24 179 179
cliff 3264 2000 22 179 179
tree 3320 1992 36 0 179
tree 3352 2008 21 0 179
lay 3576 1992 7 0 179
tree 3656 2008 33 0 179
tree 3688 1992 12 0 179
zabor 144 2032 28 0 8
tree 184 2024 26 0 179
tree 184 2040 26 0 179
tree 232 2024 26 0 179
tree 232 2040 26 0 179
tree 280 2024 26 0 179
tree 280 2040 26 0 179
tree 328 2024 26 0 179
tree 328 2040 26 0 179
zabor 368 2032 24 0 8
trop 388 2036 246 179 179
zabor 432 2032 25 0 8
tree 472 2024 26 1 179
tree 504 2024 26 1 179
tree 536 2024 26 1 179
zabor 592 2032 28 0 8
cliff 656 2016 13 179 179
trop 1052 2028 165 179 179
stand 1880 2040 172 0 179
trop 1892 2036 165 179 179
tree 2008 2040 20 0 179
tree 2024 2024 20 0 179
tree 2040 2024 20 0 179
trop 2100 2036 192 179 179
stand 2168 2040 196 0 179
cliff 2224 2016 49 179 179
cliff 2208 2016 50 179 179
cliff 2256 2016 102 179 179
cliff 2272 2032 102 179 179
trop 3132 2036 166 179 179
trop 3108 2036 166 179 179
trop 3124 2036 166 179 179
cliff 3280 2016 23 179 179
cliff 3296 2032 46 179 179
dom 3328 2016 207 2 179
lay 3432 2040 58 0 179
zabor 144 2064 27 0 8
zabor 176 2064 26 0 8
zabor 208 2064 25 0 8
zabor 240 2064 25 0 8
zabor 272 2064 30 0 8
zabor 304 2064 25 0 8
zabor 336 2064 31 0 8
zabor 368 2064 29 0 8
trop 396 2060 254 179 179
zabor 432 2064 30 0 8
zabor 464 2064 27 0 8
zabor 496 2064 28 0 8
zabor 528 2064 30 0 8
zabor 560 2064 29 0 8
zabor 592 2064 30 0 8
stand 888 2056 104 0 179
trop 1044 2076 165 179 179
trop 1052 2052 165 179 179
trop 1916 2060 165 179 179
trop 1932 2076 165 179 179
trop 2108 2060 192 179 179
stand 2184 2072 199 0 179
cliff 2272 2048 84 179 179
trop 3116 2076 166 179 179
trop 3108 2052 166 179 179
cliff 3312 2064 46 179 179
stand 3320 2056 199 0 179
stand 3320 2072 199 0 179
trop 380 2092 253 179 179
zabor 912 2096 105 2 8
stand 968 2088 73 0 179
trop 1052 2100 165 179 179
tree 2168 2088 28 0 179
stand 2184 2088 199 0 179
stand 2184 2104 199 0 179
cliff 2272 2080 84 179 179
trop 3116 2084 166 179 179
trop 3124 2092 166 179 179
trop 3124 2108 166 179 179
cliff 3312 2096 46 179 179
stand 3320 2088 193 0 179
stand 3352 2104 200 0 179
stand 3368 2104 200 0 179
stand 3384 2088 194 0 179
tree 3448 2104 36 0 179
tree 3592 2104 41 0 179
tree 3624 2088 11 0 179
trop 380 2124 253 179 179
zabor 912 2128 104 2 8
trop 1060 2124 165 179 179
stand 1960 2136 172 0 179
trop 1964 2132 165 179 179
stand 2072 2136 193 0 179
lay 2136 2136 6 0 179
stand 2168 2136 194 0 179
stand 2184 2120 199 0 179
cliff 2288 2128 102 179 179
cliff 2272 2112 102 179 179
trop 3124 2132 166 179 179
trop 3132 2116 166 179 179
cliff 3312 2112 98 179 179
lay 3592 2136 58 0 179
tree 3640 2120 36 0 179
trop 380 2156 253 179 179
zabor 944 2160 104 2 8
stand 1000 2152 112 0 179
trop 1068 2148 165 179 179
trop 2012 2164 165 179 179
stand 2104 2152 200 0 179
stand 2120 2152 200 0 179
stand 2136 2152 200 0 179
trop 2132 2148 192 179 179
trop 2140 2164 192 179 179
trop 2140 2172 192 179 179
stand 2152 2152 200 0 179
trop 2188 2148 192 179 179
trop 2196 2172 192 179 179
cliff 2304 2160 83 179 179
cliff 2304 2144 102 179 179
trop 3124 2148 166 179 179
cliff 3344 2160 43 179 179
cliff 3344 2144 43 179 179
lay 3464 2152 58 0 179
trop 380 2188 253 179 179
zabor 912 2192 104 2 8
stand 952 2184 72 0 179
trop 1076 2180 165 179 179
trop 1076 2196 165 179 179
stand 2120 2184 252 0 179
tree 2136 2184 29 0 179
dom 2208 2176 317 0 179
dom 2272 2176 199 0 179
cliff 2304 2192 83 179 179
trop 3132 2180 166 179 179
trop 3148 2180 166 179 179
trop 3140 2204 166 179 179
lay 3576 2200 4 0 179
trop 92 2236 63 179 179
trop 268 2236 63 179 179
tree 520 2232 33 0 179
stand 920 2232 104 0 179
zabor 976 2224 105 2 8
trop 1076 2220 165 179 179
cliff 2032 2224 43 179 179
dom 2080 2208 199 0 179
fre 2100 2220 62 179 179
trop 2116 2220 192 179 179
trop 2156 2228 192 179 179
tree 2280 2232 24 0 179
cliff 2304 2208 83 179 179
cliff 2304 2224 64 179 179
trop 3164 2220 166 179 179
trop 3148 2228 166 179 179
stand 3256 2232 76 0 179
stand 3304 2232 104 0 179
lay 3560 2232 58 0 179
tree 3832 2232 26 0 179
trop 388 2244 72 179 179
zabor 880 2256 105 2 8
trop 1100 2244 165 179 179
cliff 2016 2256 47 179 179
cliff 2016 2240 47 179 179
tree 2056 2264 21 0 179
trop 2076 2260 192 179 179
trop 2084 2268 192 179 179
tree 2264 2248 24 0 179
tree 2248 2264 24 0 179
cliff 2304 2240 83 179 179
trop 3156 2268 166 179 179
trop 3164 2252 166 179 179
trop 3156 2260 166 179 179
tree 3576 2248 30 0 179
tree 680 2280 41 0 179
zabor 880 2288 104 2 8
stand 968 2296 75 0 179
zabor 1008 2288 104 2 8
stand 1064 2296 112 0 179
trop 1124 2300 165 179 179
cliff 2016 2272 47 179 179
cliff 2016 2288 20 179 179
tree 2264 2280 24 0 179
tree 2280 2296 24 0 179
tree 2280 2280 24 0 179
trop 3164 2284 166 179 179
zabor 3312 2288 104 2 8
zabor 3344 2288 105 2 8
cliff 3488 2272 46 179 179
lay 3640 2280 58 0 179
tree 728 2328 20 0 179
cliff 816 2304 29 179 179
cliff 800 2304 65 179 179
cliff 832 2320 29 179 179
zabor 944 2320 104 2 8
trop 1132 2332 165 179 179
trop 1132 2316 165 179 179
cliff 2032 2304 20 179 179
trop 2268 2332 166 179 179
trop 3164 2316 166 179 179
stand 3272 2312 66 0 179
zabor 3344 2320 104 2 8
cliff 3504 2320 25 179 179
cliff 3488 2304 20 179 179
tree 3576 2312 28 0 179
tree 680 2344 14 0 179
dom 800 2336 209 2 179
stand 824 2344 196 0 179
cliff 848 2336 29 179 179
cliff 864 2352 29 179 179
cliff 880 2336 64 179 179
zabor 944 2352 105 2 8
zabor 976 2352 104 2 8
stand 984 2344 104 0 179
trop 1132 2348 165 179 179
cliff 2064 2352 48 179 179
tree 2104 2360 20 0 179
trop 2220 2356 166 179 179
trop 2260 2340 166 179 179
trop 3164 2364 166 179 179
trop 3164 2340 166 179 179
zabor 3248 2352 104 2 8
zabor 3280 2352 105 2 8
zabor 3312 2352 104 2 8
stand 3336 2360 66 0 179
stand 3384 2344 76 0 179
cliff 3520 2336 48 179 179
lay 3624 2360 58 0 179
tree 3672 2344 5 0 179
tree 504 2392 38 0 179
tree 584 2392 40 0 179
stand 840 2392 199 0 179
stand 840 2376 199 0 179
zabor 976 2384 104 2 8
stand 1016 2392 72 0 179
trop 1124 2388 165 179 179
trop 1124 2372 165 179 179
cliff 2064 2384 48 179 179
trop 2148 2388 166 179 179
stand 2296 2376 172 0 179
trop 3148 2380 166 179 179
stand 3272 2392 66 0 179
zabor 3312 2384 104 2 8
zabor 3408 2384 104 2 8
zabor 3440 2384 105 2 8
cliff 3520 2368 48 179 179
dom 3552 2368 207 2 179
stand 760 2408 193 0 179
stand 792 2424 201 0 179
stand 824 2408 194 0 179
stand 808 2424 201 0 179
trop 1116 2420 165 179 179
trop 1100 2428 165 179 179
trop 1108 2412 165 179 179
lay 1144 2424 36 0 179
cliff 2064 2400 48 179 179
stand 2200 2408 172 0 179
trop 3156 2404 166 179 179
stand 3320 2424 75 0 179
zabor 3440 2416 105 2 8
cliff 3520 2400 48 179 179
stand 3544 2408 199 0 179
stand 3544 2424 199 0 179
tree 3640 2408 26 0 179
tree 808 2456 33 0 179
trop 1116 2436 165 179 179
lay 1144 2456 37 0 179
trop 1156 2452 165 179 179
cliff 2064 2432 48 179 179
cliff 2096 2448 86 179 179
trop 3148 2460 166 179 179
stand 3400 2440 65 0 179
cliff 3520 2432 46 179 179
stand 3544 2440 193 0 179
stand 3576 2456 201 0 179
stand 3592 2456 201 0 179
stand 3624 2440 194 0 179
lay 3656 2456 58 0 179
vor 588 2476 89 179 179
trop 1172 2492 165 179 179
cliff 2064 2464 46 179 179
cliff 2064 2480 23 179 179
cliff 2080 2480 16 179 179
cliff 2112 2464 65 179 179
trop 3140 2492 166 179 179
trop 3188 2476 167 179 179
cliff 3520 2464 46 179 179
tree 456 2520 29 0 179
tree 728 2520 33 0 179
trop 1180 2508 165 179 179
cliff 1168 2496 65 179 179
cliff 2112 2496 7 179 179
trop 3132 2516 166 179 179
zabor 3312 2512 105 2 8
cliff 3520 2496 46 179 179
tree 3640 2504 33 0 179
tree 216 2552 6 0 179
tree 328 2536 6 0 179
stand 3272 2536 66 0 179
zabor 3312 2544 105 2 8
stand 3336 2552 72 0 179
zabor 3408 2544 105 2 8
cliff 3504 2528 45 179 179
lay 3608 2536 58 0 179
tree 3624 2536 12 0 179
tree 3816 2552 38 0 179
cliff 512 2576 59 179 179
tree 664 2584 24 0 179
trop 876 2572 150 179 179
trop 948 2580 150 179 179
trop 1084 2572 150 179 179
trop 3132 2564 166 179 179
stand 3224 2584 112 0 179
stand 3272 2584 75 0 179
zabor 3312 2576 104 2 8
zabor 3408 2576 105 2 8
tree 3512 2584 12 0 179
tree 3544 2568 25 0 179
tree 3576 2584 18 0 179
tree 3864 2584 34 0 179
tree 200 2600 27 0 179
cliff 464 2608 13 179 179
cliff 496 2592 0 179 179
trop 844 2620 150 179 179
trop 868 2604 150 179 179
trop 980 2604 150 179 179
stand 1240 2600 287 0 179
trop 3172 2604 167 179 179
zabor 3344 2608 104 2 8
lay 3688 2616 58 0 179
tree 3736 2600 27 0 179
tree 3848 2600 41 0 179
tree 360 2632 12 0 179
tree 664 2632 34 0 179
tree 712 2648 17 0 179
trop 844 2636 150 179 179
trop 1028 2652 150 179 179
trop 1052 2652 150 179 179
dom 1056 2624 292 0 179
trop 1076 2652 150 179 179
trop 3164 2644 167 179 179
trop 3164 2628 167 179 179
zabor 3248 2640 105 2 8
zabor 3280 2640 104 2 8
stand 3304 2632 104 0 179
tree 280 2680 19 0 179
cliff 448 2672 3 179 179
cliff 480 2656 8 179 179
tree 904 2680 28 0 179
trop 932 2676 150 179 179
dom 960 2656 288 0 179
trop 1108 2676 150 179 179
stand 1240 2680 267 0 179
zabor 3152 2672 105 2 8
stand 3224 2664 65 0 179
zabor 3280 2672 104 2 8
cliff 384 2688 17 179 179
cliff 432 2704 5 179 179
tree 568 2696 15 0 179
trop 964 2716 150 179 179
trop 1044 2700 150 179 179
trop 1156 2716 106 179 179
trop 3076 2700 166 179 179
trop 3092 2692 166 179 179
trop 3108 2708 167 179 179
trop 3124 2700 167 179 179
zabor 3152 2704 105 2 8
stand 3208 2712 76 0 179
zabor 3248 2704 105 2 8
stand 3272 2696 75 0 179
lay 3624 2712 6 0 179
lay 3800 2696 58 0 179
cliff 240 2720 63 179 179
cliff 240 2736 17 179 179
cliff 272 2736 16 179 179
cliff 304 2736 17 179 179
cliff 368 2720 2 179 179
tree 536 2728 21 0 179
tree 680 2744 27 0 179
dom 896 2720 312 0 179
trop 1116 2724 106 179 179
trop 1140 2724 106 179 179
trop 3084 2748 166 179 179
trop 3084 2740 166 179 179
trop 3108 2740 167 179 179
stand 3176 2744 104 0 179
zabor 3216 2736 105 2 8
zabor 3248 2736 104 2 8
tree 3560 2728 32 0 179
tree 3704 2744 2 0 179
tree 3720 2744 12 0 179
tree 3896 2728 18 0 179
tree 3928 2744 33 0 179
cliff 352 2752 10 179 179
trop 828 2756 150 179 179
trop 836 2764 150 179 179
trop 948 2772 150 179 179
trop 1084 2764 150 179 179
trop 1100 2780 100 179 179
stand 1096 2760 32 0 179
tree 3688 2760 29 0 179
tree 3896 2776 38 0 179
tree 472 2792 9 0 179
dom 864 2784 313 0 179
trop 1116 2796 150 179 179
trop 1116 2812 161 179 179
stand 1288 2792 270 0 179
trop 3108 2804 167 179 179
tree 3464 2808 2 0 179
tree 3496 2808 12 0 179
lay 3816 2808 58 0 179
dom 192 2816 310 0 179
zabor 240 2832 26 0 8
zabor 272 2832 28 0 8
zabor 304 2832 29 0 8
zabor 336 2832 26 0 8
zabor 368 2832 24 0 8
zabor 432 2832 26 0 8
zabor 464 2832 30 0 8
zabor 496 2832 25 0 8
zabor 528 2832 26 0 8
zabor 560 2832 29 0 8
dom 608 2816 298 0 179
zabor 656 2832 27 0 8
zabor 688 2832 27 0 8
zabor 720 2832 24 0 8
trop 860 2828 150 179 179
trop 964 2844 150 179 179
trop 1052 2844 99 179 179
stand 1032 2824 26 0 179
zabor 1072 2832 64 1 8
zabor 1104 2832 66 1 8
zabor 1136 2832 66 1 8
trop 1140 2836 150 179 179
stand 1144 2840 158 0 179
zabor 1168 2832 65 1 8
stand 1160 2840 158 0 179
stand 1176 2840 158 0 179
zabor 1200 2832 66 1 8
trop 3092 2828 167 179 179
cliff 3344 2816 61 179 179
cliff 3376 2832 47 179 179
tree 3464 2840 30 0 179
lay 3592 2824 61 0 179
lay 3768 2840 61 0 179
zabor 368 2864 31 0 8
zabor 432 2864 30 0 8
tree 472 2872 26 0 179
tree 520 2872 26 0 179
tree 568 2872 26 0 179
zabor 720 2864 26 0 8
trop 980 2860 96 179 179
trop 1020 2852 150 179 179
zabor 1072 2864 66 1 8
dom 1088 2848 250 0 179
trop 1108 2852 161 179 179
stand 1144 2856 158 0 179
stand 1144 2872 158 0 179
trop 1148 2868 161 179 179
trop 1124 2868 161 179 179
stand 1176 2856 158 0 179
stand 1160 2856 158 0 179
stand 1160 2872 158 0 179
stand 1176 2872 158 0 179
trop 1156 2876 161 179 179
zabor 1200 2864 66 1 8
trop 1188 2876 161 179 179
trop 3052 2868 167 179 179
trop 3084 2852 167 179 179
cliff 3376 2864 19 179 179
lay 3608 2856 61 0 179
zabor 368 2896 26 0 8
zabor 432 2896 31 0 8
tree 472 2904 26 0 179
tree 520 2904 26 0 179
tree 568 2904 26 0 179
zabor 720 2896 29 0 8
trop 852 2900 150 179 179
dom 864 2880 293 0 179
trop 900 2908 150 179 179
trop 988 2892 96 179 179
zabor 1072 2896 66 1 8
trop 1076 2900 161 179 179
dom 1056 2880 247 0 179
dom 1088 2880 250 0 179
stand 1144 2888 158 0 179
stand 1160 2888 158 0 179
stand 1176 2888 158 0 179
trop 1196 2884 161 179 179
trop 1228 2908 161 179 179
trop 1220 2892 161 179 179
cliff 3392 2880 25 179 179
cliff 3408 2896 22 179 179
cliff 3472 2896 59 179 179
lay 3704 2888 10 0 179
zabor 176 2928 26 0 8
lay 264 2936 64 0 179
lay 280 2936 64 0 179
zabor 368 2928 25 0 8
zabor 432 2928 30 0 8
tree 472 2936 26 0 179
tree 520 2936 26 0 179
tree 568 2936 26 0 179
zabor 720 2928 31 0 8
trop 980 2932 160 179 179
zabor 1072 2928 64 1 8
trop 1084 2932 150 179 179
trop 1148 2924 240 179 179
trop 1172 2924 242 179 179
trop 1204 2940 243 179 179
trop 1244 2924 161 179 179
trop 1260 2940 161 179 179
stand 1336 2920 267 0 179
cliff 3024 2928 39 179 179
tree 3320 2936 11 0 179
lay 3352 2936 61 0 179
tree 3352 2920 4 0 179
cliff 3424 2912 24 179 179
cliff 3440 2928 21 179 179
cliff 3456 2928 9 179 179
tree 3624 2936 27 0 179
tree 3864 2936 33 0 179
zabor 176 2960 28 0 8
lay 264 2952 64 0 179
lay 280 2968 64 0 179
lay 280 2952 64 0 179
zabor 368 2960 26 0 8
zabor 432 2960 26 0 8
tree 472 2968 26 0 179
tree 520 2968 26 0 179
tree 568 2968 26 0 179
zabor 624 2960 27 0 8
zabor 720 2960 25 0 8
trop 876 2948 160 179 179
trop 996 2948 161 179 179
stand 1032 2952 26 0 179
zabor 1072 2960 65 1 8
trop 1108 2972 161 179 179
zabor 1104 2960 66 1 8
dom 1120 2944 238 0 179
zabor 1168 2960 64 1 8
trop 1172 2964 160 179 179
trop 1164 2956 160 179 179
trop 1180 2972 160 179 179
trop 1236 2972 243 179 179
trop 1284 2956 161 179 179
cliff 2912 2944 49 179 179
cliff 2912 2960 40 179 179
cliff 2944 2944 49 179 179
cliff 2992 2944 39 179 179
lay 3224 2968 10 0 179
lay 3240 2952 8 0 179
tree 3624 2968 18 0 179
tree 3688 2952 6 0 179
tree 3832 2968 36 0 179
zabor 176 2992 31 0 8
lay 264 2984 64 0 179
zabor 368 2992 27 0 8
zabor 432 2992 28 0 8
tree 472 3000 26 0 179
tree 520 3000 26 0 179
tree 568 3000 26 0 179
zabor 624 2992 29 0 8
trop 900 3004 160 179 179
trop 964 2996 104 179 179
trop 1172 2988 160 179 179
stand 1208 3000 155 0 179
trop 1196 2996 160 179 179
trop 1204 2996 160 179 179
trop 1252 3004 244 179 179
trop 1308 3004 161 179 179
trop 1316 2996 161 179 179
dom 1408 2976 237 0 179
cliff 2896 2976 47 179 179
tree 3368 2984 30 0 179
tree 3864 3000 27 0 179
zabor 176 3024 31 0 8
lay 264 3016 64 0 179
zabor 368 3024 26 0 8
zabor 432 3024 27 0 8
tree 472 3032 26 0 179
tree 520 3032 26 0 179
tree 568 3032 26 0 179
zabor 624 3024 31 0 8
trop 932 3012 161 179 179
trop 1012 3036 150 179 179
trop 1092 3036 150 179 179
trop 1212 3012 160 179 179
trop 1228 3028 160 179 179
trop 1228 3020 160 179 179
trop 1260 3020 245 179 179
trop 1340 3012 161 179 179
trop 1316 3028 161 179 179
trop 1348 3028 161 179 179
trop 1348 3036 161 179 179
stand 1416 3016 268 0 179
cliff 2880 3008 44 179 179
lay 3544 3016 61 0 179
lay 3736 3032 61 0 179
lay 3784 3016 61 0 179
zabor 176 3056 24 0 8
zabor 368 3056 28 0 8
zabor 432 3056 27 0 8
tree 472 3064 26 0 179
tree 520 3064 26 0 179
tree 568 3064 26 0 179
zabor 624 3056 28 0 8
trop 868 3060 100 179 179
trop 980 3068 161 179 179
dom 960 3040 244 0 179
trop 1100 3060 161 179 179
trop 1124 3068 161 179 179
trop 1148 3060 160 179 179
trop 1156 3044 160 179 179
trop 1164 3044 160 179 179
trop 1204 3052 160 179 179
trop 1268 3044 245 179 179
trop 1316 3068 161 179 179
trop 1316 3052 161 179 179
trop 1364 3044 161 179 179
cliff 2864 3056 47 179 179
cliff 2880 3040 43 179 179
tree 3000 3064 10 0 179
tree 3080 3048 8 0 179
tree 3192 3064 36 0 179
tree 3560 3048 39 0 179
zabor 176 3088 27 0 8
zabor 208 3088 30 0 8
zabor 240 3088 29 0 8
zabor 272 3088 25 0 8
zabor 304 3088 29 0 8
zabor 336 3088 31 0 8
zabor 368 3088 28 0 8
zabor 432 3088 31 0 8
zabor 464 3088 24 0 8
zabor 496 3088 25 0 8
zabor 528 3088 31 0 8
zabor 560 3088 24 0 8
zabor 592 3088 24 0 8
zabor 624 3088 26 0 8
trop 1028 3084 161 179 179
trop 1092 3076 161 179 179
stand 1112 3096 26 0 179
trop 1148 3076 161 179 179
trop 1204 3076 161 179 179
trop 1236 3076 160 179 179
trop 1268 3076 245 179 179
trop 1268 3084 245 179 179
stand 1544 3080 276 0 179
dom 1536 3072 226 0 179
cliff 2864 3088 39 179 179
tree 2968 3096 41 0 179
lay 3160 3080 19 0 179
tree 3224 3080 29 0 179
lay 3272 3080 61 0 179
tree 3352 3080 30 0 179
tree 3400 3096 41 0 179
tree 3544 3080 11 0 179
tree 3576 3080 34 0 179
lay 3624 3096 3 0 179
tree 3704 3096 4 0 179
trop 748 3116 104 179 179
trop 1348 3132 67 179 179
stand 1448 3128 183 0 179
stand 1496 3128 183 0 179
stand 1528 3128 181 0 179
cliff 2848 3104 46 179 179
tree 3000 3112 37 0 179
lay 3064 3112 61 0 179
tree 3064 3112 10 0 179
lay 3336 3112 61 0 179
tree 3432 3128 25 0 179
tree 3448 3112 28 0 179
tree 3752 3112 19 0 179
trop 92 3164 63 179 179
trop 148 3164 63 179 179
trop 324 3164 63 179 179
trop 492 3156 63 179 179
trop 668 3156 63 179 179
trop 844 3148 63 179 179
trop 1020 3140 63 179 179
trop 1196 3140 63 179 179
stand 1256 3160 33 0 179
stand 1480 3144 183 0 179
stand 1544 3144 180 0 179
cliff 2832 3152 45 179 179
cliff 2848 3136 47 179 179
tree 3048 3160 0 0 179
lay 3448 3160 20 0 179
lay 3464 3144 10 0 179
tree 3720 3144 27 0 179
tree 3864 3144 11 0 179
stand 136 3192 33 0 179
stand 232 3192 33 0 179
stand 344 3192 33 0 179
stand 472 3192 33 0 179
stand 600 3192 33 0 179
stand 728 3192 33 0 179
stand 872 3176 33 0 179
trop 924 3180 245 179 179
trop 1020 3196 160 179 179
stand 1048 3176 33 0 179
trop 1060 3196 160 179 179
zabor 1168 3184 65 1 8
trop 1156 3196 160 179 179
zabor 1200 3184 65 1 8
zabor 1232 3184 64 1 8
zabor 1264 3184 66 1 8
zabor 1296 3184 66 1 8
trop 1340 3196 160 179 179
zabor 1328 3184 66 1 8
trop 1348 3172 245 179 179
stand 1384 3176 33 0 179
stand 1496 3176 183 0 179
stand 1528 3176 184 0 179
stand 1592 3176 286 0 179
stand 2072 3192 232 1 179
cliff 2816 3168 45 179 179
tree 2920 3176 22 0 179
tree 3944 3176 30 0 179
trop 924 3212 245 179 179
trop 1132 3212 160 179 179
trop 1204 3204 160 179 179
trop 1244 3204 160 179 179
trop 1260 3204 160 179 179
stand 1272 3208 154 0 179
trop 1300 3220 160 179 179
trop 1316 3212 160 179 179
stand 1320 3208 154 0 179
trop 1348 3212 245 179 179
zabor 1392 3216 64 1 8
trop 1420 3212 150 179 179
cliff 2736 3216 50 179 179
cliff 2768 3216 49 179 179
cliff 2784 3216 49 179 179
cliff 2816 3200 41 179 179
lay 3032 3224 8 0 179
lay 3032 3208 10 0 179
tree 3144 3224 3 0 179
lay 3176 3208 61 0 179
tree 3240 3208 6 0 179
tree 3320 3224 38 0 179
tree 3464 3208 30 0 179
lay 3624 3224 61 0 179
tree 3640 3208 1 0 179
tree 3896 3224 34 0 179
tree 296 3256 17 0 179
lay 648 3256 61 0 179
trop 924 3244 245 179 179
trop 1092 3236 160 179 179
dom 1152 3232 227 0 179
trop 1228 3252 150 179 179
stand 1272 3256 154 0 179
stand 1320 3256 154 0 179
trop 1348 3260 253 179 179
trop 1348 3236 253 179 179
zabor 1392 3248 65 1 8
trop 1428 3236 150 179 179
stand 1464 3240 17 0 179
cliff 1568 3232 64 179 179
trop 1876 3260 166 179 179
trop 1948 3260 165 179 179
trop 1956 3244 165 179 179
trop 2036 3260 165 179 179
trop 2084 3260 165 179 179
trop 2116 3252 165 179 179
trop 2156 3252 165 179 179
cliff 2704 3248 44 179 179
cliff 2736 3232 43 179 179
tree 2872 3256 4 0 179
lay 3032 3240 61 0 179
tree 3224 3240 37 0 179
tree 3416 3240 28 0 179
tree 3528 3240 9 0 179
lay 3816 3240 61 0 179
tree 3944 3240 37 0 179
tree 296 3288 4 0 179
lay 712 3288 61 0 179
trop 924 3268 245 179 179
zabor 1136 3280 66 1 8
dom 1152 3264 306 0 179
trop 1196 3268 160 179 179
trop 1276 3292 241 179 179
trop 1292 3292 241 179 179
trop 1332 3268 246 179 179
trop 1332 3268 248 179 179
trop 1324 3276 248 179 179
trop 1316 3292 241 179 179
zabor 1392 3280 64 1 8
trop 1460 3276 150 179 179
trop 1708 3268 165 179 179
lay 1720 3288 15 0 179
trop 1732 3268 165 179 179
trop 1780 3292 165 179 179
trop 1868 3284 166 179 179
trop 2004 3268 165 179 179
trop 2188 3276 165 179 179
cliff 2480 3280 51 179 179
cliff 2512 3280 51 179 179
cliff 2576 3264 51 179 179
cliff 2560 3280 41 179 179
cliff 2608 3264 50 179 179
cliff 2640 3264 51 179 179
cliff 2672 3264 51 179 179
tree 2952 3272 37 0 179
tree 3272 3288 1 0 179
tree 264 3304 30 0 179
tree 568 3320 3 0 179
tree 600 3304 28 0 179
lay 792 3304 61 0 179
tree 808 3304 20 0 179
trop 876 3316 248 179 179
trop 908 3300 247 179 179
tree 1016 3320 22 0 179
tree 1048 3320 18 0 179
trop 1156 3300 160 179 179
dom 1248 3296 236 0 179
zabor 1392 3312 65 1 8
trop 1476 3324 150 179 179
trop 1500 3308 150 179 179
trop 1500 3300 150 179 179
trop 1812 3316 165 179 179
trop 2220 3308 165 179 179
trop 2268 3308 167 179 179
trop 2260 3324 167 179 179
trop 2284 3308 167 179 179
trop 2332 3316 165 179 179
cliff 2336 3312 35 179 179
cliff 2448 3312 44 179 179
cliff 2480 3296 42 179 179
lay 2936 3304 61 0 179
tree 3128 3304 20 0 179
lay 3592 3320 61 0 179
tree 3656 3304 25 0 179
tree 3800 3320 18 0 179
tree 3848 3320 34 0 179
lay 264 3336 61 0 179
tree 408 3352 19 0 179
lay 536 3352 61 0 179
tree 600 3336 38 0 179
lay 696 3336 61 0 179
tree 760 3336 18 0 179
tree 792 3352 19 0 179
trop 828 3348 240 179 179
trop 852 3332 241 179 179
tree 1064 3336 24 0 179
trop 1292 3356 150 179 179
zabor 1328 3344 66 1 8
zabor 1360 3344 65 1 8
zabor 1392 3344 65 1 8
stand 1464 3352 17 0 179
tree 1512 3352 15 0 179
trop 1532 3348 150 179 179
cliff 2352 3328 50 179 179
cliff 2384 3328 51 179 179
cliff 2416 3328 51 179 179
lay 2440 3336 32 0 179
dom 3232 3328 165 2 179
lay 3272 3352 60 0 179
dom 3296 3328 168 3 179
lay 3720 3336 9 0 179
tree 456 3368 17 0 179
tree 488 3368 36 0 179
tree 584 3384 22 0 179
tree 600 3368 18 0 179
lay 632 3384 61 0 179
trop 796 3388 253 179 179
trop 812 3364 254 179 179
lay 1048 3368 6 0 179
tree 1080 3368 25 0 179
tree 1112 3384 22 0 179
trop 1332 3380 150 179 179
tree 2152 3384 25 0 179
lay 3000 3368 61 0 179
tree 3016 3368 32 0 179
tree 3288 3384 21 0 179
dom 3424 3360 169 3 179
dom 3520 3360 170 3 179
lay 3752 3384 61 0 179
tree 3832 3368 37 0 179
lay 376 3400 10 0 179
tree 440 3400 12 0 179
lay 456 3400 61 0 179
lay 760 3400 61 0 179
trop 788 3396 253 179 179
trop 796 3396 245 179 179
dom 832 3392 70 0 179
cliff 944 3408 11 179 179
cliff 928 3408 65 179 179
tree 1080 3400 25 0 179
trop 1316 3412 150 179 179
tree 1608 3416 17 0 179
tree 1848 3400 26 0 179
tree 2776 3400 38 0 179
tree 2968 3416 8 0 179
tree 3032 3416 41 0 179
lay 3048 3400 58 0 179
dom 3200 3392 171 2 179
lay 3256 3400 60 0 179
tree 3352 3400 21 0 179
tree 296 3448 30 0 179
tree 328 3448 39 0 179
lay 472 3432 61 0 179
lay 648 3432 61 0 179
tree 744 3432 26 0 179
trop 796 3428 245 179 179
lay 808 3432 61 0 179
trop 812 3452 252 179 179
trop 844 3452 248 179 179
cliff 944 3440 11 179 179
trop 1484 3428 150 179 179
cliff 1712 3440 31 179 179
tree 2040 3448 25 0 179
tree 2856 3448 15 0 179
lay 2984 3448 58 0 179
lay 3384 3432 60 0 179
dom 3488 3424 174 3 179
lay 3672 3448 61 0 179
lay 248 3480 3 0 179
tree 312 3480 34 0 179
lay 392 3480 61 0 179
trop 820 3460 250 179 179
tree 1064 3480 29 0 179
tree 1304 3480 1 0 179
trop 1468 3484 150 179 179
stand 1464 3464 17 0 179
cliff 1728 3456 31 179 179
lay 2904 3480 58 0 179
lay 3352 3464 60 0 179
lay 3368 3464 6 0 179
tree 3400 3480 26 0 179
lay 3448 3464 60 0 179
tree 3688 3464 32 0 179
tree 3752 3464 33 0 179
tree 3912 3464 1 0 179
tree 200 3512 19 0 179
tree 488 3496 25 0 179
tree 600 3496 32 0 179
tree 728 3496 34 0 179
stand 872 3512 254 0 179
cliff 928 3504 2 179 179
cliff 960 3488 7 179 179
tree 1096 3512 20 0 179
lay 1192 3512 61 0 179
tree 1576 3512 41 0 179
tree 1656 3512 32 0 179
cliff 1760 3488 31 179 179
cliff 1792 3504 31 179 179
tree 2840 3496 22 0 179
dom 3296 3488 156 1 179
tree 3416 3512 26 0 179
lay 3448 3512 60 0 179
dom 3520 3488 166 2 179
tree 3768 3512 10 0 179
lay 216 3528 61 0 179
tree 216 3544 20 0 179
tree 232 3528 18 0 179
lay 536 3544 4 0 179
lay 584 3544 61 0 179
tree 744 3544 18 0 179
cliff 896 3520 12 179 179
tree 1048 3528 29 0 179
tree 1320 3544 24 0 179
stand 1768 3544 195 0 179
stand 1800 3544 200 0 179
stand 1816 3544 200 0 179
cliff 1840 3536 52 179 179
stand 1832 3544 200 0 179
cliff 1872 3536 52 179 179
cliff 1888 3536 50 179 179
cliff 1920 3536 49 179 179
cliff 2160 3536 45 179 179
cliff 2176 3536 52 179 179
cliff 2208 3536 52 179 179
cliff 2224 3536 52 179 179
stand 2216 3544 200 0 179
stand 2232 3544 200 0 179
cliff 2256 3536 33 179 179
cliff 2336 3536 37 179 179
cliff 2352 3520 37 179 179
lay 2712 3528 58 0 179
lay 2776 3544 58 0 179
cliff 3008 3536 45 179 179
dom 3232 3520 166 2 179
tree 3240 3528 39 0 179
tree 3544 3528 23 0 179
tree 3768 3528 14 0 179
lay 3800 3544 15 0 179
lay 3816 3528 61 0 179
lay 328 3560 61 0 179
tree 440 3560 28 0 179
tree 472 3560 38 0 179
tree 600 3560 26 0 179
lay 680 3560 1 0 179
tree 792 3560 40 0 179
cliff 912 3568 10 179 179
tree 1400 3560 9 0 179
stand 1576 3576 17 0 179
tree 1736 3560 0 0 179
tree 1736 3576 24 0 179
stand 1768 3576 199 0 179
dom 1856 3552 2 2 179
stand 2056 3576 40 1 179
cliff 2144 3552 45 179 179
dom 2176 3552 2 2 179
cliff 2272 3552 33 179 179
stand 2280 3576 199 0 179
cliff 2304 3568 39 179 179
cliff 2320 3552 41 179 179
tree 2888 3560 36 0 179
cliff 2992 3568 98 179 179
cliff 2992 3552 45 179 179
dom 3168 3552 174 0 179
tree 3560 3560 23 0 179
tree 296 3592 25 0 179
tree 440 3592 8 0 179
tree 488 3608 12 0 179
lay 696 3592 61 0 179
lay 712 3592 2 0 179
cliff 848 3600 12 179 179
cliff 880 3584 3 179 179
lay 1048 3608 61 0 179
tree 1256 3608 30 0 179
tree 1400 3608 14 0 179
tree 1656 3592 23 0 179
stand 1768 3592 193 0 179
dom 1952 3584 319 3 179
trop 2196 3596 252 179 179
stand 2200 3592 193 0 179
lay 2568 3608 58 0 179
tree 2616 3608 17 0 179
lay 2712 3608 58 0 179
lay 2840 3592 58 0 179
cliff 3008 3584 118 179 179
dom 3392 3584 158 2 179
tree 3672 3608 29 0 179
lay 296 3624 61 0 179
lay 520 3624 61 0 179
cliff 848 3632 13 179 179
cliff 864 3632 64 179 179
stand 1752 3640 165 0 179
dom 1760 3616 319 0 179
trop 1924 3644 165 179 179
trop 2196 3628 244 179 179
dom 2304 3616 309 3 179
lay 2664 3624 58 0 179
tree 2744 3624 4 0 179
cliff 3008 3616 91 179 179
cliff 3024 3632 99 179 179
dom 3168 3616 173 2 179
dom 3328 3616 320 3 179
dom 3488 3616 171 2 179
lay 3576 3640 61 0 179
tree 3672 3640 34 0 179
tree 3720 3624 11 0 179
lay 360 3656 61 0 179
lay 392 3656 9 0 179
cliff 864 3664 33 179 179
lay 1000 3672 61 0 179
lay 1352 3656 18 0 179
tree 1480 3672 28 0 179
stand 1672 3672 17 0 179
stand 1736 3656 153 0 179
trop 1820 3676 149 179 179
tree 1848 3672 28 0 179
trop 1916 3668 149 179 179
trop 2212 3676 245 179 179
trop 2212 3668 245 179 179
trop 2212 3660 245 179 179
stand 2248 3672 28 0 179
stand 2408 3656 28 1 179
tree 2616 3656 19 0 179
tree 2648 3672 2 0 179
tree 2696 3672 35 0 179
tree 2728 3656 41 0 179
tree 2808 3656 18 0 179
tree 2920 3656 0 0 179
cliff 3040 3648 120 179 179
tree 3352 3672 26 0 179
lay 3400 3672 58 0 179
lay 3576 3672 60 0 179
tree 3864 3656 41 0 179
tree 344 3688 19 0 179
tree 632 3704 19 0 179
tree 680 3688 10 0 179
tree 1208 3704 30 0 179
tree 1352 3688 29 0 179
trop 1676 3684 149 179 179
trop 1812 3692 165 179 179
trop 1884 3692 165 179 179
stand 1880 3688 28 0 179
trop 1948 3692 165 179 179
trop 2076 3708 149 179 179
trop 2212 3700 245 179 179
trop 2212 3684 245 179 179
dom 2240 3680 317 0 179
trop 2332 3700 149 179 179
dom 2368 3680 316 0 179
trop 2388 3684 149 179 179
trop 2620 3708 240 179 179
trop 2644 3692 241 179 179
trop 2668 3692 241 179 179
trop 2692 3692 241 179 179
trop 2716 3692 241 179 179
trop 2748 3708 242 179 179
trop 2780 3708 250 179 179
tree 2872 3688 33 0 179
lay 2920 3704 58 0 179
cliff 3040 3680 94 179 179
cliff 3056 3696 98 179 179
lay 3192 3704 58 0 179
tree 3288 3688 26 0 179
lay 3320 3704 58 0 179
lay 3352 3704 60 0 179
tree 3368 3688 26 0 179
lay 3848 3688 10 0 179
tree 3912 3704 9 0 179
tree 312 3736 40 0 179
tree 360 3736 5 0 179
tree 1160 3736 28 0 179
tree 1192 3720 26 0 179
tree 1464 3720 11 0 179
tree 1464 3736 5 0 179
trop 1588 3716 149 179 179
trop 1628 3732 165 179 179
dom 1632 3712 319 0 179
trop 1636 3724 165 179 179
tree 1704 3736 24 0 179
trop 1788 3732 241 179 179
trop 1812 3724 241 179 179
trop 1836 3724 241 179 179
trop 1884 3724 241 179 179
trop 1860 3724 241 179 179
trop 1900 3724 241 179 179
trop 1924 3724 241 179 179
trop 1956 3740 242 179 179
stand 1992 3736 28 0 179
dom 2144 3712 315 0 179
trop 2156 3716 149 179 179
stand 2184 3720 165 0 179
trop 2212 3740 245 179 179
trop 2212 3724 245 179 179
trop 2212 3716 245 179 179
trop 2444 3716 249 179 179
trop 2476 3732 242 179 179
trop 2604 3724 254 179 179
lay 2664 3736 58 0 179
trop 2812 3724 249 179 179
trop 2836 3724 241 179 179
trop 2868 3740 242 179 179
cliff 3072 3712 95 179 179
cliff 3088 3728 98 179 179
dom 3168 3712 171 2 179
tree 3320 3736 26 0 179
dom 3488 3712 171 2 179
lay 3768 3736 61 0 179
tree 3784 3736 27 0 179
lay 232 3768 61 0 179
tree 408 3768 19 0 179
tree 680 3752 8 0 179
tree 792 3752 25 0 179
lay 1144 3752 61 0 179
tree 1352 3768 38 0 179
trop 1548 3772 241 179 179
trop 1580 3772 241 179 179
trop 1572 3772 241 179 179
stand 1624 3768 165 0 179
trop 1644 3756 165 179 179
trop 1676 3772 165 179 179
trop 1692 3764 165 179 179
stand 1704 3752 151 0 179
trop 1740 3764 255 179 179
trop 1764 3748 240 179 179
stand 1800 3752 28 0 179
trop 1980 3748 243 179 179
trop 1988 3772 244 179 179
trop 2196 3772 246 179 179
trop 2212 3748 245 179 179
tree 2312 3768 18 0 179
trop 2500 3748 243 179 179
trop 2508 3748 149 179 179
trop 2564 3772 255 179 179
trop 2588 3748 254 179 179
trop 2900 3756 243 179 179
cliff 3104 3744 93 179 179
cliff 3120 3760 96 179 179
dom 3200 3744 170 0 179
tree 3688 3752 19 0 179
lay 712 3784 10 0 179
tree 1288 3800 4 0 179
trop 1492 3804 255 179 179
trop 1524 3788 240 179 179
trop 1612 3788 243 179 179
stand 1640 3784 179 0 179
trop 1684 3804 248 179 179
trop 1668 3780 165 179 179
trop 1716 3788 255 179 179
zabor 1776 3792 66 1 8
tree 1768 3800 25 0 179
tree 1768 3784 25 0 179
tree 1784 3784 25 0 179
zabor 1808 3792 64 1 8
stand 1800 3800 253 0 179
stand 1816 3800 253 0 179
tree 1800 3784 25 0 179
tree 1816 3784 25 0 179
zabor 1840 3792 65 1 8
stand 1832 3800 253 0 179
stand 1848 3800 253 0 179
tree 1832 3784 25 0 179
tree 1848 3784 25 0 179
zabor 1872 3792 65 1 8
stand 1864 3800 253 0 179
stand 1880 3800 253 0 179
tree 1864 3784 25 0 179
tree 1880 3784 25 0 179
zabor 1904 3792 65 1 8
stand 1896 3800 253 0 179
stand 1912 3800 253 0 179
tree 1896 3784 25 0 179
tree 1912 3784 25 0 179
zabor 1936 3792 64 1 8
tree 1928 3784 25 0 179
tree 1944 3784 25 0 179
zabor 1968 3792 64 1 8
tree 1960 3784 25 0 179
tree 1976 3784 25 0 179
tree 1976 3800 25 0 179
trop 1996 3796 245 179 179
dom 2048 3776 316 0 179
tree 2104 3800 19 0 179
stand 2136 3784 28 0 179
trop 2164 3804 149 179 179
trop 2196 3788 247 179 179
trop 2420 3796 149 179 179
trop 2516 3780 244 179 179
trop 2548 3804 254 179 179
trop 2532 3804 245 179 179
lay 2680 3800 58 0 179
tree 2872 3800 37 0 179
lay 2856 3800 58 0 179
trop 2932 3788 243 179 179
trop 2964 3804 250 179 179
cliff 3136 3776 91 179 179
cliff 3152 3792 96 179 179
dom 3200 3776 165 2 179
dom 3264 3776 164 2 179
lay 3400 3800 58 0 179
dom 3456 3776 167 0 179
lay 3496 3784 60 0 179
dom 3520 3776 166 2 179
tree 3656 3800 34 0 179
tree 168 3816 11 0 179
lay 520 3816 61 0 179
lay 632 3816 61 0 179
tree 712 3832 20 0 179
tree 1112 3832 36 0 179
trop 1476 3836 254 179 179
dom 1568 3808 318 0 179
trop 1588 3828 164 179 179
trop 1660 3820 249 179 179
trop 1636 3812 251 179 179
zabor 1776 3824 65 1 8
tree 1768 3832 25 0 179
tree 1768 3816 25 0 179
stand 1800 3816 71 0 179
stand 1816 3816 71 0 179
stand 1832 3816 71 0 179
stand 1848 3816 71 0 179
stand 1864 3816 71 0 179
stand 1880 3816 71 0 179
stand 1896 3816 71 0 179
stand 1912 3816 71 0 179
zabor 1968 3824 65 1 8
tree 1976 3816 25 0 179
tree 1976 3832 25 0 179
trop 1996 3836 245 179 179
trop 1996 3812 245 179 179
stand 2024 3832 28 0 179
trop 2156 3828 247 179 179
trop 2172 3812 247 179 179
stand 2184 3832 147 0 179
trop 2292 3812 149 179 179
dom 2304 3808 288 0 179
dom 2432 3808 319 0 179
tree 2440 3816 28 0 179
trop 2476 3836 149 179 179
trop 2524 3828 245 179 179
dom 2560 3808 318 0 179
tree 2712 3832 32 0 179
tree 2936 3832 40 0 179
trop 2996 3820 249 179 179
trop 3028 3836 242 179 179
cliff 3168 3808 118 179 179
tree 3224 3816 39 0 179
tree 3240 3816 39 0 179
tree 3352 3832 26 0 179
lay 3400 3816 58 0 179
dom 3424 3808 166 2 179
tree 3480 3816 39 0 179
tree 3720 3816 1 0 179
tree 3896 3816 18 0 179
tree 184 3864 1 0 179
tree 200 3848 33 0 179
tree 344 3864 38 0 179
lay 360 3848 61 0 179
tree 488 3848 30 0 179
tree 824 3864 29 0 179
tree 824 3848 25 0 179
tree 1096 3848 30 0 179
tree 1144 3848 29 0 179
trop 1460 3868 253 179 179
trop 1612 3852 164 179 179
trop 1612 3868 165 179 179
stand 1688 3864 139 0 179
trop 1684 3868 164 179 179
zabor 1776 3856 64 1 8
tree 1768 3864 25 0 179
tree 1768 3848 25 0 179
tree 1832 3848 1 0 179
trop 1860 3844 241 179 179
trop 1884 3844 241 179 179
trop 1908 3844 241 179 179
trop 1940 3860 242 179 179
zabor 1968 3856 64 1 8
tree 1976 3848 25 0 179
trop 1996 3860 245 179 179
trop 2124 3868 241 179 179
trop 2132 3852 247 179 179
stand 2120 3864 28 0 179
trop 2164 3868 241 179 179
trop 2148 3868 241 179 179
trop 2172 3868 241 179 179
trop 2188 3868 241 179 179
trop 2212 3868 241 179 179
trop 2244 3868 241 179 179
trop 2260 3868 241 179 179
trop 2276 3868 241 179 179
stand 2280 3864 28 0 179
stand 2440 3864 165 0 179
trop 2508 3868 246 179 179
trop 2524 3844 245 179 179
lay 2744 3848 58 0 179
lay 2904 3864 15 0 179
tree 2888 3848 40 0 179
tree 2920 3848 0 0 179
trop 3060 3852 243 179 179
cliff 3168 3840 120 179 179
lay 3256 3864 58 0 179
lay 3416 3864 58 0 179
tree 328 3896 27 0 179
tree 360 3896 11 0 179
tree 584 3896 0 0 179
tree 616 3880 9 0 179
tree 952 3896 19 0 179
tree 984 3880 41 0 179
tree 1016 3880 34 0 179
lay 1208 3880 61 0 179
trop 1460 3892 245 179 179
tree 1496 3896 28 0 179
stand 1592 3880 177 0 179
tree 1576 3880 29 0 179
trop 1628 3892 165 179 179
trop 1628 3900 165 179 179
trop 1668 3900 149 179 179
zabor 1776 3888 66 1 8
tree 1768 3896 25 0 179
tree 1768 3880 25 0 179
dom 1888 3872 162 0 179
trop 1972 3876 243 179 179
trop 2004 3892 250 179 179
trop 1996 3884 245 179 179
trop 2068 3892 247 179 179
trop 2092 3884 240 179 179
dom 2240 3872 319 0 179
trop 2300 3884 242 179 179
trop 2324 3892 251 179 179
stand 2424 3880 28 0 179
trop 2452 3876 149 179 179
trop 2500 3892 247 179 179
tree 2568 3880 29 0 179
lay 2776 3896 58 0 179
lay 2952 3880 58 0 179
tree 3000 3896 37 0 179
trop 3076 3884 244 179 179
cliff 3168 3872 119 179 179
tree 408 3928 10 0 179
tree 616 3928 41 0 179
tree 648 3912 6 0 179
tree 1400 3928 39 0 179
trop 1460 3916 245 179 179
tree 1448 3912 24 0 179
trop 1660 3916 165 179 179
trop 1692 3908 149 179 179
zabor 1776 3920 66 1 8
tree 1768 3912 25 0 179
tree 1784 3928 25 0 179
tree 1768 3928 25 0 179
zabor 1808 3920 65 1 8
tree 1800 3928 25 0 179
tree 1816 3928 25 0 179
zabor 1840 3920 65 1 8
tree 1912 3928 39 0 179
trop 2028 3908 249 179 179
trop 2036 3908 241 179 179
dom 2080 3904 318 0 179
trop 2356 3908 249 179 179
trop 2380 3908 249 179 179
trop 2404 3908 249 179 179
trop 2428 3908 249 179 179
trop 2468 3908 249 179 179
tree 2792 3912 33 0 179
tree 2792 3928 32 0 179
lay 2968 3928 58 0 179
trop 3092 3908 245 179 179
trop 3100 3932 245 179 179
cliff 3168 3904 118 179 179
trop 1460 3948 245 179 179
stand 1784 3944 157 0 179
stand 1816 3944 157 0 179
stand 1800 3944 157 0 179
tree 1896 3944 39 0 179
stand 2056 3944 28 0 179
trop 2172 3956 149 179 179
trop 2172 3948 149 179 179
dom 2176 3936 314 0 179
trop 2204 3948 149 179 179
trop 2244 3956 149 179 179
trop 2268 3956 149 179 179
tree 2840 3944 12 0 179
tree 2904 3960 14 0 179
trop 3100 3964 245 179 179
cliff 3168 3936 47 179 179
trop 1460 3972 245 179 179
trop 1460 3996 245 179 179
tree 2136 3976 33 0 179
trop 3100 3988 245 179 179
cliff 3168 3968 47 179 179
cliff 3168 3984 47 179 179
trop 1460 4020 245 179 179
cliff 3168 4016 47 179 179
trop 1460 4036 245 179 179
trop 1460 4060 245 179 179
trop 1460 4076 245 179 179
